Time,ObjectPositionX,ObjectPositionY,ObjectPositionZ,RayCastX,RayCastY,RayCastZ,BlueSphereX,BlueSphereY,BlueSphereZ
62.17036,-23.79365,5.078199,18.22237,0,0,0,0,0,0
62.18036,-23.79365,5.078199,18.22237,0,0,0,0,0,0
62.18943,-23.79365,5.078199,18.22237,0,0,0,0,0,0
62.19888,-23.79365,5.078199,18.22237,0,0,0,0,0,0
62.20688,-23.79736,5.077882,18.22527,0,0,0,0,0,0
62.21624,-23.79736,5.077882,18.22527,0,0,0,0,0,0
62.22438,-23.79922,5.07773,18.22672,0,0,0,0,0,0
62.23314,-23.79922,5.07773,18.22672,0,0,0,0,0,0
62.24104,-23.80127,5.077342,18.22981,0,0,0,0,0,0
62.25043,-23.80127,5.077342,18.22981,0,0,0,0,0,0
62.25912,-23.80127,5.077342,18.22981,0,0,0,0,0,0
62.26766,-23.80127,5.077342,18.22981,0,0,0,0,0,0
62.27891,-23.80127,5.077342,18.22981,0,0,0,0,0,0
62.28642,-23.80127,5.077342,18.22981,0,0,0,0,0,0
62.29502,-23.80127,5.077342,18.22981,0,0,0,0,0,0
62.30251,-23.80147,5.077105,18.23145,0,0,0,0,0,0
62.31146,-23.80147,5.077105,18.23145,0,0,0,0,0,0
62.31919,-23.80147,5.077105,18.23145,0,0,0,0,0,0
62.32672,-23.80127,5.077342,18.22981,0,0,0,0,0,0
62.33524,-23.80127,5.077342,18.22981,0,0,0,0,0,0
62.34291,-23.79942,5.077488,18.22836,0,0,0,0,0,0
62.35221,-23.79942,5.077488,18.22836,0,0,0,0,0,0
62.35977,-23.79942,5.077488,18.22836,0,0,0,0,0,0
62.36734,-23.79756,5.077638,18.22691,0,0,0,0,0,0
62.37598,-23.79756,5.077638,18.22691,0,0,0,0,0,0
62.38429,-23.79571,5.077792,18.22546,0,0,0,0,0,0
62.39389,-23.79571,5.077792,18.22546,0,0,0,0,0,0
62.40134,-23.79591,5.077549,18.2271,0,0,0,0,0,0
62.41057,-23.79591,5.077549,18.2271,0,0,0,0,0,0
62.41828,-23.79591,5.077549,18.2271,0,0,0,0,0,0
62.42618,-23.79485,5.076741,18.23221,0,0,0,0,0,0
62.43501,-23.79485,5.076741,18.23221,0,0,0,0,0,0
62.44306,-23.79545,5.076041,18.23713,0,0,0,0,0,0
62.45141,-23.79545,5.076041,18.23713,0,0,0,0,0,0
62.45887,-23.79545,5.076041,18.23713,0,0,0,0,0,0
62.46629,-23.79976,5.075093,18.24496,0,0,0,0,0,0
62.47523,-23.79976,5.075093,18.24496,0,0,0,0,0,0
62.48569,-23.80387,5.074417,18.25116,0,0,0,0,0,0
62.49409,-23.80387,5.074417,18.25116,0,0,0,0,0,0
62.50156,-23.80778,5.073987,18.25572,0,0,0,0,0,0
62.50977,-23.80778,5.073987,18.25572,0,0,0,0,0,0
62.51717,-23.80778,5.073987,18.25572,0,0,0,0,0,0
62.52534,-23.81539,5.073404,18.26319,0,0,0,0,0,0
62.53379,-23.81539,5.073404,18.26319,0,0,0,0,0,0
62.54327,-23.81949,5.072863,18.26941,0,0,0,0,0,0
62.55162,-23.81949,5.072863,18.26941,0,0,0,0,0,0
62.56319,-23.82545,5.072306,18.27709,0,0,0,0,0,0
62.57466,-23.82545,5.072306,18.27709,0,0,0,0,0,0
62.58207,-23.82935,5.072031,18.28166,0,0,0,0,0,0
62.59033,-23.82935,5.072031,18.28166,0,0,0,0,0,0
62.59786,-23.82935,5.072031,18.28166,0,0,0,0,0,0
62.606,-23.83364,5.071462,18.28954,0,0,0,0,0,0
62.61576,-23.83364,5.071462,18.28954,0,0,0,0,0,0
62.62379,-23.83442,5.070845,18.29614,0,0,0,0,0,0
62.63551,-23.83442,5.070845,18.29614,0,0,0,0,0,0
62.6445,-23.83667,5.070533,18.30091,0,0,0,0,0,0
62.65668,-23.83667,5.070533,18.30091,0,0,0,0,0,0
62.66541,-23.83645,5.070111,18.306,0,0,0,0,0,0
62.67428,-23.83645,5.070111,18.306,0,0,0,0,0,0
62.68169,-23.83664,5.069975,18.30766,0,0,0,0,0,0
62.69087,-23.83664,5.069975,18.30766,0,0,0,0,0,0
62.69831,-23.83664,5.069975,18.30766,0,0,0,0,0,0
62.70573,-23.83807,5.06971,18.31257,0,0,0,0,0,0
62.71626,-23.83807,5.06971,18.31257,0,0,0,0,0,0
62.72649,-23.83726,5.06971,18.31271,0,0,0,0,0,0
62.73478,-23.83726,5.06971,18.31271,0,0,0,0,0,0
62.7439,-23.83665,5.069582,18.3145,0,0,0,0,0,0
62.75271,-23.83665,5.069582,18.3145,0,0,0,0,0,0
62.76159,-23.83584,5.069582,18.31464,0,0,0,0,0,0
62.77071,-23.83584,5.069582,18.31464,0,0,0,0,0,0
62.78069,-23.83503,5.069582,18.31478,0,0,0,0,0,0
62.79403,-23.83503,5.069582,18.31478,0,0,0,0,0,0
62.80256,-23.83484,5.06971,18.31312,0,0,0,0,0,0
62.81203,-23.83484,5.06971,18.31312,0,0,0,0,0,0
62.81968,-23.83484,5.06971,18.31312,0,0,0,0,0,0
62.82835,-23.83446,5.069972,18.30982,0,0,0,0,0,0
62.83681,-23.83446,5.069972,18.30982,0,0,0,0,0,0
62.84511,-23.83427,5.070106,18.30816,0,0,0,0,0,0
62.85386,-23.83427,5.070106,18.30816,0,0,0,0,0,0
62.86357,-23.83408,5.07024,18.30651,0,0,0,0,0,0
62.87713,-23.83408,5.07024,18.30651,0,0,0,0,0,0
62.88981,-23.83204,5.07039,18.30339,0,0,0,0,0,0
62.90061,-23.83204,5.07039,18.30339,0,0,0,0,0,0
62.91077,-23.83204,5.07039,18.30339,0,0,0,0,0,0
62.91924,-23.83204,5.07039,18.30339,0,0,0,0,0,0
62.9271,-23.82797,5.070719,18.29714,0,0,0,0,0,0
62.93812,-23.82797,5.070719,18.29714,0,0,0,0,0,0
62.94587,-23.82243,5.070814,18.29273,0,0,0,0,0,0
62.95416,-23.82243,5.070814,18.29273,0,0,0,0,0,0
62.96181,-23.81854,5.071058,18.28814,0,0,0,0,0,0
62.97017,-23.81854,5.071058,18.28814,0,0,0,0,0,0
62.98125,-23.81465,5.071332,18.28356,0,0,0,0,0,0
62.99004,-23.81465,5.071332,18.28356,0,0,0,0,0,0
62.99758,-23.81465,5.071332,18.28356,0,0,0,0,0,0
63.00649,-23.80893,5.072501,18.27771,0,0,0,0,0,0
63.01498,-23.80893,5.072501,18.27771,0,0,0,0,0,0
63.02235,-23.80543,5.072474,18.27642,0,0,0,0,0,0
63.03062,-23.80543,5.072474,18.27642,0,0,0,0,0,0
63.03771,-23.80543,5.072474,18.27642,0,0,0,0,0,0
63.04602,-23.80326,5.073377,18.27225,0,0,0,0,0,0
63.05431,-23.80326,5.073377,18.27225,0,0,0,0,0,0
63.06185,-23.80141,5.073466,18.27078,0,0,0,0,0,0
63.07028,-23.80141,5.073466,18.27078,0,0,0,0,0,0
63.07835,-23.80141,5.073466,18.27078,0,0,0,0,0,0
63.08631,-23.79877,5.073559,18.26944,0,0,0,0,0,0
63.09548,-23.79877,5.073559,18.26944,0,0,0,0,0,0
63.10346,-23.79944,5.073843,18.26774,0,0,0,0,0,0
63.11275,-23.79944,5.073843,18.26774,0,0,0,0,0,0
63.12004,-23.79952,5.07394,18.2678,0,0,0,0,0,0
63.12914,-23.79952,5.07394,18.2678,0,0,0,0,0,0
63.13669,-23.79952,5.07394,18.2678,0,0,0,0,0,0
63.14495,-23.80028,5.074331,18.26616,0,0,0,0,0,0
63.15376,-23.80028,5.074331,18.26616,0,0,0,0,0,0
63.16513,-23.80104,5.074732,18.26453,0,0,0,0,0,0
63.17377,-23.80104,5.074732,18.26453,0,0,0,0,0,0
63.18139,-23.80006,5.074927,18.26301,0,0,0,0,0,0
63.19,-23.80006,5.074927,18.26301,0,0,0,0,0,0
63.19745,-23.80006,5.074927,18.26301,0,0,0,0,0,0
63.20455,-23.79894,5.074988,18.26022,0,0,0,0,0,0
63.21336,-23.79894,5.074988,18.26022,0,0,0,0,0,0
63.22404,-23.793,5.074883,18.25923,0,0,0,0,0,0
63.23241,-23.793,5.074883,18.25923,0,0,0,0,0,0
63.2402,-23.78868,5.075232,18.25766,0,0,0,0,0,0
63.24847,-23.78868,5.075232,18.25766,0,0,0,0,0,0
63.25606,-23.78868,5.075232,18.25766,0,0,0,0,0,0
63.26427,-23.78352,5.075162,18.25654,0,0,0,0,0,0
63.27269,-23.78352,5.075162,18.25654,0,0,0,0,0,0
63.27998,-23.78352,5.075162,18.25654,0,0,0,0,0,0
63.2872,-23.78315,5.075583,18.25325,0,0,0,0,0,0
63.29594,-23.78315,5.075583,18.25325,0,0,0,0,0,0
63.30425,-23.78443,5.076101,18.24978,0,0,0,0,0,0
63.31287,-23.78443,5.076101,18.24978,0,0,0,0,0,0
63.32066,-23.78922,5.0766,18.24761,0,0,0,0,0,0
63.33005,-23.78922,5.0766,18.24761,0,0,0,0,0,0
63.3372,-23.78922,5.0766,18.24761,0,0,0,0,0,0
63.34562,-23.79283,5.076786,18.24209,0,0,0,0,0,0
63.35419,-23.79283,5.076786,18.24209,0,0,0,0,0,0
63.362,-23.79352,5.077117,18.24039,0,0,0,0,0,0
63.37139,-23.79352,5.077117,18.24039,0,0,0,0,0,0
63.37856,-23.79352,5.077117,18.24039,0,0,0,0,0,0
63.38588,-23.79432,5.077562,18.23877,0,0,0,0,0,0
63.39444,-23.79432,5.077562,18.23877,0,0,0,0,0,0
63.40255,-23.79354,5.077561,18.23889,0,0,0,0,0,0
63.41088,-23.79354,5.077561,18.23889,0,0,0,0,0,0
63.41822,-23.79354,5.077561,18.23889,0,0,0,0,0,0
63.42568,-23.79645,5.078588,18.23488,0,0,0,0,0,0
63.43418,-23.79645,5.078588,18.23488,0,0,0,0,0,0
63.44193,-23.80289,5.079298,18.23257,0,0,0,0,0,0
63.4521,-23.80289,5.079298,18.23257,0,0,0,0,0,0
63.45948,-23.80289,5.079298,18.23257,0,0,0,0,0,0
63.4668,-23.8141,5.080684,18.22812,0,0,0,0,0,0
63.47617,-23.8141,5.080684,18.22812,0,0,0,0,0,0
63.48375,-23.81907,5.081104,18.22762,0,0,0,0,0,0
63.49558,-23.81907,5.081104,18.22762,0,0,0,0,0,0
63.5028,-23.8277,5.081374,18.23009,0,0,0,0,0,0
63.51131,-23.8277,5.081374,18.23009,0,0,0,0,0,0
63.51874,-23.8277,5.081374,18.23009,0,0,0,0,0,0
63.52615,-23.83658,5.080366,18.23469,0,0,0,0,0,0
63.53453,-23.83658,5.080366,18.23469,0,0,0,0,0,0
63.54144,-23.84359,5.078702,18.23762,0,0,0,0,0,0
63.54942,-23.84359,5.078702,18.23762,0,0,0,0,0,0
63.55687,-23.84359,5.078702,18.23762,0,0,0,0,0,0
63.5639,-23.85245,5.07628,18.24214,0,0,0,0,0,0
63.57448,-23.85245,5.07628,18.24214,0,0,0,0,0,0
63.58179,-23.86142,5.074827,18.24784,0,0,0,0,0,0
63.59027,-23.86142,5.074827,18.24784,0,0,0,0,0,0
63.59832,-23.86142,5.074827,18.24784,0,0,0,0,0,0
63.60547,-23.86575,5.070213,18.25619,0,0,0,0,0,0
63.61384,-23.86575,5.070213,18.25619,0,0,0,0,0,0
63.6213,-23.86822,5.067207,18.26316,0,0,0,0,0,0
63.63049,-23.86822,5.067207,18.26316,0,0,0,0,0,0
63.63814,-23.86822,5.067207,18.26316,0,0,0,0,0,0
63.64577,-23.86987,5.062706,18.27019,0,0,0,0,0,0
63.65503,-23.86987,5.062706,18.27019,0,0,0,0,0,0
63.66436,-23.87144,5.059588,18.27717,0,0,0,0,0,0
63.67371,-23.87144,5.059588,18.27717,0,0,0,0,0,0
63.68091,-23.87354,5.05884,18.28139,0,0,0,0,0,0
63.69021,-23.87354,5.05884,18.28139,0,0,0,0,0,0
63.69865,-23.87354,5.05884,18.28139,0,0,0,0,0,0
63.70716,-23.87534,5.057645,18.29073,0,0,0,0,0,0
63.71834,-23.87534,5.057645,18.29073,0,0,0,0,0,0
63.72651,-23.87748,5.057415,18.29555,0,0,0,0,0,0
63.73546,-23.87748,5.057415,18.29555,0,0,0,0,0,0
63.74398,-23.87963,5.057206,18.30037,0,0,0,0,0,0
63.7526,-23.87963,5.057206,18.30037,0,0,0,0,0,0
63.76067,-23.8816,5.057151,18.30353,0,0,0,0,0,0
63.76912,-23.8816,5.057151,18.30353,0,0,0,0,0,0
63.77687,-23.8816,5.057151,18.30353,0,0,0,0,0,0
63.78481,-23.88384,5.056378,18.30942,0,0,0,0,0,0
63.79359,-23.88384,5.056378,18.30942,0,0,0,0,0,0
63.80124,-23.88597,5.05623,18.31425,0,0,0,0,0,0
63.81081,-23.88597,5.05623,18.31425,0,0,0,0,0,0
63.81846,-23.88597,5.05623,18.31425,0,0,0,0,0,0
63.82817,-23.8863,5.055992,18.31756,0,0,0,0,0,0
63.83676,-23.8863,5.055992,18.31756,0,0,0,0,0,0
63.84484,-23.88646,5.055876,18.31922,0,0,0,0,0,0
63.85354,-23.88646,5.055876,18.31922,0,0,0,0,0,0
63.86195,-23.88794,5.056218,18.31742,0,0,0,0,0,0
63.87115,-23.88794,5.056218,18.31742,0,0,0,0,0,0
63.87963,-23.88794,5.056218,18.31742,0,0,0,0,0,0
63.88711,-23.88616,5.056924,18.3161,0,0,0,0,0,0
63.89609,-23.88616,5.056924,18.3161,0,0,0,0,0,0
63.90448,-23.88748,5.057391,18.31265,0,0,0,0,0,0
63.91354,-23.88748,5.057391,18.31265,0,0,0,0,0,0
63.92187,-23.88731,5.057515,18.31099,0,0,0,0,0,0
63.93077,-23.88731,5.057515,18.31099,0,0,0,0,0,0
63.94258,-23.88502,5.057803,18.30451,0,0,0,0,0,0
63.95157,-23.88502,5.057803,18.30451,0,0,0,0,0,0
63.95989,-23.88502,5.057803,18.30451,0,0,0,0,0,0
63.96879,-23.88107,5.057906,18.29818,0,0,0,0,0,0
63.97842,-23.88107,5.057906,18.29818,0,0,0,0,0,0
63.98681,-23.87876,5.058269,18.29171,0,0,0,0,0,0
63.99615,-23.87876,5.058269,18.29171,0,0,0,0,0,0
64.00523,-23.87479,5.05845,18.28538,0,0,0,0,0,0
64.01449,-23.87479,5.05845,18.28538,0,0,0,0,0,0
64.02273,-23.87253,5.059345,18.27951,0,0,0,0,0,0
64.03303,-23.87253,5.059345,18.27951,0,0,0,0,0,0
64.04125,-23.86901,5.059957,18.26974,0,0,0,0,0,0
64.05096,-23.86901,5.059957,18.26974,0,0,0,0,0,0
64.05978,-23.86901,5.059957,18.26974,0,0,0,0,0,0
64.06931,-23.86529,5.060845,18.25834,0,0,0,0,0,0
64.07835,-23.86529,5.060845,18.25834,0,0,0,0,0,0
64.08711,-23.86373,5.06143,18.25174,0,0,0,0,0,0
64.09835,-23.86373,5.06143,18.25174,0,0,0,0,0,0
64.10599,-23.86033,5.062066,18.24366,0,0,0,0,0,0
64.11478,-23.86033,5.062066,18.24366,0,0,0,0,0,0
64.12376,-23.85829,5.062637,18.24014,0,0,0,0,0,0
64.1326,-23.85829,5.062637,18.24014,0,0,0,0,0,0
64.14075,-23.85597,5.064883,18.2341,0,0,0,0,0,0
64.14948,-23.85597,5.064883,18.2341,0,0,0,0,0,0
64.15762,-23.85597,5.064883,18.2341,0,0,0,0,0,0
64.16689,-23.85049,5.068153,18.22253,0,0,0,0,0,0
64.17597,-23.85049,5.068153,18.22253,0,0,0,0,0,0
64.18346,-23.84792,5.070286,18.21428,0,0,0,0,0,0
64.19322,-23.84792,5.070286,18.21428,0,0,0,0,0,0
64.20081,-23.84219,5.07108,18.2078,0,0,0,0,0,0
64.20953,-23.84219,5.07108,18.2078,0,0,0,0,0,0
64.21763,-23.84219,5.07108,18.2078,0,0,0,0,0,0
64.22575,-23.83467,5.071681,18.20023,0,0,0,0,0,0
64.23589,-23.83467,5.071681,18.20023,0,0,0,0,0,0
64.24535,-23.82899,5.072256,18.19415,0,0,0,0,0,0
64.25432,-23.82899,5.072256,18.19415,0,0,0,0,0,0
64.26314,-23.82385,5.072048,18.19299,0,0,0,0,0,0
64.2726,-23.82385,5.072048,18.19299,0,0,0,0,0,0
64.28063,-23.82013,5.07263,18.18965,0,0,0,0,0,0
64.29198,-23.82013,5.07263,18.18965,0,0,0,0,0,0
64.30121,-23.81517,5.072178,18.19012,0,0,0,0,0,0
64.31183,-23.81517,5.072178,18.19012,0,0,0,0,0,0
64.3214,-23.81168,5.072168,18.18881,0,0,0,0,0,0
64.33164,-23.81168,5.072168,18.18881,0,0,0,0,0,0
64.34089,-23.80711,5.072315,18.18589,0,0,0,0,0,0
64.35107,-23.80711,5.072315,18.18589,0,0,0,0,0,0
64.36141,-23.80528,5.072468,18.18442,0,0,0,0,0,0
64.37226,-23.80528,5.072468,18.18442,0,0,0,0,0,0
64.38068,-23.80419,5.072624,18.18282,0,0,0,0,0,0
64.39185,-23.80419,5.072624,18.18282,0,0,0,0,0,0
64.39959,-23.80419,5.072624,18.18282,0,0,0,0,0,0
64.4078,-23.80202,5.072948,18.17963,0,0,0,0,0,0
64.41646,-23.80202,5.072948,18.17963,0,0,0,0,0,0
64.42487,-23.80259,5.073244,18.17788,0,0,0,0,0,0
64.43675,-23.80259,5.073244,18.17788,0,0,0,0,0,0
64.44566,-23.8015,5.073415,18.17629,0,0,0,0,0,0
64.45407,-23.8015,5.073415,18.17629,0,0,0,0,0,0
64.4614,-23.80041,5.07359,18.1747,0,0,0,0,0,0
64.46963,-23.80041,5.07359,18.1747,0,0,0,0,0,0
64.4773,-23.80041,5.07359,18.1747,0,0,0,0,0,0
64.48528,-23.80172,5.073893,18.17282,0,0,0,0,0,0
64.49385,-23.80172,5.073893,18.17282,0,0,0,0,0,0
64.50244,-23.80322,5.073892,18.17257,0,0,0,0,0,0
64.51109,-23.80322,5.073892,18.17257,0,0,0,0,0,0
64.51875,-23.80322,5.073892,18.17257,0,0,0,0,0,0
64.52755,-23.80138,5.074073,18.17111,0,0,0,0,0,0
64.53666,-23.80138,5.074073,18.17111,0,0,0,0,0,0
64.54442,-23.79989,5.072895,18.17272,0,0,0,0,0,0
64.55315,-23.79989,5.072895,18.17272,0,0,0,0,0,0
64.56106,-23.79862,5.072171,18.17615,0,0,0,0,0,0
64.57239,-23.79862,5.072171,18.17615,0,0,0,0,0,0
64.58019,-23.79548,5.070886,18.17793,0,0,0,0,0,0
64.58845,-23.79548,5.070886,18.17793,0,0,0,0,0,0
64.59644,-23.79548,5.070886,18.17793,0,0,0,0,0,0
64.60395,-23.79102,5.069249,18.18276,0,0,0,0,0,0
64.61229,-23.79102,5.069249,18.18276,0,0,0,0,0,0
64.62133,-23.78955,5.06885,18.18456,0,0,0,0,0,0
64.62964,-23.78955,5.06885,18.18456,0,0,0,0,0,0
64.63697,-23.78955,5.06885,18.18456,0,0,0,0,0,0
64.64606,-23.78827,5.068169,18.188,0,0,0,0,0,0
64.65558,-23.78827,5.068169,18.188,0,0,0,0,0,0
64.66405,-23.78676,5.068119,18.18942,0,0,0,0,0,0
64.67339,-23.78676,5.068119,18.18942,0,0,0,0,0,0
64.68109,-23.78676,5.068119,18.18942,0,0,0,0,0,0
64.69544,-23.78676,5.068119,18.18942,0,0,0,0,0,0
64.70312,-23.78619,5.067835,18.19117,0,0,0,0,0,0
64.71326,-23.78619,5.067835,18.19117,0,0,0,0,0,0
64.7272,-23.78558,5.067892,18.19254,0,0,0,0,0,0
64.73776,-23.78558,5.067892,18.19254,0,0,0,0,0,0
64.74713,-23.78323,5.068214,18.19341,0,0,0,0,0,0
64.76023,-23.78409,5.068652,18.19297,0,0,0,0,0,0
64.76928,-23.78409,5.068652,18.19297,0,0,0,0,0,0
64.77758,-23.78409,5.068652,18.19297,0,0,0,0,0,0
64.78565,-23.78091,5.068551,18.19337,0,0,0,0,0,0
64.79509,-23.78091,5.068551,18.19337,0,0,0,0,0,0
64.80256,-23.78073,5.068831,18.19173,0,0,0,0,0,0
64.81205,-23.78073,5.068831,18.19173,0,0,0,0,0,0
64.81939,-23.78073,5.068831,18.19173,0,0,0,0,0,0
64.82751,-23.78533,5.069706,18.18796,0,0,0,0,0,0
64.83746,-23.78533,5.069706,18.18796,0,0,0,0,0,0
64.84904,-23.78992,5.07061,18.18419,0,0,0,0,0,0
64.85782,-23.78992,5.07061,18.18419,0,0,0,0,0,0
64.86557,-23.7947,5.071246,18.18205,0,0,0,0,0,0
64.87428,-23.7947,5.071246,18.18205,0,0,0,0,0,0
64.88194,-23.80095,5.072323,18.17812,0,0,0,0,0,0
64.89074,-23.80095,5.072323,18.17812,0,0,0,0,0,0
64.8999,-23.80095,5.072323,18.17812,0,0,0,0,0,0
64.90734,-23.80607,5.074049,18.17106,0,0,0,0,0,0
64.91637,-23.80607,5.074049,18.17106,0,0,0,0,0,0
64.9246,-23.80881,5.075246,18.16585,0,0,0,0,0,0
64.93307,-23.80881,5.075246,18.16585,0,0,0,0,0,0
64.94151,-23.8099,5.076329,18.1608,0,0,0,0,0,0
64.9509,-23.8099,5.076329,18.1608,0,0,0,0,0,0
64.95894,-23.8099,5.076329,18.1608,0,0,0,0,0,0
64.96676,-23.80968,5.078413,18.151,0,0,0,0,0,0
64.97543,-23.80968,5.078413,18.151,0,0,0,0,0,0
64.98304,-23.81035,5.080569,18.14233,0,0,0,0,0,0
64.9929,-23.81035,5.080569,18.14233,0,0,0,0,0,0
65.00063,-23.80886,5.081946,18.13597,0,0,0,0,0,0
65.01095,-23.80886,5.081946,18.13597,0,0,0,0,0,0
65.02029,-23.80976,5.083503,18.12932,0,0,0,0,0,0
65.02909,-23.80976,5.083503,18.12932,0,0,0,0,0,0
65.03774,-23.80976,5.083503,18.12932,0,0,0,0,0,0
65.04588,-23.80881,5.085313,18.12123,0,0,0,0,0,0
65.05521,-23.80881,5.085313,18.12123,0,0,0,0,0,0
65.06429,-23.81007,5.086199,18.11784,0,0,0,0,0,0
65.07376,-23.81007,5.086199,18.11784,0,0,0,0,0,0
65.08157,-23.80805,5.086798,18.11477,0,0,0,0,0,0
65.09032,-23.80805,5.086798,18.11477,0,0,0,0,0,0
65.09829,-23.80805,5.086798,18.11477,0,0,0,0,0,0
65.10587,-23.80747,5.087934,18.10992,0,0,0,0,0,0
65.11476,-23.80747,5.087934,18.10992,0,0,0,0,0,0
65.12253,-23.80888,5.088801,18.10776,0,0,0,0,0,0
65.13198,-23.80888,5.088801,18.10776,0,0,0,0,0,0
65.14141,-23.80851,5.089573,18.10454,0,0,0,0,0,0
65.15065,-23.80851,5.089573,18.10454,0,0,0,0,0,0
65.16142,-23.80831,5.089962,18.10292,0,0,0,0,0,0
65.17086,-23.80831,5.089962,18.10292,0,0,0,0,0,0
65.18079,-23.80793,5.090746,18.0997,0,0,0,0,0,0
65.19515,-23.80793,5.090746,18.0997,0,0,0,0,0,0
65.2052,-23.8059,5.091391,18.09664,0,0,0,0,0,0
65.21626,-23.8059,5.091391,18.09664,0,0,0,0,0,0
65.22538,-23.80807,5.091938,18.09475,0,0,0,0,0,0
65.23978,-23.80807,5.091938,18.09475,0,0,0,0,0,0
65.25018,-23.80768,5.092741,18.09153,0,0,0,0,0,0
65.25986,-23.80768,5.092741,18.09153,0,0,0,0,0,0
65.26785,-23.80749,5.093148,18.08992,0,0,0,0,0,0
65.27793,-23.80749,5.093148,18.08992,0,0,0,0,0,0
65.28736,-23.80734,5.093217,18.0887,0,0,0,0,0,0
65.30079,-23.80734,5.093217,18.0887,0,0,0,0,0,0
65.31003,-23.80734,5.093217,18.0887,0,0,0,0,0,0
65.32118,-23.80569,5.09307,18.08886,0,0,0,0,0,0
65.33011,-23.80569,5.09307,18.08886,0,0,0,0,0,0
65.33836,-23.80569,5.09307,18.08886,0,0,0,0,0,0
65.34948,-23.80544,5.093099,18.08668,0,0,0,0,0,0
65.35812,-23.80544,5.093099,18.08668,0,0,0,0,0,0
65.36654,-23.8038,5.092954,18.08684,0,0,0,0,0,0
65.37596,-23.8038,5.092954,18.08684,0,0,0,0,0,0
65.38394,-23.80209,5.092429,18.08643,0,0,0,0,0,0
65.39429,-23.80209,5.092429,18.08643,0,0,0,0,0,0
65.40187,-23.803,5.092018,18.08791,0,0,0,0,0,0
65.41088,-23.803,5.092018,18.08791,0,0,0,0,0,0
65.41875,-23.803,5.092018,18.08791,0,0,0,0,0,0
65.42641,-23.8012,5.090114,18.09454,0,0,0,0,0,0
65.43579,-23.8012,5.090114,18.09454,0,0,0,0,0,0
65.44378,-23.79994,5.089178,18.09792,0,0,0,0,0,0
65.45229,-23.79994,5.089178,18.09792,0,0,0,0,0,0
65.45972,-23.79994,5.089178,18.09792,0,0,0,0,0,0
65.46717,-23.79888,5.087859,18.10291,0,0,0,0,0,0
65.47588,-23.79888,5.087859,18.10291,0,0,0,0,0,0
65.48342,-23.79761,5.086947,18.1063,0,0,0,0,0,0
65.49266,-23.79761,5.086947,18.1063,0,0,0,0,0,0
65.50029,-23.7947,5.085917,18.10986,0,0,0,0,0,0
65.50904,-23.7947,5.085917,18.10986,0,0,0,0,0,0
65.51652,-23.7947,5.085917,18.10986,0,0,0,0,0,0
65.52503,-23.79344,5.085027,18.11325,0,0,0,0,0,0
65.53422,-23.79344,5.085027,18.11325,0,0,0,0,0,0
65.5422,-23.79033,5.084401,18.11519,0,0,0,0,0,0
65.55044,-23.79033,5.084401,18.11519,0,0,0,0,0,0
65.55801,-23.79033,5.084401,18.11519,0,0,0,0,0,0
65.56514,-23.78887,5.083905,18.11697,0,0,0,0,0,0
65.57442,-23.78887,5.083905,18.11697,0,0,0,0,0,0
65.58275,-23.78393,5.083555,18.11747,0,0,0,0,0,0
65.59193,-23.78393,5.083555,18.11747,0,0,0,0,0,0
65.59908,-23.78393,5.083555,18.11747,0,0,0,0,0,0
65.60622,-23.77898,5.083224,18.11797,0,0,0,0,0,0
65.61464,-23.77898,5.083224,18.11797,0,0,0,0,0,0
65.62212,-23.77568,5.083014,18.11831,0,0,0,0,0,0
65.63361,-23.77568,5.083014,18.11831,0,0,0,0,0,0
65.64211,-23.77055,5.08309,18.1172,0,0,0,0,0,0
65.65079,-23.77055,5.08309,18.1172,0,0,0,0,0,0
65.65832,-23.77055,5.08309,18.1172,0,0,0,0,0,0
65.6685,-23.76541,5.083188,18.11609,0,0,0,0,0,0
65.67892,-23.76541,5.083188,18.11609,0,0,0,0,0,0
65.68706,-23.76449,5.083098,18.11615,0,0,0,0,0,0
65.69551,-23.76449,5.083098,18.11615,0,0,0,0,0,0
65.70283,-23.76192,5.082926,18.11639,0,0,0,0,0,0
65.71133,-23.76192,5.082926,18.11639,0,0,0,0,0,0
65.7201,-23.76046,5.082465,18.11817,0,0,0,0,0,0
65.73043,-23.76046,5.082465,18.11817,0,0,0,0,0,0
65.73997,-23.76046,5.082465,18.11817,0,0,0,0,0,0
65.74835,-23.75937,5.081262,18.12319,0,0,0,0,0,0
65.76134,-23.75625,5.080737,18.12516,0,0,0,0,0,0
65.77164,-23.75625,5.080737,18.12516,0,0,0,0,0,0
65.78043,-23.75479,5.080294,18.12695,0,0,0,0,0,0
65.79052,-23.75479,5.080294,18.12695,0,0,0,0,0,0
65.80331,-23.75552,5.080294,18.12684,0,0,0,0,0,0
65.81297,-23.75552,5.080294,18.12684,0,0,0,0,0,0
65.82062,-23.75405,5.079856,18.12863,0,0,0,0,0,0
65.8298,-23.75405,5.079856,18.12863,0,0,0,0,0,0
65.83881,-23.75405,5.079856,18.12863,0,0,0,0,0,0
65.84891,-23.75234,5.07939,18.12823,0,0,0,0,0,0
65.86064,-23.75135,5.078928,18.12772,0,0,0,0,0,0
65.87102,-23.75135,5.078928,18.12772,0,0,0,0,0,0
65.87894,-23.75135,5.078928,18.12772,0,0,0,0,0,0
65.88638,-23.75196,5.078138,18.12645,0,0,0,0,0,0
65.89603,-23.75196,5.078138,18.12645,0,0,0,0,0,0
65.90377,-23.75036,5.076916,18.12708,0,0,0,0,0,0
65.91286,-23.75036,5.076916,18.12708,0,0,0,0,0,0
65.92383,-23.75134,5.075396,18.12905,0,0,0,0,0,0
65.93423,-23.75134,5.075396,18.12905,0,0,0,0,0,0
65.94286,-23.75231,5.073879,18.13102,0,0,0,0,0,0
65.95152,-23.75231,5.073879,18.13102,0,0,0,0,0,0
65.95905,-23.75231,5.073879,18.13102,0,0,0,0,0,0
65.96903,-23.75224,5.071509,18.1319,0,0,0,0,0,0
65.97749,-23.75224,5.071509,18.1319,0,0,0,0,0,0
65.98505,-23.75377,5.070356,18.13214,0,0,0,0,0,0
65.99482,-23.75377,5.070356,18.13214,0,0,0,0,0,0
66.00234,-23.75616,5.069998,18.13344,0,0,0,0,0,0
66.01118,-23.75616,5.069998,18.13344,0,0,0,0,0,0
66.01855,-23.75616,5.069998,18.13344,0,0,0,0,0,0
66.02741,-23.75928,5.069643,18.13464,0,0,0,0,0,0
66.0368,-23.75928,5.069643,18.13464,0,0,0,0,0,0
66.04427,-23.76149,5.069643,18.13432,0,0,0,0,0,0
66.05299,-23.76149,5.069643,18.13432,0,0,0,0,0,0
66.06061,-23.76295,5.069643,18.1341,0,0,0,0,0,0
66.06965,-23.76295,5.069643,18.1341,0,0,0,0,0,0
66.0778,-23.76295,5.069643,18.1341,0,0,0,0,0,0
66.08506,-23.7658,5.070317,18.13289,0,0,0,0,0,0
66.0937,-23.7658,5.070317,18.13289,0,0,0,0,0,0
66.10093,-23.76543,5.071345,18.13144,0,0,0,0,0,0
66.11001,-23.76543,5.071345,18.13144,0,0,0,0,0,0
66.12019,-23.7666,5.072375,18.12883,0,0,0,0,0,0
66.1305,-23.7666,5.072375,18.12883,0,0,0,0,0,0
66.13818,-23.7666,5.072375,18.12883,0,0,0,0,0,0
66.14767,-23.76506,5.074047,18.12546,0,0,0,0,0,0
66.15623,-23.76506,5.074047,18.12546,0,0,0,0,0,0
66.16522,-23.76436,5.075391,18.12143,0,0,0,0,0,0
66.1768,-23.76436,5.075391,18.12143,0,0,0,0,0,0
66.18417,-23.76391,5.07604,18.11941,0,0,0,0,0,0
66.19298,-23.76391,5.07604,18.11941,0,0,0,0,0,0
66.20151,-23.76418,5.076693,18.11728,0,0,0,0,0,0
66.21008,-23.76418,5.076693,18.11728,0,0,0,0,0,0
66.21891,-23.76418,5.076693,18.11728,0,0,0,0,0,0
66.22738,-23.76612,5.07698,18.11655,0,0,0,0,0,0
66.23621,-23.76612,5.07698,18.11655,0,0,0,0,0,0
66.24459,-23.76665,5.076932,18.11643,0,0,0,0,0,0
66.25363,-23.76665,5.076932,18.11643,0,0,0,0,0,0
66.26138,-23.76883,5.076932,18.1161,0,0,0,0,0,0
66.27,-23.76883,5.076932,18.1161,0,0,0,0,0,0
66.27857,-23.76883,5.076932,18.1161,0,0,0,0,0,0
66.29007,-23.77433,5.076611,18.11694,0,0,0,0,0,0
66.29896,-23.77433,5.076611,18.11694,0,0,0,0,0,0
66.30798,-23.77673,5.076243,18.11821,0,0,0,0,0,0
66.31685,-23.77673,5.076243,18.11821,0,0,0,0,0,0
66.32476,-23.77769,5.075879,18.11971,0,0,0,0,0,0
66.33403,-23.77769,5.075879,18.11971,0,0,0,0,0,0
66.34235,-23.7812,5.075617,18.12089,0,0,0,0,0,0
66.35586,-23.7812,5.075617,18.12089,0,0,0,0,0,0
66.36535,-23.78238,5.074898,18.12401,0,0,0,0,0,0
66.37485,-23.78238,5.074898,18.12401,0,0,0,0,0,0
66.38238,-23.7826,5.074541,18.12562,0,0,0,0,0,0
66.39146,-23.7826,5.074541,18.12562,0,0,0,0,0,0
66.39967,-23.7826,5.074541,18.12562,0,0,0,0,0,0
66.40752,-23.78594,5.074241,18.12679,0,0,0,0,0,0
66.41634,-23.78594,5.074241,18.12679,0,0,0,0,0,0
66.42731,-23.78667,5.074239,18.12667,0,0,0,0,0,0
66.43755,-23.78667,5.074239,18.12667,0,0,0,0,0,0
66.44837,-23.78763,5.073888,18.12817,0,0,0,0,0,0
66.45997,-23.78763,5.073888,18.12817,0,0,0,0,0,0
66.46899,-23.78881,5.07319,18.13128,0,0,0,0,0,0
66.47871,-23.78881,5.07319,18.13128,0,0,0,0,0,0
66.48732,-23.78926,5.0725,18.13452,0,0,0,0,0,0
66.49654,-23.78926,5.0725,18.13452,0,0,0,0,0,0
66.50581,-23.79114,5.072214,18.13591,0,0,0,0,0,0
66.51495,-23.79114,5.072214,18.13591,0,0,0,0,0,0
66.52311,-23.79137,5.071873,18.13753,0,0,0,0,0,0
66.53274,-23.79137,5.071873,18.13753,0,0,0,0,0,0
66.54139,-23.79416,5.071653,18.13883,0,0,0,0,0,0
66.5565,-23.79416,5.071653,18.13883,0,0,0,0,0,0
66.56442,-23.79485,5.072053,18.13712,0,0,0,0,0,0
66.57423,-23.79485,5.072053,18.13712,0,0,0,0,0,0
66.58261,-23.7965,5.072117,18.1369,0,0,0,0,0,0
66.59399,-23.7965,5.072117,18.1369,0,0,0,0,0,0
66.60233,-23.79531,5.072799,18.13379,0,0,0,0,0,0
66.61213,-23.79531,5.072799,18.13379,0,0,0,0,0,0
66.61983,-23.79531,5.072799,18.13379,0,0,0,0,0,0
66.62846,-23.79508,5.073143,18.13217,0,0,0,0,0,0
66.63752,-23.79508,5.073143,18.13217,0,0,0,0,0,0
66.64591,-23.79651,5.073555,18.13034,0,0,0,0,0,0
66.65529,-23.79651,5.073555,18.13034,0,0,0,0,0,0
66.66335,-23.79651,5.073555,18.13033,0,0,0,0,0,0
66.6733,-23.79651,5.073555,18.13033,0,0,0,0,0,0
66.6815,-23.79628,5.073904,18.12872,0,0,0,0,0,0
66.69099,-23.79628,5.073904,18.12872,0,0,0,0,0,0
66.6988,-23.79628,5.073904,18.12872,0,0,0,0,0,0
66.70761,-23.79793,5.073972,18.1285,0,0,0,0,0,0
66.71992,-23.79793,5.073972,18.1285,0,0,0,0,0,0
66.72784,-23.79697,5.074321,18.12701,0,0,0,0,0,0
66.73737,-23.79697,5.074321,18.12701,0,0,0,0,0,0
66.74596,-23.79487,5.07496,18.12399,0,0,0,0,0,0
66.75529,-23.79487,5.07496,18.12399,0,0,0,0,0,0
66.76349,-23.79392,5.075317,18.1225,0,0,0,0,0,0
66.77326,-23.79392,5.075317,18.1225,0,0,0,0,0,0
66.78185,-23.79534,5.075744,18.12067,0,0,0,0,0,0
66.79119,-23.79534,5.075744,18.12067,0,0,0,0,0,0
66.79983,-23.79534,5.075744,18.12067,0,0,0,0,0,0
66.80946,-23.79489,5.076467,18.11744,0,0,0,0,0,0
66.81852,-23.79489,5.076467,18.11744,0,0,0,0,0,0
66.82789,-23.79302,5.076763,18.11604,0,0,0,0,0,0
66.83696,-23.79302,5.076763,18.11604,0,0,0,0,0,0
66.84585,-23.79444,5.077199,18.11422,0,0,0,0,0,0
66.85871,-23.79444,5.077199,18.11422,0,0,0,0,0,0
66.86654,-23.79422,5.077568,18.1126,0,0,0,0,0,0
66.876,-23.79422,5.077568,18.1126,0,0,0,0,0,0
66.88447,-23.79422,5.077568,18.1126,0,0,0,0,0,0
66.89396,-23.79422,5.077568,18.1126,0,0,0,0,0,0
66.90353,-23.79234,5.07787,18.11121,0,0,0,0,0,0
66.91292,-23.79234,5.07787,18.11121,0,0,0,0,0,0
66.92115,-23.79377,5.078311,18.10938,0,0,0,0,0,0
66.93102,-23.79377,5.078311,18.10938,0,0,0,0,0,0
66.94021,-23.79167,5.078996,18.10637,0,0,0,0,0,0
66.94894,-23.79167,5.078996,18.10637,0,0,0,0,0,0
66.9569,-23.79167,5.078996,18.10637,0,0,0,0,0,0
66.96564,-23.79331,5.079064,18.10616,0,0,0,0,0,0
66.97457,-23.79331,5.079064,18.10616,0,0,0,0,0,0
66.98242,-23.79286,5.079825,18.10294,0,0,0,0,0,0
66.99147,-23.79286,5.079825,18.10294,0,0,0,0,0,0
66.99925,-23.79286,5.079825,18.10294,0,0,0,0,0,0
67.0074,-23.79127,5.079421,18.10354,0,0,0,0,0,0
67.017,-23.79127,5.079421,18.10354,0,0,0,0,0,0
67.02531,-23.79104,5.079804,18.10193,0,0,0,0,0,0
67.03402,-23.79104,5.079804,18.10193,0,0,0,0,0,0
67.0423,-23.79104,5.079804,18.10193,0,0,0,0,0,0
67.05085,-23.79104,5.079804,18.10193,0,0,0,0,0,0
67.05986,-23.79104,5.079804,18.10193,0,0,0,0,0,0
67.06796,-23.79269,5.079872,18.10172,0,0,0,0,0,0
67.0787,-23.79269,5.079872,18.10172,0,0,0,0,0,0
67.08648,-23.79127,5.07942,18.10354,0,0,0,0,0,0
67.09581,-23.79127,5.07942,18.10354,0,0,0,0,0,0
67.10331,-23.79149,5.079039,18.10515,0,0,0,0,0,0
67.11229,-23.79149,5.079039,18.10515,0,0,0,0,0,0
67.12022,-23.79217,5.077907,18.10998,0,0,0,0,0,0
67.12924,-23.79217,5.077907,18.10998,0,0,0,0,0,0
67.13696,-23.79217,5.077907,18.10998,0,0,0,0,0,0
67.14576,-23.79307,5.076427,18.11643,0,0,0,0,0,0
67.15545,-23.79307,5.076427,18.11643,0,0,0,0,0,0
67.16582,-23.79352,5.0757,18.11966,0,0,0,0,0,0
67.17532,-23.79352,5.0757,18.11966,0,0,0,0,0,0
67.18307,-23.79397,5.074982,18.12289,0,0,0,0,0,0
67.19733,-23.79397,5.074982,18.12289,0,0,0,0,0,0
67.20914,-23.79442,5.07427,18.12612,0,0,0,0,0,0
67.21804,-23.79442,5.07427,18.12612,0,0,0,0,0,0
67.22656,-23.79629,5.073986,18.12752,0,0,0,0,0,0
67.23618,-23.79629,5.073986,18.12752,0,0,0,0,0,0
67.24441,-23.79487,5.073567,18.12935,0,0,0,0,0,0
67.25767,-23.79487,5.073567,18.12935,0,0,0,0,0,0
67.26747,-23.79487,5.073568,18.12935,0,0,0,0,0,0
67.2779,-23.79487,5.073568,18.12935,0,0,0,0,0,0
67.2864,-23.79652,5.073637,18.12914,0,0,0,0,0,0
67.29923,-23.79652,5.073637,18.12914,0,0,0,0,0,0
67.30806,-23.79652,5.073637,18.12914,0,0,0,0,0,0
67.319,-23.79652,5.073637,18.12914,0,0,0,0,0,0
67.32896,-23.79459,5.072874,18.13271,0,0,0,0,0,0
67.34332,-23.79624,5.072942,18.13249,0,0,0,0,0,0
67.35301,-23.79624,5.072942,18.13249,0,0,0,0,0,0
67.36199,-23.79481,5.072528,18.13433,0,0,0,0,0,0
67.37173,-23.79481,5.072528,18.13433,0,0,0,0,0,0
67.38377,-23.79503,5.072187,18.13594,0,0,0,0,0,0
67.39393,-23.79503,5.072187,18.13594,0,0,0,0,0,0
67.40198,-23.79481,5.072528,18.13433,0,0,0,0,0,0
67.41309,-23.79481,5.072528,18.13433,0,0,0,0,0,0
67.4212,-23.79473,5.072128,18.13374,0,0,0,0,0,0
67.43137,-23.79473,5.072128,18.13374,0,0,0,0,0,0
67.44028,-23.79495,5.071785,18.13536,0,0,0,0,0,0
67.44915,-23.79495,5.071785,18.13536,0,0,0,0,0,0
67.45792,-23.79495,5.071785,18.13536,0,0,0,0,0,0
67.46588,-23.79451,5.072473,18.13212,0,0,0,0,0,0
67.47773,-23.79451,5.072473,18.13212,0,0,0,0,0,0
67.48531,-23.79406,5.073168,18.12889,0,0,0,0,0,0
67.4944,-23.79406,5.073168,18.12889,0,0,0,0,0,0
67.50201,-23.79383,5.073518,18.12727,0,0,0,0,0,0
67.51088,-23.79383,5.073518,18.12727,0,0,0,0,0,0
67.51871,-23.79383,5.073518,18.12727,0,0,0,0,0,0
67.52655,-23.79151,5.074517,18.12264,0,0,0,0,0,0
67.53517,-23.79151,5.074517,18.12264,0,0,0,0,0,0
67.54302,-23.79294,5.074943,18.12081,0,0,0,0,0,0
67.55219,-23.79294,5.074943,18.12081,0,0,0,0,0,0
67.56283,-23.79084,5.075602,18.1178,0,0,0,0,0,0
67.57158,-23.79084,5.075602,18.1178,0,0,0,0,0,0
67.58353,-23.79062,5.075967,18.11618,0,0,0,0,0,0
67.59267,-23.79062,5.075967,18.11618,0,0,0,0,0,0
67.60042,-23.79039,5.076334,18.11457,0,0,0,0,0,0
67.61046,-23.79039,5.076334,18.11457,0,0,0,0,0,0
67.61813,-23.79039,5.076334,18.11457,0,0,0,0,0,0
67.62619,-23.78995,5.077076,18.11135,0,0,0,0,0,0
67.63466,-23.78995,5.077076,18.11135,0,0,0,0,0,0
67.64277,-23.78995,5.077076,18.11135,0,0,0,0,0,0
67.65109,-23.78995,5.077076,18.11135,0,0,0,0,0,0
67.65966,-23.78995,5.077076,18.11135,0,0,0,0,0,0
67.66879,-23.78972,5.077449,18.10974,0,0,0,0,0,0
67.6781,-23.78972,5.077449,18.10974,0,0,0,0,0,0
67.6871,-23.7895,5.077826,18.10813,0,0,0,0,0,0
67.6967,-23.7895,5.077826,18.10813,0,0,0,0,0,0
67.70644,-23.7895,5.077826,18.10813,0,0,0,0,0,0
67.7151,-23.7895,5.077826,18.10813,0,0,0,0,0,0
67.72366,-23.78777,5.07737,18.10776,0,0,0,0,0,0
67.73354,-23.78777,5.07737,18.10776,0,0,0,0,0,0
67.74141,-23.78755,5.077749,18.10615,0,0,0,0,0,0
67.75323,-23.78755,5.077749,18.10615,0,0,0,0,0,0
67.76131,-23.78755,5.07775,18.10615,0,0,0,0,0,0
67.7711,-23.78755,5.07775,18.10615,0,0,0,0,0,0
67.77982,-23.78755,5.07775,18.10615,0,0,0,0,0,0
67.78764,-23.78755,5.07775,18.10615,0,0,0,0,0,0
67.79707,-23.78755,5.07775,18.10615,0,0,0,0,0,0
67.80861,-23.7876,5.077414,18.10654,0,0,0,0,0,0
67.81775,-23.7876,5.077414,18.10654,0,0,0,0,0,0
67.82623,-23.7876,5.077414,18.10654,0,0,0,0,0,0
67.83548,-23.7876,5.077414,18.10654,0,0,0,0,0,0
67.84322,-23.78775,5.076644,18.10757,0,0,0,0,0,0
67.85235,-23.78775,5.076644,18.10757,0,0,0,0,0,0
67.86006,-23.78797,5.076267,18.10918,0,0,0,0,0,0
67.8722,-23.78797,5.076267,18.10918,0,0,0,0,0,0
67.87997,-23.78797,5.076267,18.10918,0,0,0,0,0,0
67.88826,-23.78842,5.075519,18.1124,0,0,0,0,0,0
67.89977,-23.78842,5.075519,18.1124,0,0,0,0,0,0
67.90884,-23.78892,5.074444,18.11601,0,0,0,0,0,0
67.91843,-23.78892,5.074444,18.11601,0,0,0,0,0,0
67.93154,-23.78914,5.074077,18.11763,0,0,0,0,0,0
67.94062,-23.79079,5.074142,18.11741,0,0,0,0,0,0
67.95013,-23.79079,5.074142,18.11741,0,0,0,0,0,0
67.961,-23.78841,5.074077,18.11774,0,0,0,0,0,0
67.9712,-23.78841,5.074077,18.11774,0,0,0,0,0,0
67.97935,-23.78841,5.074077,18.11774,0,0,0,0,0,0
67.98709,-23.78847,5.073741,18.11813,0,0,0,0,0,0
67.99614,-23.78847,5.073741,18.11813,0,0,0,0,0,0
68.00443,-23.78847,5.073741,18.11813,0,0,0,0,0,0
68.01344,-23.78847,5.073741,18.11813,0,0,0,0,0,0
68.02457,-23.78847,5.073741,18.11813,0,0,0,0,0,0
68.03426,-23.78847,5.073741,18.11813,0,0,0,0,0,0
68.04321,-23.78847,5.073741,18.11813,0,0,0,0,0,0
68.05291,-23.78847,5.073741,18.11813,0,0,0,0,0,0
68.06371,-23.78847,5.073741,18.11813,0,0,0,0,0,0
68.07376,-23.78847,5.073741,18.11813,0,0,0,0,0,0
68.08286,-23.79034,5.073441,18.11953,0,0,0,0,0,0
68.09203,-23.79034,5.073441,18.11953,0,0,0,0,0,0
68.09992,-23.79034,5.073441,18.11953,0,0,0,0,0,0
68.10811,-23.78869,5.073376,18.11975,0,0,0,0,0,0
68.11741,-23.78869,5.073376,18.11975,0,0,0,0,0,0
68.12609,-23.78847,5.073741,18.11813,0,0,0,0,0,0
68.13626,-23.78847,5.073741,18.11813,0,0,0,0,0,0
68.1459,-23.78847,5.073741,18.11813,0,0,0,0,0,0
68.15575,-23.78847,5.073741,18.11813,0,0,0,0,0,0
68.16589,-23.78847,5.073741,18.11813,0,0,0,0,0,0
68.17561,-23.78847,5.073741,18.11813,0,0,0,0,0,0
68.1868,-23.78824,5.074108,18.11652,0,0,0,0,0,0
68.19681,-23.78824,5.074108,18.11652,0,0,0,0,0,0
68.20488,-23.78802,5.074477,18.11491,0,0,0,0,0,0
68.21449,-23.78802,5.074477,18.11491,0,0,0,0,0,0
68.22296,-23.7878,5.074848,18.11329,0,0,0,0,0,0
68.23209,-23.7878,5.074848,18.11329,0,0,0,0,0,0
68.24013,-23.78593,5.075159,18.1119,0,0,0,0,0,0
68.24995,-23.78593,5.075159,18.1119,0,0,0,0,0,0
68.25902,-23.78593,5.075159,18.1119,0,0,0,0,0,0
68.26727,-23.78757,5.075221,18.11168,0,0,0,0,0,0
68.27698,-23.78757,5.075221,18.11168,0,0,0,0,0,0
68.28693,-23.78832,5.075323,18.11037,0,0,0,0,0,0
68.29622,-23.78832,5.075323,18.11037,0,0,0,0,0,0
68.3048,-23.78668,5.07526,18.11058,0,0,0,0,0,0
68.31401,-23.78668,5.07526,18.11058,0,0,0,0,0,0
68.32248,-23.78673,5.074923,18.11097,0,0,0,0,0,0
68.33554,-23.78673,5.074923,18.11097,0,0,0,0,0,0
68.34692,-23.78584,5.074964,18.10986,0,0,0,0,0,0
68.35577,-23.78584,5.074964,18.10986,0,0,0,0,0,0
68.36365,-23.78606,5.074587,18.11147,0,0,0,0,0,0
68.37569,-23.78606,5.074587,18.11147,0,0,0,0,0,0
68.38366,-23.78533,5.074587,18.11159,0,0,0,0,0,0
68.3929,-23.78533,5.074587,18.11159,0,0,0,0,0,0
68.40278,-23.78533,5.074587,18.11159,0,0,0,0,0,0
68.41227,-23.78533,5.074587,18.11159,0,0,0,0,0,0
68.42059,-23.78555,5.074212,18.1132,0,0,0,0,0,0
68.43063,-23.78555,5.074212,18.1132,0,0,0,0,0,0
68.43964,-23.78555,5.074212,18.1132,0,0,0,0,0,0
68.44772,-23.78533,5.074587,18.11159,0,0,0,0,0,0
68.45756,-23.78533,5.074587,18.11159,0,0,0,0,0,0
68.46564,-23.78369,5.074525,18.1118,0,0,0,0,0,0
68.47472,-23.78369,5.074525,18.1118,0,0,0,0,0,0
68.48263,-23.78555,5.074212,18.1132,0,0,0,0,0,0
68.49172,-23.78555,5.074212,18.1132,0,0,0,0,0,0
68.49961,-23.78555,5.074212,18.1132,0,0,0,0,0,0
68.5084,-23.78555,5.074212,18.1132,0,0,0,0,0,0
68.51803,-23.78555,5.074212,18.1132,0,0,0,0,0,0
68.52592,-23.78505,5.073839,18.11493,0,0,0,0,0,0
68.53599,-23.78505,5.073839,18.11493,0,0,0,0,0,0
68.54395,-23.78527,5.073468,18.11654,0,0,0,0,0,0
68.55299,-23.78527,5.073468,18.11654,0,0,0,0,0,0
68.56116,-23.78527,5.073468,18.11654,0,0,0,0,0,0
68.57185,-23.78527,5.073468,18.11654,0,0,0,0,0,0
68.58025,-23.78554,5.072762,18.11855,0,0,0,0,0,0
68.58962,-23.78554,5.072762,18.11855,0,0,0,0,0,0
68.59753,-23.78554,5.072762,18.11855,0,0,0,0,0,0
68.60606,-23.78559,5.072425,18.11893,0,0,0,0,0,0
68.6162,-23.78559,5.072425,18.11893,0,0,0,0,0,0
68.62443,-23.78582,5.072059,18.12055,0,0,0,0,0,0
68.63339,-23.78582,5.072059,18.12055,0,0,0,0,0,0
68.64167,-23.78604,5.071694,18.12216,0,0,0,0,0,0
68.65148,-23.78604,5.071694,18.12216,0,0,0,0,0,0
68.65957,-23.78604,5.071694,18.12216,0,0,0,0,0,0
68.66749,-23.78648,5.070971,18.12539,0,0,0,0,0,0
68.67661,-23.78648,5.070971,18.12539,0,0,0,0,0,0
68.6842,-23.78648,5.070971,18.12539,0,0,0,0,0,0
68.69386,-23.78648,5.070971,18.12539,0,0,0,0,0,0
68.7018,-23.78483,5.070909,18.1256,0,0,0,0,0,0
68.71088,-23.78483,5.070909,18.1256,0,0,0,0,0,0
68.71885,-23.78483,5.070909,18.1256,0,0,0,0,0,0
68.72703,-23.78505,5.07055,18.12722,0,0,0,0,0,0
68.73588,-23.78505,5.07055,18.12722,0,0,0,0,0,0
68.7439,-23.7867,5.070613,18.12701,0,0,0,0,0,0
68.75287,-23.7867,5.070613,18.12701,0,0,0,0,0,0
68.76199,-23.7867,5.070612,18.127,0,0,0,0,0,0
68.77141,-23.7867,5.070612,18.127,0,0,0,0,0,0
68.78013,-23.7867,5.070612,18.127,0,0,0,0,0,0
68.78983,-23.7867,5.070612,18.127,0,0,0,0,0,0
68.79904,-23.7867,5.070612,18.127,0,0,0,0,0,0
68.80827,-23.78648,5.070971,18.12539,0,0,0,0,0,0
68.82127,-23.78648,5.070971,18.12539,0,0,0,0,0,0
68.82986,-23.78648,5.070971,18.12539,0,0,0,0,0,0
68.83773,-23.78648,5.070971,18.12539,0,0,0,0,0,0
68.84538,-23.78575,5.070971,18.12551,0,0,0,0,0,0
68.85409,-23.78575,5.070971,18.12551,0,0,0,0,0,0
68.86247,-23.78575,5.070971,18.12551,0,0,0,0,0,0
68.87148,-23.78575,5.070971,18.12551,0,0,0,0,0,0
68.87931,-23.78575,5.070971,18.12551,0,0,0,0,0,0
68.88818,-23.78388,5.07127,18.1241,0,0,0,0,0,0
68.89866,-23.78388,5.07127,18.1241,0,0,0,0,0,0
68.91039,-23.78458,5.071694,18.1224,0,0,0,0,0,0
68.91935,-23.78458,5.071694,18.1224,0,0,0,0,0,0
68.92905,-23.78414,5.072425,18.11917,0,0,0,0,0,0
68.94036,-23.78392,5.072795,18.11755,0,0,0,0,0,0
68.94881,-23.78392,5.072795,18.11755,0,0,0,0,0,0
68.95683,-23.78392,5.072795,18.11755,0,0,0,0,0,0
68.96625,-23.78348,5.073539,18.11433,0,0,0,0,0,0
68.9784,-23.78348,5.073539,18.11433,0,0,0,0,0,0
68.98671,-23.78326,5.073914,18.11272,0,0,0,0,0,0
68.99894,-23.78326,5.073914,18.11272,0,0,0,0,0,0
69.00761,-23.78282,5.07467,18.1095,0,0,0,0,0,0
69.01667,-23.78282,5.07467,18.1095,0,0,0,0,0,0
69.02839,-23.78304,5.074291,18.11111,0,0,0,0,0,0
69.0406,-23.7826,5.075051,18.10789,0,0,0,0,0,0
69.05109,-23.7826,5.075051,18.10789,0,0,0,0,0,0
69.06039,-23.78266,5.074714,18.10827,0,0,0,0,0,0
69.07531,-23.78266,5.074714,18.10827,0,0,0,0,0,0
69.08575,-23.78266,5.074714,18.10827,0,0,0,0,0,0
69.09975,-23.78266,5.074714,18.10827,0,0,0,0,0,0
69.10996,-23.78266,5.074714,18.10827,0,0,0,0,0,0
69.12194,-23.78266,5.074714,18.10827,0,0,0,0,0,0
69.1326,-23.78266,5.074714,18.10827,0,0,0,0,0,0
69.1438,-23.78244,5.075096,18.10666,0,0,0,0,0,0
69.16093,-23.78249,5.074759,18.10705,0,0,0,0,0,0
69.17434,-23.78249,5.074759,18.10705,0,0,0,0,0,0
69.18261,-23.78271,5.074377,18.10866,0,0,0,0,0,0
69.19215,-23.78271,5.074377,18.10866,0,0,0,0,0,0
69.20229,-23.78276,5.07404,18.10905,0,0,0,0,0,0
69.21172,-23.78276,5.07404,18.10905,0,0,0,0,0,0
69.21971,-23.78276,5.07404,18.10905,0,0,0,0,0,0
69.22939,-23.78203,5.07404,18.10917,0,0,0,0,0,0
69.23928,-23.78203,5.07404,18.10917,0,0,0,0,0,0
69.24985,-23.78226,5.073658,18.11077,0,0,0,0,0,0
69.26297,-23.78153,5.073659,18.11089,0,0,0,0,0,0
69.27334,-23.78153,5.073659,18.11089,0,0,0,0,0,0
69.28471,-23.78175,5.073279,18.1125,0,0,0,0,0,0
69.2954,-23.78175,5.073279,18.1125,0,0,0,0,0,0
69.30386,-23.78124,5.072903,18.11423,0,0,0,0,0,0
69.31375,-23.78124,5.072903,18.11423,0,0,0,0,0,0
69.32221,-23.78124,5.072903,18.11423,0,0,0,0,0,0
69.33225,-23.78124,5.072903,18.11423,0,0,0,0,0,0
69.34132,-23.78146,5.072527,18.11584,0,0,0,0,0,0
69.35253,-23.78146,5.072527,18.11584,0,0,0,0,0,0
69.36177,-23.78167,5.072154,18.11745,0,0,0,0,0,0
69.37273,-23.78167,5.072154,18.11745,0,0,0,0,0,0
69.38124,-23.78167,5.072154,18.11745,0,0,0,0,0,0
69.39393,-23.78167,5.072154,18.11745,0,0,0,0,0,0
69.40287,-23.78189,5.071784,18.11907,0,0,0,0,0,0
69.41217,-23.78189,5.071784,18.11907,0,0,0,0,0,0
69.42035,-23.78138,5.071414,18.1208,0,0,0,0,0,0
69.42995,-23.78138,5.071414,18.1208,0,0,0,0,0,0
69.44189,-23.78138,5.071414,18.1208,0,0,0,0,0,0
69.4509,-23.78138,5.071414,18.1208,0,0,0,0,0,0
69.46001,-23.77973,5.071352,18.121,0,0,0,0,0,0
69.46868,-23.77973,5.071352,18.121,0,0,0,0,0,0
69.47658,-23.77973,5.071352,18.121,0,0,0,0,0,0
69.48446,-23.7816,5.071048,18.12241,0,0,0,0,0,0
69.49357,-23.7816,5.071048,18.12241,0,0,0,0,0,0
69.50199,-23.7816,5.071048,18.12241,0,0,0,0,0,0
69.51218,-23.7816,5.071048,18.12241,0,0,0,0,0,0
69.52384,-23.7816,5.071048,18.12241,0,0,0,0,0,0
69.5328,-23.7816,5.071048,18.12241,0,0,0,0,0,0
69.54076,-23.7816,5.071048,18.12241,0,0,0,0,0,0
69.54971,-23.7816,5.071048,18.12241,0,0,0,0,0,0
69.55741,-23.7816,5.071048,18.12241,0,0,0,0,0,0
69.56493,-23.78181,5.070683,18.12403,0,0,0,0,0,0
69.5743,-23.78181,5.070683,18.12403,0,0,0,0,0,0
69.58626,-23.78203,5.070321,18.12564,0,0,0,0,0,0
69.59927,-23.78203,5.070321,18.12564,0,0,0,0,0,0
69.61055,-23.7813,5.070321,18.12576,0,0,0,0,0,0
69.61944,-23.7813,5.070321,18.12576,0,0,0,0,0,0
69.62825,-23.7813,5.070319,18.12576,0,0,0,0,0,0
69.63772,-23.7813,5.070319,18.12576,0,0,0,0,0,0
69.64676,-23.78295,5.070384,18.12555,0,0,0,0,0,0
69.65921,-23.78295,5.070384,18.12555,0,0,0,0,0,0
69.66933,-23.78222,5.070385,18.12567,0,0,0,0,0,0
69.6785,-23.78222,5.070385,18.12567,0,0,0,0,0,0
69.68745,-23.78222,5.070385,18.12567,0,0,0,0,0,0
69.69793,-23.78222,5.070385,18.12567,0,0,0,0,0,0
69.70631,-23.78314,5.07045,18.12558,0,0,0,0,0,0
69.71568,-23.78314,5.07045,18.12558,0,0,0,0,0,0
69.72517,-23.78241,5.07045,18.12569,0,0,0,0,0,0
69.73439,-23.78241,5.07045,18.12569,0,0,0,0,0,0
69.74295,-23.78241,5.07045,18.12569,0,0,0,0,0,0
69.75308,-23.78241,5.07045,18.12569,0,0,0,0,0,0
69.76166,-23.78241,5.07045,18.12569,0,0,0,0,0,0
69.77028,-23.78241,5.07045,18.12569,0,0,0,0,0,0
69.77811,-23.78241,5.07045,18.12569,0,0,0,0,0,0
69.78632,-23.78333,5.070518,18.12561,0,0,0,0,0,0
69.79524,-23.78333,5.070518,18.12561,0,0,0,0,0,0
69.80572,-23.78311,5.070881,18.12399,0,0,0,0,0,0
69.81468,-23.78311,5.070881,18.12399,0,0,0,0,0,0
69.82694,-23.78403,5.070952,18.12391,0,0,0,0,0,0
69.8371,-23.78403,5.070952,18.12391,0,0,0,0,0,0
69.84609,-23.78403,5.070952,18.12391,0,0,0,0,0,0
69.85629,-23.78403,5.070952,18.12391,0,0,0,0,0,0
69.86388,-23.78568,5.071024,18.1237,0,0,0,0,0,0
69.87346,-23.78568,5.071024,18.1237,0,0,0,0,0,0
69.88409,-23.78403,5.070952,18.12391,0,0,0,0,0,0
69.89329,-23.78403,5.070952,18.12391,0,0,0,0,0,0
69.90202,-23.78382,5.071317,18.12229,0,0,0,0,0,0
69.91451,-23.78382,5.071317,18.12229,0,0,0,0,0,0
69.92246,-23.78547,5.071389,18.12209,0,0,0,0,0,0
69.93158,-23.78547,5.071389,18.12209,0,0,0,0,0,0
69.93975,-23.78547,5.071389,18.12209,0,0,0,0,0,0
69.94787,-23.78547,5.071389,18.12209,0,0,0,0,0,0
69.95728,-23.78547,5.071389,18.12209,0,0,0,0,0,0
69.96532,-23.78547,5.071389,18.12209,0,0,0,0,0,0
69.97439,-23.78547,5.071389,18.12209,0,0,0,0,0,0
69.98484,-23.78547,5.071389,18.12209,0,0,0,0,0,0
69.99406,-23.78547,5.071389,18.12209,0,0,0,0,0,0
70.00432,-23.78525,5.071756,18.12048,0,0,0,0,0,0
70.01668,-23.78525,5.071756,18.12048,0,0,0,0,0,0
70.02657,-23.78669,5.072199,18.11866,0,0,0,0,0,0
70.03585,-23.78669,5.072199,18.11866,0,0,0,0,0,0
70.04478,-23.78669,5.072199,18.11866,0,0,0,0,0,0
70.05573,-23.78669,5.072199,18.11866,0,0,0,0,0,0
70.06526,-23.78834,5.072276,18.11846,0,0,0,0,0,0
70.07471,-23.78834,5.072276,18.11846,0,0,0,0,0,0
70.08381,-23.78926,5.072354,18.11838,0,0,0,0,0,0
70.09628,-23.78926,5.072354,18.11838,0,0,0,0,0,0
70.10699,-23.78926,5.072354,18.11838,0,0,0,0,0,0
70.11862,-23.78926,5.072354,18.11838,0,0,0,0,0,0
70.13177,-23.79112,5.072067,18.11979,0,0,0,0,0,0
70.14108,-23.79255,5.072518,18.11798,0,0,0,0,0,0
70.15005,-23.79255,5.072518,18.11798,0,0,0,0,0,0
70.15815,-23.79255,5.072518,18.11798,0,0,0,0,0,0
70.16595,-23.79255,5.072518,18.11798,0,0,0,0,0,0
70.17812,-23.79255,5.072518,18.11798,0,0,0,0,0,0
70.18628,-23.7942,5.072604,18.11778,0,0,0,0,0,0
70.19842,-23.7942,5.072604,18.11778,0,0,0,0,0,0
70.20707,-23.7942,5.072604,18.11778,0,0,0,0,0,0
70.21579,-23.7942,5.072604,18.11778,0,0,0,0,0,0
70.22395,-23.79399,5.072975,18.11617,0,0,0,0,0,0
70.23287,-23.79399,5.072975,18.11617,0,0,0,0,0,0
70.24072,-23.79399,5.072975,18.11617,0,0,0,0,0,0
70.24905,-23.79399,5.072975,18.11617,0,0,0,0,0,0
70.2588,-23.79399,5.072975,18.11617,0,0,0,0,0,0
70.2669,-23.7942,5.072604,18.11778,0,0,0,0,0,0
70.27628,-23.7942,5.072604,18.11778,0,0,0,0,0,0
70.28487,-23.79399,5.072975,18.11617,0,0,0,0,0,0
70.30238,-23.79399,5.072975,18.11617,0,0,0,0,0,0
70.31152,-23.79399,5.072975,18.11617,0,0,0,0,0,0
70.32037,-23.7942,5.072604,18.11778,0,0,0,0,0,0
70.3302,-23.7942,5.072604,18.11778,0,0,0,0,0,0
70.33857,-23.7942,5.072604,18.11778,0,0,0,0,0,0
70.34642,-23.79399,5.072975,18.11617,0,0,0,0,0,0
70.35584,-23.79399,5.072975,18.11617,0,0,0,0,0,0
70.36413,-23.79161,5.072889,18.11649,0,0,0,0,0,0
70.37274,-23.79161,5.072889,18.11649,0,0,0,0,0,0
70.38311,-23.79326,5.072974,18.11629,0,0,0,0,0,0
70.39179,-23.79326,5.072974,18.11629,0,0,0,0,0,0
70.39953,-23.79326,5.072974,18.11629,0,0,0,0,0,0
70.40714,-23.79326,5.072974,18.11629,0,0,0,0,0,0
70.41577,-23.79326,5.072974,18.11629,0,0,0,0,0,0
70.42339,-23.79326,5.072974,18.11629,0,0,0,0,0,0
70.43607,-23.79326,5.072974,18.11629,0,0,0,0,0,0
70.44415,-23.79348,5.072603,18.1179,0,0,0,0,0,0
70.45287,-23.79348,5.072603,18.1179,0,0,0,0,0,0
70.4609,-23.79512,5.072691,18.1177,0,0,0,0,0,0
70.46986,-23.79512,5.072691,18.1177,0,0,0,0,0,0
70.47799,-23.79512,5.072691,18.1177,0,0,0,0,0,0
70.48673,-23.79275,5.072604,18.11802,0,0,0,0,0,0
70.4977,-23.79275,5.072604,18.11802,0,0,0,0,0,0
70.50671,-23.79254,5.072975,18.11641,0,0,0,0,0,0
70.51559,-23.79254,5.072975,18.11641,0,0,0,0,0,0
70.52514,-23.79275,5.072604,18.11802,0,0,0,0,0,0
70.53467,-23.79275,5.072604,18.11802,0,0,0,0,0,0
70.5434,-23.79275,5.072604,18.11802,0,0,0,0,0,0
70.55269,-23.79275,5.072604,18.11802,0,0,0,0,0,0
70.56066,-23.79275,5.072604,18.11802,0,0,0,0,0,0
70.56984,-23.79275,5.072604,18.11802,0,0,0,0,0,0
70.57816,-23.79275,5.072604,18.11802,0,0,0,0,0,0
70.58772,-23.79275,5.072604,18.11802,0,0,0,0,0,0
70.59723,-23.79275,5.072604,18.11802,0,0,0,0,0,0
70.60822,-23.79275,5.072604,18.11802,0,0,0,0,0,0
70.61736,-23.79275,5.072604,18.11802,0,0,0,0,0,0
70.62681,-23.79275,5.072604,18.11802,0,0,0,0,0,0
70.63631,-23.79275,5.072604,18.11802,0,0,0,0,0,0
70.64476,-23.79275,5.072604,18.11802,0,0,0,0,0,0
70.65409,-23.79275,5.072604,18.11802,0,0,0,0,0,0
70.66271,-23.79223,5.072235,18.11976,0,0,0,0,0,0
70.67239,-23.79223,5.072235,18.11976,0,0,0,0,0,0
70.68028,-23.79223,5.072235,18.11976,0,0,0,0,0,0
70.69253,-23.79223,5.072235,18.11976,0,0,0,0,0,0
70.70025,-23.7915,5.072235,18.11988,0,0,0,0,0,0
70.70929,-23.7915,5.072235,18.11988,0,0,0,0,0,0
70.71709,-23.7915,5.072235,18.11988,0,0,0,0,0,0
70.72481,-23.7915,5.072235,18.11988,0,0,0,0,0,0
70.73737,-23.7915,5.072235,18.11988,0,0,0,0,0,0
70.74537,-23.7915,5.072235,18.11988,0,0,0,0,0,0
70.75389,-23.7915,5.072235,18.11988,0,0,0,0,0,0
70.76138,-23.79078,5.072235,18.12,0,0,0,0,0,0
70.76987,-23.79078,5.072235,18.12,0,0,0,0,0,0
70.77774,-23.79078,5.072235,18.12,0,0,0,0,0,0
70.78576,-23.78913,5.07215,18.12019,0,0,0,0,0,0
70.79454,-23.78913,5.07215,18.12019,0,0,0,0,0,0
70.8019,-23.78913,5.07215,18.12019,0,0,0,0,0,0
70.81065,-23.78913,5.07215,18.12019,0,0,0,0,0,0
70.81842,-23.78913,5.07215,18.12019,0,0,0,0,0,0
70.82922,-23.78892,5.072518,18.11858,0,0,0,0,0,0
70.83869,-23.78892,5.072518,18.11858,0,0,0,0,0,0
70.84718,-23.78913,5.07215,18.12019,0,0,0,0,0,0
70.85635,-23.78913,5.07215,18.12019,0,0,0,0,0,0
70.86417,-23.78913,5.07215,18.12019,0,0,0,0,0,0
70.87395,-23.78913,5.07215,18.12019,0,0,0,0,0,0
70.88177,-23.78913,5.07215,18.12019,0,0,0,0,0,0
70.89235,-23.78913,5.07215,18.12019,0,0,0,0,0,0
70.90047,-23.78913,5.07215,18.12019,0,0,0,0,0,0
70.91273,-23.78913,5.07215,18.12019,0,0,0,0,0,0
70.92057,-23.78913,5.07215,18.12019,0,0,0,0,0,0
70.93117,-23.78913,5.07215,18.12019,0,0,0,0,0,0
70.93922,-23.78913,5.07215,18.12019,0,0,0,0,0,0
70.94663,-23.78769,5.0717,18.122,0,0,0,0,0,0
70.95679,-23.78769,5.0717,18.122,0,0,0,0,0,0
70.96426,-23.78913,5.07215,18.12019,0,0,0,0,0,0
70.97342,-23.78913,5.07215,18.12019,0,0,0,0,0,0
70.98097,-23.78934,5.071783,18.12181,0,0,0,0,0,0
70.99094,-23.78934,5.071783,18.12181,0,0,0,0,0,0
71.0018,-23.78913,5.07215,18.12019,0,0,0,0,0,0
71.01282,-23.78913,5.07215,18.12019,0,0,0,0,0,0
71.02118,-23.78918,5.071812,18.12058,0,0,0,0,0,0
71.02969,-23.78918,5.071812,18.12058,0,0,0,0,0,0
71.03772,-23.78918,5.071812,18.12058,0,0,0,0,0,0
71.04566,-23.78944,5.071108,18.12258,0,0,0,0,0,0
71.05572,-23.78944,5.071108,18.12258,0,0,0,0,0,0
71.06857,-23.78922,5.071476,18.12097,0,0,0,0,0,0
71.07774,-23.78922,5.071476,18.12097,0,0,0,0,0,0
71.08588,-23.78758,5.071392,18.12116,0,0,0,0,0,0
71.09951,-23.78758,5.071392,18.12116,0,0,0,0,0,0
71.11257,-23.78779,5.071025,18.12278,0,0,0,0,0,0
71.12228,-23.78779,5.071025,18.12278,0,0,0,0,0,0
71.13181,-23.78779,5.071025,18.12278,0,0,0,0,0,0
71.13972,-23.78779,5.071025,18.12278,0,0,0,0,0,0
71.14929,-23.78779,5.071025,18.12278,0,0,0,0,0,0
71.1596,-23.78779,5.071025,18.12278,0,0,0,0,0,0
71.17079,-23.78949,5.07077,18.12297,0,0,0,0,0,0
71.18382,-23.78784,5.070687,18.12317,0,0,0,0,0,0
71.19418,-23.78784,5.070687,18.12317,0,0,0,0,0,0
71.20741,-23.7883,5.069622,18.12679,0,0,0,0,0,0
71.21668,-23.7883,5.069622,18.12679,0,0,0,0,0,0
71.22562,-23.79042,5.068648,18.13021,0,0,0,0,0,0
71.23479,-23.79042,5.068648,18.13021,0,0,0,0,0,0
71.24271,-23.78898,5.068209,18.13202,0,0,0,-23.79387,4.927568,18.09859
71.31284,-23.7894,5.067503,18.13526,0,0,0,-23.79387,4.927568,18.09859
71.33205,-23.78919,5.067855,18.13364,0,0,0,-23.79387,4.927568,18.09859
71.34326,-23.78919,5.067855,18.13364,0,0,0,-23.79387,4.927568,18.09859
71.35362,-23.78919,5.067855,18.13364,0,0,0,-23.79387,4.927568,18.09859
71.36319,-23.78898,5.068209,18.13202,0,0,0,-23.79387,4.927568,18.09859
71.37663,-23.78898,5.068209,18.13202,0,0,0,-23.79387,4.927568,18.09859
71.38579,-23.78904,5.069622,18.12667,0,0,0,-23.79387,4.927568,18.09859
71.39572,-23.78904,5.069622,18.12667,0,0,0,-23.79387,4.927568,18.09859
71.40427,-23.78704,5.070663,18.12421,0,0,0,-23.79387,4.927568,18.09859
71.41367,-23.78704,5.070663,18.12421,0,0,0,-23.79387,4.927568,18.09859
71.42189,-23.78848,5.07111,18.1224,0,0,0,-23.79387,4.927568,18.09859
71.4308,-23.78848,5.07111,18.1224,0,0,0,-23.79387,4.927568,18.09859
71.44135,-23.78801,5.072186,18.11879,0,0,0,-23.79387,4.927568,18.09859
71.45005,-23.78801,5.072186,18.11879,0,0,0,-23.79387,4.927568,18.09859
71.45842,-23.78801,5.072186,18.11879,0,0,0,-23.79387,4.927568,18.09859
71.46629,-23.78686,5.072933,18.11568,0,0,0,-23.79387,4.927568,18.09859
71.47636,-23.78686,5.072933,18.11568,0,0,0,-23.79387,4.927568,18.09859
71.48462,-23.78665,5.073309,18.11407,0,0,0,-23.79387,4.927568,18.09859
71.49438,-23.78665,5.073309,18.11407,0,0,0,-23.79387,4.927568,18.09859
71.50223,-23.78644,5.073688,18.11245,0,0,0,-23.79387,4.927568,18.09859
71.51153,-23.78644,5.073688,18.11245,0,0,0,-23.79387,4.927568,18.09859
71.52039,-23.78622,5.074068,18.11084,0,0,0,-23.79387,4.927568,18.09859
71.52999,-23.78622,5.074068,18.11084,0,0,0,-23.79387,4.927568,18.09859
71.53836,-23.78622,5.074068,18.11084,0,0,0,-23.79387,4.927568,18.09859
71.54616,-23.78601,5.074451,18.10923,0,0,0,-23.79387,4.927568,18.09859
71.55563,-23.78601,5.074451,18.10923,0,0,0,-23.79387,4.927568,18.09859
71.56357,-23.78601,5.074451,18.10923,0,0,0,-23.79387,4.927568,18.09859
71.57305,-23.78601,5.074451,18.10923,0,0,0,-23.79387,4.927568,18.09859
71.58167,-23.78601,5.074451,18.10923,0,0,0,-23.79387,4.927568,18.09859
71.59094,-23.78601,5.074451,18.10923,0,0,0,-23.79387,4.927568,18.09859
71.59946,-23.78601,5.074451,18.10923,0,0,0,-23.79387,4.927568,18.09859
71.60718,-23.78601,5.074451,18.10923,0,0,0,-23.79387,4.927568,18.09859
71.61576,-23.78601,5.074451,18.10923,0,0,0,-23.79387,4.927568,18.09859
71.62363,-23.78622,5.074068,18.11084,0,0,0,-23.79387,4.927568,18.09859
71.63239,-23.78622,5.074068,18.11084,0,0,0,-23.79387,4.927568,18.09859
71.63998,-23.78622,5.074068,18.11084,0,0,0,-23.79387,4.927568,18.09859
71.64762,-23.78622,5.074068,18.11084,0,0,0,-23.79387,4.927568,18.09859
71.66482,-23.78622,5.074069,18.11084,0,0,0,-23.79387,4.927568,18.09859
71.67455,-23.78622,5.074069,18.11084,0,0,0,-23.79387,4.927568,18.09859
71.6827,-23.78622,5.074068,18.11084,0,0,0,-23.79387,4.927568,18.09859
71.69143,-23.78622,5.074068,18.11084,0,0,0,-23.79387,4.927568,18.09859
71.69914,-23.78622,5.074068,18.11084,0,0,0,-23.79387,4.927568,18.09859
71.70757,-23.78622,5.074068,18.11084,0,0,0,-23.79387,4.927568,18.09859
71.71722,-23.78622,5.074068,18.11084,0,0,0,-23.79387,4.927568,18.09859
71.72634,-23.78545,5.074406,18.11057,0,0,0,-23.79387,4.927568,18.09859
71.74136,-23.78545,5.074406,18.11057,0,0,0,-23.79387,4.927568,18.09859
71.75029,-23.78545,5.074406,18.11057,0,0,0,-23.79387,4.927568,18.09859
71.76377,-23.78308,5.074325,18.11089,0,0,0,-23.79387,4.927568,18.09859
71.77457,-23.78308,5.074325,18.11089,0,0,0,-23.79387,4.927568,18.09859
71.78486,-23.77978,5.07417,18.11127,0,0,0,-23.79387,4.927568,18.09859
71.79567,-23.77978,5.07417,18.11127,0,0,0,-23.79387,4.927568,18.09859
71.80588,-23.77669,5.074095,18.1117,0,0,0,-23.79387,4.927568,18.09859
71.81927,-23.77669,5.074095,18.1117,0,0,0,-23.79387,4.927568,18.09859
71.83058,-23.77194,5.073952,18.11231,0,0,0,-23.79387,4.927568,18.09859
71.84493,-23.76977,5.073503,18.11423,0,0,0,-23.79387,4.927568,18.09859
71.85952,-23.76977,5.073503,18.11423,0,0,0,-23.79387,4.927568,18.09859
71.86924,-23.76719,5.073818,18.11292,0,0,0,-23.79387,4.927568,18.09859
71.87878,-23.76719,5.073818,18.11292,0,0,0,-23.79387,4.927568,18.09859
71.88696,-23.76554,5.073754,18.11311,0,0,0,-23.79387,4.927568,18.09859
71.89651,-23.76554,5.073754,18.11311,0,0,0,-23.79387,4.927568,18.09859
71.90769,-23.7639,5.073692,18.11331,0,0,0,-23.79387,4.927568,18.09859
71.91639,-23.7639,5.073692,18.11331,0,0,0,-23.79387,4.927568,18.09859
71.92574,-23.7639,5.073692,18.11331,0,0,0,-23.79387,4.927568,18.09859
71.93808,-23.7639,5.073692,18.11331,0,0,0,-23.79387,4.927568,18.09859
71.9464,-23.7639,5.073692,18.11331,0,0,0,-23.79387,4.927568,18.09859
71.95564,-23.7639,5.073692,18.11331,0,0,0,-23.79387,4.927568,18.09859
71.96367,-23.7639,5.073692,18.11331,0,0,0,-23.79387,4.927568,18.09859
71.97303,-23.7639,5.073692,18.11331,0,0,0,-23.79387,4.927568,18.09859
71.98092,-23.7639,5.073692,18.11331,0,0,0,-23.79387,4.927568,18.09859
71.99054,-23.7639,5.073692,18.11331,0,0,0,-23.79387,4.927568,18.09859
71.99866,-23.7639,5.073692,18.11331,0,0,0,-23.79387,4.927568,18.09859
72.00832,-23.76225,5.073633,18.1135,0,0,0,-23.79387,4.927568,18.09859
72.01819,-23.76225,5.073633,18.1135,0,0,0,-23.79387,4.927568,18.09859
72.02843,-23.76225,5.073633,18.1135,0,0,0,-23.79387,4.927568,18.09859
72.03965,-23.76225,5.073633,18.1135,0,0,0,-23.79387,4.927568,18.09859
72.04873,-23.7639,5.073692,18.11331,0,0,0,-23.79387,4.927568,18.09859
72.05822,-23.7639,5.073692,18.11331,0,0,0,-23.79387,4.927568,18.09859
72.0698,-23.76225,5.073632,18.1135,0,0,0,-23.79387,4.927568,18.09859
72.07899,-23.76225,5.073632,18.1135,0,0,0,-23.79387,4.927568,18.09859
72.08826,-23.76225,5.073633,18.1135,0,0,0,-23.79387,4.927568,18.09859
72.09835,-23.76225,5.073633,18.1135,0,0,0,-23.79387,4.927568,18.09859
72.10665,-23.76225,5.073633,18.1135,0,0,0,-23.79387,4.927568,18.09859
72.11727,-23.76225,5.073633,18.1135,0,0,0,-23.79387,4.927568,18.09859
72.12526,-23.76225,5.073633,18.1135,0,0,0,-23.79387,4.927568,18.09859
72.13615,-23.76225,5.073633,18.1135,0,0,0,-23.79387,4.927568,18.09859
72.14485,-23.7604,5.073958,18.11208,0,0,0,-23.79387,4.927568,18.09859
72.15449,-23.7604,5.073958,18.11208,0,0,0,-23.79387,4.927568,18.09859
72.16268,-23.7604,5.073958,18.11208,0,0,0,-23.79387,4.927568,18.09859
72.17175,-23.7604,5.073958,18.11208,0,0,0,-23.79387,4.927568,18.09859
72.18188,-23.76019,5.074343,18.11047,0,0,0,-23.79387,4.927568,18.09859
72.19145,-23.76019,5.074343,18.11047,0,0,0,-23.79387,4.927568,18.09859
72.19973,-23.76019,5.074343,18.11047,0,0,0,-23.79387,4.927568,18.09859
72.20828,-23.76256,5.0744,18.11017,0,0,0,-23.79387,4.927568,18.09859
72.2178,-23.76256,5.0744,18.11017,0,0,0,-23.79387,4.927568,18.09859
72.2277,-23.76401,5.074846,18.10836,0,0,0,-23.79387,4.927568,18.09859
72.23761,-23.76401,5.074846,18.10836,0,0,0,-23.79387,4.927568,18.09859
72.2463,-23.76473,5.074846,18.10826,0,0,0,-23.79387,4.927568,18.09859
72.25607,-23.76473,5.074846,18.10826,0,0,0,-23.79387,4.927568,18.09859
72.26478,-23.76467,5.07601,18.10781,0,0,0,-23.79387,4.927568,18.09859
72.27754,-23.76467,5.07601,18.10781,0,0,0,-23.79387,4.927568,18.09859
72.28548,-23.76487,5.077842,18.10523,0,0,0,-23.79387,4.927568,18.09859
72.29479,-23.76487,5.077842,18.10523,0,0,0,-23.79387,4.927568,18.09859
72.30278,-23.76391,5.079672,18.10506,0,0,0,-23.79387,4.927568,18.09859
72.31195,-23.76391,5.079672,18.10506,0,0,0,-23.79387,4.927568,18.09859
72.32101,-23.76179,5.081121,18.10318,0,0,0,-23.79387,4.927568,18.09859
72.33099,-23.76179,5.081121,18.10318,0,0,0,-23.79387,4.927568,18.09859
72.34147,-23.75744,5.081754,18.10265,0,0,0,-23.79387,4.927568,18.09859
72.35155,-23.75744,5.081754,18.10265,0,0,0,-23.79387,4.927568,18.09859
72.35979,-23.75744,5.081754,18.10265,0,0,0,-23.79387,4.927568,18.09859
72.36837,-23.75434,5.083967,18.09889,0,0,0,-23.79387,4.927568,18.09859
72.37737,-23.75434,5.083967,18.09889,0,0,0,-23.79387,4.927568,18.09859
72.38523,-23.75066,5.085413,18.09627,0,0,0,-23.79387,4.927568,18.09859
72.39494,-23.75066,5.085413,18.09627,0,0,0,-23.79387,4.927568,18.09859
72.40328,-23.74862,5.086907,18.09345,0,0,0,-23.79387,4.927568,18.09859
72.4127,-23.74862,5.086907,18.09345,0,0,0,-23.79387,4.927568,18.09859
72.42464,-23.74508,5.087585,18.09187,0,0,0,-23.79387,4.927568,18.09859
72.43358,-23.74508,5.087585,18.09187,0,0,0,-23.79387,4.927568,18.09859
72.44177,-23.74318,5.088303,18.09008,0,0,0,-23.79387,4.927568,18.09859
72.45106,-23.74318,5.088303,18.09008,0,0,0,-23.79387,4.927568,18.09859
72.46204,-23.74195,5.087455,18.09349,0,0,0,-23.79387,4.927568,18.09859
72.47202,-23.74195,5.087455,18.09349,0,0,0,-23.79387,4.927568,18.09859
72.48142,-23.74051,5.087022,18.0953,0,0,0,-23.79387,4.927568,18.09859
72.49187,-23.74051,5.087022,18.0953,0,0,0,-23.79387,4.927568,18.09859
72.50438,-23.73907,5.086594,18.09712,0,0,0,-23.79387,4.927568,18.09859
72.51733,-23.73907,5.086594,18.09712,0,0,0,-23.79387,4.927568,18.09859
72.52592,-23.73742,5.086572,18.09732,0,0,0,-23.79387,4.927568,18.09859
72.53732,-23.73742,5.086572,18.09732,0,0,0,-23.79387,4.927568,18.09859
72.54662,-23.73763,5.086169,18.09893,0,0,0,-23.79387,4.927568,18.09859
72.55679,-23.73763,5.086169,18.09893,0,0,0,-23.79387,4.927568,18.09859
72.56893,-23.73783,5.085768,18.10053,0,0,0,-23.79387,4.927568,18.09859
72.5792,-23.73783,5.085768,18.10053,0,0,0,-23.79387,4.927568,18.09859
72.58884,-23.73783,5.085768,18.10053,0,0,0,-23.79387,4.927568,18.09859
72.60159,-23.73804,5.08537,18.10214,0,0,0,-23.79387,4.927568,18.09859
72.61345,-23.73804,5.08537,18.10214,0,0,0,-23.79387,4.927568,18.09859
72.62222,-23.73804,5.08537,18.10214,0,0,0,-23.79387,4.927568,18.09859
72.63181,-23.73804,5.08537,18.10214,0,0,0,-23.79387,4.927568,18.09859
72.63995,-23.73804,5.08537,18.10214,0,0,0,-23.79387,4.927568,18.09859
72.65183,-23.73845,5.084579,18.10536,0,0,0,-23.79387,4.927568,18.09859
72.66231,-23.7366,5.084953,18.10396,0,0,0,-23.79387,4.927568,18.09859
72.67198,-23.7366,5.084953,18.10396,0,0,0,-23.79387,4.927568,18.09859
72.68014,-23.73845,5.084579,18.10536,0,0,0,-23.79387,4.927568,18.09859
72.69078,-23.73845,5.084579,18.10536,0,0,0,-23.79387,4.927568,18.09859
72.69882,-23.73845,5.084579,18.10536,0,0,0,-23.79387,4.927568,18.09859
72.70768,-23.73882,5.084133,18.10819,0,0,0,-23.79387,4.927568,18.09859
72.71719,-23.73882,5.084133,18.10819,0,0,0,-23.79387,4.927568,18.09859
72.72593,-23.73696,5.084504,18.10679,0,0,0,-23.79387,4.927568,18.09859
72.73997,-23.73696,5.084504,18.10679,0,0,0,-23.79387,4.927568,18.09859
72.7493,-23.73882,5.084133,18.10819,0,0,0,-23.79387,4.927568,18.09859
72.75875,-23.73882,5.084133,18.10819,0,0,0,-23.79387,4.927568,18.09859
72.76835,-23.73825,5.084082,18.10951,0,0,0,-23.79387,4.927568,18.09859
72.77792,-23.73825,5.084082,18.10951,0,0,0,-23.79387,4.927568,18.09859
72.78621,-23.73845,5.083695,18.11112,0,0,0,-23.79387,4.927568,18.09859
72.79639,-23.73845,5.083695,18.11112,0,0,0,-23.79387,4.927568,18.09859
72.80727,-23.73845,5.083694,18.11112,0,0,0,-23.79387,4.927568,18.09859
72.81599,-23.73845,5.083694,18.11112,0,0,0,-23.79387,4.927568,18.09859
72.82376,-23.73793,5.083311,18.11283,0,0,0,-23.79387,4.927568,18.09859
72.83333,-23.73793,5.083311,18.11283,0,0,0,-23.79387,4.927568,18.09859
72.84138,-23.73979,5.082952,18.11424,0,0,0,-23.79387,4.927568,18.09859
72.85278,-23.73979,5.082952,18.11424,0,0,0,-23.79387,4.927568,18.09859
72.86077,-23.74143,5.082975,18.11403,0,0,0,-23.79387,4.927568,18.09859
72.86978,-23.74143,5.082975,18.11403,0,0,0,-23.79387,4.927568,18.09859
72.87888,-23.74143,5.082975,18.11403,0,0,0,-23.79387,4.927568,18.09859
72.88795,-23.74308,5.083002,18.11383,0,0,0,-23.79387,4.927568,18.09859
72.8979,-23.74308,5.083002,18.11383,0,0,0,-23.79387,4.927568,18.09859
72.90639,-23.74493,5.08265,18.11524,0,0,0,-23.79387,4.927568,18.09859
72.91563,-23.74493,5.08265,18.11524,0,0,0,-23.79387,4.927568,18.09859
72.92517,-23.74493,5.08265,18.11524,0,0,0,-23.79387,4.927568,18.09859
72.93442,-23.74493,5.08265,18.11524,0,0,0,-23.79387,4.927568,18.09859
72.94263,-23.74514,5.082272,18.11685,0,0,0,-23.79387,4.927568,18.09859
72.95142,-23.74514,5.082272,18.11685,0,0,0,-23.79387,4.927568,18.09859
72.95968,-23.74514,5.082272,18.11685,0,0,0,-23.79387,4.927568,18.09859
72.9704,-23.7437,5.081869,18.11867,0,0,0,-23.79387,4.927568,18.09859
72.98164,-23.74555,5.081523,18.12008,0,0,0,-23.79387,4.927568,18.09859
72.99052,-23.74555,5.081523,18.12008,0,0,0,-23.79387,4.927568,18.09859
72.99942,-23.74555,5.081523,18.12008,0,0,0,-23.79387,4.927568,18.09859
73.00748,-23.74431,5.080753,18.12351,0,0,0,-23.79387,4.927568,18.09859
73.01707,-23.74431,5.080753,18.12351,0,0,0,-23.79387,4.927568,18.09859
73.02847,-23.74493,5.079658,18.12836,0,0,0,-23.79387,4.927568,18.09859
73.03815,-23.74493,5.079658,18.12836,0,0,0,-23.79387,4.927568,18.09859
73.04651,-23.74514,5.079298,18.12998,0,0,0,-23.79387,4.927568,18.09859
73.05563,-23.74514,5.079298,18.12998,0,0,0,-23.79387,4.927568,18.09859
73.06367,-23.74555,5.078581,18.13321,0,0,0,-23.79387,4.927568,18.09859
73.07269,-23.74555,5.078581,18.13321,0,0,0,-23.79387,4.927568,18.09859
73.08409,-23.74649,5.078227,18.13473,0,0,0,-23.79387,4.927568,18.09859
73.09331,-23.74649,5.078227,18.13473,0,0,0,-23.79387,4.927568,18.09859
73.10231,-23.74504,5.077848,18.13655,0,0,0,-23.79387,4.927568,18.09859
73.11401,-23.74504,5.077848,18.13655,0,0,0,-23.79387,4.927568,18.09859
73.12198,-23.74504,5.077848,18.13655,0,0,0,-23.79387,4.927568,18.09859
73.13106,-23.74504,5.077848,18.13655,0,0,0,-23.79387,4.927568,18.09859
73.14186,-23.74504,5.077848,18.13655,0,0,0,-23.79387,4.927568,18.09859
73.15172,-23.74504,5.077848,18.13655,0,0,0,-23.79387,4.927568,18.09859
73.1616,-23.74504,5.077848,18.13655,0,0,0,-23.79387,4.927568,18.09859
73.17058,-23.74504,5.077848,18.13655,0,0,0,-23.79387,4.927568,18.09859
73.18091,-23.74504,5.077848,18.13655,0,0,0,-23.79387,4.927568,18.09859
73.19129,-23.74504,5.077848,18.13655,0,0,0,-23.79387,4.927568,18.09859
73.19904,-23.74504,5.077848,18.13655,0,0,0,-23.79387,4.927568,18.09859
73.20715,-23.74504,5.077848,18.13655,0,0,0,-23.79387,4.927568,18.09859
73.21606,-23.74504,5.077848,18.13655,0,0,0,-23.79387,4.927568,18.09859
73.22471,-23.74484,5.0782,18.13494,0,0,0,-23.79387,4.927568,18.09859
73.23458,-23.74484,5.0782,18.13494,0,0,0,-23.79387,4.927568,18.09859
73.24274,-23.74463,5.078556,18.13332,0,0,0,-23.79387,4.927568,18.09859
73.25361,-23.74463,5.078556,18.13332,0,0,0,-23.79387,4.927568,18.09859
73.26227,-23.74278,5.078888,18.1319,0,0,0,-23.79387,4.927568,18.09859
73.27148,-23.74278,5.078888,18.1319,0,0,0,-23.79387,4.927568,18.09859
73.28005,-23.74401,5.079632,18.12847,0,0,0,-23.79387,4.927568,18.09859
73.28909,-23.74401,5.079632,18.12847,0,0,0,-23.79387,4.927568,18.09859
73.29708,-23.74401,5.079632,18.12847,0,0,0,-23.79387,4.927568,18.09859
73.30773,-23.74195,5.080337,18.12544,0,0,0,-23.79387,4.927568,18.09859
73.31731,-23.74195,5.080337,18.12544,0,0,0,-23.79387,4.927568,18.09859
73.32621,-23.74175,5.080704,18.12382,0,0,0,-23.79387,4.927568,18.09859
73.33488,-23.74175,5.080704,18.12382,0,0,0,-23.79387,4.927568,18.09859
73.34242,-23.74154,5.081072,18.12221,0,0,0,-23.79387,4.927568,18.09859
73.35161,-23.74154,5.081072,18.12221,0,0,0,-23.79387,4.927568,18.09859
73.36489,-23.74154,5.081072,18.12221,0,0,0,-23.79387,4.927568,18.09859
73.37512,-23.74154,5.081072,18.12221,0,0,0,-23.79387,4.927568,18.09859
73.38651,-23.74319,5.081097,18.122,0,0,0,-23.79387,4.927568,18.09859
73.39749,-23.74319,5.081097,18.122,0,0,0,-23.79387,4.927568,18.09859
73.40685,-23.74113,5.081818,18.11898,0,0,0,-23.79387,4.927568,18.09859
73.41741,-23.74113,5.081818,18.11898,0,0,0,-23.79387,4.927568,18.09859
73.42779,-23.74113,5.081817,18.11898,0,0,0,-23.79387,4.927568,18.09859
73.43821,-23.74113,5.081817,18.11898,0,0,0,-23.79387,4.927568,18.09859
73.44656,-23.74257,5.082218,18.11716,0,0,0,-23.79387,4.927568,18.09859
73.45686,-23.74257,5.082218,18.11716,0,0,0,-23.79387,4.927568,18.09859
73.46856,-23.74072,5.082572,18.11575,0,0,0,-23.79387,4.927568,18.09859
73.47984,-23.74072,5.082572,18.11575,0,0,0,-23.79387,4.927568,18.09859
73.48851,-23.74216,5.082975,18.11394,0,0,0,-23.79387,4.927568,18.09859
73.50208,-23.74051,5.082952,18.11414,0,0,0,-23.79387,4.927568,18.09859
73.51273,-23.74051,5.082952,18.11414,0,0,0,-23.79387,4.927568,18.09859
73.52107,-23.74031,5.083333,18.11253,0,0,0,-23.79387,4.927568,18.09859
73.52976,-23.74031,5.083333,18.11253,0,0,0,-23.79387,4.927568,18.09859
73.53774,-23.74031,5.083333,18.11253,0,0,0,-23.79387,4.927568,18.09859
73.54581,-23.74031,5.083333,18.11253,0,0,0,-23.79387,4.927568,18.09859
73.55492,-23.74031,5.083333,18.11253,0,0,0,-23.79387,4.927568,18.09859
73.56267,-23.74031,5.083333,18.11253,0,0,0,-23.79387,4.927568,18.09859
73.57205,-23.74031,5.083333,18.11253,0,0,0,-23.79387,4.927568,18.09859
73.58412,-23.74195,5.083357,18.11232,0,0,0,-23.79387,4.927568,18.09859
73.59621,-23.74195,5.083357,18.11232,0,0,0,-23.79387,4.927568,18.09859
73.60544,-23.74175,5.083741,18.11071,0,0,0,-23.79387,4.927568,18.09859
73.61592,-23.74175,5.083741,18.11071,0,0,0,-23.79387,4.927568,18.09859
73.62712,-23.74175,5.083741,18.11071,0,0,0,-23.79387,4.927568,18.09859
73.63788,-23.74175,5.083741,18.11071,0,0,0,-23.79387,4.927568,18.09859
73.64884,-23.74175,5.083741,18.11071,0,0,0,-23.79387,4.927568,18.09859
73.65793,-23.74175,5.083741,18.11071,0,0,0,-23.79387,4.927568,18.09859
73.669,-23.74154,5.084127,18.1091,0,0,0,-23.79387,4.927568,18.09859
73.68001,-23.74175,5.083741,18.11071,0,0,0,-23.79387,4.927568,18.09859
73.69115,-23.74175,5.083741,18.11071,0,0,0,-23.79387,4.927568,18.09859
73.69984,-23.74175,5.083741,18.11071,0,0,0,-23.79387,4.927568,18.09859
73.70905,-23.74175,5.083741,18.11071,0,0,0,-23.79387,4.927568,18.09859
73.72156,-23.74154,5.084127,18.1091,0,0,0,-23.79387,4.927568,18.09859
73.73112,-23.74154,5.084127,18.1091,0,0,0,-23.79387,4.927568,18.09859
73.73941,-23.74154,5.084127,18.1091,0,0,0,-23.79387,4.927568,18.09859
73.74831,-23.74154,5.084127,18.1091,0,0,0,-23.79387,4.927568,18.09859
73.76006,-23.74154,5.084127,18.1091,0,0,0,-23.79387,4.927568,18.09859
73.76954,-23.74154,5.084127,18.1091,0,0,0,-23.79387,4.927568,18.09859
73.78053,-23.74154,5.084127,18.1091,0,0,0,-23.79387,4.927568,18.09859
73.7897,-23.74154,5.084127,18.1091,0,0,0,-23.79387,4.927568,18.09859
73.79771,-23.74154,5.084127,18.1091,0,0,0,-23.79387,4.927568,18.09859
73.80618,-23.74154,5.084127,18.1091,0,0,0,-23.79387,4.927568,18.09859
73.81517,-23.74154,5.084127,18.1091,0,0,0,-23.79387,4.927568,18.09859
73.82385,-23.74154,5.084127,18.1091,0,0,0,-23.79387,4.927568,18.09859
73.83337,-23.74154,5.084127,18.1091,0,0,0,-23.79387,4.927568,18.09859
73.84336,-23.74154,5.084127,18.1091,0,0,0,-23.79387,4.927568,18.09859
73.85297,-23.74154,5.084127,18.1091,0,0,0,-23.79387,4.927568,18.09859
73.86381,-23.74154,5.084127,18.1091,0,0,0,-23.79387,4.927568,18.09859
73.87276,-23.74154,5.084127,18.1091,0,0,0,-23.79387,4.927568,18.09859
73.8811,-23.74154,5.084127,18.1091,0,0,0,-23.79387,4.927568,18.09859
73.89074,-23.74154,5.084127,18.1091,0,0,0,-23.79387,4.927568,18.09859
73.90065,-23.74175,5.083741,18.11071,0,0,0,-23.79387,4.927568,18.09859
73.91037,-23.74175,5.083741,18.11071,0,0,0,-23.79387,4.927568,18.09859
73.92029,-23.74154,5.084127,18.1091,0,0,0,-23.79387,4.927568,18.09859
73.93044,-23.74154,5.084127,18.1091,0,0,0,-23.79387,4.927568,18.09859
73.9397,-23.74154,5.084127,18.1091,0,0,0,-23.79387,4.927568,18.09859
73.95223,-23.74154,5.084127,18.1091,0,0,0,-23.79387,4.927568,18.09859
73.96289,-23.74154,5.084127,18.1091,0,0,0,-23.79387,4.927568,18.09859
73.97372,-23.74154,5.084127,18.1091,0,0,0,-23.79387,4.927568,18.09859
73.98458,-23.74154,5.084127,18.1091,0,0,0,-23.79387,4.927568,18.09859
73.99592,-23.74154,5.084127,18.1091,0,0,0,-23.79387,4.927568,18.09859
74.00737,-23.74154,5.084127,18.1091,0,0,0,-23.79387,4.927568,18.09859
74.01729,-23.74154,5.084127,18.1091,0,0,0,-23.79387,4.927568,18.09859
74.02632,-23.74154,5.084127,18.1091,0,0,0,-23.79387,4.927568,18.09859
74.03777,-23.74154,5.084127,18.1091,0,0,0,-23.79387,4.927568,18.09859
74.04626,-23.74134,5.084515,18.10749,0,0,0,-23.79387,4.927568,18.09859
74.05551,-23.74134,5.084515,18.10749,0,0,0,-23.79387,4.927568,18.09859
74.06351,-23.74113,5.084905,18.10588,0,0,0,-23.79387,4.927568,18.09859
74.07345,-23.74113,5.084905,18.10588,0,0,0,-23.79387,4.927568,18.09859
74.0818,-23.74092,5.085297,18.10427,0,0,0,-23.79387,4.927568,18.09859
74.09286,-23.74092,5.085297,18.10427,0,0,0,-23.79387,4.927568,18.09859
74.10461,-23.74092,5.085297,18.10427,0,0,0,-23.79387,4.927568,18.09859
74.11415,-23.74092,5.085297,18.10427,0,0,0,-23.79387,4.927568,18.09859
74.12229,-23.74072,5.085692,18.10266,0,0,0,-23.79387,4.927568,18.09859
74.13221,-23.74072,5.085692,18.10266,0,0,0,-23.79387,4.927568,18.09859
74.14019,-23.74072,5.085692,18.10266,0,0,0,-23.79387,4.927568,18.09859
74.14904,-23.74072,5.085692,18.10266,0,0,0,-23.79387,4.927568,18.09859
74.15697,-23.74072,5.085692,18.10266,0,0,0,-23.79387,4.927568,18.09859
74.16519,-23.74072,5.085692,18.10266,0,0,0,-23.79387,4.927568,18.09859
74.17648,-23.74072,5.085692,18.10266,0,0,0,-23.79387,4.927568,18.09859
74.18456,-23.74092,5.085297,18.10427,0,0,0,-23.79387,4.927568,18.09859
74.19452,-23.74092,5.085297,18.10427,0,0,0,-23.79387,4.927568,18.09859
74.20286,-23.74113,5.084905,18.10588,0,0,0,-23.79387,4.927568,18.09859
74.21348,-23.74113,5.084905,18.10588,0,0,0,-23.79387,4.927568,18.09859
74.22347,-23.74154,5.084127,18.1091,0,0,0,-23.79387,4.927568,18.09859
74.23353,-23.74154,5.084127,18.1091,0,0,0,-23.79387,4.927568,18.09859
74.24716,-23.74031,5.083333,18.11253,0,0,0,-23.79387,4.927568,18.09859
74.25815,-23.74031,5.083333,18.11253,0,0,0,-23.79387,4.927568,18.09859
74.26879,-23.74216,5.082975,18.11394,0,0,0,-23.79387,4.927568,18.09859
74.27882,-23.74216,5.082975,18.11394,0,0,0,-23.79387,4.927568,18.09859
74.28982,-23.74257,5.082218,18.11716,0,0,0,-23.79387,4.927568,18.09859
74.30045,-23.74257,5.082218,18.11716,0,0,0,-23.79387,4.927568,18.09859
74.31056,-23.74257,5.082218,18.11716,0,0,0,-23.79387,4.927568,18.09859
74.31989,-23.74257,5.082218,18.11716,0,0,0,-23.79387,4.927568,18.09859
74.33051,-23.74298,5.081469,18.12039,0,0,0,-23.79387,4.927568,18.09859
74.34069,-23.74298,5.081469,18.12039,0,0,0,-23.79387,4.927568,18.09859
74.35038,-23.74298,5.081469,18.12039,0,0,0,-23.79387,4.927568,18.09859
74.36134,-23.74133,5.081445,18.12059,0,0,0,-23.79387,4.927568,18.09859
74.3701,-23.74133,5.081445,18.12059,0,0,0,-23.79387,4.927568,18.09859
74.37828,-23.74133,5.081445,18.12059,0,0,0,-23.79387,4.927568,18.09859
74.39175,-23.74278,5.081842,18.11877,0,0,0,-23.79387,4.927568,18.09859
74.40121,-23.74278,5.081842,18.11877,0,0,0,-23.79387,4.927568,18.09859
74.41058,-23.74278,5.081842,18.11877,0,0,0,-23.79387,4.927568,18.09859
74.4193,-23.74278,5.081842,18.11877,0,0,0,-23.79387,4.927568,18.09859
74.42783,-23.74278,5.081842,18.11877,0,0,0,-23.79387,4.927568,18.09859
74.4381,-23.74278,5.081842,18.11877,0,0,0,-23.79387,4.927568,18.09859
74.44667,-23.74257,5.082218,18.11716,0,0,0,-23.79387,4.927568,18.09859
74.45635,-23.74257,5.082218,18.11716,0,0,0,-23.79387,4.927568,18.09859
74.46481,-23.74257,5.082218,18.11716,0,0,0,-23.79387,4.927568,18.09859
74.47516,-23.74257,5.082218,18.11716,0,0,0,-23.79387,4.927568,18.09859
74.48296,-23.74257,5.082218,18.11716,0,0,0,-23.79387,4.927568,18.09859
74.49194,-23.74257,5.082218,18.11716,0,0,0,-23.79387,4.927568,18.09859
74.49986,-23.74257,5.082218,18.11716,0,0,0,-23.79387,4.927568,18.09859
74.50783,-23.74237,5.082596,18.11555,0,0,0,-23.79387,4.927568,18.09859
74.51736,-23.74237,5.082596,18.11555,0,0,0,-23.79387,4.927568,18.09859
74.52638,-23.74257,5.082218,18.11716,0,0,0,-23.79387,4.927568,18.09859
74.53905,-23.74257,5.082218,18.11716,0,0,0,-23.79387,4.927568,18.09859
74.54799,-23.74257,5.082218,18.11716,0,0,0,-23.79387,4.927568,18.09859
74.55779,-23.74257,5.082218,18.11716,0,0,0,-23.79387,4.927568,18.09859
74.5678,-23.74237,5.082596,18.11555,0,0,0,-23.79387,4.927568,18.09859
74.57748,-23.74237,5.082596,18.11555,0,0,0,-23.79387,4.927568,18.09859
74.58573,-23.74237,5.082596,18.11555,0,0,0,-23.79387,4.927568,18.09859
74.59615,-23.74237,5.082596,18.11555,0,0,0,-23.79387,4.927568,18.09859
74.6047,-23.74257,5.082218,18.11716,0,0,0,-23.79387,4.927568,18.09859
74.61749,-23.74257,5.082218,18.11716,0,0,0,-23.79387,4.927568,18.09859
74.62782,-23.74278,5.081842,18.11877,0,0,0,-23.79387,4.927568,18.09859
74.63859,-23.74278,5.081842,18.11877,0,0,0,-23.79387,4.927568,18.09859
74.64851,-23.74298,5.081469,18.12039,0,0,0,-23.79387,4.927568,18.09859
74.66195,-23.74298,5.081469,18.12039,0,0,0,-23.79387,4.927568,18.09859
74.67796,-23.74298,5.081469,18.12039,0,0,0,-23.79387,4.927568,18.09859
74.68713,-23.74246,5.081098,18.1221,0,0,0,-23.79387,4.927568,18.09859
74.69639,-23.74246,5.081098,18.1221,0,0,0,-23.79387,4.927568,18.09859
74.7058,-23.74411,5.081123,18.1219,0,0,0,-23.79387,4.927568,18.09859
74.71606,-23.74411,5.081123,18.1219,0,0,0,-23.79387,4.927568,18.09859
74.72566,-23.74431,5.080754,18.12351,0,0,0,-23.79387,4.927568,18.09859
74.73812,-23.74431,5.080754,18.12351,0,0,0,-23.79387,4.927568,18.09859
74.74801,-23.74445,5.079992,18.12455,0,0,0,-23.79387,4.927568,18.09859
74.75855,-23.74445,5.079992,18.12455,0,0,0,-23.79387,4.927568,18.09859
74.7669,-23.74465,5.079627,18.12616,0,0,0,-23.79387,4.927568,18.09859
74.77629,-23.74465,5.079627,18.12616,0,0,0,-23.79387,4.927568,18.09859
74.78487,-23.74486,5.079263,18.12778,0,0,0,-23.79387,4.927568,18.09859
74.79546,-23.74486,5.079263,18.12778,0,0,0,-23.79387,4.927568,18.09859
74.80564,-23.74486,5.079263,18.12778,0,0,0,-23.79387,4.927568,18.09859
74.81783,-23.74486,5.079263,18.12778,0,0,0,-23.79387,4.927568,18.09859
74.82594,-23.74486,5.079263,18.12778,0,0,0,-23.79387,4.927568,18.09859
74.83536,-23.74486,5.079263,18.12778,0,0,0,-23.79387,4.927568,18.09859
74.84332,-23.74506,5.078901,18.1294,0,0,0,-23.79387,4.927568,18.09859
74.85217,-23.74506,5.078901,18.1294,0,0,0,-23.79387,4.927568,18.09859
74.86037,-23.74486,5.079263,18.12778,0,0,0,-23.79387,4.927568,18.09859
74.87234,-23.74486,5.079263,18.12778,0,0,0,-23.79387,4.927568,18.09859
74.88083,-23.74506,5.078901,18.1294,0,0,0,-23.79387,4.927568,18.09859
74.89087,-23.74506,5.078901,18.1294,0,0,0,-23.79387,4.927568,18.09859
74.89912,-23.74506,5.078901,18.1294,0,0,0,-23.79387,4.927568,18.09859
74.90687,-23.74486,5.079261,18.12778,0,0,0,-23.79387,4.927568,18.09859
74.91541,-23.74486,5.079261,18.12778,0,0,0,-23.79387,4.927568,18.09859
74.92314,-23.74486,5.079262,18.12778,0,0,0,-23.79387,4.927568,18.09859
74.93249,-23.74486,5.079262,18.12778,0,0,0,-23.79387,4.927568,18.09859
74.94019,-23.74651,5.07929,18.12758,0,0,0,-23.79387,4.927568,18.09859
74.95253,-23.74651,5.07929,18.12758,0,0,0,-23.79387,4.927568,18.09859
74.96069,-23.74486,5.079262,18.12778,0,0,0,-23.79387,4.927568,18.09859
74.97056,-23.74486,5.079262,18.12778,0,0,0,-23.79387,4.927568,18.09859
74.97832,-23.74486,5.079262,18.12778,0,0,0,-23.79387,4.927568,18.09859
74.98622,-23.74651,5.07929,18.12758,0,0,0,-23.79387,4.927568,18.09859
74.99471,-23.74651,5.07929,18.12758,0,0,0,-23.79387,4.927568,18.09859
75.00537,-23.74671,5.078928,18.12919,0,0,0,-23.79387,4.927568,18.09859
75.01389,-23.74671,5.078928,18.12919,0,0,0,-23.79387,4.927568,18.09859
75.02196,-23.74784,5.078599,18.13071,0,0,0,-23.79387,4.927568,18.09859
75.03058,-23.74784,5.078599,18.13071,0,0,0,-23.79387,4.927568,18.09859
75.03895,-23.74784,5.078599,18.13071,0,0,0,-23.79387,4.927568,18.09859
75.0477,-23.75106,5.078269,18.12972,0,0,0,-23.79387,4.927568,18.09859
75.05727,-23.75106,5.078269,18.12972,0,0,0,-23.79387,4.927568,18.09859
75.06481,-23.75106,5.07827,18.12972,0,0,0,-23.79387,4.927568,18.09859
75.07346,-23.75106,5.07827,18.12972,0,0,0,-23.79387,4.927568,18.09859
75.08517,-23.75271,5.078307,18.12952,0,0,0,-23.79387,4.927568,18.09859
75.09787,-23.75271,5.078307,18.12952,0,0,0,-23.79387,4.927568,18.09859
75.10636,-23.75271,5.078307,18.12952,0,0,0,-23.79387,4.927568,18.09859
75.11588,-23.75271,5.078307,18.12952,0,0,0,-23.79387,4.927568,18.09859
75.12428,-23.75276,5.077971,18.12991,0,0,0,-23.79387,4.927568,18.09859
75.13454,-23.75276,5.077971,18.12991,0,0,0,-23.79387,4.927568,18.09859
75.14734,-23.75276,5.077971,18.12991,0,0,0,-23.79387,4.927568,18.09859
75.15746,-23.75276,5.077971,18.12991,0,0,0,-23.79387,4.927568,18.09859
75.17026,-23.75276,5.077971,18.12991,0,0,0,-23.79387,4.927568,18.09859
75.18141,-23.75297,5.077612,18.13153,0,0,0,-23.79387,4.927568,18.09859
75.19278,-23.75297,5.077612,18.13153,0,0,0,-23.79387,4.927568,18.09859
75.20329,-23.75203,5.077971,18.13001,0,0,0,-23.79387,4.927568,18.09859
75.21653,-23.75203,5.077971,18.13001,0,0,0,-23.79387,4.927568,18.09859
75.22534,-23.7513,5.077971,18.13012,0,0,0,-23.79387,4.927568,18.09859
75.23435,-23.7513,5.077971,18.13012,0,0,0,-23.79387,4.927568,18.09859
75.2429,-23.75057,5.077971,18.13022,0,0,0,-23.79387,4.927568,18.09859
75.25288,-23.75057,5.077971,18.13022,0,0,0,-23.79387,4.927568,18.09859
75.26164,-23.75222,5.07801,18.13002,0,0,0,-23.79387,4.927568,18.09859
75.27109,-23.75222,5.07801,18.13002,0,0,0,-23.79387,4.927568,18.09859
75.27914,-23.75222,5.07801,18.13002,0,0,0,-23.79387,4.927568,18.09859
75.28737,-23.75075,5.07801,18.13023,0,0,0,-23.79387,4.927568,18.09859
75.2966,-23.75075,5.07801,18.13023,0,0,0,-23.79387,4.927568,18.09859
75.30491,-23.74817,5.078331,18.12891,0,0,0,-23.79387,4.927568,18.09859
75.31361,-23.74817,5.078331,18.12891,0,0,0,-23.79387,4.927568,18.09859
75.32458,-23.74888,5.078732,18.1272,0,0,0,-23.79387,4.927568,18.09859
75.33324,-23.74888,5.078732,18.1272,0,0,0,-23.79387,4.927568,18.09859
75.34084,-23.74888,5.078732,18.1272,0,0,0,-23.79387,4.927568,18.09859
75.34968,-23.74888,5.078732,18.1272,0,0,0,-23.79387,4.927568,18.09859
75.3583,-23.74888,5.078732,18.1272,0,0,0,-23.79387,4.927568,18.09859
75.36682,-23.74868,5.079096,18.12558,0,0,0,-23.79387,4.927568,18.09859
75.37594,-23.74868,5.079096,18.12558,0,0,0,-23.79387,4.927568,18.09859
75.3838,-23.74815,5.078732,18.1273,0,0,0,-23.79387,4.927568,18.09859
75.39402,-23.74815,5.078732,18.1273,0,0,0,-23.79387,4.927568,18.09859
75.40295,-23.74835,5.07837,18.12892,0,0,0,-23.79387,4.927568,18.09859
75.41257,-23.74835,5.07837,18.12892,0,0,0,-23.79387,4.927568,18.09859
75.42049,-23.74637,5.077612,18.13245,0,0,0,-23.79387,4.927568,18.09859
75.43001,-23.74637,5.077612,18.13245,0,0,0,-23.79387,4.927568,18.09859
75.4374,-23.74637,5.077612,18.13245,0,0,0,-23.79387,4.927568,18.09859
75.44518,-23.74862,5.07659,18.13712,0,0,0,-23.79387,4.927568,18.09859
75.45456,-23.74862,5.07659,18.13712,0,0,0,-23.79387,4.927568,18.09859
75.46216,-23.74829,5.075892,18.14046,0,0,0,-23.79387,4.927568,18.09859
75.47032,-23.74829,5.075892,18.14046,0,0,0,-23.79387,4.927568,18.09859
75.47762,-23.74829,5.075892,18.14046,0,0,0,-23.79387,4.927568,18.09859
75.48535,-23.74649,5.074821,18.14562,0,0,0,-23.79387,4.927568,18.09859
75.49446,-23.74649,5.074821,18.14562,0,0,0,-23.79387,4.927568,18.09859
75.5027,-23.74689,5.074145,18.14886,0,0,0,-23.79387,4.927568,18.09859
75.51091,-23.74689,5.074145,18.14886,0,0,0,-23.79387,4.927568,18.09859
75.51823,-23.74689,5.074145,18.14886,0,0,0,-23.79387,4.927568,18.09859
75.52595,-23.74655,5.073477,18.15221,0,0,0,-23.79387,4.927568,18.09859
75.53443,-23.74655,5.073477,18.15221,0,0,0,-23.79387,4.927568,18.09859
75.54195,-23.7482,5.073516,18.15202,0,0,0,-23.79387,4.927568,18.09859
75.55066,-23.7482,5.073516,18.15202,0,0,0,-23.79387,4.927568,18.09859
75.56105,-23.74766,5.073184,18.15374,0,0,0,-23.79387,4.927568,18.09859
75.56972,-23.74766,5.073184,18.15374,0,0,0,-23.79387,4.927568,18.09859
75.57706,-23.74766,5.073184,18.15374,0,0,0,-23.79387,4.927568,18.09859
75.58415,-23.74581,5.073477,18.15231,0,0,0,-23.79387,4.927568,18.09859
75.59261,-23.74581,5.073477,18.15231,0,0,0,-23.79387,4.927568,18.09859
75.60006,-23.74561,5.07381,18.15069,0,0,0,-23.79387,4.927568,18.09859
75.60912,-23.74561,5.07381,18.15069,0,0,0,-23.79387,4.927568,18.09859
75.61701,-23.74561,5.07381,18.15069,0,0,0,-23.79387,4.927568,18.09859
75.62498,-23.74706,5.074184,18.14887,0,0,0,-23.79387,4.927568,18.09859
75.63339,-23.74706,5.074184,18.14887,0,0,0,-23.79387,4.927568,18.09859
75.64085,-23.74687,5.074522,18.14725,0,0,0,-23.79387,4.927568,18.09859
75.64922,-23.74687,5.074522,18.14725,0,0,0,-23.79387,4.927568,18.09859
75.6569,-23.74687,5.074522,18.14725,0,0,0,-23.79387,4.927568,18.09859
75.66426,-23.74647,5.075202,18.144,0,0,0,-23.79387,4.927568,18.09859
75.67319,-23.74647,5.075202,18.144,0,0,0,-23.79387,4.927568,18.09859
75.68072,-23.74469,5.075909,18.14316,0,0,0,-23.79387,4.927568,18.09859
75.68974,-23.74469,5.075909,18.14316,0,0,0,-23.79387,4.927568,18.09859
75.69857,-23.74469,5.075909,18.14316,0,0,0,-23.79387,4.927568,18.09859
75.70814,-23.74499,5.076937,18.13943,0,0,0,-23.79387,4.927568,18.09859
75.72221,-23.74314,5.077249,18.138,0,0,0,-23.79387,4.927568,18.09859
75.73688,-23.74314,5.077249,18.138,0,0,0,-23.79387,4.927568,18.09859
75.74759,-23.74116,5.078318,18.13554,0,0,0,-23.79387,4.927568,18.09859
75.75664,-23.74116,5.078318,18.13554,0,0,0,-23.79387,4.927568,18.09859
75.7644,-23.73911,5.078996,18.13249,0,0,0,-23.79387,4.927568,18.09859
75.77777,-23.73911,5.078996,18.13249,0,0,0,-23.79387,4.927568,18.09859
75.78602,-23.73707,5.079686,18.12945,0,0,0,-23.79387,4.927568,18.09859
75.79599,-23.73707,5.079686,18.12945,0,0,0,-23.79387,4.927568,18.09859
75.80497,-23.73502,5.080387,18.12641,0,0,0,-23.79387,4.927568,18.09859
75.81361,-23.73502,5.080387,18.12641,0,0,0,-23.79387,4.927568,18.09859
75.82175,-23.73206,5.081072,18.12347,0,0,0,-23.79387,4.927568,18.09859
75.83068,-23.73206,5.081072,18.12347,0,0,0,-23.79387,4.927568,18.09859
75.83885,-23.73206,5.081072,18.12347,0,0,0,-23.79387,4.927568,18.09859
75.84753,-23.72982,5.082171,18.11883,0,0,0,-23.79387,4.927568,18.09859
75.85606,-23.72982,5.082171,18.11883,0,0,0,-23.79387,4.927568,18.09859
75.86627,-23.72561,5.084432,18.11173,0,0,0,-23.79387,4.927568,18.09859
75.8753,-23.72561,5.084432,18.11173,0,0,0,-23.79387,4.927568,18.09859
75.8862,-23.7216,5.08635,18.10626,0,0,0,-23.79387,4.927568,18.09859
75.89496,-23.7216,5.08635,18.10626,0,0,0,-23.79387,4.927568,18.09859
75.90285,-23.71917,5.087932,18.10002,0,0,0,-23.79387,4.927568,18.09859
75.91502,-23.71917,5.087932,18.10002,0,0,0,-23.79387,4.927568,18.09859
75.92343,-23.71655,5.089961,18.09218,0,0,0,-23.79387,4.927568,18.09859
75.93262,-23.71655,5.089961,18.09218,0,0,0,-23.79387,4.927568,18.09859
75.94048,-23.71268,5.091196,18.08776,0,0,0,-23.79387,4.927568,18.09859
75.94943,-23.71268,5.091196,18.08776,0,0,0,-23.79387,4.927568,18.09859
75.95721,-23.71268,5.091196,18.08776,0,0,0,-23.79387,4.927568,18.09859
75.96876,-23.71014,5.093687,18.08052,0,0,0,-23.79387,4.927568,18.09859
75.9771,-23.71014,5.093687,18.08052,0,0,0,-23.79387,4.927568,18.09859
75.98499,-23.70882,5.094548,18.07743,0,0,0,-23.79387,4.927568,18.09859
75.99353,-23.70882,5.094548,18.07743,0,0,0,-23.79387,4.927568,18.09859
76.00227,-23.70686,5.095791,18.075,0,0,0,-23.79387,4.927568,18.09859
76.01112,-23.70686,5.095791,18.075,0,0,0,-23.79387,4.927568,18.09859
76.02164,-23.70524,5.096503,18.07539,0,0,0,-23.79387,4.927568,18.09859
76.03046,-23.70524,5.096503,18.07539,0,0,0,-23.79387,4.927568,18.09859
76.03806,-23.70524,5.096503,18.07539,0,0,0,-23.79387,4.927568,18.09859
76.04523,-23.7023,5.095985,18.0786,0,0,0,-23.79387,4.927568,18.09859
76.05441,-23.7023,5.095985,18.0786,0,0,0,-23.79387,4.927568,18.09859
76.06203,-23.70249,5.095555,18.0802,0,0,0,-23.79387,4.927568,18.09859
76.0713,-23.70249,5.095555,18.0802,0,0,0,-23.79387,4.927568,18.09859
76.08024,-23.70162,5.093864,18.08681,0,0,0,-23.79387,4.927568,18.09859
76.09026,-23.70162,5.093864,18.08681,0,0,0,-23.79387,4.927568,18.09859
76.09822,-23.70162,5.093864,18.08681,0,0,0,-23.79387,4.927568,18.09859
76.10641,-23.70074,5.092208,18.09343,0,0,0,-23.79387,4.927568,18.09859
76.11607,-23.70074,5.092208,18.09343,0,0,0,-23.79387,4.927568,18.09859
76.12447,-23.70132,5.090978,18.09825,0,0,0,-23.79387,4.927568,18.09859
76.13316,-23.70132,5.090978,18.09825,0,0,0,-23.79387,4.927568,18.09859
76.14167,-23.70355,5.089756,18.10287,0,0,0,-23.79387,4.927568,18.09859
76.1504,-23.70355,5.089756,18.10287,0,0,0,-23.79387,4.927568,18.09859
76.15825,-23.70355,5.089756,18.10287,0,0,0,-23.79387,4.927568,18.09859
76.16988,-23.70413,5.088564,18.1077,0,0,0,-23.79387,4.927568,18.09859
76.18088,-23.70432,5.088171,18.10932,0,0,0,-23.79387,4.927568,18.09859
76.18954,-23.70432,5.088171,18.10932,0,0,0,-23.79387,4.927568,18.09859
76.19693,-23.70432,5.088171,18.10932,0,0,0,-23.79387,4.927568,18.09859
76.20527,-23.70616,5.087771,18.11073,0,0,0,-23.79387,4.927568,18.09859
76.21368,-23.70616,5.087771,18.11073,0,0,0,-23.79387,4.927568,18.09859
76.22182,-23.70636,5.087382,18.11234,0,0,0,-23.79387,4.927568,18.09859
76.23067,-23.70636,5.087382,18.11234,0,0,0,-23.79387,4.927568,18.09859
76.23842,-23.70636,5.087382,18.11234,0,0,0,-23.79387,4.927568,18.09859
76.24628,-23.70636,5.087382,18.11234,0,0,0,-23.79387,4.927568,18.09859
76.255,-23.70636,5.087382,18.11234,0,0,0,-23.79387,4.927568,18.09859
76.26291,-23.70636,5.087382,18.11234,0,0,0,-23.79387,4.927568,18.09859
76.27165,-23.70636,5.087382,18.11234,0,0,0,-23.79387,4.927568,18.09859
76.27941,-23.70636,5.087382,18.11234,0,0,0,-23.79387,4.927568,18.09859
76.28732,-23.70636,5.087382,18.11234,0,0,0,-23.79387,4.927568,18.09859
76.29661,-23.70636,5.087382,18.11234,0,0,0,-23.79387,4.927568,18.09859
76.30514,-23.7082,5.086987,18.11375,0,0,0,-23.79387,4.927568,18.09859
76.31467,-23.7082,5.086987,18.11375,0,0,0,-23.79387,4.927568,18.09859
76.32445,-23.70563,5.087382,18.11242,0,0,0,-23.79387,4.927568,18.09859
76.33431,-23.70563,5.087382,18.11242,0,0,0,-23.79387,4.927568,18.09859
76.34229,-23.70728,5.087375,18.11222,0,0,0,-23.79387,4.927568,18.09859
76.3513,-23.70728,5.087375,18.11222,0,0,0,-23.79387,4.927568,18.09859
76.35935,-23.70728,5.087375,18.11222,0,0,0,-23.79387,4.927568,18.09859
76.37067,-23.71058,5.087366,18.11182,0,0,0,-23.79387,4.927568,18.09859
76.38287,-23.71058,5.087367,18.11182,0,0,0,-23.79387,4.927568,18.09859
76.39411,-23.71058,5.087367,18.11182,0,0,0,-23.79387,4.927568,18.09859
76.40236,-23.70985,5.087366,18.11191,0,0,0,-23.79387,4.927568,18.09859
76.41226,-23.70985,5.087366,18.11191,0,0,0,-23.79387,4.927568,18.09859
76.42065,-23.71097,5.086977,18.11341,0,0,0,-23.79387,4.927568,18.09859
76.4353,-23.71097,5.086977,18.11341,0,0,0,-23.79387,4.927568,18.09859
76.44363,-23.71077,5.087365,18.1118,0,0,0,-23.79387,4.927568,18.09859
76.45696,-23.71077,5.087365,18.1118,0,0,0,-23.79387,4.927568,18.09859
76.46451,-23.71005,5.087365,18.11189,0,0,0,-23.79387,4.927568,18.09859
76.47359,-23.71005,5.087365,18.11189,0,0,0,-23.79387,4.927568,18.09859
76.48618,-23.71169,5.087366,18.11169,0,0,0,-23.79387,4.927568,18.09859
76.49492,-23.71169,5.087366,18.11169,0,0,0,-23.79387,4.927568,18.09859
76.50375,-23.71243,5.087758,18.10997,0,0,0,-23.79387,4.927568,18.09859
76.51234,-23.71243,5.087758,18.10997,0,0,0,-23.79387,4.927568,18.09859
76.52039,-23.71335,5.087763,18.10986,0,0,0,-23.79387,4.927568,18.09859
76.5298,-23.71335,5.087763,18.10986,0,0,0,-23.79387,4.927568,18.09859
76.53841,-23.71335,5.087763,18.10986,0,0,0,-23.79387,4.927568,18.09859
76.54745,-23.71592,5.08778,18.10956,0,0,0,-23.79387,4.927568,18.09859
76.55651,-23.71592,5.08778,18.10956,0,0,0,-23.79387,4.927568,18.09859
76.56419,-23.71408,5.088161,18.10814,0,0,0,-23.79387,4.927568,18.09859
76.5768,-23.71408,5.088161,18.10814,0,0,0,-23.79387,4.927568,18.09859
76.58414,-23.71573,5.08817,18.10795,0,0,0,-23.79387,4.927568,18.09859
76.59267,-23.71573,5.08817,18.10795,0,0,0,-23.79387,4.927568,18.09859
76.60016,-23.71738,5.088181,18.10776,0,0,0,-23.79387,4.927568,18.09859
76.60873,-23.71738,5.088181,18.10776,0,0,0,-23.79387,4.927568,18.09859
76.61836,-23.71738,5.088181,18.10776,0,0,0,-23.79387,4.927568,18.09859
76.62849,-23.71646,5.088575,18.10624,0,0,0,-23.79387,4.927568,18.09859
76.63798,-23.71646,5.088575,18.10624,0,0,0,-23.79387,4.927568,18.09859
76.64575,-23.71627,5.088969,18.10462,0,0,0,-23.79387,4.927568,18.09859
76.65462,-23.71627,5.088969,18.10462,0,0,0,-23.79387,4.927568,18.09859
76.66231,-23.71555,5.088969,18.10471,0,0,0,-23.79387,4.927568,18.09859
76.67062,-23.71555,5.088969,18.10471,0,0,0,-23.79387,4.927568,18.09859
76.6794,-23.71555,5.088969,18.10471,0,0,0,-23.79387,4.927568,18.09859
76.68693,-23.71548,5.088584,18.10414,0,0,0,-23.79387,4.927568,18.09859
76.69826,-23.71548,5.088584,18.10414,0,0,0,-23.79387,4.927568,18.09859
76.70573,-23.71641,5.088598,18.10403,0,0,0,-23.79387,4.927568,18.09859
76.71453,-23.71641,5.088598,18.10403,0,0,0,-23.79387,4.927568,18.09859
76.72253,-23.71476,5.088585,18.10423,0,0,0,-23.79387,4.927568,18.09859
76.73116,-23.71476,5.088585,18.10423,0,0,0,-23.79387,4.927568,18.09859
76.7389,-23.71476,5.088585,18.10423,0,0,0,-23.79387,4.927568,18.09859
76.74623,-23.71404,5.088584,18.10431,0,0,0,-23.79387,4.927568,18.09859
76.75481,-23.71404,5.088584,18.10431,0,0,0,-23.79387,4.927568,18.09859
76.76201,-23.71404,5.088584,18.10431,0,0,0,-23.79387,4.927568,18.09859
76.77092,-23.71404,5.088584,18.10431,0,0,0,-23.79387,4.927568,18.09859
76.77899,-23.71404,5.088584,18.10431,0,0,0,-23.79387,4.927568,18.09859
76.78661,-23.71404,5.088584,18.10431,0,0,0,-23.79387,4.927568,18.09859
76.79472,-23.71404,5.088584,18.10431,0,0,0,-23.79387,4.927568,18.09859
76.80356,-23.71404,5.088584,18.10431,0,0,0,-23.79387,4.927568,18.09859
76.81236,-23.71404,5.088584,18.10431,0,0,0,-23.79387,4.927568,18.09859
76.82157,-23.7122,5.088972,18.10289,0,0,0,-23.79387,4.927568,18.09859
76.8333,-23.7122,5.088972,18.10289,0,0,0,-23.79387,4.927568,18.09859
76.84238,-23.7122,5.088972,18.10289,0,0,0,-23.79387,4.927568,18.09859
76.85109,-23.7122,5.088972,18.10289,0,0,0,-23.79387,4.927568,18.09859
76.85826,-23.7122,5.088972,18.10289,0,0,0,-23.79387,4.927568,18.09859
76.86543,-23.71056,5.088962,18.10308,0,0,0,-23.79387,4.927568,18.09859
76.8764,-23.71056,5.088962,18.10308,0,0,0,-23.79387,4.927568,18.09859
76.88389,-23.7091,5.088557,18.10489,0,0,0,-23.79387,4.927568,18.09859
76.89558,-23.7091,5.088557,18.10489,0,0,0,-23.79387,4.927568,18.09859
76.90462,-23.70561,5.088947,18.10366,0,0,0,-23.79387,4.927568,18.09859
76.91572,-23.70561,5.088947,18.10366,0,0,0,-23.79387,4.927568,18.09859
76.92356,-23.70397,5.088946,18.10385,0,0,0,-23.79387,4.927568,18.09859
76.93188,-23.70397,5.088946,18.10385,0,0,0,-23.79387,4.927568,18.09859
76.93932,-23.70397,5.088946,18.10385,0,0,0,-23.79387,4.927568,18.09859
76.94648,-23.70011,5.090156,18.09941,0,0,0,-23.79387,4.927568,18.09859
76.95509,-23.70011,5.090156,18.09941,0,0,0,-23.79387,4.927568,18.09859
76.96252,-23.69809,5.090976,18.09638,0,0,0,-23.79387,4.927568,18.09859
76.97113,-23.69809,5.090976,18.09638,0,0,0,-23.79387,4.927568,18.09859
76.97807,-23.69809,5.090976,18.09638,0,0,0,-23.79387,4.927568,18.09859
76.98598,-23.69424,5.092229,18.09195,0,0,0,-23.79387,4.927568,18.09859
76.99421,-23.69424,5.092229,18.09195,0,0,0,-23.79387,4.927568,18.09859
77.00301,-23.69237,5.092995,18.09015,0,0,0,-23.79387,4.927568,18.09859
77.01266,-23.69237,5.092995,18.09015,0,0,0,-23.79387,4.927568,18.09859
77.02122,-23.6889,5.093443,18.08893,0,0,0,-23.79387,4.927568,18.09859
77.02947,-23.6889,5.093443,18.08893,0,0,0,-23.79387,4.927568,18.09859
77.03703,-23.6889,5.093443,18.08893,0,0,0,-23.79387,4.927568,18.09859
77.04685,-23.68542,5.093902,18.08771,0,0,0,-23.79387,4.927568,18.09859
77.05585,-23.68542,5.093902,18.08771,0,0,0,-23.79387,4.927568,18.09859
77.06348,-23.68396,5.093503,18.08951,0,0,0,-23.79387,4.927568,18.09859
77.07228,-23.68396,5.093503,18.08951,0,0,0,-23.79387,4.927568,18.09859
77.08051,-23.6825,5.09311,18.09131,0,0,0,-23.79387,4.927568,18.09859
77.09077,-23.6825,5.09311,18.09131,0,0,0,-23.79387,4.927568,18.09859
77.10191,-23.68197,5.092693,18.09299,0,0,0,-23.79387,4.927568,18.09859
77.11911,-23.68197,5.092693,18.09299,0,0,0,-23.79387,4.927568,18.09859
77.12831,-23.67851,5.091511,18.09827,0,0,0,-23.79387,4.927568,18.09859
77.14056,-23.67851,5.091511,18.09827,0,0,0,-23.79387,4.927568,18.09859
77.14964,-23.67851,5.091511,18.09827,0,0,0,-23.79387,4.927568,18.09859
77.16046,-23.67851,5.091511,18.09827,0,0,0,-23.79387,4.927568,18.09859
77.16978,-23.67851,5.091511,18.09827,0,0,0,-23.79387,4.927568,18.09859
77.18044,-23.67851,5.091511,18.09827,0,0,0,-23.79387,4.927568,18.09859
77.19134,-23.67851,5.091511,18.09827,0,0,0,-23.79387,4.927568,18.09859
77.19987,-23.67851,5.091511,18.09827,0,0,0,-23.79387,4.927568,18.09859
77.20935,-23.67833,5.091921,18.09667,0,0,0,-23.79387,4.927568,18.09859
77.22161,-23.67833,5.091921,18.09667,0,0,0,-23.79387,4.927568,18.09859
77.23073,-23.67833,5.091921,18.09667,0,0,0,-23.79387,4.927568,18.09859
77.23903,-23.67833,5.091921,18.09667,0,0,0,-23.79387,4.927568,18.09859
77.24648,-23.67815,5.092333,18.09506,0,0,0,-23.79387,4.927568,18.09859
77.25767,-23.67815,5.092333,18.09506,0,0,0,-23.79387,4.927568,18.09859
77.26575,-23.67796,5.092747,18.09345,0,0,0,-23.79387,4.927568,18.09859
77.27454,-23.67796,5.092747,18.09345,0,0,0,-23.79387,4.927568,18.09859
77.28194,-23.67819,5.091997,18.09545,0,0,0,-23.79387,4.927568,18.09859
77.29021,-23.67819,5.091997,18.09545,0,0,0,-23.79387,4.927568,18.09859
77.29747,-23.67819,5.091997,18.09545,0,0,0,-23.79387,4.927568,18.09859
77.30513,-23.67867,5.090385,18.0997,0,0,0,-23.79387,4.927568,18.09859
77.31354,-23.67867,5.090385,18.0997,0,0,0,-23.79387,4.927568,18.09859
77.32155,-23.67885,5.089978,18.10131,0,0,0,-23.79387,4.927568,18.09859
77.32998,-23.67885,5.089978,18.10131,0,0,0,-23.79387,4.927568,18.09859
77.3385,-23.67885,5.089978,18.10131,0,0,0,-23.79387,4.927568,18.09859
77.34608,-23.67952,5.087987,18.10717,0,0,0,-23.79387,4.927568,18.09859
77.35538,-23.67952,5.087987,18.10717,0,0,0,-23.79387,4.927568,18.09859
77.36292,-23.68,5.086416,18.11142,0,0,0,-23.79387,4.927568,18.09859
77.37169,-23.68,5.086416,18.11142,0,0,0,-23.79387,4.927568,18.09859
77.37914,-23.68,5.086416,18.11142,0,0,0,-23.79387,4.927568,18.09859
77.38657,-23.68238,5.084832,18.11768,0,0,0,-23.79387,4.927568,18.09859
77.39629,-23.68238,5.084832,18.11768,0,0,0,-23.79387,4.927568,18.09859
77.40462,-23.68287,5.083298,18.12194,0,0,0,-23.79387,4.927568,18.09859
77.41312,-23.68287,5.083298,18.12194,0,0,0,-23.79387,4.927568,18.09859
77.42104,-23.685,5.081753,18.12601,0,0,0,-23.79387,4.927568,18.09859
77.42928,-23.685,5.081753,18.12601,0,0,0,-23.79387,4.927568,18.09859
77.43681,-23.685,5.081753,18.12601,0,0,0,-23.79387,4.927568,18.09859
77.44411,-23.68739,5.080253,18.13229,0,0,0,-23.79387,4.927568,18.09859
77.45307,-23.68739,5.080253,18.13229,0,0,0,-23.79387,4.927568,18.09859
77.46049,-23.68776,5.079527,18.13553,0,0,0,-23.79387,4.927568,18.09859
77.46912,-23.68776,5.079527,18.13553,0,0,0,-23.79387,4.927568,18.09859
77.4763,-23.68776,5.079527,18.13553,0,0,0,-23.79387,4.927568,18.09859
77.4865,-23.68978,5.078787,18.13857,0,0,0,-23.79387,4.927568,18.09859
77.49448,-23.68978,5.078787,18.13857,0,0,0,-23.79387,4.927568,18.09859
77.50142,-23.69008,5.077679,18.14123,0,0,0,-23.79387,4.927568,18.09859
77.511,-23.69008,5.077679,18.14123,0,0,0,-23.79387,4.927568,18.09859
77.51808,-23.69008,5.077679,18.14123,0,0,0,-23.79387,4.927568,18.09859
77.52591,-23.69192,5.077307,18.14266,0,0,0,-23.79387,4.927568,18.09859
77.5344,-23.69192,5.077307,18.14266,0,0,0,-23.79387,4.927568,18.09859
77.54191,-23.69357,5.077289,18.14247,0,0,0,-23.79387,4.927568,18.09859
77.55042,-23.69357,5.077289,18.14247,0,0,0,-23.79387,4.927568,18.09859
77.55822,-23.69357,5.077289,18.14247,0,0,0,-23.79387,4.927568,18.09859
77.56595,-23.69395,5.076591,18.14571,0,0,0,-23.79387,4.927568,18.09859
77.57426,-23.69395,5.076591,18.14571,0,0,0,-23.79387,4.927568,18.09859
77.58228,-23.69725,5.07656,18.14533,0,0,0,-23.79387,4.927568,18.09859
77.59025,-23.69725,5.07656,18.14533,0,0,0,-23.79387,4.927568,18.09859
77.59792,-23.69725,5.07656,18.14533,0,0,0,-23.79387,4.927568,18.09859
77.60705,-23.69579,5.076229,18.14714,0,0,0,-23.79387,4.927568,18.09859
77.61516,-23.69579,5.076229,18.14714,0,0,0,-23.79387,4.927568,18.09859
77.62254,-23.69744,5.076216,18.14695,0,0,0,-23.79387,4.927568,18.09859
77.63132,-23.69744,5.076216,18.14695,0,0,0,-23.79387,4.927568,18.09859
77.63939,-23.69744,5.076216,18.14695,0,0,0,-23.79387,4.927568,18.09859
77.64706,-23.69707,5.076909,18.1437,0,0,0,-23.79387,4.927568,18.09859
77.65571,-23.69707,5.076909,18.1437,0,0,0,-23.79387,4.927568,18.09859
77.6634,-23.69688,5.077258,18.14208,0,0,0,-23.79387,4.927568,18.09859
77.67239,-23.69688,5.077258,18.14208,0,0,0,-23.79387,4.927568,18.09859
77.68026,-23.69816,5.077953,18.13865,0,0,0,-23.79387,4.927568,18.09859
77.68856,-23.69816,5.077953,18.13865,0,0,0,-23.79387,4.927568,18.09859
77.6961,-23.69816,5.077953,18.13865,0,0,0,-23.79387,4.927568,18.09859
77.70405,-23.69778,5.078668,18.13541,0,0,0,-23.79387,4.927568,18.09859
77.71226,-23.69778,5.078668,18.13541,0,0,0,-23.79387,4.927568,18.09859
77.71988,-23.69778,5.078668,18.13541,0,0,0,-23.79387,4.927568,18.09859
77.72723,-23.69741,5.079391,18.13217,0,0,0,-23.79387,4.927568,18.09859
77.73646,-23.69741,5.079391,18.13217,0,0,0,-23.79387,4.927568,18.09859
77.74413,-23.69869,5.080112,18.12874,0,0,0,-23.79387,4.927568,18.09859
77.75217,-23.69869,5.080112,18.12874,0,0,0,-23.79387,4.927568,18.09859
77.76086,-23.70016,5.080472,18.12693,0,0,0,-23.79387,4.927568,18.09859
77.76962,-23.70016,5.080472,18.12693,0,0,0,-23.79387,4.927568,18.09859
77.77716,-23.70016,5.080472,18.12693,0,0,0,-23.79387,4.927568,18.09859
77.78447,-23.70162,5.080838,18.12512,0,0,0,-23.79387,4.927568,18.09859
77.79289,-23.70162,5.080838,18.12512,0,0,0,-23.79387,4.927568,18.09859
77.80006,-23.70162,5.080838,18.12512,0,0,0,-23.79387,4.927568,18.09859
77.80878,-23.70162,5.080838,18.12512,0,0,0,-23.79387,4.927568,18.09859
77.8166,-23.70162,5.080838,18.12512,0,0,0,-23.79387,4.927568,18.09859
77.82387,-23.70089,5.080838,18.12521,0,0,0,-23.79387,4.927568,18.09859
77.83184,-23.70089,5.080838,18.12521,0,0,0,-23.79387,4.927568,18.09859
77.84232,-23.70235,5.081208,18.1234,0,0,0,-23.79387,4.927568,18.09859
77.85098,-23.70235,5.081208,18.1234,0,0,0,-23.79387,4.927568,18.09859
77.85844,-23.70235,5.081208,18.1234,0,0,0,-23.79387,4.927568,18.09859
77.86604,-23.70162,5.081207,18.12348,0,0,0,-23.79387,4.927568,18.09859
77.8757,-23.70162,5.081207,18.12348,0,0,0,-23.79387,4.927568,18.09859
77.88578,-23.70328,5.081206,18.12329,0,0,0,-23.79387,4.927568,18.09859
77.89551,-23.70328,5.081206,18.12329,0,0,0,-23.79387,4.927568,18.09859
77.90662,-23.70309,5.081581,18.12168,0,0,0,-23.79387,4.927568,18.09859
77.9154,-23.70309,5.081581,18.12168,0,0,0,-23.79387,4.927568,18.09859
77.92745,-23.70309,5.081581,18.12168,0,0,0,-23.79387,4.927568,18.09859
77.93913,-23.70309,5.081581,18.12168,0,0,0,-23.79387,4.927568,18.09859
77.94789,-23.70309,5.081581,18.12168,0,0,0,-23.79387,4.927568,18.09859
77.95897,-23.70309,5.081581,18.12168,0,0,0,-23.79387,4.927568,18.09859
77.96886,-23.70493,5.081207,18.1231,0,0,0,-23.79387,4.927568,18.09859
77.97932,-23.70493,5.081207,18.1231,0,0,0,-23.79387,4.927568,18.09859
77.9874,-23.70328,5.081206,18.12329,0,0,0,-23.79387,4.927568,18.09859
77.99617,-23.70328,5.081206,18.12329,0,0,0,-23.79387,4.927568,18.09859
78.006,-23.70328,5.081206,18.12329,0,0,0,-23.79387,4.927568,18.09859
78.01437,-23.70328,5.081206,18.12329,0,0,0,-23.79387,4.927568,18.09859
78.02624,-23.70328,5.081206,18.12329,0,0,0,-23.79387,4.927568,18.09859
78.03601,-23.70328,5.081206,18.12329,0,0,0,-23.79387,4.927568,18.09859
78.04729,-23.70328,5.081206,18.12329,0,0,0,-23.79387,4.927568,18.09859
78.05595,-23.70328,5.081206,18.12329,0,0,0,-23.79387,4.927568,18.09859
78.06357,-23.70493,5.081207,18.1231,0,0,0,-23.79387,4.927568,18.09859
78.07255,-23.70493,5.081207,18.1231,0,0,0,-23.79387,4.927568,18.09859
78.07993,-23.70493,5.081207,18.1231,0,0,0,-23.79387,4.927568,18.09859
78.08775,-23.70474,5.081582,18.12149,0,0,0,-23.79387,4.927568,18.09859
78.09692,-23.70474,5.081582,18.12149,0,0,0,-23.79387,4.927568,18.09859
78.10507,-23.7029,5.081958,18.12006,0,0,0,-23.79387,4.927568,18.09859
78.1146,-23.7029,5.081958,18.12006,0,0,0,-23.79387,4.927568,18.09859
78.12198,-23.7029,5.081958,18.12006,0,0,0,-23.79387,4.927568,18.09859
78.13393,-23.7029,5.081958,18.12006,0,0,0,-23.79387,4.927568,18.09859
78.14135,-23.70345,5.082337,18.11836,0,0,0,-23.79387,4.927568,18.09859
78.14973,-23.70345,5.082337,18.11836,0,0,0,-23.79387,4.927568,18.09859
78.15682,-23.70345,5.082337,18.11836,0,0,0,-23.79387,4.927568,18.09859
78.16501,-23.70345,5.082337,18.11836,0,0,0,-23.79387,4.927568,18.09859
78.1741,-23.70345,5.082337,18.11836,0,0,0,-23.79387,4.927568,18.09859
78.18192,-23.70161,5.08272,18.11694,0,0,0,-23.79387,4.927568,18.09859
78.1932,-23.70161,5.08272,18.11694,0,0,0,-23.79387,4.927568,18.09859
78.20024,-23.70142,5.083103,18.11533,0,0,0,-23.79387,4.927568,18.09859
78.20815,-23.70142,5.083103,18.11533,0,0,0,-23.79387,4.927568,18.09859
78.21551,-23.70142,5.083103,18.11533,0,0,0,-23.79387,4.927568,18.09859
78.2232,-23.70124,5.083488,18.11371,0,0,0,-23.79387,4.927568,18.09859
78.23383,-23.70124,5.083488,18.11371,0,0,0,-23.79387,4.927568,18.09859
78.24202,-23.70105,5.083875,18.1121,0,0,0,-23.79387,4.927568,18.09859
78.25034,-23.70105,5.083875,18.1121,0,0,0,-23.79387,4.927568,18.09859
78.25809,-23.70105,5.083875,18.1121,0,0,0,-23.79387,4.927568,18.09859
78.26567,-23.70068,5.084656,18.10888,0,0,0,-23.79387,4.927568,18.09859
78.27398,-23.70068,5.084656,18.10888,0,0,0,-23.79387,4.927568,18.09859
78.28121,-23.7005,5.08505,18.10726,0,0,0,-23.79387,4.927568,18.09859
78.28995,-23.7005,5.08505,18.10726,0,0,0,-23.79387,4.927568,18.09859
78.30023,-23.70031,5.085445,18.10565,0,0,0,-23.79387,4.927568,18.09859
78.30866,-23.70031,5.085445,18.10565,0,0,0,-23.79387,4.927568,18.09859
78.31604,-23.70031,5.085445,18.10565,0,0,0,-23.79387,4.927568,18.09859
78.32323,-23.70031,5.085445,18.10565,0,0,0,-23.79387,4.927568,18.09859
78.33209,-23.70031,5.085445,18.10565,0,0,0,-23.79387,4.927568,18.09859
78.33949,-23.70031,5.085445,18.10565,0,0,0,-23.79387,4.927568,18.09859
78.34736,-23.70013,5.085844,18.10404,0,0,0,-23.79387,4.927568,18.09859
78.35658,-23.70013,5.085844,18.10404,0,0,0,-23.79387,4.927568,18.09859
78.3646,-23.69994,5.086243,18.10243,0,0,0,-23.79387,4.927568,18.09859
78.37309,-23.69994,5.086243,18.10243,0,0,0,-23.79387,4.927568,18.09859
78.38125,-23.69994,5.086243,18.10243,0,0,0,-23.79387,4.927568,18.09859
78.3899,-23.69994,5.086243,18.10243,0,0,0,-23.79387,4.927568,18.09859
78.3996,-23.69994,5.086243,18.10243,0,0,0,-23.79387,4.927568,18.09859
78.40764,-23.69976,5.086645,18.10082,0,0,0,-23.79387,4.927568,18.09859
78.41629,-23.69976,5.086645,18.10082,0,0,0,-23.79387,4.927568,18.09859
78.42415,-23.69938,5.087455,18.0976,0,0,0,-23.79387,4.927568,18.09859
78.43266,-23.69938,5.087455,18.0976,0,0,0,-23.79387,4.927568,18.09859
78.44005,-23.6992,5.087863,18.096,0,0,0,-23.79387,4.927568,18.09859
78.44861,-23.6992,5.087863,18.096,0,0,0,-23.79387,4.927568,18.09859
78.45593,-23.6992,5.087863,18.096,0,0,0,-23.79387,4.927568,18.09859
78.46342,-23.69901,5.088272,18.09439,0,0,0,-23.79387,4.927568,18.09859
78.47224,-23.69901,5.088272,18.09439,0,0,0,-23.79387,4.927568,18.09859
78.47945,-23.69901,5.088272,18.09439,0,0,0,-23.79387,4.927568,18.09859
78.48722,-23.70066,5.08827,18.0942,0,0,0,-23.79387,4.927568,18.09859
78.49605,-23.70066,5.08827,18.0942,0,0,0,-23.79387,4.927568,18.09859
78.50357,-23.69883,5.088683,18.09278,0,0,0,-23.79387,4.927568,18.09859
78.51315,-23.69883,5.088683,18.09278,0,0,0,-23.79387,4.927568,18.09859
78.52299,-23.69901,5.088271,18.09439,0,0,0,-23.79387,4.927568,18.09859
78.53166,-23.69901,5.088271,18.09439,0,0,0,-23.79387,4.927568,18.09859
78.54015,-23.69883,5.088683,18.09278,0,0,0,-23.79387,4.927568,18.09859
78.54948,-23.69883,5.088683,18.09278,0,0,0,-23.79387,4.927568,18.09859
78.55814,-23.69883,5.088683,18.09278,0,0,0,-23.79387,4.927568,18.09859
78.56578,-23.69901,5.088271,18.09439,0,0,0,-23.79387,4.927568,18.09859
78.5746,-23.69901,5.088271,18.09439,0,0,0,-23.79387,4.927568,18.09859
78.58222,-23.69737,5.088276,18.09458,0,0,0,-23.79387,4.927568,18.09859
78.59152,-23.69737,5.088276,18.09458,0,0,0,-23.79387,4.927568,18.09859
78.60178,-23.69755,5.087866,18.09619,0,0,0,-23.79387,4.927568,18.09859
78.61087,-23.69755,5.087866,18.09619,0,0,0,-23.79387,4.927568,18.09859
78.61838,-23.69755,5.087866,18.09619,0,0,0,-23.79387,4.927568,18.09859
78.62621,-23.69755,5.087866,18.09619,0,0,0,-23.79387,4.927568,18.09859
78.63799,-23.69755,5.087866,18.09619,0,0,0,-23.79387,4.927568,18.09859
78.6451,-23.69774,5.087459,18.0978,0,0,0,-23.79387,4.927568,18.09859
78.65343,-23.69774,5.087459,18.0978,0,0,0,-23.79387,4.927568,18.09859
78.66048,-23.69774,5.087459,18.0978,0,0,0,-23.79387,4.927568,18.09859
78.66867,-23.69774,5.087459,18.0978,0,0,0,-23.79387,4.927568,18.09859
78.67596,-23.69774,5.087459,18.0978,0,0,0,-23.79387,4.927568,18.09859
78.68372,-23.69702,5.087459,18.09788,0,0,0,-23.79387,4.927568,18.09859
78.69222,-23.69702,5.087459,18.09788,0,0,0,-23.79387,4.927568,18.09859
78.69955,-23.69702,5.087459,18.09788,0,0,0,-23.79387,4.927568,18.09859
78.70712,-23.69537,5.087464,18.09807,0,0,0,-23.79387,4.927568,18.09859
78.71584,-23.69537,5.087464,18.09807,0,0,0,-23.79387,4.927568,18.09859
78.72417,-23.69537,5.087464,18.09807,0,0,0,-23.79387,4.927568,18.09859
78.73244,-23.69537,5.087464,18.09807,0,0,0,-23.79387,4.927568,18.09859
78.74212,-23.69465,5.087464,18.09815,0,0,0,-23.79387,4.927568,18.09859
78.75039,-23.69465,5.087464,18.09815,0,0,0,-23.79387,4.927568,18.09859
78.76023,-23.69484,5.087058,18.09975,0,0,0,-23.79387,4.927568,18.09859
78.7691,-23.69484,5.087058,18.09975,0,0,0,-23.79387,4.927568,18.09859
78.77655,-23.69484,5.087058,18.09975,0,0,0,-23.79387,4.927568,18.09859
78.78378,-23.69319,5.087065,18.09994,0,0,0,-23.79387,4.927568,18.09859
78.79276,-23.69319,5.087065,18.09994,0,0,0,-23.79387,4.927568,18.09859
78.80473,-23.69502,5.086654,18.10136,0,0,0,-23.79387,4.927568,18.09859
78.81485,-23.69502,5.086654,18.10136,0,0,0,-23.79387,4.927568,18.09859
78.82298,-23.69502,5.086654,18.10136,0,0,0,-23.79387,4.927568,18.09859
78.83219,-23.69502,5.086654,18.10136,0,0,0,-23.79387,4.927568,18.09859
78.84097,-23.69484,5.087058,18.09975,0,0,0,-23.79387,4.927568,18.09859
78.85052,-23.69484,5.087058,18.09975,0,0,0,-23.79387,4.927568,18.09859
78.85896,-23.69484,5.087058,18.09975,0,0,0,-23.79387,4.927568,18.09859
78.86743,-23.69319,5.087065,18.09994,0,0,0,-23.79387,4.927568,18.09859
78.87868,-23.69319,5.087065,18.09994,0,0,0,-23.79387,4.927568,18.09859
78.88849,-23.69502,5.086654,18.10136,0,0,0,-23.79387,4.927568,18.09859
78.8983,-23.69502,5.086654,18.10136,0,0,0,-23.79387,4.927568,18.09859
78.90623,-23.69484,5.087058,18.09975,0,0,0,-23.79387,4.927568,18.09859
78.91747,-23.69484,5.087058,18.09975,0,0,0,-23.79387,4.927568,18.09859
78.92734,-23.69301,5.087471,18.09833,0,0,0,-23.79387,4.927568,18.09859
78.93804,-23.69301,5.087471,18.09833,0,0,0,-23.79387,4.927568,18.09859
78.95016,-23.69447,5.087872,18.09654,0,0,0,-23.79387,4.927568,18.09859
78.95867,-23.69447,5.087872,18.09654,0,0,0,-23.79387,4.927568,18.09859
78.96655,-23.69429,5.088282,18.09493,0,0,0,-23.79387,4.927568,18.09859
78.97556,-23.69429,5.088282,18.09493,0,0,0,-23.79387,4.927568,18.09859
78.98294,-23.69429,5.088282,18.09493,0,0,0,-23.79387,4.927568,18.09859
78.99264,-23.69429,5.088282,18.09493,0,0,0,-23.79387,4.927568,18.09859
78.99981,-23.69429,5.088282,18.09493,0,0,0,-23.79387,4.927568,18.09859
79.00796,-23.69411,5.088694,18.09332,0,0,0,-23.79387,4.927568,18.09859
79.0162,-23.69411,5.088694,18.09332,0,0,0,-23.79387,4.927568,18.09859
79.02428,-23.69411,5.088694,18.09332,0,0,0,-23.79387,4.927568,18.09859
79.03233,-23.69411,5.088694,18.09332,0,0,0,-23.79387,4.927568,18.09859
79.04118,-23.69411,5.088694,18.09332,0,0,0,-23.79387,4.927568,18.09859
79.05223,-23.69411,5.088694,18.09332,0,0,0,-23.79387,4.927568,18.09859
79.05986,-23.69411,5.088694,18.09332,0,0,0,-23.79387,4.927568,18.09859
79.06831,-23.69339,5.088694,18.0934,0,0,0,-23.79387,4.927568,18.09859
79.07698,-23.69339,5.088694,18.0934,0,0,0,-23.79387,4.927568,18.09859
79.08858,-23.69339,5.088694,18.0934,0,0,0,-23.79387,4.927568,18.09859
79.0977,-23.69339,5.088694,18.0934,0,0,0,-23.79387,4.927568,18.09859
79.10876,-23.69267,5.088694,18.09348,0,0,0,-23.79387,4.927568,18.09859
79.11713,-23.69267,5.088694,18.09348,0,0,0,-23.79387,4.927568,18.09859
79.12499,-23.6936,5.088689,18.09337,0,0,0,-23.79387,4.927568,18.09859
79.13356,-23.6936,5.088689,18.09337,0,0,0,-23.79387,4.927568,18.09859
79.14246,-23.69195,5.088695,18.09356,0,0,0,-23.79387,4.927568,18.09859
79.1524,-23.69195,5.088695,18.09356,0,0,0,-23.79387,4.927568,18.09859
79.16357,-23.69195,5.088695,18.09356,0,0,0,-23.79387,4.927568,18.09859
79.17467,-23.69195,5.088695,18.09356,0,0,0,-23.79387,4.927568,18.09859
79.18232,-23.69195,5.088695,18.09356,0,0,0,-23.79387,4.927568,18.09859
79.19437,-23.69195,5.088695,18.09356,0,0,0,-23.79387,4.927568,18.09859
79.20208,-23.69177,5.089108,18.09196,0,0,0,-23.79387,4.927568,18.09859
79.21133,-23.69177,5.089108,18.09196,0,0,0,-23.79387,4.927568,18.09859
79.21873,-23.69177,5.089108,18.09196,0,0,0,-23.79387,4.927568,18.09859
79.22919,-23.69195,5.088695,18.09356,0,0,0,-23.79387,4.927568,18.09859
79.23843,-23.69195,5.088695,18.09356,0,0,0,-23.79387,4.927568,18.09859
79.24867,-23.69195,5.088695,18.09356,0,0,0,-23.79387,4.927568,18.09859
79.257,-23.69195,5.088695,18.09356,0,0,0,-23.79387,4.927568,18.09859
79.26641,-23.69177,5.089108,18.09196,0,0,0,-23.79387,4.927568,18.09859
79.2748,-23.69177,5.089108,18.09196,0,0,0,-23.79387,4.927568,18.09859
79.28233,-23.69177,5.089108,18.09196,0,0,0,-23.79387,4.927568,18.09859
79.29165,-23.69177,5.089108,18.09196,0,0,0,-23.79387,4.927568,18.09859
79.29967,-23.69177,5.089108,18.09196,0,0,0,-23.79387,4.927568,18.09859
79.30666,-23.69177,5.089108,18.09196,0,0,0,-23.79387,4.927568,18.09859
79.31581,-23.69177,5.089108,18.09196,0,0,0,-23.79387,4.927568,18.09859
79.32306,-23.69177,5.089108,18.09196,0,0,0,-23.79387,4.927568,18.09859
79.33161,-23.69177,5.089108,18.09196,0,0,0,-23.79387,4.927568,18.09859
79.34125,-23.69177,5.089108,18.09195,0,0,0,-23.79387,4.927568,18.09859
79.34963,-23.69177,5.089108,18.09195,0,0,0,-23.79387,4.927568,18.09859
79.35693,-23.69177,5.089108,18.09195,0,0,0,-23.79387,4.927568,18.09859
79.36496,-23.69159,5.089525,18.09035,0,0,0,-23.79387,4.927568,18.09859
79.37347,-23.69159,5.089525,18.09035,0,0,0,-23.79387,4.927568,18.09859
79.38249,-23.69177,5.089108,18.09196,0,0,0,-23.79387,4.927568,18.09859
79.39243,-23.69177,5.089108,18.09196,0,0,0,-23.79387,4.927568,18.09859
79.40017,-23.69177,5.089108,18.09196,0,0,0,-23.79387,4.927568,18.09859
79.40987,-23.69177,5.089108,18.09196,0,0,0,-23.79387,4.927568,18.09859
79.41807,-23.69177,5.089108,18.09196,0,0,0,-23.79387,4.927568,18.09859
79.42698,-23.69342,5.089103,18.09177,0,0,0,-23.79387,4.927568,18.09859
79.43611,-23.69342,5.089103,18.09177,0,0,0,-23.79387,4.927568,18.09859
79.44411,-23.69177,5.089108,18.09196,0,0,0,-23.79387,4.927568,18.09859
79.45552,-23.69177,5.089108,18.09196,0,0,0,-23.79387,4.927568,18.09859
79.46312,-23.69342,5.089103,18.09177,0,0,0,-23.79387,4.927568,18.09859
79.47246,-23.69342,5.089103,18.09177,0,0,0,-23.79387,4.927568,18.09859
79.47991,-23.69342,5.089103,18.09177,0,0,0,-23.79387,4.927568,18.09859
79.4911,-23.69342,5.089103,18.09177,0,0,0,-23.79387,4.927568,18.09859
79.5014,-23.6936,5.088689,18.09337,0,0,0,-23.79387,4.927568,18.09859
79.51019,-23.6936,5.088689,18.09337,0,0,0,-23.79387,4.927568,18.09859
79.51782,-23.6936,5.088689,18.09337,0,0,0,-23.79387,4.927568,18.09859
79.52628,-23.6936,5.088689,18.09337,0,0,0,-23.79387,4.927568,18.09859
79.53503,-23.6936,5.088689,18.09337,0,0,0,-23.79387,4.927568,18.09859
79.54246,-23.6936,5.088689,18.09337,0,0,0,-23.79387,4.927568,18.09859
79.55296,-23.6936,5.088689,18.09337,0,0,0,-23.79387,4.927568,18.09859
79.56085,-23.69378,5.088276,18.09498,0,0,0,-23.79387,4.927568,18.09859
79.5697,-23.69378,5.088276,18.09498,0,0,0,-23.79387,4.927568,18.09859
79.57807,-23.69378,5.088276,18.09498,0,0,0,-23.79387,4.927568,18.09859
79.58527,-23.6936,5.088689,18.09337,0,0,0,-23.79387,4.927568,18.09859
79.59319,-23.6936,5.088689,18.09337,0,0,0,-23.79387,4.927568,18.09859
79.60033,-23.69543,5.088272,18.0948,0,0,0,-23.79387,4.927568,18.09859
79.61037,-23.69543,5.088272,18.0948,0,0,0,-23.79387,4.927568,18.09859
79.61729,-23.69543,5.088272,18.0948,0,0,0,-23.79387,4.927568,18.09859
79.62476,-23.69561,5.087863,18.0964,0,0,0,-23.79387,4.927568,18.09859
79.63316,-23.69561,5.087863,18.0964,0,0,0,-23.79387,4.927568,18.09859
79.64011,-23.69414,5.087459,18.0982,0,0,0,-23.79387,4.927568,18.09859
79.64961,-23.69414,5.087459,18.0982,0,0,0,-23.79387,4.927568,18.09859
79.65881,-23.69414,5.087459,18.0982,0,0,0,-23.79387,4.927568,18.09859
79.66668,-23.69579,5.087455,18.09801,0,0,0,-23.79387,4.927568,18.09859
79.67525,-23.69579,5.087455,18.09801,0,0,0,-23.79387,4.927568,18.09859
79.68198,-23.69432,5.087051,18.09981,0,0,0,-23.79387,4.927568,18.09859
79.69054,-23.69432,5.087051,18.09981,0,0,0,-23.79387,4.927568,18.09859
79.69923,-23.69432,5.087051,18.09981,0,0,0,-23.79387,4.927568,18.09859
79.7063,-23.69615,5.086645,18.10123,0,0,0,-23.79387,4.927568,18.09859
79.7148,-23.69615,5.086645,18.10123,0,0,0,-23.79387,4.927568,18.09859
79.72214,-23.69633,5.086243,18.10284,0,0,0,-23.79387,4.927568,18.09859
79.73053,-23.69633,5.086243,18.10284,0,0,0,-23.79387,4.927568,18.09859
79.73788,-23.69633,5.086243,18.10284,0,0,0,-23.79387,4.927568,18.09859
79.74598,-23.69633,5.086243,18.10284,0,0,0,-23.79387,4.927568,18.09859
79.75415,-23.69633,5.086243,18.10284,0,0,0,-23.79387,4.927568,18.09859
79.76226,-23.69652,5.085844,18.10445,0,0,0,-23.79387,4.927568,18.09859
79.7709,-23.69652,5.085844,18.10445,0,0,0,-23.79387,4.927568,18.09859
79.77815,-23.69652,5.085844,18.10445,0,0,0,-23.79387,4.927568,18.09859
79.78632,-23.6967,5.085445,18.10606,0,0,0,-23.79387,4.927568,18.09859
79.79684,-23.6967,5.085445,18.10606,0,0,0,-23.79387,4.927568,18.09859
79.80899,-23.69688,5.08505,18.10767,0,0,0,-23.79387,4.927568,18.09859
79.81853,-23.69688,5.08505,18.10767,0,0,0,-23.79387,4.927568,18.09859
79.82703,-23.69871,5.084655,18.1091,0,0,0,-23.79387,4.927568,18.09859
79.83802,-23.69871,5.084655,18.1091,0,0,0,-23.79387,4.927568,18.09859
79.84654,-23.69889,5.084264,18.11071,0,0,0,-23.79387,4.927568,18.09859
79.8556,-23.69889,5.084264,18.11071,0,0,0,-23.79387,4.927568,18.09859
79.86328,-23.69725,5.084265,18.1109,0,0,0,-23.79387,4.927568,18.09859
79.87222,-23.69725,5.084265,18.1109,0,0,0,-23.79387,4.927568,18.09859
79.88042,-23.69725,5.084265,18.1109,0,0,0,-23.79387,4.927568,18.09859
79.8938,-23.69725,5.084265,18.1109,0,0,0,-23.79387,4.927568,18.09859
79.90268,-23.69926,5.083487,18.11394,0,0,0,-23.79387,4.927568,18.09859
79.91292,-23.69926,5.083487,18.11394,0,0,0,-23.79387,4.927568,18.09859
79.92144,-23.69908,5.083874,18.11232,0,0,0,-23.79387,4.927568,18.09859
79.93072,-23.69908,5.083874,18.11232,0,0,0,-23.79387,4.927568,18.09859
79.93985,-23.69908,5.083874,18.11232,0,0,0,-23.79387,4.927568,18.09859
79.94743,-23.69908,5.083874,18.11232,0,0,0,-23.79387,4.927568,18.09859
79.95609,-23.69908,5.083874,18.11232,0,0,0,-23.79387,4.927568,18.09859
79.96459,-23.69926,5.083487,18.11394,0,0,0,-23.79387,4.927568,18.09859
79.97362,-23.69926,5.083487,18.11394,0,0,0,-23.79387,4.927568,18.09859
79.98093,-23.69908,5.083874,18.11232,0,0,0,-23.79387,4.927568,18.09859
79.99301,-23.69908,5.083874,18.11232,0,0,0,-23.79387,4.927568,18.09859
80.00057,-23.69908,5.083874,18.11232,0,0,0,-23.79387,4.927568,18.09859
80.00903,-23.69908,5.083874,18.11232,0,0,0,-23.79387,4.927568,18.09859
80.01704,-23.69908,5.083874,18.11232,0,0,0,-23.79387,4.927568,18.09859
80.02467,-23.69908,5.083874,18.11232,0,0,0,-23.79387,4.927568,18.09859
80.03383,-23.69908,5.083874,18.11232,0,0,0,-23.79387,4.927568,18.09859
80.04213,-23.70054,5.084265,18.11052,0,0,0,-23.79387,4.927568,18.09859
80.05099,-23.70054,5.084265,18.11052,0,0,0,-23.79387,4.927568,18.09859
80.05869,-23.70054,5.084265,18.11052,0,0,0,-23.79387,4.927568,18.09859
80.06629,-23.69889,5.084264,18.11071,0,0,0,-23.79387,4.927568,18.09859
80.07509,-23.69889,5.084264,18.11071,0,0,0,-23.79387,4.927568,18.09859
80.08275,-23.70041,5.084321,18.1093,0,0,0,-23.79387,4.927568,18.09859
80.0918,-23.70041,5.084321,18.1093,0,0,0,-23.79387,4.927568,18.09859
80.09991,-23.70041,5.084321,18.1093,0,0,0,-23.79387,4.927568,18.09859
80.10768,-23.70041,5.084321,18.1093,0,0,0,-23.79387,4.927568,18.09859
80.11594,-23.70041,5.084321,18.1093,0,0,0,-23.79387,4.927568,18.09859
80.12419,-23.70022,5.084714,18.10769,0,0,0,-23.79387,4.927568,18.09859
80.13359,-23.70022,5.084714,18.10769,0,0,0,-23.79387,4.927568,18.09859
80.14088,-23.70022,5.084714,18.10769,0,0,0,-23.79387,4.927568,18.09859
80.1488,-23.70022,5.084714,18.10769,0,0,0,-23.79387,4.927568,18.09859
80.15618,-23.70022,5.084714,18.10769,0,0,0,-23.79387,4.927568,18.09859
80.16398,-23.70004,5.08511,18.10608,0,0,0,-23.79387,4.927568,18.09859
80.173,-23.70004,5.08511,18.10608,0,0,0,-23.79387,4.927568,18.09859
80.18404,-23.70022,5.084714,18.10769,0,0,0,-23.79387,4.927568,18.09859
80.1947,-23.70022,5.084714,18.10769,0,0,0,-23.79387,4.927568,18.09859
80.20271,-23.70022,5.084714,18.10769,0,0,0,-23.79387,4.927568,18.09859
80.21115,-23.70022,5.084714,18.10769,0,0,0,-23.79387,4.927568,18.09859
80.21899,-23.70022,5.084714,18.10769,0,0,0,-23.79387,4.927568,18.09859
80.2273,-23.70022,5.084714,18.10769,0,0,0,-23.79387,4.927568,18.09859
80.23666,-23.70022,5.084714,18.10769,0,0,0,-23.79387,4.927568,18.09859
80.24436,-23.70022,5.084714,18.10769,0,0,0,-23.79387,4.927568,18.09859
80.25314,-23.70022,5.084714,18.10769,0,0,0,-23.79387,4.927568,18.09859
80.26117,-23.70022,5.084714,18.10769,0,0,0,-23.79387,4.927568,18.09859
80.2721,-23.70022,5.084714,18.10769,0,0,0,-23.79387,4.927568,18.09859
80.28046,-23.70004,5.08511,18.10608,0,0,0,-23.79387,4.927568,18.09859
80.28955,-23.70004,5.08511,18.10608,0,0,0,-23.79387,4.927568,18.09859
80.30312,-23.70004,5.08511,18.10608,0,0,0,-23.79387,4.927568,18.09859
80.31377,-23.70004,5.08511,18.10608,0,0,0,-23.79387,4.927568,18.09859
80.32156,-23.70004,5.08511,18.10608,0,0,0,-23.79387,4.927568,18.09859
80.33078,-23.70004,5.08511,18.10608,0,0,0,-23.79387,4.927568,18.09859
80.34056,-23.70004,5.08511,18.10608,0,0,0,-23.79387,4.927568,18.09859
80.35004,-23.70004,5.08511,18.10608,0,0,0,-23.79387,4.927568,18.09859
80.36122,-23.69986,5.085507,18.10447,0,0,0,-23.79387,4.927568,18.09859
80.37116,-23.69986,5.085507,18.10447,0,0,0,-23.79387,4.927568,18.09859
80.37986,-23.69986,5.085507,18.10447,0,0,0,-23.79387,4.927568,18.09859
80.38833,-23.69914,5.085507,18.10455,0,0,0,-23.79387,4.927568,18.09859
80.39745,-23.69914,5.085507,18.10455,0,0,0,-23.79387,4.927568,18.09859
80.40594,-23.69914,5.085507,18.10454,0,0,0,-23.79387,4.927568,18.09859
80.41538,-23.69914,5.085507,18.10454,0,0,0,-23.79387,4.927568,18.09859
80.42552,-23.7006,5.085909,18.10275,0,0,0,-23.79387,4.927568,18.09859
80.44,-23.69914,5.085507,18.10455,0,0,0,-23.79387,4.927568,18.09859
80.44902,-23.69914,5.085507,18.10455,0,0,0,-23.79387,4.927568,18.09859
80.45728,-23.69914,5.085507,18.10455,0,0,0,-23.79387,4.927568,18.09859
80.46471,-23.7006,5.085909,18.10275,0,0,0,-23.79387,4.927568,18.09859
80.47344,-23.7006,5.085909,18.10275,0,0,0,-23.79387,4.927568,18.09859
80.48119,-23.7006,5.085909,18.10275,0,0,0,-23.79387,4.927568,18.09859
80.49027,-23.7006,5.085909,18.10275,0,0,0,-23.79387,4.927568,18.09859
80.49858,-23.7006,5.085909,18.10275,0,0,0,-23.79387,4.927568,18.09859
80.50669,-23.69895,5.085907,18.10294,0,0,0,-23.79387,4.927568,18.09859
80.51538,-23.69895,5.085907,18.10294,0,0,0,-23.79387,4.927568,18.09859
80.52522,-23.7006,5.085909,18.10275,0,0,0,-23.79387,4.927568,18.09859
80.53412,-23.7006,5.085909,18.10275,0,0,0,-23.79387,4.927568,18.09859
80.54422,-23.7006,5.085909,18.10275,0,0,0,-23.79387,4.927568,18.09859
80.55563,-23.7006,5.085909,18.10275,0,0,0,-23.79387,4.927568,18.09859
80.56353,-23.70078,5.08551,18.10436,0,0,0,-23.79387,4.927568,18.09859
80.57314,-23.70078,5.08551,18.10436,0,0,0,-23.79387,4.927568,18.09859
80.58173,-23.70078,5.08551,18.10436,0,0,0,-23.79387,4.927568,18.09859
80.59103,-23.70078,5.08551,18.10436,0,0,0,-23.79387,4.927568,18.09859
80.59888,-23.70078,5.08551,18.10436,0,0,0,-23.79387,4.927568,18.09859
80.60773,-23.70078,5.08551,18.10436,0,0,0,-23.79387,4.927568,18.09859
80.61771,-23.70078,5.08551,18.10436,0,0,0,-23.79387,4.927568,18.09859
80.62888,-23.69895,5.085907,18.10294,0,0,0,-23.79387,4.927568,18.09859
80.64037,-23.69914,5.085507,18.10455,0,0,0,-23.79387,4.927568,18.09859
80.64973,-23.69914,5.085507,18.10455,0,0,0,-23.79387,4.927568,18.09859
80.65876,-23.69914,5.085507,18.10455,0,0,0,-23.79387,4.927568,18.09859
80.66772,-23.7006,5.085909,18.10275,0,0,0,-23.79387,4.927568,18.09859
80.68137,-23.69895,5.085907,18.10294,0,0,0,-23.79387,4.927568,18.09859
80.69044,-23.69895,5.085907,18.10294,0,0,0,-23.79387,4.927568,18.09859
80.69829,-23.69895,5.085907,18.10294,0,0,0,-23.79387,4.927568,18.09859
80.70586,-23.7006,5.085909,18.10275,0,0,0,-23.79387,4.927568,18.09859
80.7142,-23.7006,5.085909,18.10275,0,0,0,-23.79387,4.927568,18.09859
80.72182,-23.69895,5.085907,18.10294,0,0,0,-23.79387,4.927568,18.09859
80.73078,-23.69895,5.085907,18.10294,0,0,0,-23.79387,4.927568,18.09859
80.73842,-23.69895,5.085907,18.10294,0,0,0,-23.79387,4.927568,18.09859
80.74701,-23.70042,5.086312,18.10114,0,0,0,-23.79387,4.927568,18.09859
80.75575,-23.70042,5.086312,18.10114,0,0,0,-23.79387,4.927568,18.09859
80.76444,-23.69895,5.085907,18.10294,0,0,0,-23.79387,4.927568,18.09859
80.7735,-23.69895,5.085907,18.10294,0,0,0,-23.79387,4.927568,18.09859
80.78118,-23.69992,5.085573,18.10323,0,0,0,-23.79387,4.927568,18.09859
80.78989,-23.69992,5.085573,18.10323,0,0,0,-23.79387,4.927568,18.09859
80.798,-23.69992,5.085573,18.10323,0,0,0,-23.79387,4.927568,18.09859
80.80589,-23.70011,5.085174,18.10484,0,0,0,-23.79387,4.927568,18.09859
80.81469,-23.70011,5.085174,18.10484,0,0,0,-23.79387,4.927568,18.09859
80.82469,-23.69846,5.085172,18.10502,0,0,0,-23.79387,4.927568,18.09859
80.83311,-23.69846,5.085172,18.10502,0,0,0,-23.79387,4.927568,18.09859
80.84081,-23.70022,5.084391,18.10587,0,0,0,-23.79387,4.927568,18.09859
80.85039,-23.70022,5.084391,18.10587,0,0,0,-23.79387,4.927568,18.09859
80.8604,-23.69972,5.083659,18.10795,0,0,0,-23.79387,4.927568,18.09859
80.86999,-23.69972,5.083659,18.10795,0,0,0,-23.79387,4.927568,18.09859
80.8801,-23.69844,5.08287,18.11136,0,0,0,-23.79387,4.927568,18.09859
80.88914,-23.69844,5.08287,18.11136,0,0,0,-23.79387,4.927568,18.09859
80.89764,-23.69844,5.08287,18.11136,0,0,0,-23.79387,4.927568,18.09859
80.90663,-23.69862,5.082479,18.11297,0,0,0,-23.79387,4.927568,18.09859
80.91595,-23.69862,5.082479,18.11297,0,0,0,-23.79387,4.927568,18.09859
80.92425,-23.70027,5.082482,18.11279,0,0,0,-23.79387,4.927568,18.09859
80.93494,-23.70027,5.082482,18.11279,0,0,0,-23.79387,4.927568,18.09859
80.94276,-23.70045,5.082094,18.1144,0,0,0,-23.79387,4.927568,18.09859
80.95465,-23.70045,5.082094,18.1144,0,0,0,-23.79387,4.927568,18.09859
80.96559,-23.70027,5.082482,18.11279,0,0,0,-23.79387,4.927568,18.09859
80.9753,-23.70027,5.082482,18.11279,0,0,0,-23.79387,4.927568,18.09859
80.98322,-23.70045,5.082094,18.1144,0,0,0,-23.79387,4.927568,18.09859
80.99438,-23.70045,5.082094,18.1144,0,0,0,-23.79387,4.927568,18.09859
81.00299,-23.70045,5.082094,18.1144,0,0,0,-23.79387,4.927568,18.09859
81.01183,-23.70045,5.082094,18.1144,0,0,0,-23.79387,4.927568,18.09859
81.01952,-23.70045,5.082094,18.1144,0,0,0,-23.79387,4.927568,18.09859
81.02708,-23.69862,5.082479,18.11297,0,0,0,-23.79387,4.927568,18.09859
81.03588,-23.69862,5.082479,18.11297,0,0,0,-23.79387,4.927568,18.09859
81.04388,-23.69844,5.08287,18.11136,0,0,0,-23.79387,4.927568,18.09859
81.05299,-23.69844,5.08287,18.11136,0,0,0,-23.79387,4.927568,18.09859
81.06101,-23.69848,5.082533,18.11175,0,0,0,-23.79387,4.927568,18.09859
81.07069,-23.69848,5.082533,18.11175,0,0,0,-23.79387,4.927568,18.09859
81.07852,-23.69848,5.082533,18.11175,0,0,0,-23.79387,4.927568,18.09859
81.08615,-23.6983,5.082924,18.11013,0,0,0,-23.79387,4.927568,18.09859
81.09724,-23.6983,5.082924,18.11013,0,0,0,-23.79387,4.927568,18.09859
81.10487,-23.6983,5.082924,18.11013,0,0,0,-23.79387,4.927568,18.09859
81.11349,-23.6983,5.082924,18.11013,0,0,0,-23.79387,4.927568,18.09859
81.12123,-23.69995,5.082928,18.10995,0,0,0,-23.79387,4.927568,18.09859
81.12983,-23.69995,5.082928,18.10995,0,0,0,-23.79387,4.927568,18.09859
81.14039,-23.69977,5.083322,18.10834,0,0,0,-23.79387,4.927568,18.09859
81.14883,-23.69977,5.083322,18.10834,0,0,0,-23.79387,4.927568,18.09859
81.15852,-23.69977,5.083322,18.10834,0,0,0,-23.79387,4.927568,18.09859
81.16602,-23.6983,5.082924,18.11013,0,0,0,-23.79387,4.927568,18.09859
81.17564,-23.6983,5.082924,18.11013,0,0,0,-23.79387,4.927568,18.09859
81.18374,-23.6983,5.082924,18.11013,0,0,0,-23.79387,4.927568,18.09859
81.19535,-23.6983,5.082924,18.11013,0,0,0,-23.79387,4.927568,18.09859
81.20599,-23.69995,5.082928,18.10995,0,0,0,-23.79387,4.927568,18.09859
81.21473,-23.69995,5.082928,18.10995,0,0,0,-23.79387,4.927568,18.09859
81.22237,-23.69812,5.083319,18.10852,0,0,0,-23.79387,4.927568,18.09859
81.23086,-23.69812,5.083319,18.10852,0,0,0,-23.79387,4.927568,18.09859
81.23841,-23.69812,5.083319,18.10852,0,0,0,-23.79387,4.927568,18.09859
81.24624,-23.69812,5.083319,18.10852,0,0,0,-23.79387,4.927568,18.09859
81.25513,-23.69812,5.083319,18.10852,0,0,0,-23.79387,4.927568,18.09859
81.26254,-23.69977,5.083322,18.10834,0,0,0,-23.79387,4.927568,18.09859
81.27224,-23.69977,5.083322,18.10834,0,0,0,-23.79387,4.927568,18.09859
81.28157,-23.69812,5.083319,18.10852,0,0,0,-23.79387,4.927568,18.09859
81.29106,-23.69812,5.083319,18.10852,0,0,0,-23.79387,4.927568,18.09859
81.29884,-23.69812,5.083319,18.10852,0,0,0,-23.79387,4.927568,18.09859
81.3092,-23.69959,5.083718,18.10673,0,0,0,-23.79387,4.927568,18.09859
81.31816,-23.69959,5.083718,18.10673,0,0,0,-23.79387,4.927568,18.09859
81.32784,-23.69776,5.084112,18.1053,0,0,0,-23.79387,4.927568,18.09859
81.34018,-23.69776,5.084112,18.1053,0,0,0,-23.79387,4.927568,18.09859
81.35056,-23.69776,5.084112,18.1053,0,0,0,-23.79387,4.927568,18.09859
81.36001,-23.69941,5.084115,18.10512,0,0,0,-23.79387,4.927568,18.09859
81.37194,-23.69941,5.084115,18.10512,0,0,0,-23.79387,4.927568,18.09859
81.38426,-23.69758,5.084514,18.10369,0,0,0,-23.79387,4.927568,18.09859
81.39392,-23.69758,5.084514,18.10369,0,0,0,-23.79387,4.927568,18.09859
81.40618,-23.69851,5.084517,18.10359,0,0,0,-23.79387,4.927568,18.09859
81.41936,-23.69851,5.084517,18.10359,0,0,0,-23.79387,4.927568,18.09859
81.42854,-23.69686,5.084514,18.10377,0,0,0,-23.79387,4.927568,18.09859
81.43875,-23.69686,5.084514,18.10377,0,0,0,-23.79387,4.927568,18.09859
81.45021,-23.69851,5.084517,18.10359,0,0,0,-23.79387,4.927568,18.09859
81.46085,-23.69851,5.084517,18.10359,0,0,0,-23.79387,4.927568,18.09859
81.47002,-23.69851,5.084517,18.10359,0,0,0,-23.79387,4.927568,18.09859
81.47897,-23.69851,5.084517,18.10359,0,0,0,-23.79387,4.927568,18.09859
81.48695,-23.69851,5.084517,18.10359,0,0,0,-23.79387,4.927568,18.09859
81.49599,-23.69851,5.084517,18.10359,0,0,0,-23.79387,4.927568,18.09859
81.50388,-23.69686,5.084514,18.10377,0,0,0,-23.79387,4.927568,18.09859
81.51282,-23.69686,5.084514,18.10377,0,0,0,-23.79387,4.927568,18.09859
81.52071,-23.69668,5.084917,18.10216,0,0,0,-23.79387,4.927568,18.09859
81.53097,-23.69668,5.084917,18.10216,0,0,0,-23.79387,4.927568,18.09859
81.53877,-23.69668,5.084917,18.10216,0,0,0,-23.79387,4.927568,18.09859
81.54611,-23.69668,5.084917,18.10216,0,0,0,-23.79387,4.927568,18.09859
81.55467,-23.69668,5.084917,18.10216,0,0,0,-23.79387,4.927568,18.09859
81.56209,-23.69668,5.084917,18.10216,0,0,0,-23.79387,4.927568,18.09859
81.57073,-23.69668,5.084917,18.10216,0,0,0,-23.79387,4.927568,18.09859
81.57883,-23.69668,5.084917,18.10216,0,0,0,-23.79387,4.927568,18.09859
81.58649,-23.69654,5.084985,18.10094,0,0,0,-23.79387,4.927568,18.09859
81.59502,-23.69654,5.084985,18.10094,0,0,0,-23.79387,4.927568,18.09859
81.60253,-23.69654,5.084985,18.10094,0,0,0,-23.79387,4.927568,18.09859
81.61121,-23.69654,5.084985,18.10094,0,0,0,-23.79387,4.927568,18.09859
81.62012,-23.69837,5.084584,18.10237,0,0,0,-23.79387,4.927568,18.09859
81.62858,-23.69837,5.084584,18.10237,0,0,0,-23.79387,4.927568,18.09859
81.63605,-23.69837,5.084584,18.10237,0,0,0,-23.79387,4.927568,18.09859
81.64349,-23.69654,5.084985,18.10094,0,0,0,-23.79387,4.927568,18.09859
81.65204,-23.69654,5.084985,18.10094,0,0,0,-23.79387,4.927568,18.09859
81.65974,-23.69654,5.084985,18.10094,0,0,0,-23.79387,4.927568,18.09859
81.66724,-23.69819,5.084989,18.10076,0,0,0,-23.79387,4.927568,18.09859
81.6757,-23.69819,5.084989,18.10076,0,0,0,-23.79387,4.927568,18.09859
81.68305,-23.69654,5.084985,18.10094,0,0,0,-23.79387,4.927568,18.09859
81.69185,-23.69654,5.084985,18.10094,0,0,0,-23.79387,4.927568,18.09859
81.69894,-23.69654,5.084985,18.10094,0,0,0,-23.79387,4.927568,18.09859
81.70623,-23.69819,5.084989,18.10076,0,0,0,-23.79387,4.927568,18.09859
81.71478,-23.69819,5.084989,18.10076,0,0,0,-23.79387,4.927568,18.09859
81.72353,-23.69819,5.084989,18.10076,0,0,0,-23.79387,4.927568,18.09859
81.73203,-23.69819,5.084989,18.10076,0,0,0,-23.79387,4.927568,18.09859
81.73995,-23.69819,5.084989,18.10076,0,0,0,-23.79387,4.927568,18.09859
81.74748,-23.69819,5.084989,18.10076,0,0,0,-23.79387,4.927568,18.09859
81.75887,-23.69819,5.084989,18.10076,0,0,0,-23.79387,4.927568,18.09859
81.76903,-23.69658,5.084647,18.10133,0,0,0,-23.79387,4.927568,18.09859
81.77844,-23.69658,5.084647,18.10133,0,0,0,-23.79387,4.927568,18.09859
81.78742,-23.69841,5.084246,18.10276,0,0,0,-23.79387,4.927568,18.09859
81.79749,-23.69841,5.084246,18.10276,0,0,0,-23.79387,4.927568,18.09859
81.8048,-23.69841,5.084247,18.10276,0,0,0,-23.79387,4.927568,18.09859
81.81376,-23.69841,5.084247,18.10276,0,0,0,-23.79387,4.927568,18.09859
81.82555,-23.69823,5.084651,18.10115,0,0,0,-23.79387,4.927568,18.09859
81.83434,-23.69823,5.084651,18.10115,0,0,0,-23.79387,4.927568,18.09859
81.84234,-23.69823,5.084651,18.10115,0,0,0,-23.79387,4.927568,18.09859
81.85145,-23.69823,5.084651,18.10115,0,0,0,-23.79387,4.927568,18.09859
81.86146,-23.69658,5.084648,18.10133,0,0,0,-23.79387,4.927568,18.09859
81.87097,-23.69658,5.084648,18.10133,0,0,0,-23.79387,4.927568,18.09859
81.88097,-23.69658,5.084648,18.10133,0,0,0,-23.79387,4.927568,18.09859
81.89561,-23.69658,5.084648,18.10133,0,0,0,-23.79387,4.927568,18.09859
81.90445,-23.69658,5.084648,18.10133,0,0,0,-23.79387,4.927568,18.09859
81.91911,-23.69658,5.084648,18.10133,0,0,0,-23.79387,4.927568,18.09859
81.92707,-23.6964,5.085055,18.09972,0,0,0,-23.79387,4.927568,18.09859
81.93616,-23.6964,5.085055,18.09972,0,0,0,-23.79387,4.927568,18.09859
81.94396,-23.6964,5.085055,18.09972,0,0,0,-23.79387,4.927568,18.09859
81.95264,-23.6964,5.085055,18.09972,0,0,0,-23.79387,4.927568,18.09859
81.96026,-23.69823,5.084651,18.10115,0,0,0,-23.79387,4.927568,18.09859
81.97002,-23.69823,5.084651,18.10115,0,0,0,-23.79387,4.927568,18.09859
81.97792,-23.69823,5.084651,18.10115,0,0,0,-23.79387,4.927568,18.09859
81.98608,-23.6964,5.085055,18.09972,0,0,0,-23.79387,4.927568,18.09859
81.99411,-23.6964,5.085055,18.09972,0,0,0,-23.79387,4.927568,18.09859
82.0014,-23.6964,5.085055,18.09972,0,0,0,-23.79387,4.927568,18.09859
82.00974,-23.6964,5.085055,18.09972,0,0,0,-23.79387,4.927568,18.09859
82.01722,-23.6964,5.085055,18.09972,0,0,0,-23.79387,4.927568,18.09859
82.02461,-23.6964,5.085055,18.09972,0,0,0,-23.79387,4.927568,18.09859
82.03261,-23.6964,5.085055,18.09972,0,0,0,-23.79387,4.927568,18.09859
82.03972,-23.6964,5.085055,18.09972,0,0,0,-23.79387,4.927568,18.09859
82.04971,-23.6964,5.085055,18.09972,0,0,0,-23.79387,4.927568,18.09859
82.05874,-23.6964,5.085055,18.09972,0,0,0,-23.79387,4.927568,18.09859
82.066,-23.6964,5.085055,18.09972,0,0,0,-23.79387,4.927568,18.09859
82.07424,-23.6964,5.085055,18.09972,0,0,0,-23.79387,4.927568,18.09859
82.08212,-23.6964,5.085055,18.09972,0,0,0,-23.79387,4.927568,18.09859
82.09262,-23.6964,5.085055,18.09972,0,0,0,-23.79387,4.927568,18.09859
82.10119,-23.69787,5.085466,18.09793,0,0,0,-23.79387,4.927568,18.09859
82.11018,-23.69787,5.085466,18.09793,0,0,0,-23.79387,4.927568,18.09859
82.1195,-23.69787,5.085466,18.09793,0,0,0,-23.79387,4.927568,18.09859
82.12766,-23.6964,5.085055,18.09972,0,0,0,-23.79387,4.927568,18.09859
82.13728,-23.6964,5.085055,18.09972,0,0,0,-23.79387,4.927568,18.09859
82.14788,-23.6964,5.085055,18.09972,0,0,0,-23.79387,4.927568,18.09859
82.15749,-23.6964,5.085055,18.09972,0,0,0,-23.79387,4.927568,18.09859
82.16534,-23.6964,5.085055,18.09972,0,0,0,-23.79387,4.927568,18.09859
82.17535,-23.6964,5.085055,18.09972,0,0,0,-23.79387,4.927568,18.09859
82.18366,-23.69823,5.084651,18.10115,0,0,0,-23.79387,4.927568,18.09859
82.19505,-23.69823,5.084651,18.10115,0,0,0,-23.79387,4.927568,18.09859
82.20421,-23.6964,5.085055,18.09972,0,0,0,-23.79387,4.927568,18.09859
82.21342,-23.6964,5.085055,18.09972,0,0,0,-23.79387,4.927568,18.09859
82.2215,-23.69823,5.084651,18.10115,0,0,0,-23.79387,4.927568,18.09859
82.23018,-23.69823,5.084651,18.10115,0,0,0,-23.79387,4.927568,18.09859
82.23815,-23.69823,5.084651,18.10115,0,0,0,-23.79387,4.927568,18.09859
82.24548,-23.69823,5.084651,18.10115,0,0,0,-23.79387,4.927568,18.09859
82.25403,-23.69823,5.084651,18.10115,0,0,0,-23.79387,4.927568,18.09859
82.2619,-23.69658,5.084648,18.10133,0,0,0,-23.79387,4.927568,18.09859
82.27125,-23.69658,5.084648,18.10133,0,0,0,-23.79387,4.927568,18.09859
82.27847,-23.69658,5.084648,18.10133,0,0,0,-23.79387,4.927568,18.09859
82.28633,-23.6964,5.085055,18.09972,0,0,0,-23.79387,4.927568,18.09859
82.29672,-23.6964,5.085055,18.09972,0,0,0,-23.79387,4.927568,18.09859
82.3045,-23.69817,5.08427,18.10057,0,0,0,-23.79387,4.927568,18.09859
82.3131,-23.69817,5.08427,18.10057,0,0,0,-23.79387,4.927568,18.09859
82.323,-23.69652,5.084267,18.10075,0,0,0,-23.79387,4.927568,18.09859
82.33168,-23.69652,5.084267,18.10075,0,0,0,-23.79387,4.927568,18.09859
82.34196,-23.69634,5.084674,18.09914,0,0,0,-23.79387,4.927568,18.09859
82.35078,-23.69634,5.084674,18.09914,0,0,0,-23.79387,4.927568,18.09859
82.35878,-23.69634,5.084674,18.09914,0,0,0,-23.79387,4.927568,18.09859
82.36721,-23.69562,5.084673,18.09922,0,0,0,-23.79387,4.927568,18.09859
82.37591,-23.69562,5.084673,18.09922,0,0,0,-23.79387,4.927568,18.09859
82.38608,-23.69655,5.084677,18.09912,0,0,0,-23.79387,4.927568,18.09859
82.39569,-23.69655,5.084677,18.09912,0,0,0,-23.79387,4.927568,18.09859
82.40418,-23.69418,5.084674,18.09938,0,0,0,-23.79387,4.927568,18.09859
82.41317,-23.69418,5.084674,18.09938,0,0,0,-23.79387,4.927568,18.09859
82.42149,-23.69601,5.08427,18.10081,0,0,0,-23.79387,4.927568,18.09859
82.43046,-23.69601,5.08427,18.10081,0,0,0,-23.79387,4.927568,18.09859
82.44027,-23.69565,5.085085,18.0976,0,0,0,-23.79387,4.927568,18.09859
82.4511,-23.69565,5.085085,18.0976,0,0,0,-23.79387,4.927568,18.09859
82.46384,-23.69569,5.084749,18.09798,0,0,0,-23.79387,4.927568,18.09859
82.47344,-23.69569,5.084749,18.09798,0,0,0,-23.79387,4.927568,18.09859
82.48201,-23.69405,5.084745,18.09817,0,0,0,-23.79387,4.927568,18.09859
82.49371,-23.69405,5.084745,18.09817,0,0,0,-23.79387,4.927568,18.09859
82.50443,-23.69387,5.085157,18.09656,0,0,0,-23.79387,4.927568,18.09859
82.51308,-23.69387,5.085157,18.09656,0,0,0,-23.79387,4.927568,18.09859
82.52113,-23.69387,5.085158,18.09656,0,0,0,-23.79387,4.927568,18.09859
82.52975,-23.69387,5.085158,18.09656,0,0,0,-23.79387,4.927568,18.09859
82.53928,-23.69387,5.085158,18.09656,0,0,0,-23.79387,4.927568,18.09859
82.54699,-23.69391,5.084821,18.09694,0,0,0,-23.79387,4.927568,18.09859
82.55569,-23.69391,5.084821,18.09694,0,0,0,-23.79387,4.927568,18.09859
82.56406,-23.69374,5.085234,18.09534,0,0,0,-23.79387,4.927568,18.09859
82.57277,-23.69374,5.085234,18.09534,0,0,0,-23.79387,4.927568,18.09859
82.58099,-23.69391,5.084821,18.09694,0,0,0,-23.79387,4.927568,18.09859
82.58958,-23.69391,5.084821,18.09694,0,0,0,-23.79387,4.927568,18.09859
82.59692,-23.69391,5.084821,18.09694,0,0,0,-23.79387,4.927568,18.09859
82.60457,-23.69391,5.084821,18.09694,0,0,0,-23.79387,4.927568,18.09859
82.61317,-23.69391,5.084821,18.09694,0,0,0,-23.79387,4.927568,18.09859
82.62166,-23.69374,5.085233,18.09534,0,0,0,-23.79387,4.927568,18.09859
82.63026,-23.69374,5.085233,18.09534,0,0,0,-23.79387,4.927568,18.09859
82.63892,-23.69374,5.085233,18.09534,0,0,0,-23.79387,4.927568,18.09859
82.64652,-23.69374,5.085234,18.09534,0,0,0,-23.79387,4.927568,18.09859
82.6553,-23.69374,5.085234,18.09534,0,0,0,-23.79387,4.927568,18.09859
82.66345,-23.69391,5.084821,18.09694,0,0,0,-23.79387,4.927568,18.09859
82.67213,-23.69391,5.084821,18.09694,0,0,0,-23.79387,4.927568,18.09859
82.68028,-23.69538,5.085237,18.09516,0,0,0,-23.79387,4.927568,18.09859
82.68896,-23.69538,5.085237,18.09516,0,0,0,-23.79387,4.927568,18.09859
82.69662,-23.69538,5.085237,18.09516,0,0,0,-23.79387,4.927568,18.09859
82.70718,-23.69556,5.084824,18.09676,0,0,0,-23.79387,4.927568,18.09859
82.71548,-23.69556,5.084824,18.09676,0,0,0,-23.79387,4.927568,18.09859
82.72284,-23.69556,5.084824,18.09676,0,0,0,-23.79387,4.927568,18.09859
82.73362,-23.69556,5.084824,18.09676,0,0,0,-23.79387,4.927568,18.09859
82.74104,-23.69391,5.084821,18.09694,0,0,0,-23.79387,4.927568,18.09859
82.74953,-23.69391,5.084821,18.09694,0,0,0,-23.79387,4.927568,18.09859
82.75741,-23.69391,5.084821,18.09694,0,0,0,-23.79387,4.927568,18.09859
82.76563,-23.69391,5.084821,18.09694,0,0,0,-23.79387,4.927568,18.09859
82.77592,-23.69391,5.084821,18.09694,0,0,0,-23.79387,4.927568,18.09859
82.78324,-23.69391,5.084821,18.09694,0,0,0,-23.79387,4.927568,18.09859
82.79237,-23.69391,5.084821,18.09694,0,0,0,-23.79387,4.927568,18.09859
82.80003,-23.69391,5.084821,18.09694,0,0,0,-23.79387,4.927568,18.09859
82.80851,-23.69391,5.084821,18.09694,0,0,0,-23.79387,4.927568,18.09859
82.81567,-23.69391,5.084821,18.09694,0,0,0,-23.79387,4.927568,18.09859
82.82334,-23.69391,5.084821,18.09694,0,0,0,-23.79387,4.927568,18.09859
82.83338,-23.69391,5.084821,18.09694,0,0,0,-23.79387,4.927568,18.09859
82.84108,-23.69391,5.084821,18.09694,0,0,0,-23.79387,4.927568,18.09859
82.84913,-23.69391,5.084821,18.09694,0,0,0,-23.79387,4.927568,18.09859
82.85735,-23.69391,5.084821,18.09694,0,0,0,-23.79387,4.927568,18.09859
82.86546,-23.69556,5.084824,18.09676,0,0,0,-23.79387,4.927568,18.09859
82.87396,-23.69556,5.084824,18.09676,0,0,0,-23.79387,4.927568,18.09859
82.88108,-23.69391,5.084821,18.09694,0,0,0,-23.79387,4.927568,18.09859
82.88989,-23.69391,5.084821,18.09694,0,0,0,-23.79387,4.927568,18.09859
82.89894,-23.69391,5.084821,18.09694,0,0,0,-23.79387,4.927568,18.09859
82.90611,-23.69374,5.085234,18.09534,0,0,0,-23.79387,4.927568,18.09859
82.91508,-23.69374,5.085234,18.09534,0,0,0,-23.79387,4.927568,18.09859
82.92293,-23.69391,5.084821,18.09694,0,0,0,-23.79387,4.927568,18.09859
82.93263,-23.69391,5.084821,18.09694,0,0,0,-23.79387,4.927568,18.09859
82.94161,-23.69391,5.084821,18.09694,0,0,0,-23.79387,4.927568,18.09859
82.95045,-23.69391,5.084821,18.09694,0,0,0,-23.79387,4.927568,18.09859
82.95876,-23.69391,5.084821,18.09694,0,0,0,-23.79387,4.927568,18.09859
82.96622,-23.69374,5.085234,18.09534,0,0,0,-23.79387,4.927568,18.09859
82.97527,-23.69374,5.085234,18.09534,0,0,0,-23.79387,4.927568,18.09859
82.98355,-23.69319,5.084821,18.09702,0,0,0,-23.79387,4.927568,18.09859
82.99217,-23.69319,5.084821,18.09702,0,0,0,-23.79387,4.927568,18.09859
82.99966,-23.69319,5.084821,18.09702,0,0,0,-23.79387,4.927568,18.09859
83.00779,-23.69319,5.084821,18.09702,0,0,0,-23.79387,4.927568,18.09859
83.01788,-23.69319,5.084821,18.09702,0,0,0,-23.79387,4.927568,18.09859
83.02536,-23.69252,5.084484,18.09749,0,0,0,-23.79387,4.927568,18.09859
83.03474,-23.69252,5.084484,18.09749,0,0,0,-23.79387,4.927568,18.09859
83.04492,-23.6918,5.084484,18.09757,0,0,0,-23.79387,4.927568,18.09859
83.05389,-23.6918,5.084484,18.09757,0,0,0,-23.79387,4.927568,18.09859
83.06151,-23.6909,5.084897,18.09604,0,0,0,-23.79387,4.927568,18.09859
83.07102,-23.6909,5.084897,18.09604,0,0,0,-23.79387,4.927568,18.09859
83.08067,-23.69019,5.084897,18.09612,0,0,0,-23.79387,4.927568,18.09859
83.09151,-23.69019,5.084897,18.09612,0,0,0,-23.79387,4.927568,18.09859
83.09925,-23.69019,5.084897,18.09612,0,0,0,-23.79387,4.927568,18.09859
83.10751,-23.69027,5.084979,18.09488,0,0,0,-23.79387,4.927568,18.09859
83.11651,-23.69027,5.084979,18.09488,0,0,0,-23.79387,4.927568,18.09859
83.12411,-23.6887,5.085057,18.09382,0,0,0,-23.79387,4.927568,18.09859
83.13385,-23.6887,5.085057,18.09382,0,0,0,-23.79387,4.927568,18.09859
83.14502,-23.68764,5.085899,18.09068,0,0,0,-23.79387,4.927568,18.09859
83.15443,-23.68764,5.085899,18.09068,0,0,0,-23.79387,4.927568,18.09859
83.16222,-23.68747,5.086324,18.08908,0,0,0,-23.79387,4.927568,18.09859
83.17036,-23.68747,5.086324,18.08908,0,0,0,-23.79387,4.927568,18.09859
83.17796,-23.68747,5.086324,18.08908,0,0,0,-23.79387,4.927568,18.09859
83.18607,-23.68477,5.087175,18.08612,0,0,0,-23.79387,4.927568,18.09859
83.19699,-23.68477,5.087175,18.08612,0,0,0,-23.79387,4.927568,18.09859
83.20428,-23.68624,5.087608,18.08434,0,0,0,-23.79387,4.927568,18.09859
83.21295,-23.68624,5.087608,18.08434,0,0,0,-23.79387,4.927568,18.09859
83.22333,-23.68608,5.08804,18.08274,0,0,0,-23.79387,4.927568,18.09859
83.23254,-23.68608,5.08804,18.08274,0,0,0,-23.79387,4.927568,18.09859
83.24062,-23.68426,5.088471,18.08131,0,0,0,-23.79387,4.927568,18.09859
83.24897,-23.68426,5.088471,18.08131,0,0,0,-23.79387,4.927568,18.09859
83.25695,-23.68426,5.088471,18.08131,0,0,0,-23.79387,4.927568,18.09859
83.2643,-23.68591,5.088474,18.08114,0,0,0,-23.79387,4.927568,18.09859
83.27291,-23.68591,5.088474,18.08114,0,0,0,-23.79387,4.927568,18.09859
83.28144,-23.68409,5.088907,18.07971,0,0,0,-23.79387,4.927568,18.09859
83.29122,-23.68409,5.088907,18.07971,0,0,0,-23.79387,4.927568,18.09859
83.29898,-23.68409,5.088907,18.07971,0,0,0,-23.79387,4.927568,18.09859
83.30682,-23.68556,5.089348,18.07793,0,0,0,-23.79387,4.927568,18.09859
83.31532,-23.68556,5.089348,18.07793,0,0,0,-23.79387,4.927568,18.09859
83.32282,-23.68556,5.089348,18.07793,0,0,0,-23.79387,4.927568,18.09859
83.33166,-23.68556,5.089348,18.07793,0,0,0,-23.79387,4.927568,18.09859
83.33898,-23.68556,5.089348,18.07793,0,0,0,-23.79387,4.927568,18.09859
83.34663,-23.68556,5.089348,18.07793,0,0,0,-23.79387,4.927568,18.09859
83.35526,-23.68556,5.089348,18.07793,0,0,0,-23.79387,4.927568,18.09859
83.36302,-23.68556,5.089348,18.07793,0,0,0,-23.79387,4.927568,18.09859
83.3718,-23.68556,5.089348,18.07793,0,0,0,-23.79387,4.927568,18.09859
83.37925,-23.68556,5.089348,18.07793,0,0,0,-23.79387,4.927568,18.09859
83.38793,-23.68392,5.089345,18.07811,0,0,0,-23.79387,4.927568,18.09859
83.39655,-23.68392,5.089345,18.07811,0,0,0,-23.79387,4.927568,18.09859
83.40469,-23.68556,5.089348,18.07793,0,0,0,-23.79387,4.927568,18.09859
83.41296,-23.68556,5.089348,18.07793,0,0,0,-23.79387,4.927568,18.09859
83.42028,-23.68573,5.08891,18.07953,0,0,0,-23.79387,4.927568,18.09859
83.42899,-23.68573,5.08891,18.07953,0,0,0,-23.79387,4.927568,18.09859
83.43719,-23.68573,5.08891,18.07953,0,0,0,-23.79387,4.927568,18.09859
83.44443,-23.68755,5.088478,18.08096,0,0,0,-23.79387,4.927568,18.09859
83.45382,-23.68755,5.088478,18.08096,0,0,0,-23.79387,4.927568,18.09859
83.4611,-23.68755,5.088478,18.08096,0,0,0,-23.79387,4.927568,18.09859
83.47002,-23.68755,5.088478,18.08096,0,0,0,-23.79387,4.927568,18.09859
83.47716,-23.68755,5.088478,18.08096,0,0,0,-23.79387,4.927568,18.09859
83.48467,-23.68937,5.088051,18.08239,0,0,0,-23.79387,4.927568,18.09859
83.49339,-23.68937,5.088051,18.08239,0,0,0,-23.79387,4.927568,18.09859
83.5013,-23.68954,5.087619,18.084,0,0,0,-23.79387,4.927568,18.09859
83.51043,-23.68954,5.087619,18.084,0,0,0,-23.79387,4.927568,18.09859
83.51805,-23.68954,5.087619,18.084,0,0,0,-23.79387,4.927568,18.09859
83.52578,-23.69139,5.086862,18.08582,0,0,0,-23.79387,4.927568,18.09859
83.53461,-23.69139,5.086862,18.08582,0,0,0,-23.79387,4.927568,18.09859
83.54209,-23.69342,5.085681,18.08924,0,0,0,-23.79387,4.927568,18.09859
83.55068,-23.69342,5.085681,18.08924,0,0,0,-23.79387,4.927568,18.09859
83.55795,-23.69342,5.085681,18.08924,0,0,0,-23.79387,4.927568,18.09859
83.56508,-23.69377,5.084835,18.09245,0,0,0,-23.79387,4.927568,18.09859
83.57355,-23.69377,5.084835,18.09245,0,0,0,-23.79387,4.927568,18.09859
83.5811,-23.69576,5.084011,18.0955,0,0,0,-23.79387,4.927568,18.09859
83.58961,-23.69576,5.084011,18.0955,0,0,0,-23.79387,4.927568,18.09859
83.59681,-23.69576,5.084011,18.0955,0,0,0,-23.79387,4.927568,18.09859
83.60445,-23.69775,5.083198,18.09854,0,0,0,-23.79387,4.927568,18.09859
83.61246,-23.69775,5.083198,18.09854,0,0,0,-23.79387,4.927568,18.09859
83.61996,-23.69775,5.083198,18.09854,0,0,0,-23.79387,4.927568,18.09859
83.62757,-23.69644,5.08236,18.10193,0,0,0,-23.79387,4.927568,18.09859
83.63624,-23.69644,5.08236,18.10193,0,0,0,-23.79387,4.927568,18.09859
83.64373,-23.69826,5.081969,18.10337,0,0,0,-23.79387,4.927568,18.09859
83.65219,-23.69826,5.081969,18.10337,0,0,0,-23.79387,4.927568,18.09859
83.65997,-23.69826,5.081969,18.10337,0,0,0,-23.79387,4.927568,18.09859
83.66758,-23.69826,5.08197,18.10337,0,0,0,-23.79387,4.927568,18.09859
83.67647,-23.69826,5.08197,18.10337,0,0,0,-23.79387,4.927568,18.09859
83.68395,-23.69843,5.081564,18.10497,0,0,0,-23.79387,4.927568,18.09859
83.69241,-23.69843,5.081564,18.10497,0,0,0,-23.79387,4.927568,18.09859
83.69981,-23.69843,5.081564,18.10497,0,0,0,-23.79387,4.927568,18.09859
83.70801,-23.69843,5.081564,18.10497,0,0,0,-23.79387,4.927568,18.09859
83.71748,-23.69843,5.081564,18.10497,0,0,0,-23.79387,4.927568,18.09859
83.72543,-23.69843,5.081564,18.10497,0,0,0,-23.79387,4.927568,18.09859
83.73605,-23.69843,5.081564,18.10497,0,0,0,-23.79387,4.927568,18.09859
83.74557,-23.69861,5.081161,18.10659,0,0,0,-23.79387,4.927568,18.09859
83.75466,-23.69861,5.081161,18.10659,0,0,0,-23.79387,4.927568,18.09859
83.76701,-23.69843,5.081564,18.10497,0,0,0,-23.79387,4.927568,18.09859
83.77608,-23.69843,5.081564,18.10497,0,0,0,-23.79387,4.927568,18.09859
83.78824,-23.69843,5.081564,18.10497,0,0,0,-23.79387,4.927568,18.09859
83.79758,-23.69843,5.081564,18.10497,0,0,0,-23.79387,4.927568,18.09859
83.80731,-23.69826,5.08197,18.10337,0,0,0,-23.79387,4.927568,18.09859
83.81805,-23.69826,5.08197,18.10337,0,0,0,-23.79387,4.927568,18.09859
83.82587,-23.69826,5.08197,18.10337,0,0,0,-23.79387,4.927568,18.09859
83.83578,-23.69826,5.08197,18.10337,0,0,0,-23.79387,4.927568,18.09859
83.84682,-23.69737,5.082377,18.10184,0,0,0,-23.79387,4.927568,18.09859
83.85663,-23.69737,5.082377,18.10184,0,0,0,-23.79387,4.927568,18.09859
83.86477,-23.69737,5.082377,18.10184,0,0,0,-23.79387,4.927568,18.09859
83.87376,-23.69737,5.082377,18.10184,0,0,0,-23.79387,4.927568,18.09859
83.8821,-23.69737,5.082377,18.10184,0,0,0,-23.79387,4.927568,18.09859
83.89214,-23.69737,5.082377,18.10184,0,0,0,-23.79387,4.927568,18.09859
83.9005,-23.6972,5.082786,18.10023,0,0,0,-23.79387,4.927568,18.09859
83.91001,-23.6972,5.082786,18.10023,0,0,0,-23.79387,4.927568,18.09859
83.91751,-23.6972,5.082786,18.10023,0,0,0,-23.79387,4.927568,18.09859
83.92655,-23.6972,5.082786,18.10023,0,0,0,-23.79387,4.927568,18.09859
83.93524,-23.6972,5.082786,18.10023,0,0,0,-23.79387,4.927568,18.09859
83.94409,-23.6972,5.082786,18.10023,0,0,0,-23.79387,4.927568,18.09859
83.95324,-23.6972,5.082786,18.10023,0,0,0,-23.79387,4.927568,18.09859
83.96102,-23.69737,5.082377,18.10184,0,0,0,-23.79387,4.927568,18.09859
83.96983,-23.69737,5.082377,18.10184,0,0,0,-23.79387,4.927568,18.09859
83.97791,-23.69737,5.082377,18.10184,0,0,0,-23.79387,4.927568,18.09859
83.98639,-23.69572,5.08236,18.10201,0,0,0,-23.79387,4.927568,18.09859
83.99481,-23.69572,5.08236,18.10201,0,0,0,-23.79387,4.927568,18.09859
84.00544,-23.69737,5.082376,18.10184,0,0,0,-23.79387,4.927568,18.09859
84.01558,-23.69737,5.082376,18.10184,0,0,0,-23.79387,4.927568,18.09859
84.02338,-23.6972,5.082786,18.10023,0,0,0,-23.79387,4.927568,18.09859
84.03273,-23.6972,5.082786,18.10023,0,0,0,-23.79387,4.927568,18.09859
84.04023,-23.6972,5.082786,18.10023,0,0,0,-23.79387,4.927568,18.09859
84.04885,-23.6972,5.082786,18.10023,0,0,0,-23.79387,4.927568,18.09859
84.0576,-23.6972,5.082786,18.10023,0,0,0,-23.79387,4.927568,18.09859
84.06517,-23.6972,5.082786,18.10023,0,0,0,-23.79387,4.927568,18.09859
84.0754,-23.6972,5.082786,18.10023,0,0,0,-23.79387,4.927568,18.09859
84.08479,-23.6972,5.082786,18.10023,0,0,0,-23.79387,4.927568,18.09859
84.09467,-23.6972,5.082786,18.10023,0,0,0,-23.79387,4.927568,18.09859
84.10665,-23.6972,5.082786,18.10023,0,0,0,-23.79387,4.927568,18.09859
84.11725,-23.6972,5.082786,18.10023,0,0,0,-23.79387,4.927568,18.09859
84.12796,-23.69703,5.083197,18.09862,0,0,0,-23.79387,4.927568,18.09859
84.1381,-23.69703,5.083197,18.09862,0,0,0,-23.79387,4.927568,18.09859
84.14586,-23.6972,5.082786,18.10023,0,0,0,-23.79387,4.927568,18.09859
84.15488,-23.6972,5.082786,18.10023,0,0,0,-23.79387,4.927568,18.09859
84.16322,-23.69868,5.083216,18.09845,0,0,0,-23.79387,4.927568,18.09859
84.17346,-23.69868,5.083216,18.09845,0,0,0,-23.79387,4.927568,18.09859
84.18431,-23.69707,5.082859,18.09901,0,0,0,-23.79387,4.927568,18.09859
84.19514,-23.69707,5.082859,18.09901,0,0,0,-23.79387,4.927568,18.09859
84.2044,-23.69872,5.082877,18.09883,0,0,0,-23.79387,4.927568,18.09859
84.21362,-23.69872,5.082877,18.09883,0,0,0,-23.79387,4.927568,18.09859
84.22229,-23.69872,5.082878,18.09883,0,0,0,-23.79387,4.927568,18.09859
84.23097,-23.69872,5.082878,18.09883,0,0,0,-23.79387,4.927568,18.09859
84.2386,-23.69872,5.082878,18.09883,0,0,0,-23.79387,4.927568,18.09859
84.24615,-23.69872,5.082878,18.09883,0,0,0,-23.79387,4.927568,18.09859
84.25483,-23.69872,5.082878,18.09883,0,0,0,-23.79387,4.927568,18.09859
84.26216,-23.69854,5.083292,18.09723,0,0,0,-23.79387,4.927568,18.09859
84.27081,-23.69854,5.083292,18.09723,0,0,0,-23.79387,4.927568,18.09859
84.2783,-23.69854,5.083292,18.09723,0,0,0,-23.79387,4.927568,18.09859
84.28623,-23.69854,5.083292,18.09723,0,0,0,-23.79387,4.927568,18.09859
84.29449,-23.69854,5.083292,18.09723,0,0,0,-23.79387,4.927568,18.09859
84.30226,-23.69837,5.083707,18.09562,0,0,0,-23.79387,4.927568,18.09859
84.31367,-23.69837,5.083707,18.09562,0,0,0,-23.79387,4.927568,18.09859
84.32485,-23.69837,5.083707,18.09562,0,0,0,-23.79387,4.927568,18.09859
84.33525,-23.69837,5.083707,18.09562,0,0,0,-23.79387,4.927568,18.09859
84.34386,-23.6982,5.084125,18.09401,0,0,0,-23.79387,4.927568,18.09859
84.35359,-23.6982,5.084125,18.09401,0,0,0,-23.79387,4.927568,18.09859
84.36302,-23.69985,5.084144,18.09384,0,0,0,-23.79387,4.927568,18.09859
84.37302,-23.69985,5.084144,18.09384,0,0,0,-23.79387,4.927568,18.09859
84.38123,-23.6982,5.084124,18.09401,0,0,0,-23.79387,4.927568,18.09859
84.39133,-23.6982,5.084124,18.09401,0,0,0,-23.79387,4.927568,18.09859
84.40163,-23.69803,5.084544,18.09241,0,0,0,-23.79387,4.927568,18.09859
84.41235,-23.69803,5.084544,18.09241,0,0,0,-23.79387,4.927568,18.09859
84.42136,-23.69803,5.084543,18.09241,0,0,0,-23.79387,4.927568,18.09859
84.43288,-23.69803,5.084543,18.09241,0,0,0,-23.79387,4.927568,18.09859
84.44546,-23.69786,5.084965,18.0908,0,0,0,-23.79387,4.927568,18.09859
84.45631,-23.69786,5.084965,18.0908,0,0,0,-23.79387,4.927568,18.09859
84.46796,-23.69786,5.084966,18.0908,0,0,0,-23.79387,4.927568,18.09859
84.47807,-23.69786,5.084966,18.0908,0,0,0,-23.79387,4.927568,18.09859
84.48638,-23.69786,5.084966,18.0908,0,0,0,-23.79387,4.927568,18.09859
84.49553,-23.69786,5.084966,18.0908,0,0,0,-23.79387,4.927568,18.09859
84.50399,-23.69786,5.084966,18.0908,0,0,0,-23.79387,4.927568,18.09859
84.51257,-23.69786,5.084966,18.0908,0,0,0,-23.79387,4.927568,18.09859
84.52068,-23.69786,5.084966,18.0908,0,0,0,-23.79387,4.927568,18.09859
84.52923,-23.69786,5.084966,18.0908,0,0,0,-23.79387,4.927568,18.09859
84.5372,-23.69786,5.084966,18.0908,0,0,0,-23.79387,4.927568,18.09859
84.54511,-23.69786,5.084966,18.0908,0,0,0,-23.79387,4.927568,18.09859
84.5543,-23.69786,5.084966,18.0908,0,0,0,-23.79387,4.927568,18.09859
84.56189,-23.6979,5.084626,18.09119,0,0,0,-23.79387,4.927568,18.09859
84.57069,-23.6979,5.084626,18.09119,0,0,0,-23.79387,4.927568,18.09859
84.57827,-23.6979,5.084626,18.09119,0,0,0,-23.79387,4.927568,18.09859
84.58598,-23.6979,5.084627,18.09119,0,0,0,-23.79387,4.927568,18.09859
84.59469,-23.6979,5.084627,18.09119,0,0,0,-23.79387,4.927568,18.09859
84.60343,-23.6979,5.084628,18.09119,0,0,0,-23.79387,4.927568,18.09859
84.61174,-23.6979,5.084628,18.09119,0,0,0,-23.79387,4.927568,18.09859
84.6198,-23.6979,5.084628,18.09119,0,0,0,-23.79387,4.927568,18.09859
84.62729,-23.69807,5.084205,18.09279,0,0,0,-23.79387,4.927568,18.09859
84.63612,-23.69807,5.084205,18.09279,0,0,0,-23.79387,4.927568,18.09859
84.64341,-23.6979,5.084627,18.09119,0,0,0,-23.79387,4.927568,18.09859
84.65303,-23.6979,5.084627,18.09119,0,0,0,-23.79387,4.927568,18.09859
84.66116,-23.6979,5.084628,18.09119,0,0,0,-23.79387,4.927568,18.09859
84.67056,-23.6979,5.084628,18.09119,0,0,0,-23.79387,4.927568,18.09859
84.67786,-23.6979,5.084628,18.09119,0,0,0,-23.79387,4.927568,18.09859
84.68604,-23.6979,5.084628,18.09119,0,0,0,-23.79387,4.927568,18.09859
84.69566,-23.6979,5.084628,18.09119,0,0,0,-23.79387,4.927568,18.09859
84.70395,-23.6979,5.084628,18.09119,0,0,0,-23.79387,4.927568,18.09859
84.71221,-23.6979,5.084628,18.09119,0,0,0,-23.79387,4.927568,18.09859
84.72092,-23.6979,5.084628,18.09119,0,0,0,-23.79387,4.927568,18.09859
84.7296,-23.6979,5.084628,18.09119,0,0,0,-23.79387,4.927568,18.09859
84.73922,-23.6979,5.084628,18.09119,0,0,0,-23.79387,4.927568,18.09859
84.74776,-23.6979,5.084626,18.09119,0,0,0,-23.79387,4.927568,18.09859
84.75751,-23.6979,5.084626,18.09119,0,0,0,-23.79387,4.927568,18.09859
84.76852,-23.6979,5.084627,18.09119,0,0,0,-23.79387,4.927568,18.09859
84.77795,-23.6979,5.084627,18.09119,0,0,0,-23.79387,4.927568,18.09859
84.78641,-23.69807,5.084205,18.09279,0,0,0,-23.79387,4.927568,18.09859
84.79869,-23.69807,5.084205,18.09279,0,0,0,-23.79387,4.927568,18.09859
84.80796,-23.69955,5.084647,18.09102,0,0,0,-23.79387,4.927568,18.09859
84.8187,-23.69955,5.084647,18.09102,0,0,0,-23.79387,4.927568,18.09859
84.82805,-23.6979,5.084628,18.09119,0,0,0,-23.79387,4.927568,18.09859
84.83841,-23.6979,5.084628,18.09119,0,0,0,-23.79387,4.927568,18.09859
84.84711,-23.69955,5.084648,18.09102,0,0,0,-23.79387,4.927568,18.09859
84.8561,-23.69955,5.084648,18.09102,0,0,0,-23.79387,4.927568,18.09859
84.86502,-23.69972,5.084226,18.09262,0,0,0,-23.79387,4.927568,18.09859
84.8751,-23.69972,5.084226,18.09262,0,0,0,-23.79387,4.927568,18.09859
84.88264,-23.6979,5.084628,18.09119,0,0,0,-23.79387,4.927568,18.09859
84.89146,-23.6979,5.084628,18.09119,0,0,0,-23.79387,4.927568,18.09859
84.89929,-23.6979,5.084628,18.09119,0,0,0,-23.79387,4.927568,18.09859
84.90774,-23.6979,5.084628,18.09119,0,0,0,-23.79387,4.927568,18.09859
84.91628,-23.6979,5.084628,18.09119,0,0,0,-23.79387,4.927568,18.09859
84.92423,-23.6979,5.084628,18.09119,0,0,0,-23.79387,4.927568,18.09859
84.93282,-23.6979,5.084628,18.09119,0,0,0,-23.79387,4.927568,18.09859
84.94062,-23.69807,5.084205,18.09279,0,0,0,-23.79387,4.927568,18.09859
84.9493,-23.69807,5.084205,18.09279,0,0,0,-23.79387,4.927568,18.09859
84.95699,-23.69807,5.084205,18.09279,0,0,0,-23.79387,4.927568,18.09859
84.96545,-23.69955,5.084647,18.09102,0,0,0,-23.79387,4.927568,18.09859
84.97392,-23.69955,5.084647,18.09102,0,0,0,-23.79387,4.927568,18.09859
84.98125,-23.69955,5.084648,18.09102,0,0,0,-23.79387,4.927568,18.09859
84.98961,-23.69955,5.084648,18.09102,0,0,0,-23.79387,4.927568,18.09859
84.99992,-23.69955,5.084648,18.09102,0,0,0,-23.79387,4.927568,18.09859
85.00754,-23.69938,5.085072,18.08941,0,0,0,-23.79387,4.927568,18.09859
85.01611,-23.69938,5.085072,18.08941,0,0,0,-23.79387,4.927568,18.09859
85.02421,-23.69773,5.085052,18.08958,0,0,0,-23.79387,4.927568,18.09859
85.03476,-23.69773,5.085052,18.08958,0,0,0,-23.79387,4.927568,18.09859
85.04244,-23.69866,5.085071,18.08949,0,0,0,-23.79387,4.927568,18.09859
85.05154,-23.69866,5.085071,18.08949,0,0,0,-23.79387,4.927568,18.09859
85.06,-23.69701,5.085052,18.08966,0,0,0,-23.79387,4.927568,18.09859
85.06894,-23.69701,5.085052,18.08966,0,0,0,-23.79387,4.927568,18.09859
85.07668,-23.69701,5.085052,18.08966,0,0,0,-23.79387,4.927568,18.09859
85.08391,-23.69794,5.085071,18.08957,0,0,0,-23.79387,4.927568,18.09859
85.09313,-23.69794,5.085071,18.08957,0,0,0,-23.79387,4.927568,18.09859
85.10043,-23.6963,5.085052,18.08974,0,0,0,-23.79387,4.927568,18.09859
85.11221,-23.6963,5.085052,18.08974,0,0,0,-23.79387,4.927568,18.09859
85.12008,-23.6963,5.085052,18.08974,0,0,0,-23.79387,4.927568,18.09859
85.12843,-23.6963,5.085052,18.08974,0,0,0,-23.79387,4.927568,18.09859
85.13642,-23.6963,5.085052,18.08974,0,0,0,-23.79387,4.927568,18.09859
85.14396,-23.69647,5.084628,18.09135,0,0,0,-23.79387,4.927568,18.09859
85.15272,-23.69647,5.084628,18.09135,0,0,0,-23.79387,4.927568,18.09859
85.16103,-23.6963,5.085052,18.08974,0,0,0,-23.79387,4.927568,18.09859
85.1711,-23.6963,5.085052,18.08974,0,0,0,-23.79387,4.927568,18.09859
85.17864,-23.6963,5.085052,18.08974,0,0,0,-23.79387,4.927568,18.09859
85.18626,-23.6963,5.085052,18.08974,0,0,0,-23.79387,4.927568,18.09859
85.19461,-23.6963,5.085052,18.08974,0,0,0,-23.79387,4.927568,18.09859
85.20232,-23.69815,5.08431,18.09157,0,0,0,-23.79387,4.927568,18.09859
85.21312,-23.69815,5.08431,18.09157,0,0,0,-23.79387,4.927568,18.09859
85.22195,-23.69634,5.084713,18.09013,0,0,0,-23.79387,4.927568,18.09859
85.23067,-23.69634,5.084713,18.09013,0,0,0,-23.79387,4.927568,18.09859
85.23869,-23.69634,5.084713,18.09013,0,0,0,-23.79387,4.927568,18.09859
85.24653,-23.69634,5.084713,18.09013,0,0,0,-23.79387,4.927568,18.09859
85.25627,-23.69634,5.084713,18.09013,0,0,0,-23.79387,4.927568,18.09859
85.26397,-23.69798,5.084733,18.08996,0,0,0,-23.79387,4.927568,18.09859
85.27393,-23.69798,5.084733,18.08996,0,0,0,-23.79387,4.927568,18.09859
85.28214,-23.69634,5.084713,18.09013,0,0,0,-23.79387,4.927568,18.09859
85.29164,-23.69634,5.084713,18.09013,0,0,0,-23.79387,4.927568,18.09859
85.29901,-23.69634,5.084713,18.09013,0,0,0,-23.79387,4.927568,18.09859
85.30684,-23.69798,5.084733,18.08996,0,0,0,-23.79387,4.927568,18.09859
85.31593,-23.69798,5.084733,18.08996,0,0,0,-23.79387,4.927568,18.09859
85.32331,-23.69798,5.084732,18.08997,0,0,0,-23.79387,4.927568,18.09859
85.33615,-23.69798,5.084732,18.08997,0,0,0,-23.79387,4.927568,18.09859
85.34459,-23.69815,5.084309,18.09157,0,0,0,-23.79387,4.927568,18.09859
85.35354,-23.69815,5.084309,18.09157,0,0,0,-23.79387,4.927568,18.09859
85.36164,-23.69638,5.084375,18.09052,0,0,0,-23.79387,4.927568,18.09859
85.37329,-23.69638,5.084375,18.09052,0,0,0,-23.79387,4.927568,18.09859
85.3808,-23.69638,5.084375,18.09052,0,0,0,-23.79387,4.927568,18.09859
85.39085,-23.69638,5.084375,18.09052,0,0,0,-23.79387,4.927568,18.09859
85.39969,-23.69638,5.084375,18.09052,0,0,0,-23.79387,4.927568,18.09859
85.40896,-23.69802,5.084394,18.09035,0,0,0,-23.79387,4.927568,18.09859
85.42657,-23.69819,5.083971,18.09196,0,0,0,-23.79387,4.927568,18.09859
85.4388,-23.69819,5.083971,18.09196,0,0,0,-23.79387,4.927568,18.09859
85.44985,-23.69638,5.084375,18.09052,0,0,0,-23.79387,4.927568,18.09859
85.46188,-23.69638,5.084375,18.09052,0,0,0,-23.79387,4.927568,18.09859
85.47441,-23.69638,5.084375,18.09052,0,0,0,-23.79387,4.927568,18.09859
85.48587,-23.69655,5.083951,18.09213,0,0,0,-23.79387,4.927568,18.09859
85.49758,-23.69655,5.083951,18.09213,0,0,0,-23.79387,4.927568,18.09859
85.50863,-23.69638,5.084375,18.09052,0,0,0,-23.79387,4.927568,18.09859
85.52067,-23.69819,5.083971,18.09196,0,0,0,-23.79387,4.927568,18.09859
85.53255,-23.69819,5.083971,18.09196,0,0,0,-23.79387,4.927568,18.09859
85.54359,-23.69638,5.084375,18.09052,0,0,0,-23.79387,4.927568,18.09859
85.55544,-23.69638,5.084375,18.09052,0,0,0,-23.79387,4.927568,18.09859
85.56566,-23.69802,5.084394,18.09035,0,0,0,-23.79387,4.927568,18.09859
85.57732,-23.69802,5.084394,18.09035,0,0,0,-23.79387,4.927568,18.09859
85.58868,-23.69802,5.084394,18.09035,0,0,0,-23.79387,4.927568,18.09859
85.60104,-23.69638,5.084375,18.09052,0,0,0,-23.79387,4.927568,18.09859
85.61298,-23.69638,5.084375,18.09052,0,0,0,-23.79387,4.927568,18.09859
85.62388,-23.69583,5.083951,18.09221,0,0,0,-23.79387,4.927568,18.09859
85.63548,-23.69583,5.083951,18.09221,0,0,0,-23.79387,4.927568,18.09859
85.64591,-23.69731,5.084394,18.09043,0,0,0,-23.79387,4.927568,18.09859
85.67557,-23.6957,5.084036,18.09099,0,0,0,-23.79387,4.927568,18.09859
85.68834,-23.6957,5.084036,18.09099,0,0,0,-23.79387,4.927568,18.09859
85.69793,-23.6957,5.084036,18.09099,0,0,0,-23.79387,4.927568,18.09859
85.70835,-23.6957,5.084036,18.09099,0,0,0,-23.79387,4.927568,18.09859
85.71719,-23.6957,5.084036,18.09099,0,0,0,-23.79387,4.927568,18.09859
85.72404,-23.6957,5.084036,18.09099,0,0,0,-23.79387,4.927568,18.09859
85.73166,-23.6957,5.084036,18.09099,0,0,0,-23.79387,4.927568,18.09859
85.73869,-23.6957,5.084036,18.09099,0,0,0,-23.79387,4.927568,18.09859
85.74577,-23.69752,5.083632,18.09243,0,0,0,-23.79387,4.927568,18.09859
85.75424,-23.69752,5.083632,18.09243,0,0,0,-23.79387,4.927568,18.09859
85.7611,-23.69752,5.083632,18.09243,0,0,0,-23.79387,4.927568,18.09859
85.76925,-23.69752,5.083632,18.09243,0,0,0,-23.79387,4.927568,18.09859
85.77624,-23.69752,5.083632,18.09243,0,0,0,-23.79387,4.927568,18.09859
85.78342,-23.6957,5.084036,18.09099,0,0,0,-23.79387,4.927568,18.09859
85.79414,-23.6957,5.084036,18.09099,0,0,0,-23.79387,4.927568,18.09859
85.80663,-23.69752,5.083632,18.09243,0,0,0,-23.79387,4.927568,18.09859
85.81466,-23.69752,5.083632,18.09243,0,0,0,-23.79387,4.927568,18.09859
85.82211,-23.69587,5.083612,18.0926,0,0,0,-23.79387,4.927568,18.09859
85.83007,-23.69587,5.083612,18.0926,0,0,0,-23.79387,4.927568,18.09859
85.83742,-23.69587,5.083612,18.0926,0,0,0,-23.79387,4.927568,18.09859
85.84767,-23.69587,5.083611,18.0926,0,0,0,-23.79387,4.927568,18.09859
85.85655,-23.69587,5.083611,18.0926,0,0,0,-23.79387,4.927568,18.09859
85.86497,-23.69752,5.083632,18.09243,0,0,0,-23.79387,4.927568,18.09859
85.87341,-23.69752,5.083632,18.09243,0,0,0,-23.79387,4.927568,18.09859
85.88131,-23.69769,5.08321,18.09403,0,0,0,-23.79387,4.927568,18.09859
85.89028,-23.69769,5.08321,18.09403,0,0,0,-23.79387,4.927568,18.09859
85.89909,-23.69769,5.08321,18.09403,0,0,0,-23.79387,4.927568,18.09859
85.90897,-23.69625,5.082432,18.0962,0,0,0,-23.79387,4.927568,18.09859
85.91892,-23.69625,5.082432,18.0962,0,0,0,-23.79387,4.927568,18.09859
85.92649,-23.69794,5.082113,18.09641,0,0,0,-23.69411,4.941225,18.05963
85.93707,-23.69794,5.082113,18.09641,0,0,0,-23.69411,4.941225,18.05963
85.94637,-23.69637,5.081415,18.09735,0,0,0,-23.69411,4.941225,18.05963
85.95682,-23.69637,5.081415,18.09735,0,0,0,-23.69411,4.941225,18.05963
85.96474,-23.69658,5.080658,18.09935,0,0,0,-23.69411,4.941225,18.05963
85.97389,-23.69658,5.080658,18.09935,0,0,0,-23.69411,4.941225,18.05963
85.98148,-23.6984,5.080261,18.10079,0,0,0,-23.69411,4.941225,18.05963
85.98991,-23.6984,5.080261,18.10079,0,0,0,-23.69411,4.941225,18.05963
85.99707,-23.6984,5.080261,18.10079,0,0,0,-23.69411,4.941225,18.05963
86.00489,-23.69692,5.079827,18.10257,0,0,0,-23.69411,4.941225,18.05963
86.01344,-23.69692,5.079827,18.10257,0,0,0,-23.69411,4.941225,18.05963
86.02116,-23.69692,5.079828,18.10257,0,0,0,-23.69411,4.941225,18.05963
86.02985,-23.69692,5.079828,18.10257,0,0,0,-23.69411,4.941225,18.05963
86.03752,-23.69692,5.079828,18.10257,0,0,0,-23.69411,4.941225,18.05963
86.04533,-23.69836,5.0806,18.1004,0,0,0,-23.69411,4.941225,18.05963
86.0542,-23.69836,5.0806,18.1004,0,0,0,-23.69411,4.941225,18.05963
86.06192,-23.69834,5.081659,18.10021,0,0,0,-23.69411,4.941225,18.05963
86.07032,-23.69834,5.081659,18.10021,0,0,0,-23.69411,4.941225,18.05963
86.07754,-23.69834,5.081659,18.10021,0,0,0,-23.69411,4.941225,18.05963
86.08569,-23.69942,5.084326,18.09463,0,0,0,-23.69411,4.941225,18.05963
86.09368,-23.69942,5.084326,18.09463,0,0,0,-23.69411,4.941225,18.05963
86.10107,-23.70074,5.085907,18.09144,0,0,0,-23.69411,4.941225,18.05963
86.1095,-23.70074,5.085907,18.09144,0,0,0,-23.69411,4.941225,18.05963
86.11683,-23.70074,5.085907,18.09144,0,0,0,-23.69411,4.941225,18.05963
86.12377,-23.70188,5.087212,18.08646,0,0,0,-23.69411,4.941225,18.05963
86.13248,-23.70188,5.087212,18.08646,0,0,0,-23.69411,4.941225,18.05963
86.13972,-23.70188,5.087212,18.08646,0,0,0,-23.69411,4.941225,18.05963
86.14696,-23.70213,5.088972,18.07996,0,0,0,-23.69411,4.941225,18.05963
86.15516,-23.70213,5.088972,18.07996,0,0,0,-23.69411,4.941225,18.05963
86.16243,-23.70179,5.089851,18.07676,0,0,0,-23.69411,4.941225,18.05963
86.17126,-23.70179,5.089851,18.07676,0,0,0,-23.69411,4.941225,18.05963
86.17882,-23.70179,5.089851,18.07676,0,0,0,-23.69411,4.941225,18.05963
86.18691,-23.70162,5.090294,18.07516,0,0,0,-23.69411,4.941225,18.05963
86.19512,-23.70162,5.090294,18.07516,0,0,0,-23.69411,4.941225,18.05963
86.20244,-23.70309,5.090768,18.07339,0,0,0,-23.69411,4.941225,18.05963
86.21265,-23.70309,5.090768,18.07339,0,0,0,-23.69411,4.941225,18.05963
86.2205,-23.70275,5.091664,18.07019,0,0,0,-23.69411,4.941225,18.05963
86.22868,-23.70275,5.091664,18.07019,0,0,0,-23.69411,4.941225,18.05963
86.23643,-23.70275,5.091664,18.07019,0,0,0,-23.69411,4.941225,18.05963
86.24338,-23.70258,5.092114,18.0686,0,0,0,-23.69411,4.941225,18.05963
86.25199,-23.70258,5.092114,18.0686,0,0,0,-23.69411,4.941225,18.05963
86.25986,-23.70258,5.092114,18.0686,0,0,0,-23.69411,4.941225,18.05963
86.26701,-23.70318,5.093053,18.06532,0,0,0,-23.69411,4.941225,18.05963
86.27573,-23.70318,5.093053,18.06532,0,0,0,-23.69411,4.941225,18.05963
86.28266,-23.70137,5.093479,18.06389,0,0,0,-23.69411,4.941225,18.05963
86.29103,-23.70137,5.093479,18.06389,0,0,0,-23.69411,4.941225,18.05963
86.29774,-23.70137,5.093479,18.06389,0,0,0,-23.69411,4.941225,18.05963
86.30484,-23.7023,5.093511,18.06381,0,0,0,-23.69411,4.941225,18.05963
86.31264,-23.7023,5.093511,18.06381,0,0,0,-23.69411,4.941225,18.05963
86.31991,-23.7023,5.093511,18.06381,0,0,0,-23.69411,4.941225,18.05963
86.32655,-23.70143,5.09397,18.06229,0,0,0,-23.69411,4.941225,18.05963
86.33471,-23.70143,5.09397,18.06229,0,0,0,-23.69411,4.941225,18.05963
86.34151,-23.70143,5.09397,18.06229,0,0,0,-23.69411,4.941225,18.05963
86.34921,-23.70143,5.09397,18.06229,0,0,0,-23.69411,4.941225,18.05963
86.35661,-23.70143,5.09397,18.06229,0,0,0,-23.69411,4.941225,18.05963
86.36365,-23.70143,5.09397,18.06229,0,0,0,-23.69411,4.941225,18.05963
86.37163,-23.70143,5.09397,18.06229,0,0,0,-23.69411,4.941225,18.05963
86.3784,-23.70143,5.09397,18.06229,0,0,0,-23.69411,4.941225,18.05963
86.38533,-23.69962,5.094398,18.06086,0,0,0,-23.69411,4.941225,18.05963
86.39333,-23.69962,5.094398,18.06086,0,0,0,-23.69411,4.941225,18.05963
86.40029,-23.70143,5.09397,18.06229,0,0,0,-23.69411,4.941225,18.05963
86.40831,-23.70143,5.09397,18.06229,0,0,0,-23.69411,4.941225,18.05963
86.41512,-23.70143,5.09397,18.06229,0,0,0,-23.69411,4.941225,18.05963
86.4225,-23.70177,5.093053,18.06549,0,0,0,-23.69411,4.941225,18.05963
86.43042,-23.70177,5.093053,18.06549,0,0,0,-23.69411,4.941225,18.05963
86.43759,-23.70177,5.093053,18.06549,0,0,0,-23.69411,4.941225,18.05963
86.44437,-23.7021,5.092145,18.06868,0,0,0,-23.69411,4.941225,18.05963
86.45248,-23.7021,5.092145,18.06868,0,0,0,-23.69411,4.941225,18.05963
86.45939,-23.7021,5.092145,18.06868,0,0,0,-23.69411,4.941225,18.05963
86.46703,-23.70156,5.091696,18.07036,0,0,0,-23.69411,4.941225,18.05963
86.47728,-23.70156,5.091696,18.07036,0,0,0,-23.69411,4.941225,18.05963
86.4855,-23.70173,5.091246,18.07196,0,0,0,-23.69411,4.941225,18.05963
86.49394,-23.70173,5.091246,18.07196,0,0,0,-23.69411,4.941225,18.05963
86.50143,-23.70173,5.091247,18.07196,0,0,0,-23.69411,4.941225,18.05963
86.51144,-23.70173,5.091247,18.07196,0,0,0,-23.69411,4.941225,18.05963
86.52026,-23.70026,5.090768,18.07372,0,0,0,-23.69411,4.941225,18.05963
86.52868,-23.70026,5.090768,18.07372,0,0,0,-23.69411,4.941225,18.05963
86.54027,-23.70026,5.090769,18.07372,0,0,0,-23.69411,4.941225,18.05963
86.55122,-23.70026,5.090769,18.07372,0,0,0,-23.69411,4.941225,18.05963
86.55885,-23.70026,5.090769,18.07372,0,0,0,-23.69411,4.941225,18.05963
86.56886,-23.69543,5.08987,18.07524,0,0,0,-23.69411,4.941225,18.05963
86.57796,-23.69543,5.08987,18.07524,0,0,0,-23.69411,4.941225,18.05963
86.58806,-23.69214,5.089823,18.07557,0,0,0,-23.69411,4.941225,18.05963
86.59943,-23.69214,5.089823,18.07557,0,0,0,-23.69411,4.941225,18.05963
86.60735,-23.68886,5.089787,18.0759,0,0,0,-23.69411,4.941225,18.05963
86.61588,-23.68886,5.089787,18.0759,0,0,0,-23.69411,4.941225,18.05963
86.62405,-23.68561,5.089419,18.07662,0,0,0,-23.69411,4.941225,18.05963
86.63284,-23.68561,5.089419,18.07662,0,0,0,-23.69411,4.941225,18.05963
86.6403,-23.68232,5.089399,18.07695,0,0,0,-23.69411,4.941225,18.05963
86.6497,-23.68232,5.089399,18.07695,0,0,0,-23.69411,4.941225,18.05963
86.6571,-23.68232,5.089399,18.07695,0,0,0,-23.69411,4.941225,18.05963
86.66507,-23.67919,5.088943,18.07889,0,0,0,-23.69411,4.941225,18.05963
86.67461,-23.67919,5.088943,18.07889,0,0,0,-23.69411,4.941225,18.05963
86.68295,-23.67607,5.088499,18.08082,0,0,0,-23.69411,4.941225,18.05963
86.69257,-23.67607,5.088499,18.08082,0,0,0,-23.69411,4.941225,18.05963
86.70123,-23.67475,5.087624,18.0842,0,0,0,-23.69411,4.941225,18.05963
86.71014,-23.67475,5.087624,18.0842,0,0,0,-23.69411,4.941225,18.05963
86.71895,-23.67475,5.087624,18.0842,0,0,0,-23.69411,4.941225,18.05963
86.72688,-23.66997,5.087205,18.08631,0,0,0,-23.69411,4.941225,18.05963
86.73718,-23.66997,5.087205,18.08631,0,0,0,-23.69411,4.941225,18.05963
86.74471,-23.66849,5.086782,18.08808,0,0,0,-23.69411,4.941225,18.05963
86.75336,-23.66849,5.086782,18.08808,0,0,0,-23.69411,4.941225,18.05963
86.76051,-23.66701,5.086363,18.08985,0,0,0,-23.69411,4.941225,18.05963
86.76963,-23.66701,5.086363,18.08985,0,0,0,-23.69411,4.941225,18.05963
86.77752,-23.66701,5.086363,18.08985,0,0,0,-23.69411,4.941225,18.05963
86.7856,-23.66388,5.085963,18.0918,0,0,0,-23.69411,4.941225,18.05963
86.79384,-23.66388,5.085963,18.0918,0,0,0,-23.69411,4.941225,18.05963
86.80121,-23.66384,5.086302,18.09141,0,0,0,-23.69411,4.941225,18.05963
86.80956,-23.66384,5.086302,18.09141,0,0,0,-23.69411,4.941225,18.05963
86.81699,-23.66384,5.086302,18.09141,0,0,0,-23.69411,4.941225,18.05963
86.82433,-23.66071,5.085914,18.09336,0,0,0,-23.69411,4.941225,18.05963
86.83254,-23.66071,5.085914,18.09336,0,0,0,-23.69411,4.941225,18.05963
86.84019,-23.66071,5.085914,18.09335,0,0,0,-23.69411,4.941225,18.05963
86.84801,-23.66071,5.085914,18.09335,0,0,0,-23.69411,4.941225,18.05963
86.85517,-23.66071,5.085914,18.09335,0,0,0,-23.69411,4.941225,18.05963
86.86212,-23.65922,5.085511,18.09513,0,0,0,-23.69411,4.941225,18.05963
86.87077,-23.65922,5.085511,18.09513,0,0,0,-23.69411,4.941225,18.05963
86.87824,-23.65922,5.085511,18.09513,0,0,0,-23.69411,4.941225,18.05963
86.88615,-23.65593,5.085562,18.09547,0,0,0,-23.69411,4.941225,18.05963
86.8948,-23.65593,5.085562,18.09547,0,0,0,-23.69411,4.941225,18.05963
86.90263,-23.65264,5.085621,18.09582,0,0,0,-23.69411,4.941225,18.05963
86.91058,-23.65264,5.085621,18.09582,0,0,0,-23.69411,4.941225,18.05963
86.9175,-23.65264,5.085621,18.09582,0,0,0,-23.69411,4.941225,18.05963
86.92522,-23.64934,5.085689,18.09616,0,0,0,-23.69411,4.941225,18.05963
86.93304,-23.64934,5.085689,18.09616,0,0,0,-23.69411,4.941225,18.05963
86.94072,-23.64841,5.085726,18.09627,0,0,0,-23.69411,4.941225,18.05963
86.94873,-23.64841,5.085726,18.09627,0,0,0,-23.69411,4.941225,18.05963
86.95612,-23.64841,5.085726,18.09627,0,0,0,-23.69411,4.941225,18.05963
86.96304,-23.64332,5.086273,18.09519,0,0,0,-23.69411,4.941225,18.05963
86.97192,-23.64332,5.086273,18.09519,0,0,0,-23.69411,4.941225,18.05963
86.97905,-23.64332,5.086273,18.09519,0,0,0,-23.69411,4.941225,18.05963
86.9868,-23.64167,5.086318,18.09536,0,0,0,-23.69411,4.941225,18.05963
86.9948,-23.64167,5.086318,18.09536,0,0,0,-23.69411,4.941225,18.05963
87.00201,-23.64003,5.086365,18.09554,0,0,0,-23.69411,4.941225,18.05963
87.0104,-23.64003,5.086365,18.09554,0,0,0,-23.69411,4.941225,18.05963
87.01776,-23.64003,5.086365,18.09554,0,0,0,-23.69411,4.941225,18.05963
87.02509,-23.63838,5.086416,18.09571,0,0,0,-23.69411,4.941225,18.05963
87.03293,-23.63838,5.086416,18.09571,0,0,0,-23.69411,4.941225,18.05963
87.0398,-23.63838,5.086416,18.09571,0,0,0,-23.69411,4.941225,18.05963
87.04644,-23.63658,5.086894,18.09428,0,0,0,-23.69411,4.941225,18.05963
87.05406,-23.63658,5.086894,18.09428,0,0,0,-23.69411,4.941225,18.05963
87.06069,-23.63803,5.087608,18.09211,0,0,0,-23.69411,4.941225,18.05963
87.06866,-23.63803,5.087608,18.09211,0,0,0,-23.69411,4.941225,18.05963
87.07566,-23.63803,5.087608,18.09211,0,0,0,-23.69411,4.941225,18.05963
87.0829,-23.63613,5.088897,18.08965,0,0,0,-23.69411,4.941225,18.05963
87.09102,-23.63613,5.088897,18.08965,0,0,0,-23.69411,4.941225,18.05963
87.09829,-23.63613,5.088897,18.08965,0,0,0,-23.69411,4.941225,18.05963
87.10722,-23.63597,5.089332,18.08805,0,0,0,-23.69411,4.941225,18.05963
87.11505,-23.63597,5.089332,18.08805,0,0,0,-23.69411,4.941225,18.05963
87.12207,-23.63597,5.089332,18.08805,0,0,0,-23.69411,4.941225,18.05963
87.13013,-23.63597,5.089332,18.08805,0,0,0,-23.69411,4.941225,18.05963
87.13712,-23.63597,5.089332,18.08805,0,0,0,-23.69411,4.941225,18.05963
87.14423,-23.63438,5.089767,18.08656,0,0,0,-23.69411,4.941225,18.05963
87.15257,-23.63438,5.089767,18.08656,0,0,0,-23.69411,4.941225,18.05963
87.15942,-23.63438,5.089767,18.08656,0,0,0,-23.69411,4.941225,18.05963
87.16632,-23.63348,5.090544,18.08462,0,0,0,-23.69411,4.941225,18.05963
87.17441,-23.63348,5.090544,18.08462,0,0,0,-23.69411,4.941225,18.05963
87.18124,-23.63276,5.090544,18.08467,0,0,0,-23.69411,4.941225,18.05963
87.18957,-23.63276,5.090544,18.08467,0,0,0,-23.69411,4.941225,18.05963
87.19674,-23.63276,5.090544,18.08467,0,0,0,-23.69411,4.941225,18.05963
87.20692,-23.63118,5.090984,18.08318,0,0,0,-23.69411,4.941225,18.05963
87.21538,-23.63118,5.090984,18.08318,0,0,0,-23.69411,4.941225,18.05963
87.2234,-23.62883,5.091038,18.08341,0,0,0,-23.69411,4.941225,18.05963
87.23244,-23.62883,5.091038,18.08341,0,0,0,-23.69411,4.941225,18.05963
87.24094,-23.62796,5.091479,18.08185,0,0,0,-23.69411,4.941225,18.05963
87.24883,-23.62796,5.091479,18.08185,0,0,0,-23.69411,4.941225,18.05963
87.25806,-23.62796,5.091479,18.08185,0,0,0,-23.69411,4.941225,18.05963
87.26552,-23.62406,5.09078,18.08327,0,0,0,-23.69411,4.941225,18.05963
87.27426,-23.62406,5.09078,18.08327,0,0,0,-23.69411,4.941225,18.05963
87.28121,-23.61913,5.090967,18.08378,0,0,0,-23.69411,4.941225,18.05963
87.29015,-23.61913,5.090967,18.08378,0,0,0,-23.69411,4.941225,18.05963
87.29748,-23.61913,5.090967,18.08378,0,0,0,-23.69411,4.941225,18.05963
87.30568,-23.6117,5.091686,18.08291,0,0,0,-23.69411,4.941225,18.05963
87.31475,-23.6117,5.091686,18.08291,0,0,0,-23.69411,4.941225,18.05963
87.32349,-23.60827,5.092283,18.08165,0,0,0,-23.69411,4.941225,18.05963
87.33188,-23.60827,5.092283,18.08165,0,0,0,-23.69411,4.941225,18.05963
87.33964,-23.60827,5.092283,18.08165,0,0,0,-23.69411,4.941225,18.05963
87.34724,-23.59844,5.092776,18.08042,0,0,0,-23.69411,4.941225,18.05963
87.35649,-23.59844,5.092776,18.08042,0,0,0,-23.69411,4.941225,18.05963
87.36485,-23.59337,5.093499,18.07933,0,0,0,-23.69411,4.941225,18.05963
87.37371,-23.59337,5.093499,18.07933,0,0,0,-23.69411,4.941225,18.05963
87.38094,-23.58817,5.094697,18.07664,0,0,0,-23.69411,4.941225,18.05963
87.38965,-23.58817,5.094697,18.07664,0,0,0,-23.69411,4.941225,18.05963
87.397,-23.58817,5.094697,18.07664,0,0,0,-23.69411,4.941225,18.05963
87.40547,-23.5797,5.096139,18.07431,0,0,0,-23.69411,4.941225,18.05963
87.41414,-23.5797,5.096139,18.07431,0,0,0,-23.69411,4.941225,18.05963
87.42194,-23.57301,5.097059,18.07341,0,0,0,-23.69411,4.941225,18.05963
87.43004,-23.57301,5.097059,18.07341,0,0,0,-23.69411,4.941225,18.05963
87.43718,-23.57301,5.097059,18.07341,0,0,0,-23.69411,4.941225,18.05963
87.44444,-23.5662,5.098479,18.07092,0,0,0,-23.69411,4.941225,18.05963
87.45258,-23.5662,5.098479,18.07092,0,0,0,-23.69411,4.941225,18.05963
87.45961,-23.5662,5.098479,18.07092,0,0,0,-23.69411,4.941225,18.05963
87.46679,-23.55952,5.099472,18.07002,0,0,0,-23.69411,4.941225,18.05963
87.47479,-23.55952,5.099472,18.07002,0,0,0,-23.69411,4.941225,18.05963
87.48189,-23.55612,5.100214,18.06878,0,0,0,-23.69411,4.941225,18.05963
87.49023,-23.55612,5.100214,18.06878,0,0,0,-23.69411,4.941225,18.05963
87.49746,-23.55612,5.100214,18.06878,0,0,0,-23.69411,4.941225,18.05963
87.5047,-23.55449,5.100356,18.06896,0,0,0,-23.69411,4.941225,18.05963
87.51292,-23.55449,5.100356,18.06896,0,0,0,-23.69411,4.941225,18.05963
87.52021,-23.55299,5.100032,18.07073,0,0,0,-23.69411,4.941225,18.05963
87.5281,-23.55299,5.100032,18.07073,0,0,0,-23.69411,4.941225,18.05963
87.53605,-23.55299,5.100032,18.07073,0,0,0,-23.69411,4.941225,18.05963
87.54346,-23.55189,5.098328,18.0773,0,0,0,-23.69411,4.941225,18.05963
87.55176,-23.55189,5.098328,18.0773,0,0,0,-23.69411,4.941225,18.05963
87.55898,-23.55189,5.098328,18.0773,0,0,0,-23.69411,4.941225,18.05963
87.5661,-23.55021,5.09621,18.08551,0,0,0,-23.69411,4.941225,18.05963
87.57429,-23.55021,5.09621,18.08551,0,0,0,-23.69411,4.941225,18.05963
87.58144,-23.5514,5.09517,18.08856,0,0,0,-23.69411,4.941225,18.05963
87.58959,-23.5514,5.09517,18.08856,0,0,0,-23.69411,4.941225,18.05963
87.59681,-23.5514,5.09517,18.08856,0,0,0,-23.69411,4.941225,18.05963
87.60372,-23.55108,5.093848,18.09339,0,0,0,-23.69411,4.941225,18.05963
87.61147,-23.55108,5.093848,18.09339,0,0,0,-23.69411,4.941225,18.05963
87.6185,-23.55108,5.093848,18.09339,0,0,0,-23.69411,4.941225,18.05963
87.62542,-23.55076,5.092544,18.09823,0,0,0,-23.69411,4.941225,18.05963
87.63369,-23.55076,5.092544,18.09823,0,0,0,-23.69411,4.941225,18.05963
87.64076,-23.55117,5.091258,18.10306,0,0,0,-23.69411,4.941225,18.05963
87.64902,-23.55117,5.091258,18.10306,0,0,0,-23.69411,4.941225,18.05963
87.65578,-23.55117,5.091258,18.10306,0,0,0,-23.69411,4.941225,18.05963
87.66275,-23.55308,5.090265,18.1061,0,0,0,-23.69411,4.941225,18.05963
87.67066,-23.55308,5.090265,18.1061,0,0,0,-23.69411,4.941225,18.05963
87.67757,-23.55308,5.090265,18.1061,0,0,0,-23.69411,4.941225,18.05963
87.6845,-23.55348,5.089011,18.11093,0,0,0,-23.69411,4.941225,18.05963
87.6927,-23.55348,5.089011,18.11093,0,0,0,-23.69411,4.941225,18.05963
87.69962,-23.55348,5.089011,18.11093,0,0,0,-23.69411,4.941225,18.05963
87.70674,-23.55536,5.088378,18.11359,0,0,0,-23.69411,4.941225,18.05963
87.71455,-23.55536,5.088378,18.11359,0,0,0,-23.69411,4.941225,18.05963
87.72163,-23.55563,5.08756,18.11681,0,0,0,-23.69411,4.941225,18.05963
87.72945,-23.55563,5.08756,18.11681,0,0,0,-23.69411,4.941225,18.05963
87.73678,-23.55563,5.08756,18.11681,0,0,0,-23.69411,4.941225,18.05963
87.74372,-23.55573,5.087492,18.11804,0,0,0,-23.69411,4.941225,18.05963
87.75168,-23.55573,5.087492,18.11804,0,0,0,-23.69411,4.941225,18.05963
87.75844,-23.55573,5.087492,18.11804,0,0,0,-23.69411,4.941225,18.05963
87.76521,-23.55615,5.086287,18.12288,0,0,0,-23.69411,4.941225,18.05963
87.77309,-23.55615,5.086287,18.12288,0,0,0,-23.69411,4.941225,18.05963
87.7803,-23.55478,5.085638,18.12629,0,0,0,-23.69411,4.941225,18.05963
87.78861,-23.55478,5.085638,18.12629,0,0,0,-23.69411,4.941225,18.05963
87.79602,-23.55478,5.085638,18.12629,0,0,0,-23.69411,4.941225,18.05963
87.80291,-23.55342,5.084999,18.1297,0,0,0,-23.69411,4.941225,18.05963
87.81061,-23.55342,5.084999,18.1297,0,0,0,-23.69411,4.941225,18.05963
87.8178,-23.55342,5.084999,18.1297,0,0,0,-23.69411,4.941225,18.05963
87.82482,-23.55355,5.084609,18.13131,0,0,0,-23.69411,4.941225,18.05963
87.83257,-23.55355,5.084609,18.13131,0,0,0,-23.69411,4.941225,18.05963
87.83974,-23.55355,5.084609,18.13131,0,0,0,-23.69411,4.941225,18.05963
87.84713,-23.55191,5.084758,18.13149,0,0,0,-23.69411,4.941225,18.05963
87.85654,-23.55191,5.084758,18.13149,0,0,0,-23.69411,4.941225,18.05963
87.868,-23.55013,5.085298,18.13005,0,0,0,-23.69411,4.941225,18.05963
87.87975,-23.55013,5.085298,18.13005,0,0,0,-23.69411,4.941225,18.05963
87.89075,-23.54862,5.085061,18.13184,0,0,0,-23.69411,4.941225,18.05963
87.90292,-23.54848,5.08545,18.13023,0,0,0,-23.69411,4.941225,18.05963
87.91342,-23.54848,5.08545,18.13023,0,0,0,-23.69411,4.941225,18.05963
87.92297,-23.54726,5.084443,18.13526,0,0,0,-23.69411,4.941225,18.05963
87.93345,-23.54726,5.084443,18.13526,0,0,0,-23.69411,4.941225,18.05963
87.9425,-23.54589,5.083836,18.13867,0,0,0,-23.69411,4.941225,18.05963
87.95227,-23.54589,5.083836,18.13867,0,0,0,-23.69411,4.941225,18.05963
87.96057,-23.54461,5.082472,18.14313,0,0,0,-23.69411,4.941225,18.05963
87.97478,-23.54461,5.082472,18.14313,0,0,0,-23.69411,4.941225,18.05963
87.98379,-23.54338,5.081519,18.14817,0,0,0,-23.69411,4.941225,18.05963
87.99402,-23.54338,5.081519,18.14817,0,0,0,-23.69411,4.941225,18.05963
88.00492,-23.54205,5.079795,18.15206,0,0,0,-23.69411,4.941225,18.05963
88.01768,-23.54205,5.079795,18.15206,0,0,0,-23.69411,4.941225,18.05963
88.02874,-23.54085,5.077728,18.15757,0,0,0,-23.69411,4.941225,18.05963
88.03942,-23.54085,5.077728,18.15757,0,0,0,-23.69411,4.941225,18.05963
88.05209,-23.53793,5.076606,18.16223,0,0,0,-23.69411,4.941225,18.05963
88.06571,-23.5383,5.075162,18.16652,0,0,0,-23.69411,4.941225,18.05963
88.07554,-23.5383,5.075162,18.16652,0,0,0,-23.69411,4.941225,18.05963
88.08528,-23.53688,5.074245,18.16937,0,0,0,-23.69411,4.941225,18.05963
88.09885,-23.53688,5.074245,18.16937,0,0,0,-23.69411,4.941225,18.05963
88.11166,-23.5359,5.072331,18.17712,0,0,0,-23.69411,4.941225,18.05963
88.1265,-23.53454,5.071848,18.18056,0,0,0,-23.69411,4.941225,18.05963
88.13726,-23.53454,5.071848,18.18056,0,0,0,-23.69411,4.941225,18.05963
88.14607,-23.53483,5.071197,18.18382,0,0,0,-23.69411,4.941225,18.05963
88.15647,-23.53483,5.071197,18.18382,0,0,0,-23.69411,4.941225,18.05963
88.16429,-23.53512,5.070553,18.18708,0,0,0,-23.69411,4.941225,18.05963
88.17397,-23.53512,5.070553,18.18708,0,0,0,-23.69411,4.941225,18.05963
88.18414,-23.53508,5.070891,18.18669,0,0,0,-23.69411,4.941225,18.05963
88.19315,-23.53508,5.070891,18.18669,0,0,0,-23.69411,4.941225,18.05963
88.20133,-23.53447,5.070573,18.18834,0,0,0,-23.69411,4.941225,18.05963
88.21324,-23.53447,5.070573,18.18834,0,0,0,-23.69411,4.941225,18.05963
88.22275,-23.53433,5.070891,18.18671,0,0,0,-23.69411,4.941225,18.05963
88.23306,-23.53433,5.070891,18.18671,0,0,0,-23.69411,4.941225,18.05963
88.24194,-23.53507,5.071035,18.18491,0,0,0,-23.69411,4.941225,18.05963
88.2523,-23.53507,5.071035,18.18491,0,0,0,-23.69411,4.941225,18.05963
88.26246,-23.53672,5.070861,18.18473,0,0,0,-23.69411,4.941225,18.05963
88.27148,-23.53672,5.070861,18.18473,0,0,0,-23.69411,4.941225,18.05963
88.2795,-23.53672,5.070861,18.18473,0,0,0,-23.69411,4.941225,18.05963
88.28773,-23.53987,5.070841,18.18274,0,0,0,-23.69411,4.941225,18.05963
88.29808,-23.53987,5.070841,18.18274,0,0,0,-23.69411,4.941225,18.05963
88.30598,-23.54152,5.070674,18.18256,0,0,0,-23.69411,4.941225,18.05963
88.31477,-23.54152,5.070674,18.18256,0,0,0,-23.69411,4.941225,18.05963
88.32417,-23.54317,5.070509,18.18238,0,0,0,-23.69411,4.941225,18.05963
88.33335,-23.54317,5.070509,18.18238,0,0,0,-23.69411,4.941225,18.05963
88.34208,-23.54467,5.070669,18.18057,0,0,0,-23.69411,4.941225,18.05963
88.35126,-23.54467,5.070669,18.18057,0,0,0,-23.69411,4.941225,18.05963
88.35918,-23.54467,5.070669,18.18057,0,0,0,-23.69411,4.941225,18.05963
88.36738,-23.54442,5.070988,18.1777,0,0,0,-23.69411,4.941225,18.05963
88.3764,-23.54442,5.070988,18.1777,0,0,0,-23.69411,4.941225,18.05963
88.38462,-23.54607,5.070827,18.17752,0,0,0,-23.69411,4.941225,18.05963
88.39362,-23.54607,5.070827,18.17752,0,0,0,-23.69411,4.941225,18.05963
88.40226,-23.54428,5.071318,18.17607,0,0,0,-23.69411,4.941225,18.05963
88.41106,-23.54428,5.071318,18.17607,0,0,0,-23.69411,4.941225,18.05963
88.41894,-23.54428,5.071318,18.17607,0,0,0,-23.69411,4.941225,18.05963
88.42722,-23.54648,5.071085,18.17366,0,0,0,-23.69411,4.941225,18.05963
88.43636,-23.54648,5.071085,18.17366,0,0,0,-23.69411,4.941225,18.05963
88.44429,-23.54648,5.071086,18.17366,0,0,0,-23.69411,4.941225,18.05963
88.45296,-23.54648,5.071086,18.17366,0,0,0,-23.69411,4.941225,18.05963
88.46058,-23.54483,5.071247,18.17384,0,0,0,-23.69411,4.941225,18.05963
88.47025,-23.54483,5.071247,18.17384,0,0,0,-23.69411,4.941225,18.05963
88.47852,-23.54483,5.071247,18.17384,0,0,0,-23.69411,4.941225,18.05963
88.48614,-23.54642,5.070682,18.17308,0,0,0,-23.69411,4.941225,18.05963
88.49523,-23.54642,5.070682,18.17308,0,0,0,-23.69411,4.941225,18.05963
88.50413,-23.54642,5.070682,18.17308,0,0,0,-23.69411,4.941225,18.05963
88.51273,-23.54642,5.070682,18.17308,0,0,0,-23.69411,4.941225,18.05963
88.52028,-23.54657,5.070347,18.17471,0,0,0,-23.69411,4.941225,18.05963
88.52866,-23.54657,5.070347,18.17471,0,0,0,-23.69411,4.941225,18.05963
88.53664,-23.54657,5.070347,18.17471,0,0,0,-23.69411,4.941225,18.05963
88.54411,-23.5466,5.070008,18.17509,0,0,0,-23.69411,4.941225,18.05963
88.55273,-23.5466,5.070008,18.17509,0,0,0,-23.69411,4.941225,18.05963
88.55994,-23.5466,5.070008,18.17509,0,0,0,-23.69411,4.941225,18.05963
88.56821,-23.5466,5.070008,18.17509,0,0,0,-23.69411,4.941225,18.05963
88.57757,-23.5466,5.070008,18.17509,0,0,0,-23.69411,4.941225,18.05963
88.58532,-23.5466,5.070009,18.17509,0,0,0,-23.69411,4.941225,18.05963
88.594,-23.5466,5.070009,18.17509,0,0,0,-23.69411,4.941225,18.05963
88.60229,-23.54811,5.070185,18.17329,0,0,0,-23.69411,4.941225,18.05963
88.61072,-23.54811,5.070185,18.17329,0,0,0,-23.69411,4.941225,18.05963
88.61835,-23.54811,5.070185,18.17329,0,0,0,-23.69411,4.941225,18.05963
88.62583,-23.54796,5.070521,18.17166,0,0,0,-23.69411,4.941225,18.05963
88.63434,-23.54796,5.070521,18.17166,0,0,0,-23.69411,4.941225,18.05963
88.64216,-23.54617,5.071019,18.17021,0,0,0,-23.69411,4.941225,18.05963
88.65131,-23.54617,5.071019,18.17021,0,0,0,-23.69411,4.941225,18.05963
88.65877,-23.54617,5.071019,18.17021,0,0,0,-23.69411,4.941225,18.05963
88.66629,-23.54589,5.071702,18.16695,0,0,0,-23.69411,4.941225,18.05963
88.67544,-23.54589,5.071702,18.16695,0,0,0,-23.69411,4.941225,18.05963
88.68288,-23.54753,5.071543,18.16677,0,0,0,-23.69411,4.941225,18.05963
88.69193,-23.54753,5.071543,18.16677,0,0,0,-23.69411,4.941225,18.05963
88.69958,-23.54753,5.071543,18.16677,0,0,0,-23.69411,4.941225,18.05963
88.70708,-23.54739,5.071888,18.16515,0,0,0,-23.69411,4.941225,18.05963
88.71565,-23.54739,5.071888,18.16515,0,0,0,-23.69411,4.941225,18.05963
88.72308,-23.54739,5.071887,18.16515,0,0,0,-23.69411,4.941225,18.05963
88.73181,-23.54739,5.071887,18.16515,0,0,0,-23.69411,4.941225,18.05963
88.7404,-23.54725,5.072234,18.16352,0,0,0,-23.69411,4.941225,18.05963
88.75093,-23.54725,5.072234,18.16352,0,0,0,-23.69411,4.941225,18.05963
88.75931,-23.54725,5.072234,18.16352,0,0,0,-23.69411,4.941225,18.05963
88.76771,-23.5471,5.072583,18.1619,0,0,0,-23.69411,4.941225,18.05963
88.77648,-23.5471,5.072583,18.1619,0,0,0,-23.69411,4.941225,18.05963
88.78487,-23.54696,5.072935,18.16027,0,0,0,-23.69411,4.941225,18.05963
88.7934,-23.54696,5.072935,18.16027,0,0,0,-23.69411,4.941225,18.05963
88.80138,-23.54682,5.073288,18.15864,0,0,0,-23.69411,4.941225,18.05963
88.81007,-23.54682,5.073288,18.15864,0,0,0,-23.69411,4.941225,18.05963
88.81826,-23.54682,5.073288,18.15864,0,0,0,-23.69411,4.941225,18.05963
88.82888,-23.54517,5.073447,18.15882,0,0,0,-23.69411,4.941225,18.05963
88.83823,-23.54517,5.073447,18.15882,0,0,0,-23.69411,4.941225,18.05963
88.84664,-23.54668,5.073643,18.15702,0,0,0,-23.69411,4.941225,18.05963
88.8576,-23.54668,5.073643,18.15702,0,0,0,-23.69411,4.941225,18.05963
88.86671,-23.54668,5.073643,18.15702,0,0,0,-23.69411,4.941225,18.05963
88.87725,-23.54668,5.073643,18.15702,0,0,0,-23.69411,4.941225,18.05963
88.89044,-23.54682,5.073288,18.15864,0,0,0,-23.69411,4.941225,18.05963
88.90361,-23.54696,5.072935,18.16027,0,0,0,-23.69411,4.941225,18.05963
88.9155,-23.54696,5.072935,18.16027,0,0,0,-23.69411,4.941225,18.05963
88.9262,-23.54636,5.072582,18.16191,0,0,0,-23.69411,4.941225,18.05963
88.93736,-23.54636,5.072582,18.16191,0,0,0,-23.69411,4.941225,18.05963
88.9477,-23.54636,5.072583,18.16191,0,0,0,-23.69411,4.941225,18.05963
88.95815,-23.54636,5.072583,18.16191,0,0,0,-23.69411,4.941225,18.05963
88.9678,-23.54664,5.071887,18.16517,0,0,0,-23.69411,4.941225,18.05963
88.97988,-23.54664,5.071887,18.16517,0,0,0,-23.69411,4.941225,18.05963
88.99228,-23.54679,5.071543,18.16679,0,0,0,-23.69411,4.941225,18.05963
89.00371,-23.54689,5.071537,18.16803,0,0,0,-23.69411,4.941225,18.05963
89.01472,-23.54689,5.071537,18.16803,0,0,0,-23.69411,4.941225,18.05963
89.02498,-23.54703,5.071196,18.16966,0,0,0,-23.69411,4.941225,18.05963
89.03775,-23.54703,5.071196,18.16966,0,0,0,-23.69411,4.941225,18.05963
89.04713,-23.54882,5.070702,18.17111,0,0,0,-23.69411,4.941225,18.05963
89.06048,-23.54882,5.070702,18.17111,0,0,0,-23.69411,4.941225,18.05963
89.07398,-23.54882,5.070702,18.17111,0,0,0,-23.69411,4.941225,18.05963
89.08739,-23.54897,5.070364,18.17274,0,0,0,-23.69411,4.941225,18.05963
89.0975,-23.54897,5.070364,18.17274,0,0,0,-23.69411,4.941225,18.05963
89.10734,-23.55062,5.07021,18.17256,0,0,0,-23.69411,4.941225,18.05963
89.11676,-23.55062,5.07021,18.17256,0,0,0,-23.69411,4.941225,18.05963
89.12508,-23.54897,5.070365,18.17274,0,0,0,-23.69411,4.941225,18.05963
89.13467,-23.54897,5.070365,18.17274,0,0,0,-23.69411,4.941225,18.05963
89.14384,-23.54897,5.070365,18.17274,0,0,0,-23.69411,4.941225,18.05963
89.15446,-23.54897,5.070365,18.17274,0,0,0,-23.69411,4.941225,18.05963
89.1632,-23.54882,5.070701,18.17111,0,0,0,-23.69411,4.941225,18.05963
89.17239,-23.54882,5.070701,18.17111,0,0,0,-23.69411,4.941225,18.05963
89.18051,-23.54882,5.070701,18.17111,0,0,0,-23.69411,4.941225,18.05963
89.19106,-23.54882,5.070701,18.17111,0,0,0,-23.69411,4.941225,18.05963
89.20029,-23.55019,5.071226,18.16768,0,0,0,-23.69411,4.941225,18.05963
89.21181,-23.55019,5.071226,18.16768,0,0,0,-23.69411,4.941225,18.05963
89.22089,-23.55005,5.071568,18.16605,0,0,0,-23.69411,4.941225,18.05963
89.23007,-23.55005,5.071568,18.16605,0,0,0,-23.69411,4.941225,18.05963
89.23796,-23.55005,5.071568,18.16605,0,0,0,-23.69411,4.941225,18.05963
89.24769,-23.54825,5.072067,18.1646,0,0,0,-23.69411,4.941225,18.05963
89.25825,-23.54825,5.072067,18.1646,0,0,0,-23.69411,4.941225,18.05963
89.26779,-23.54811,5.072414,18.16298,0,0,0,-23.69411,4.941225,18.05963
89.28083,-23.54811,5.072415,18.16298,0,0,0,-23.69411,4.941225,18.05963
89.29224,-23.54811,5.072415,18.16298,0,0,0,-23.69411,4.941225,18.05963
89.30363,-23.54811,5.072415,18.16298,0,0,0,-23.69411,4.941225,18.05963
89.31386,-23.54811,5.072415,18.16298,0,0,0,-23.69411,4.941225,18.05963
89.32567,-23.54797,5.072764,18.16135,0,0,0,-23.69411,4.941225,18.05963
89.3365,-23.54797,5.072764,18.16135,0,0,0,-23.69411,4.941225,18.05963
89.345,-23.54797,5.072764,18.16135,0,0,0,-23.69411,4.941225,18.05963
89.3573,-23.54797,5.072764,18.16135,0,0,0,-23.69411,4.941225,18.05963
89.3667,-23.54632,5.072921,18.16153,0,0,0,-23.69411,4.941225,18.05963
89.37658,-23.54632,5.072921,18.16153,0,0,0,-23.69411,4.941225,18.05963
89.38768,-23.54797,5.072764,18.16135,0,0,0,-23.69411,4.941225,18.05963
89.3979,-23.54797,5.072764,18.16135,0,0,0,-23.69411,4.941225,18.05963
89.40778,-23.54618,5.073272,18.1599,0,0,0,-23.69411,4.941225,18.05963
89.41726,-23.54618,5.073272,18.1599,0,0,0,-23.69411,4.941225,18.05963
89.42496,-23.54618,5.073272,18.1599,0,0,0,-23.69411,4.941225,18.05963
89.4345,-23.54618,5.073272,18.1599,0,0,0,-23.69411,4.941225,18.05963
89.44225,-23.54769,5.073468,18.1581,0,0,0,-23.69411,4.941225,18.05963
89.45513,-23.54769,5.073468,18.1581,0,0,0,-23.69411,4.941225,18.05963
89.46296,-23.5459,5.07398,18.15665,0,0,0,-23.69411,4.941225,18.05963
89.47209,-23.5459,5.07398,18.15665,0,0,0,-23.69411,4.941225,18.05963
89.47975,-23.5459,5.07398,18.15665,0,0,0,-23.69411,4.941225,18.05963
89.4876,-23.54576,5.074337,18.15503,0,0,0,-23.69411,4.941225,18.05963
89.50143,-23.54576,5.074337,18.15503,0,0,0,-23.69411,4.941225,18.05963
89.51185,-23.54576,5.074337,18.15503,0,0,0,-23.69411,4.941225,18.05963
89.52244,-23.54548,5.075058,18.15178,0,0,0,-23.69411,4.941225,18.05963
89.53116,-23.54548,5.075058,18.15178,0,0,0,-23.69411,4.941225,18.05963
89.53928,-23.54548,5.075058,18.15178,0,0,0,-23.69411,4.941225,18.05963
89.54752,-23.54548,5.075058,18.15178,0,0,0,-23.69411,4.941225,18.05963
89.55657,-23.54548,5.075058,18.15178,0,0,0,-23.69411,4.941225,18.05963
89.5647,-23.54548,5.075058,18.15178,0,0,0,-23.69411,4.941225,18.05963
89.5744,-23.54548,5.075058,18.15178,0,0,0,-23.69411,4.941225,18.05963
89.58308,-23.54534,5.075422,18.15016,0,0,0,-23.69411,4.941225,18.05963
89.59251,-23.54534,5.075422,18.15016,0,0,0,-23.69411,4.941225,18.05963
89.60223,-23.54594,5.075787,18.14851,0,0,0,-23.69411,4.941225,18.05963
89.61189,-23.54594,5.075787,18.14851,0,0,0,-23.69411,4.941225,18.05963
89.62015,-23.54421,5.076707,18.14765,0,0,0,-23.69411,4.941225,18.05963
89.62957,-23.54421,5.076707,18.14765,0,0,0,-23.69411,4.941225,18.05963
89.63756,-23.54421,5.076707,18.14765,0,0,0,-23.69411,4.941225,18.05963
89.64727,-23.54655,5.076886,18.14706,0,0,0,-23.69411,4.941225,18.05963
89.65848,-23.54655,5.076886,18.14706,0,0,0,-23.69411,4.941225,18.05963
89.66816,-23.54641,5.077255,18.14544,0,0,0,-23.69411,4.941225,18.05963
89.67797,-23.54641,5.077255,18.14544,0,0,0,-23.69411,4.941225,18.05963
89.68716,-23.54491,5.077045,18.14724,0,0,0,-23.69411,4.941225,18.05963
89.6973,-23.54491,5.077045,18.14724,0,0,0,-23.69411,4.941225,18.05963
89.70798,-23.54551,5.077415,18.14561,0,0,0,-23.69411,4.941225,18.05963
89.71811,-23.54551,5.077415,18.14561,0,0,0,-23.69411,4.941225,18.05963
89.73063,-23.54537,5.077785,18.14398,0,0,0,-23.69411,4.941225,18.05963
89.74034,-23.54551,5.077415,18.1456,0,0,0,-23.69411,4.941225,18.05963
89.74962,-23.54551,5.077415,18.1456,0,0,0,-23.69411,4.941225,18.05963
89.75787,-23.54551,5.077415,18.1456,0,0,0,-23.69411,4.941225,18.05963
89.76543,-23.54537,5.077785,18.14398,0,0,0,-23.69411,4.941225,18.05963
89.77462,-23.54537,5.077785,18.14398,0,0,0,-23.69411,4.941225,18.05963
89.78261,-23.54551,5.077415,18.14561,0,0,0,-23.69411,4.941225,18.05963
89.79283,-23.54551,5.077415,18.14561,0,0,0,-23.69411,4.941225,18.05963
89.80113,-23.54593,5.076313,18.15047,0,0,0,-23.69411,4.941225,18.05963
89.81033,-23.54593,5.076313,18.15047,0,0,0,-23.69411,4.941225,18.05963
89.81862,-23.54593,5.076313,18.15047,0,0,0,-23.69411,4.941225,18.05963
89.82821,-23.5465,5.074874,18.15697,0,0,0,-23.69411,4.941225,18.05963
89.83896,-23.5465,5.074874,18.15697,0,0,0,-23.69411,4.941225,18.05963
89.84789,-23.54693,5.073817,18.16184,0,0,0,-23.69411,4.941225,18.05963
89.85815,-23.54693,5.073817,18.16184,0,0,0,-23.69411,4.941225,18.05963
89.86713,-23.54722,5.073122,18.1651,0,0,0,-23.69411,4.941225,18.05963
89.87736,-23.54722,5.073122,18.1651,0,0,0,-23.69411,4.941225,18.05963
89.88563,-23.54751,5.072437,18.16835,0,0,0,-23.69411,4.941225,18.05963
89.89572,-23.54751,5.072437,18.16835,0,0,0,-23.69411,4.941225,18.05963
89.90368,-23.54629,5.071585,18.17341,0,0,0,-23.69411,4.941225,18.05963
89.91319,-23.54629,5.071585,18.17341,0,0,0,-23.69411,4.941225,18.05963
89.92475,-23.54653,5.070513,18.17609,0,0,0,-23.69411,4.941225,18.05963
89.93374,-23.54653,5.070513,18.17609,0,0,0,-23.69411,4.941225,18.05963
89.94256,-23.54682,5.069855,18.17935,0,0,0,-23.69411,4.941225,18.05963
89.95233,-23.54682,5.069855,18.17935,0,0,0,-23.69411,4.941225,18.05963
89.96208,-23.54801,5.069044,18.18245,0,0,0,-23.69411,4.941225,18.05963
89.97151,-23.54801,5.069044,18.18245,0,0,0,-23.69411,4.941225,18.05963
89.97935,-23.54801,5.069044,18.18245,0,0,0,-23.69411,4.941225,18.05963
89.98999,-23.54665,5.068563,18.18589,0,0,0,-23.69411,4.941225,18.05963
90.00187,-23.54665,5.068563,18.18589,0,0,0,-23.69411,4.941225,18.05963
90.01093,-23.54665,5.068563,18.18589,0,0,0,-23.69411,4.941225,18.05963
90.01929,-23.54665,5.068563,18.18589,0,0,0,-23.69411,4.941225,18.05963
90.02715,-23.54619,5.06793,18.18918,0,0,0,-23.69411,4.941225,18.05963
90.03687,-23.54619,5.06793,18.18918,0,0,0,-23.69411,4.941225,18.05963
90.04583,-23.54619,5.06793,18.18918,0,0,0,-23.69411,4.941225,18.05963
90.05637,-23.54619,5.06793,18.18918,0,0,0,-23.69411,4.941225,18.05963
90.06739,-23.54619,5.067931,18.18917,0,0,0,-23.69411,4.941225,18.05963
90.07829,-23.54619,5.067931,18.18917,0,0,0,-23.69411,4.941225,18.05963
90.09013,-23.54633,5.067617,18.19081,0,0,0,-23.69411,4.941225,18.05963
90.10129,-23.54619,5.06793,18.18918,0,0,0,-23.69411,4.941225,18.05963
90.11151,-23.54619,5.06793,18.18918,0,0,0,-23.69411,4.941225,18.05963
90.12296,-23.54604,5.068246,18.18754,0,0,0,-23.69411,4.941225,18.05963
90.13344,-23.54604,5.068246,18.18754,0,0,0,-23.69411,4.941225,18.05963
90.14275,-23.54589,5.068563,18.18591,0,0,0,-23.69411,4.941225,18.05963
90.15263,-23.54589,5.068563,18.18591,0,0,0,-23.69411,4.941225,18.05963
90.16115,-23.54575,5.068883,18.18428,0,0,0,-23.69411,4.941225,18.05963
90.17058,-23.54575,5.068883,18.18428,0,0,0,-23.69411,4.941225,18.05963
90.17888,-23.54575,5.068883,18.18428,0,0,0,-23.69411,4.941225,18.05963
90.18816,-23.54575,5.068883,18.18428,0,0,0,-23.69411,4.941225,18.05963
90.19758,-23.54575,5.068883,18.18428,0,0,0,-23.69411,4.941225,18.05963
90.20951,-23.54471,5.069368,18.18281,0,0,0,-23.69411,4.941225,18.05963
90.21923,-23.54471,5.069368,18.18281,0,0,0,-23.69411,4.941225,18.05963
90.22769,-23.54304,5.068787,18.18279,0,0,0,-23.69411,4.941225,18.05963
90.2374,-23.54304,5.068787,18.18279,0,0,0,-23.69411,4.941225,18.05963
90.2454,-23.542,5.06928,18.18132,0,0,0,-23.69411,4.941225,18.05963
90.255,-23.542,5.06928,18.18132,0,0,0,-23.69411,4.941225,18.05963
90.26387,-23.54105,5.069044,18.1809,0,0,0,-23.69411,4.941225,18.05963
90.27258,-23.54105,5.069044,18.1809,0,0,0,-23.69411,4.941225,18.05963
90.28024,-23.5401,5.068808,18.18048,0,0,0,-23.69411,4.941225,18.05963
90.28968,-23.5401,5.068808,18.18048,0,0,0,-23.69411,4.941225,18.05963
90.29859,-23.5401,5.068808,18.18048,0,0,0,-23.69411,4.941225,18.05963
90.30685,-23.5393,5.068249,18.1817,0,0,0,-23.69411,4.941225,18.05963
90.3158,-23.5393,5.068249,18.1817,0,0,0,-23.69411,4.941225,18.05963
90.32359,-23.53751,5.068751,18.18025,0,0,0,-23.69411,4.941225,18.05963
90.33302,-23.53751,5.068751,18.18025,0,0,0,-23.69411,4.941225,18.05963
90.34097,-23.5359,5.06859,18.18082,0,0,0,-23.69411,4.941225,18.05963
90.3506,-23.5359,5.06859,18.18082,0,0,0,-23.69411,4.941225,18.05963
90.35984,-23.5359,5.06859,18.18082,0,0,0,-23.69411,4.941225,18.05963
90.36786,-23.53453,5.067375,18.18407,0,0,0,-23.69411,4.941225,18.05963
90.37671,-23.53453,5.067375,18.18407,0,0,0,-23.69411,4.941225,18.05963
90.38512,-23.53282,5.067149,18.18367,0,0,0,-23.69411,4.941225,18.05963
90.39459,-23.53282,5.067149,18.18367,0,0,0,-23.69411,4.941225,18.05963
90.40282,-23.52968,5.067197,18.18567,0,0,0,-23.69411,4.941225,18.05963
90.41293,-23.52968,5.067197,18.18567,0,0,0,-23.69411,4.941225,18.05963
90.42083,-23.52981,5.066128,18.18711,0,0,0,-23.69411,4.941225,18.05963
90.4305,-23.52981,5.066128,18.18711,0,0,0,-23.69411,4.941225,18.05963
90.43909,-23.52981,5.066128,18.18711,0,0,0,-23.69411,4.941225,18.05963
90.44707,-23.52816,5.066317,18.18729,0,0,0,-23.69411,4.941225,18.05963
90.45618,-23.52816,5.066317,18.18729,0,0,0,-23.69411,4.941225,18.05963
90.46442,-23.52667,5.066187,18.18911,0,0,0,-23.69411,4.941225,18.05963
90.47327,-23.52667,5.066187,18.18911,0,0,0,-23.69411,4.941225,18.05963
90.4831,-23.52907,5.065996,18.18892,0,0,0,-23.69411,4.941225,18.05963
90.49224,-23.52907,5.065996,18.18892,0,0,0,-23.69411,4.941225,18.05963
90.50033,-23.52727,5.066507,18.18747,0,0,0,-23.69411,4.941225,18.05963
90.50999,-23.52727,5.066507,18.18747,0,0,0,-23.69411,4.941225,18.05963
90.51864,-23.52727,5.066507,18.18747,0,0,0,-23.69411,4.941225,18.05963
90.52806,-23.52727,5.066508,18.18747,0,0,0,-23.69411,4.941225,18.05963
90.53799,-23.52727,5.066508,18.18747,0,0,0,-23.69411,4.941225,18.05963
90.54654,-23.52713,5.06683,18.18584,0,0,0,-23.69411,4.941225,18.05963
90.55884,-23.52713,5.06683,18.18584,0,0,0,-23.69411,4.941225,18.05963
90.56926,-23.52698,5.067154,18.18421,0,0,0,-23.69411,4.941225,18.05963
90.58129,-23.52698,5.067154,18.18421,0,0,0,-23.69411,4.941225,18.05963
90.5913,-23.52698,5.067154,18.18421,0,0,0,-23.69411,4.941225,18.05963
90.60333,-23.52519,5.067674,18.18276,0,0,0,-23.69411,4.941225,18.05963
90.61359,-23.52519,5.067674,18.18276,0,0,0,-23.69411,4.941225,18.05963
90.62383,-23.52683,5.067481,18.18258,0,0,0,-23.69411,4.941225,18.05963
90.63414,-23.52683,5.067481,18.18258,0,0,0,-23.69411,4.941225,18.05963
90.64469,-23.52504,5.068002,18.18114,0,0,0,-23.69411,4.941225,18.05963
90.65365,-23.52504,5.068002,18.18114,0,0,0,-23.69411,4.941225,18.05963
90.66225,-23.52504,5.068002,18.18114,0,0,0,-23.69411,4.941225,18.05963
90.67175,-23.52504,5.068002,18.18114,0,0,0,-23.69411,4.941225,18.05963
90.68008,-23.52489,5.068332,18.1795,0,0,0,-23.69411,4.941225,18.05963
90.69168,-23.52489,5.068332,18.1795,0,0,0,-23.69411,4.941225,18.05963
90.70003,-23.5246,5.068999,18.17625,0,0,0,-23.69411,4.941225,18.05963
90.70914,-23.5246,5.068999,18.17625,0,0,0,-23.69411,4.941225,18.05963
90.71751,-23.5246,5.068999,18.17625,0,0,0,-23.69411,4.941225,18.05963
90.72601,-23.52431,5.069675,18.17299,0,0,0,-23.69411,4.941225,18.05963
90.73667,-23.52431,5.069675,18.17299,0,0,0,-23.69411,4.941225,18.05963
90.74918,-23.52506,5.069823,18.17118,0,0,0,-23.69411,4.941225,18.05963
90.75903,-23.52506,5.069823,18.17118,0,0,0,-23.69411,4.941225,18.05963
90.7701,-23.52491,5.070165,18.16956,0,0,0,-23.69411,4.941225,18.05963
90.7796,-23.52491,5.070165,18.16956,0,0,0,-23.69411,4.941225,18.05963
90.78761,-23.52477,5.07051,18.16793,0,0,0,-23.69411,4.941225,18.05963
90.79628,-23.52477,5.07051,18.16793,0,0,0,-23.69411,4.941225,18.05963
90.8046,-23.52627,5.070667,18.16612,0,0,0,-23.69411,4.941225,18.05963
90.81404,-23.52627,5.070667,18.16612,0,0,0,-23.69411,4.941225,18.05963
90.82226,-23.52791,5.070479,18.16593,0,0,0,-23.69411,4.941225,18.05963
90.83114,-23.52791,5.070479,18.16593,0,0,0,-23.69411,4.941225,18.05963
90.83993,-23.52791,5.070479,18.16593,0,0,0,-23.69411,4.941225,18.05963
90.84792,-23.52941,5.070642,18.16412,0,0,0,-23.69411,4.941225,18.05963
90.85725,-23.52941,5.070642,18.16412,0,0,0,-23.69411,4.941225,18.05963
90.86526,-23.52852,5.070993,18.16251,0,0,0,-23.69411,4.941225,18.05963
90.87514,-23.52852,5.070993,18.16251,0,0,0,-23.69411,4.941225,18.05963
90.88278,-23.53017,5.070809,18.16232,0,0,0,-23.69411,4.941225,18.05963
90.89288,-23.53017,5.070809,18.16232,0,0,0,-23.69411,4.941225,18.05963
90.90107,-23.53017,5.070809,18.16232,0,0,0,-23.69411,4.941225,18.05963
90.90972,-23.53017,5.070809,18.16232,0,0,0,-23.69411,4.941225,18.05963
90.91821,-23.53017,5.070809,18.16232,0,0,0,-23.69411,4.941225,18.05963
90.92612,-23.53181,5.070627,18.16214,0,0,0,-23.69411,4.941225,18.05963
90.93538,-23.53181,5.070627,18.16214,0,0,0,-23.69411,4.941225,18.05963
90.94291,-23.53195,5.070275,18.16376,0,0,0,-23.69411,4.941225,18.05963
90.95197,-23.53195,5.070275,18.16376,0,0,0,-23.69411,4.941225,18.05963
90.9598,-23.53195,5.070275,18.16376,0,0,0,-23.69411,4.941225,18.05963
90.96777,-23.53195,5.070274,18.16376,0,0,0,-23.69411,4.941225,18.05963
90.97807,-23.53195,5.070274,18.16376,0,0,0,-23.69411,4.941225,18.05963
90.98608,-23.5321,5.069925,18.16539,0,0,0,-23.69411,4.941225,18.05963
90.99541,-23.5321,5.069925,18.16539,0,0,0,-23.69411,4.941225,18.05963
91.0046,-23.53374,5.069746,18.16521,0,0,0,-23.69411,4.941225,18.05963
91.01341,-23.53374,5.069746,18.16521,0,0,0,-23.69411,4.941225,18.05963
91.02215,-23.53553,5.06922,18.16665,0,0,0,-23.69411,4.941225,18.05963
91.03105,-23.53553,5.06922,18.16665,0,0,0,-23.69411,4.941225,18.05963
91.03896,-23.53553,5.06922,18.16665,0,0,0,-23.69411,4.941225,18.05963
91.04673,-23.53643,5.069045,18.16648,0,0,0,-23.69411,4.941225,18.05963
91.05685,-23.53643,5.069045,18.16648,0,0,0,-23.69411,4.941225,18.05963
91.06816,-23.53568,5.069045,18.1665,0,0,0,-23.69411,4.941225,18.05963
91.07796,-23.53568,5.069045,18.1665,0,0,0,-23.69411,4.941225,18.05963
91.08942,-23.53568,5.069045,18.1665,0,0,0,-23.69411,4.941225,18.05963
91.09935,-23.53568,5.069045,18.1665,0,0,0,-23.69411,4.941225,18.05963
91.10862,-23.53733,5.068871,18.16631,0,0,0,-23.69411,4.941225,18.05963
91.12391,-23.53747,5.068526,18.16794,0,0,0,-23.69411,4.941225,18.05963
91.13725,-23.53747,5.068526,18.16794,0,0,0,-23.69411,4.941225,18.05963
91.14665,-23.53912,5.068355,18.16776,0,0,0,-23.69411,4.941225,18.05963
91.15757,-23.53912,5.068355,18.16776,0,0,0,-23.69411,4.941225,18.05963
91.16919,-23.53747,5.068526,18.16794,0,0,0,-23.69411,4.941225,18.05963
91.18064,-23.53747,5.068526,18.16794,0,0,0,-23.69411,4.941225,18.05963
91.19118,-23.53747,5.068526,18.16794,0,0,0,-23.69411,4.941225,18.05963
91.20261,-23.53747,5.068526,18.16794,0,0,0,-23.69411,4.941225,18.05963
91.21321,-23.53747,5.068526,18.16794,0,0,0,-23.69411,4.941225,18.05963
91.22308,-23.53912,5.068355,18.16776,0,0,0,-23.69411,4.941225,18.05963
91.2328,-23.53912,5.068355,18.16776,0,0,0,-23.69411,4.941225,18.05963
91.24133,-23.53747,5.068526,18.16794,0,0,0,-23.69411,4.941225,18.05963
91.25089,-23.53747,5.068526,18.16794,0,0,0,-23.69411,4.941225,18.05963
91.25881,-23.53747,5.068526,18.16794,0,0,0,-23.69411,4.941225,18.05963
91.26814,-23.53912,5.068355,18.16776,0,0,0,-23.69411,4.941225,18.05963
91.27798,-23.53912,5.068355,18.16776,0,0,0,-23.69411,4.941225,18.05963
91.28676,-23.53747,5.068526,18.16794,0,0,0,-23.69411,4.941225,18.05963
91.29657,-23.53747,5.068526,18.16794,0,0,0,-23.69411,4.941225,18.05963
91.30467,-23.53741,5.068125,18.16735,0,0,0,-23.69411,4.941225,18.05963
91.31342,-23.53741,5.068125,18.16735,0,0,0,-23.69411,4.941225,18.05963
91.32181,-23.53741,5.068125,18.16735,0,0,0,-23.69411,4.941225,18.05963
91.33094,-23.53741,5.068125,18.16735,0,0,0,-23.69411,4.941225,18.05963
91.33982,-23.53741,5.068125,18.16735,0,0,0,-23.69411,4.941225,18.05963
91.3484,-23.53756,5.067781,18.16898,0,0,0,-23.69411,4.941225,18.05963
91.35764,-23.53756,5.067781,18.16898,0,0,0,-23.69411,4.941225,18.05963
91.36633,-23.5384,5.067207,18.16823,0,0,0,-23.69411,4.941225,18.05963
91.37618,-23.5384,5.067207,18.16823,0,0,0,-23.69411,4.941225,18.05963
91.3845,-23.53704,5.066697,18.17167,0,0,0,-23.69411,4.941225,18.05963
91.39469,-23.53704,5.066697,18.17167,0,0,0,-23.69411,4.941225,18.05963
91.40401,-23.53877,5.065783,18.17253,0,0,0,-23.69411,4.941225,18.05963
91.41325,-23.53877,5.065783,18.17253,0,0,0,-23.69411,4.941225,18.05963
91.42141,-23.53817,5.065446,18.17418,0,0,0,-23.69411,4.941225,18.05963
91.43027,-23.53817,5.065446,18.17418,0,0,0,-23.69411,4.941225,18.05963
91.44121,-23.53666,5.065283,18.17599,0,0,0,-23.69411,4.941225,18.05963
91.4506,-23.53666,5.065283,18.17599,0,0,0,-23.69411,4.941225,18.05963
91.45819,-23.53666,5.065283,18.17599,0,0,0,-23.69411,4.941225,18.05963
91.46674,-23.53681,5.064951,18.17761,0,0,0,-23.69411,4.941225,18.05963
91.47548,-23.53681,5.064951,18.17761,0,0,0,-23.69411,4.941225,18.05963
91.4837,-23.53695,5.06462,18.17924,0,0,0,-23.69411,4.941225,18.05963
91.49247,-23.53695,5.06462,18.17924,0,0,0,-23.69411,4.941225,18.05963
91.5004,-23.53875,5.06412,18.18069,0,0,0,-23.69411,4.941225,18.05963
91.50925,-23.53875,5.06412,18.18069,0,0,0,-23.69411,4.941225,18.05963
91.51753,-23.53875,5.06412,18.18069,0,0,0,-23.69411,4.941225,18.05963
91.52625,-23.53724,5.063965,18.1825,0,0,0,-23.69411,4.941225,18.05963
91.53642,-23.53724,5.063965,18.1825,0,0,0,-23.69411,4.941225,18.05963
91.54544,-23.53724,5.063965,18.1825,0,0,0,-23.69411,4.941225,18.05963
91.55544,-23.53724,5.063965,18.1825,0,0,0,-23.69411,4.941225,18.05963
91.56632,-23.53574,5.063815,18.18431,0,0,0,-23.69411,4.941225,18.05963
91.57754,-23.53574,5.063815,18.18431,0,0,0,-23.69411,4.941225,18.05963
91.58658,-23.53644,5.063406,18.18371,0,0,0,-23.69411,4.941225,18.05963
91.59652,-23.53644,5.063406,18.18371,0,0,0,-23.69411,4.941225,18.05963
91.60505,-23.53648,5.063068,18.1841,0,0,0,-23.69411,4.941225,18.05963
91.61432,-23.53648,5.063068,18.1841,0,0,0,-23.69411,4.941225,18.05963
91.62357,-23.53648,5.063068,18.1841,0,0,0,-23.69411,4.941225,18.05963
91.63307,-23.53648,5.063068,18.1841,0,0,0,-23.69411,4.941225,18.05963
91.64185,-23.53633,5.063394,18.18247,0,0,0,-23.69411,4.941225,18.05963
91.65118,-23.53633,5.063394,18.18247,0,0,0,-23.69411,4.941225,18.05963
91.65966,-23.53633,5.063394,18.18247,0,0,0,-23.69411,4.941225,18.05963
91.66872,-23.53483,5.063245,18.18428,0,0,0,-23.69411,4.941225,18.05963
91.67985,-23.53483,5.063245,18.18428,0,0,0,-23.69411,4.941225,18.05963
91.69109,-23.53454,5.063897,18.18102,0,0,0,-23.69411,4.941225,18.05963
91.7014,-23.53469,5.06357,18.18265,0,0,0,-23.69411,4.941225,18.05963
91.71013,-23.53469,5.06357,18.18265,0,0,0,-23.69411,4.941225,18.05963
91.72089,-23.53289,5.064075,18.18121,0,0,0,-23.69411,4.941225,18.05963
91.73102,-23.53289,5.064075,18.18121,0,0,0,-23.69411,4.941225,18.05963
91.73911,-23.53289,5.064075,18.18121,0,0,0,-23.69411,4.941225,18.05963
91.74753,-23.53275,5.064404,18.17958,0,0,0,-23.69411,4.941225,18.05963
91.75709,-23.53275,5.064404,18.17958,0,0,0,-23.69411,4.941225,18.05963
91.76587,-23.5326,5.064734,18.17794,0,0,0,-23.69411,4.941225,18.05963
91.77494,-23.5326,5.064734,18.17794,0,0,0,-23.69411,4.941225,18.05963
91.7836,-23.5326,5.064734,18.17794,0,0,0,-23.69411,4.941225,18.05963
91.79305,-23.5326,5.064734,18.17794,0,0,0,-23.69411,4.941225,18.05963
91.80247,-23.53425,5.064557,18.17776,0,0,0,-23.69411,4.941225,18.05963
91.81205,-23.53425,5.064557,18.17776,0,0,0,-23.69411,4.941225,18.05963
91.81986,-23.53425,5.064557,18.17776,0,0,0,-23.69411,4.941225,18.05963
91.82967,-23.53231,5.065404,18.17469,0,0,0,-23.69411,4.941225,18.05963
91.83999,-23.53231,5.065404,18.17469,0,0,0,-23.69411,4.941225,18.05963
91.85069,-23.53235,5.065065,18.17508,0,0,0,-23.69411,4.941225,18.05963
91.86118,-23.53235,5.065065,18.17508,0,0,0,-23.69411,4.941225,18.05963
91.87074,-23.53235,5.065065,18.17508,0,0,0,-23.69411,4.941225,18.05963
91.87852,-23.53235,5.065065,18.17508,0,0,0,-23.69411,4.941225,18.05963
91.887,-23.53221,5.065403,18.17345,0,0,0,-23.69411,4.941225,18.05963
91.89702,-23.53221,5.065403,18.17345,0,0,0,-23.69411,4.941225,18.05963
91.90703,-23.53207,5.065742,18.17182,0,0,0,-23.69411,4.941225,18.05963
91.91879,-23.53207,5.065742,18.17182,0,0,0,-23.69411,4.941225,18.05963
91.92797,-23.53357,5.065906,18.17001,0,0,0,-23.69411,4.941225,18.05963
91.93843,-23.53357,5.065906,18.17001,0,0,0,-23.69411,4.941225,18.05963
91.94817,-23.53342,5.06625,18.16838,0,0,0,-23.69411,4.941225,18.05963
91.95914,-23.53342,5.06625,18.16838,0,0,0,-23.69411,4.941225,18.05963
91.96989,-23.53357,5.065906,18.17001,0,0,0,-23.69411,4.941225,18.05963
91.981,-23.53342,5.06625,18.16838,0,0,0,-23.69411,4.941225,18.05963
91.99242,-23.53342,5.06625,18.16838,0,0,0,-23.69411,4.941225,18.05963
92.00216,-23.53164,5.066773,18.16693,0,0,0,-23.69411,4.941225,18.05963
92.01281,-23.53164,5.066773,18.16693,0,0,0,-23.69411,4.941225,18.05963
92.02377,-23.53164,5.066773,18.16693,0,0,0,-23.69411,4.941225,18.05963
92.03482,-23.53164,5.066773,18.16693,0,0,0,-23.69411,4.941225,18.05963
92.04436,-23.53268,5.06625,18.1684,0,0,0,-23.69411,4.941225,18.05963
92.0548,-23.53268,5.06625,18.1684,0,0,0,-23.69411,4.941225,18.05963
92.0653,-23.53254,5.066596,18.16677,0,0,0,-23.69411,4.941225,18.05963
92.07637,-23.53254,5.066596,18.16677,0,0,0,-23.69411,4.941225,18.05963
92.088,-23.53179,5.066596,18.16678,0,0,0,-23.69411,4.941225,18.05963
92.10088,-23.53179,5.066596,18.16678,0,0,0,-23.69411,4.941225,18.05963
92.11528,-23.53179,5.066596,18.16678,0,0,0,-23.69411,4.941225,18.05963
92.12386,-23.53193,5.06625,18.16841,0,0,0,-23.69411,4.941225,18.05963
92.13403,-23.53193,5.06625,18.16841,0,0,0,-23.69411,4.941225,18.05963
92.14298,-23.53193,5.06625,18.16841,0,0,0,-23.69411,4.941225,18.05963
92.15316,-23.53193,5.06625,18.16841,0,0,0,-23.69411,4.941225,18.05963
92.16304,-23.53193,5.06625,18.16841,0,0,0,-23.69411,4.941225,18.05963
92.17616,-23.53193,5.06625,18.16841,0,0,0,-23.69411,4.941225,18.05963
92.18532,-23.53193,5.06625,18.16841,0,0,0,-23.69411,4.941225,18.05963
92.19678,-23.53193,5.06625,18.16841,0,0,0,-23.69411,4.941225,18.05963
92.20917,-23.53193,5.06625,18.16841,0,0,0,-23.69411,4.941225,18.05963
92.22021,-23.53193,5.06625,18.16841,0,0,0,-23.69411,4.941225,18.05963
92.23175,-23.53193,5.06625,18.16841,0,0,0,-23.69411,4.941225,18.05963
92.24258,-23.53193,5.06625,18.16841,0,0,0,-23.69411,4.941225,18.05963
92.25465,-23.53193,5.06625,18.16841,0,0,0,-23.69411,4.941225,18.05963
92.2649,-23.53193,5.06625,18.16841,0,0,0,-23.69411,4.941225,18.05963
92.27706,-23.53193,5.06625,18.16841,0,0,0,-23.69411,4.941225,18.05963
92.28833,-23.53193,5.06625,18.16841,0,0,0,-23.69411,4.941225,18.05963
92.30104,-23.53193,5.06625,18.16841,0,0,0,-23.69411,4.941225,18.05963
92.31345,-23.53193,5.06625,18.16841,0,0,0,-23.69411,4.941225,18.05963
92.32414,-23.53028,5.066428,18.16859,0,0,0,-23.69411,4.941225,18.05963
92.33556,-23.53028,5.066428,18.16859,0,0,0,-23.69411,4.941225,18.05963
92.34461,-23.53193,5.06625,18.16841,0,0,0,-23.69411,4.941225,18.05963
92.35516,-23.53193,5.06625,18.16841,0,0,0,-23.69411,4.941225,18.05963
92.36453,-23.53193,5.06625,18.16841,0,0,0,-23.69411,4.941225,18.05963
92.37527,-23.53193,5.06625,18.16841,0,0,0,-23.69411,4.941225,18.05963
92.38439,-23.53179,5.066596,18.16678,0,0,0,-23.69411,4.941225,18.05963
92.39603,-23.53179,5.066596,18.16678,0,0,0,-23.69411,4.941225,18.05963
92.4054,-23.53179,5.066596,18.16678,0,0,0,-23.69411,4.941225,18.05963
92.41556,-23.53179,5.066596,18.16678,0,0,0,-23.69411,4.941225,18.05963
92.42771,-23.53179,5.066595,18.16678,0,0,0,-23.69411,4.941225,18.05963
92.43725,-23.53179,5.066595,18.16678,0,0,0,-23.69411,4.941225,18.05963
92.44569,-23.53179,5.066595,18.16678,0,0,0,-23.69411,4.941225,18.05963
92.45625,-23.53179,5.066595,18.16678,0,0,0,-23.69411,4.941225,18.05963
92.46528,-23.53179,5.066596,18.16678,0,0,0,-23.69411,4.941225,18.05963
92.4758,-23.53179,5.066596,18.16678,0,0,0,-23.69411,4.941225,18.05963
92.48626,-23.53014,5.066773,18.16696,0,0,0,-23.69411,4.941225,18.05963
92.49754,-23.53014,5.066773,18.16696,0,0,0,-23.69411,4.941225,18.05963
92.50844,-23.53179,5.066596,18.16678,0,0,0,-23.69411,4.941225,18.05963
92.51897,-23.53179,5.066596,18.16678,0,0,0,-23.69411,4.941225,18.05963
92.53288,-23.53104,5.066596,18.1668,0,0,0,-23.69411,4.941225,18.05963
92.5436,-23.53104,5.066596,18.1668,0,0,0,-23.69411,4.941225,18.05963
92.55402,-23.53104,5.066596,18.1668,0,0,0,-23.69411,4.941225,18.05963
92.56358,-23.52939,5.066773,18.16698,0,0,0,-23.69411,4.941225,18.05963
92.57289,-23.52939,5.066773,18.16698,0,0,0,-23.69411,4.941225,18.05963
92.58364,-23.53104,5.066596,18.1668,0,0,0,-23.69411,4.941225,18.05963
92.59497,-23.53104,5.066596,18.1668,0,0,0,-23.69411,4.941225,18.05963
92.60553,-23.5309,5.066944,18.16517,0,0,0,-23.69411,4.941225,18.05963
92.61536,-23.5309,5.066944,18.16517,0,0,0,-23.69411,4.941225,18.05963
92.62402,-23.53015,5.066943,18.16518,0,0,0,-23.69411,4.941225,18.05963
92.63317,-23.53015,5.066943,18.16518,0,0,0,-23.69411,4.941225,18.05963
92.64237,-23.53015,5.066943,18.16518,0,0,0,-23.69411,4.941225,18.05963
92.65496,-23.53015,5.066943,18.16518,0,0,0,-23.69411,4.941225,18.05963
92.66283,-23.53007,5.067692,18.16414,0,0,0,-23.69411,4.941225,18.05963
92.67529,-23.53007,5.067692,18.16414,0,0,0,-23.69411,4.941225,18.05963
92.68349,-23.52993,5.068044,18.16251,0,0,0,-23.69411,4.941225,18.05963
92.69353,-23.52993,5.068044,18.16251,0,0,0,-23.69411,4.941225,18.05963
92.70264,-23.52993,5.068044,18.16251,0,0,0,-23.69411,4.941225,18.05963
92.71144,-23.52993,5.068044,18.16251,0,0,0,-23.69411,4.941225,18.05963
92.72024,-23.52979,5.068397,18.16089,0,0,0,-23.69411,4.941225,18.05963
92.72929,-23.52979,5.068397,18.16089,0,0,0,-23.69411,4.941225,18.05963
92.73792,-23.52979,5.068397,18.16089,0,0,0,-23.69411,4.941225,18.05963
92.74574,-23.52979,5.068397,18.16089,0,0,0,-23.69411,4.941225,18.05963
92.75581,-23.52979,5.068397,18.16089,0,0,0,-23.69411,4.941225,18.05963
92.76395,-23.52979,5.068397,18.16089,0,0,0,-23.69411,4.941225,18.05963
92.77373,-23.52979,5.068397,18.16089,0,0,0,-23.69411,4.941225,18.05963
92.78218,-23.52965,5.068753,18.15926,0,0,0,-23.69411,4.941225,18.05963
92.7915,-23.52965,5.068753,18.15926,0,0,0,-23.69411,4.941225,18.05963
92.80049,-23.52965,5.068753,18.15926,0,0,0,-23.69411,4.941225,18.05963
92.80944,-23.52965,5.068753,18.15926,0,0,0,-23.69411,4.941225,18.05963
92.81792,-23.52965,5.068753,18.15926,0,0,0,-23.69411,4.941225,18.05963
92.82561,-23.52965,5.068753,18.15926,0,0,0,-23.69411,4.941225,18.05963
92.83505,-23.52965,5.068753,18.15926,0,0,0,-23.69411,4.941225,18.05963
92.84276,-23.52965,5.068753,18.15926,0,0,0,-23.69411,4.941225,18.05963
92.85185,-23.52965,5.068753,18.15926,0,0,0,-23.69411,4.941225,18.05963
92.85965,-23.52965,5.068753,18.15926,0,0,0,-23.69411,4.941225,18.05963
92.86821,-23.52965,5.068753,18.15926,0,0,0,-23.69411,4.941225,18.05963
92.87762,-23.52965,5.068753,18.15926,0,0,0,-23.69411,4.941225,18.05963
92.88527,-23.52965,5.068753,18.15926,0,0,0,-23.69411,4.941225,18.05963
92.89469,-23.52965,5.068753,18.15926,0,0,0,-23.69411,4.941225,18.05963
92.90331,-23.52965,5.068753,18.15926,0,0,0,-23.69411,4.941225,18.05963
92.91293,-23.52965,5.068753,18.15926,0,0,0,-23.69411,4.941225,18.05963
92.92062,-23.52965,5.068753,18.15926,0,0,0,-23.69411,4.941225,18.05963
92.9299,-23.52965,5.068753,18.15926,0,0,0,-23.69411,4.941225,18.05963
92.9379,-23.52965,5.068753,18.15926,0,0,0,-23.69411,4.941225,18.05963
92.94569,-23.52965,5.068753,18.15926,0,0,0,-23.69411,4.941225,18.05963
92.95477,-23.52965,5.068753,18.15926,0,0,0,-23.69411,4.941225,18.05963
92.96267,-23.52965,5.068753,18.15926,0,0,0,-23.69411,4.941225,18.05963
92.97159,-23.52965,5.068753,18.15926,0,0,0,-23.69411,4.941225,18.05963
92.9799,-23.52965,5.068753,18.15926,0,0,0,-23.69411,4.941225,18.05963
92.98747,-23.52965,5.068753,18.15926,0,0,0,-23.69411,4.941225,18.05963
92.99877,-23.52965,5.068753,18.15926,0,0,0,-23.69411,4.941225,18.05963
93.00965,-23.52787,5.069288,18.15782,0,0,0,-23.69411,4.941225,18.05963
93.01865,-23.52787,5.069288,18.15782,0,0,0,-23.69411,4.941225,18.05963
93.02644,-23.52979,5.068397,18.16089,0,0,0,-23.69411,4.941225,18.05963
93.03532,-23.52979,5.068397,18.16089,0,0,0,-23.69411,4.941225,18.05963
93.04668,-23.52891,5.068752,18.15928,0,0,0,-23.69411,4.941225,18.05963
93.056,-23.52891,5.068752,18.15928,0,0,0,-23.69411,4.941225,18.05963
93.06664,-23.52891,5.068752,18.15928,0,0,0,-23.69411,4.941225,18.05963
93.07863,-23.52891,5.068752,18.15928,0,0,0,-23.69411,4.941225,18.05963
93.08626,-23.5283,5.068397,18.16091,0,0,0,-23.69411,4.941225,18.05963
93.09526,-23.5283,5.068397,18.16091,0,0,0,-23.69411,4.941225,18.05963
93.1029,-23.5283,5.068397,18.16091,0,0,0,-23.69411,4.941225,18.05963
93.1154,-23.5283,5.068397,18.16091,0,0,0,-23.69411,4.941225,18.05963
93.12283,-23.52755,5.068398,18.16092,0,0,0,-23.69411,4.941225,18.05963
93.13153,-23.52755,5.068398,18.16092,0,0,0,-23.69411,4.941225,18.05963
93.13995,-23.52755,5.068398,18.16092,0,0,0,-23.69411,4.941225,18.05963
93.14754,-23.52681,5.068397,18.16093,0,0,0,-23.69411,4.941225,18.05963
93.1578,-23.52681,5.068397,18.16093,0,0,0,-23.69411,4.941225,18.05963
93.16599,-23.52681,5.068397,18.16093,0,0,0,-23.69411,4.941225,18.05963
93.17474,-23.52681,5.068397,18.16093,0,0,0,-23.69411,4.941225,18.05963
93.18408,-23.52606,5.068397,18.16095,0,0,0,-23.69411,4.941225,18.05963
93.19293,-23.52606,5.068397,18.16095,0,0,0,-23.69411,4.941225,18.05963
93.20168,-23.52593,5.068753,18.15932,0,0,0,-23.69411,4.941225,18.05963
93.21043,-23.52593,5.068753,18.15932,0,0,0,-23.69411,4.941225,18.05963
93.22077,-23.52593,5.068753,18.15932,0,0,0,-23.69411,4.941225,18.05963
93.22968,-23.52593,5.068753,18.15932,0,0,0,-23.69411,4.941225,18.05963
93.23853,-23.52593,5.068753,18.15932,0,0,0,-23.69411,4.941225,18.05963
93.24686,-23.52579,5.069109,18.1577,0,0,0,-23.69411,4.941225,18.05963
93.25608,-23.52579,5.069109,18.1577,0,0,0,-23.69411,4.941225,18.05963
93.26404,-23.52566,5.069469,18.15607,0,0,0,-23.69411,4.941225,18.05963
93.27403,-23.52566,5.069469,18.15607,0,0,0,-23.69411,4.941225,18.05963
93.28397,-23.52327,5.069648,18.15626,0,0,0,-23.69411,4.941225,18.05963
93.29404,-23.52327,5.069648,18.15626,0,0,0,-23.69411,4.941225,18.05963
93.30321,-23.52478,5.069831,18.15446,0,0,0,-23.69411,4.941225,18.05963
93.3125,-23.52478,5.069831,18.15446,0,0,0,-23.69411,4.941225,18.05963
93.32623,-23.52478,5.069831,18.15446,0,0,0,-23.69411,4.941225,18.05963
93.33812,-23.52478,5.069831,18.15446,0,0,0,-23.69411,4.941225,18.05963
93.35088,-23.52465,5.070195,18.15284,0,0,0,-23.69411,4.941225,18.05963
93.36125,-23.52465,5.070195,18.15284,0,0,0,-23.69411,4.941225,18.05963
93.37003,-23.52465,5.070195,18.15284,0,0,0,-23.69411,4.941225,18.05963
93.37781,-23.52465,5.070195,18.15284,0,0,0,-23.69411,4.941225,18.05963
93.38667,-23.52438,5.070928,18.14959,0,0,0,-23.69411,4.941225,18.05963
93.39627,-23.52438,5.070928,18.14959,0,0,0,-23.69411,4.941225,18.05963
93.40545,-23.52425,5.071297,18.14797,0,0,0,-23.69411,4.941225,18.05963
93.41722,-23.52425,5.071297,18.14797,0,0,0,-23.69411,4.941225,18.05963
93.42622,-23.52398,5.072044,18.14472,0,0,0,-23.69411,4.941225,18.05963
93.43559,-23.52398,5.072044,18.14472,0,0,0,-23.69411,4.941225,18.05963
93.44395,-23.52385,5.072421,18.1431,0,0,0,-23.69411,4.941225,18.05963
93.45294,-23.52385,5.072421,18.1431,0,0,0,-23.69411,4.941225,18.05963
93.46252,-23.52359,5.073179,18.13986,0,0,0,-23.69411,4.941225,18.05963
93.47511,-23.52359,5.073179,18.13986,0,0,0,-23.69411,4.941225,18.05963
93.48288,-23.52359,5.073179,18.13986,0,0,0,-23.69411,4.941225,18.05963
93.49235,-23.52359,5.073179,18.13986,0,0,0,-23.69411,4.941225,18.05963
93.50025,-23.52359,5.073179,18.13986,0,0,0,-23.69411,4.941225,18.05963
93.5093,-23.52359,5.073179,18.13986,0,0,0,-23.69411,4.941225,18.05963
93.51768,-23.52359,5.073179,18.13986,0,0,0,-23.69411,4.941225,18.05963
93.52709,-23.52332,5.073946,18.13662,0,0,0,-23.69411,4.941225,18.05963
93.53659,-23.52332,5.073946,18.13662,0,0,0,-23.69411,4.941225,18.05963
93.54492,-23.52319,5.074331,18.135,0,0,0,-23.69411,4.941225,18.05963
93.55386,-23.52319,5.074331,18.135,0,0,0,-23.69411,4.941225,18.05963
93.56146,-23.52319,5.074331,18.135,0,0,0,-23.69411,4.941225,18.05963
93.57148,-23.52319,5.074331,18.135,0,0,0,-23.69411,4.941225,18.05963
93.5798,-23.52319,5.074331,18.135,0,0,0,-23.69411,4.941225,18.05963
93.59042,-23.52306,5.07472,18.13339,0,0,0,-23.69411,4.941225,18.05963
93.59959,-23.52306,5.07472,18.13339,0,0,0,-23.69411,4.941225,18.05963
93.60863,-23.52319,5.074331,18.135,0,0,0,-23.69411,4.941225,18.05963
93.61817,-23.52319,5.074331,18.135,0,0,0,-23.69411,4.941225,18.05963
93.62598,-23.52306,5.07472,18.13339,0,0,0,-23.69411,4.941225,18.05963
93.63553,-23.52306,5.07472,18.13339,0,0,0,-23.69411,4.941225,18.05963
93.64357,-23.52293,5.075111,18.13177,0,0,0,-23.69411,4.941225,18.05963
93.65285,-23.52293,5.075111,18.13177,0,0,0,-23.69411,4.941225,18.05963
93.66145,-23.52293,5.075111,18.13177,0,0,0,-23.69411,4.941225,18.05963
93.67021,-23.52293,5.075111,18.13177,0,0,0,-23.69411,4.941225,18.05963
93.67881,-23.52293,5.075111,18.13177,0,0,0,-23.69411,4.941225,18.05963
93.68781,-23.52293,5.075111,18.13177,0,0,0,-23.69411,4.941225,18.05963
93.69771,-23.52293,5.075111,18.13177,0,0,0,-23.69411,4.941225,18.05963
93.70556,-23.52233,5.074721,18.13339,0,0,0,-23.69411,4.941225,18.05963
93.71478,-23.52233,5.074721,18.13339,0,0,0,-23.69411,4.941225,18.05963
93.72536,-23.5222,5.075111,18.13178,0,0,0,-23.69411,4.941225,18.05963
93.73444,-23.5222,5.075111,18.13178,0,0,0,-23.69411,4.941225,18.05963
93.74613,-23.52147,5.075111,18.13179,0,0,0,-23.69411,4.941225,18.05963
93.75629,-23.52147,5.075111,18.13179,0,0,0,-23.69411,4.941225,18.05963
93.76403,-23.52147,5.075111,18.13179,0,0,0,-23.69411,4.941225,18.05963
93.77263,-23.52147,5.075111,18.13179,0,0,0,-23.69411,4.941225,18.05963
93.78099,-23.52147,5.075111,18.13179,0,0,0,-23.69411,4.941225,18.05963
93.79025,-23.52147,5.075111,18.13179,0,0,0,-23.69411,4.941225,18.05963
93.79861,-23.52147,5.075111,18.13179,0,0,0,-23.69411,4.941225,18.05963
93.80933,-23.5216,5.07472,18.1334,0,0,0,-23.69411,4.941225,18.05963
93.81978,-23.5216,5.07472,18.1334,0,0,0,-23.69411,4.941225,18.05963
93.83036,-23.52147,5.075111,18.13179,0,0,0,-23.69411,4.941225,18.05963
93.83952,-23.52147,5.075111,18.13179,0,0,0,-23.69411,4.941225,18.05963
93.84695,-23.52134,5.075504,18.13017,0,0,0,-23.69411,4.941225,18.05963
93.85622,-23.52134,5.075504,18.13017,0,0,0,-23.69411,4.941225,18.05963
93.86414,-23.5197,5.075681,18.13034,0,0,0,-23.69411,4.941225,18.05963
93.87264,-23.5197,5.075681,18.13034,0,0,0,-23.69411,4.941225,18.05963
93.88034,-23.52147,5.075111,18.13179,0,0,0,-23.69411,4.941225,18.05963
93.88933,-23.52147,5.075111,18.13179,0,0,0,-23.69411,4.941225,18.05963
93.89716,-23.52147,5.075111,18.13179,0,0,0,-23.69411,4.941225,18.05963
93.90532,-23.52147,5.075111,18.13179,0,0,0,-23.69411,4.941225,18.05963
93.91611,-23.52147,5.075111,18.13179,0,0,0,-23.69411,4.941225,18.05963
93.92445,-23.52134,5.075503,18.13017,0,0,0,-23.69411,4.941225,18.05963
93.93444,-23.52134,5.075503,18.13017,0,0,0,-23.69411,4.941225,18.05963
93.94246,-23.52121,5.075899,18.12855,0,0,0,-23.69411,4.941225,18.05963
93.95121,-23.52121,5.075899,18.12855,0,0,0,-23.69411,4.941225,18.05963
93.95911,-23.52121,5.075899,18.12855,0,0,0,-23.69411,4.941225,18.05963
93.96738,-23.52134,5.075503,18.13017,0,0,0,-23.69411,4.941225,18.05963
93.97977,-23.52134,5.075503,18.13017,0,0,0,-23.69411,4.941225,18.05963
93.98714,-23.52121,5.075899,18.12855,0,0,0,-23.69411,4.941225,18.05963
93.99617,-23.52121,5.075899,18.12855,0,0,0,-23.69411,4.941225,18.05963
94.00427,-23.52121,5.075899,18.12855,0,0,0,-23.69411,4.941225,18.05963
94.01299,-23.52121,5.075899,18.12855,0,0,0,-23.69411,4.941225,18.05963
94.02333,-23.51944,5.076473,18.12711,0,0,0,-23.69411,4.941225,18.05963
94.0324,-23.51944,5.076473,18.12711,0,0,0,-23.69411,4.941225,18.05963
94.0398,-23.51944,5.076473,18.12711,0,0,0,-23.69411,4.941225,18.05963
94.04742,-23.51931,5.076871,18.12549,0,0,0,-23.69411,4.941225,18.05963
94.05752,-23.51931,5.076871,18.12549,0,0,0,-23.69411,4.941225,18.05963
94.06507,-23.52108,5.076295,18.12694,0,0,0,-23.69411,4.941225,18.05963
94.07365,-23.52108,5.076295,18.12694,0,0,0,-23.69411,4.941225,18.05963
94.08099,-23.52095,5.076694,18.12532,0,0,0,-23.69411,4.941225,18.05963
94.08994,-23.52095,5.076694,18.12532,0,0,0,-23.69411,4.941225,18.05963
94.09762,-23.52095,5.076694,18.12532,0,0,0,-23.69411,4.941225,18.05963
94.10641,-23.52023,5.076694,18.12533,0,0,0,-23.69411,4.941225,18.05963
94.11546,-23.52023,5.076694,18.12533,0,0,0,-23.69411,4.941225,18.05963
94.1234,-23.52023,5.076694,18.12533,0,0,0,-23.69411,4.941225,18.05963
94.1321,-23.52023,5.076694,18.12533,0,0,0,-23.69411,4.941225,18.05963
94.13943,-23.52023,5.076694,18.12533,0,0,0,-23.69411,4.941225,18.05963
94.1479,-23.5201,5.077095,18.12371,0,0,0,-23.69411,4.941225,18.05963
94.1575,-23.5201,5.077095,18.12371,0,0,0,-23.69411,4.941225,18.05963
94.16523,-23.52023,5.076694,18.12533,0,0,0,-23.69411,4.941225,18.05963
94.17397,-23.52023,5.076694,18.12533,0,0,0,-23.69411,4.941225,18.05963
94.18261,-23.52023,5.076694,18.12533,0,0,0,-23.69411,4.941225,18.05963
94.19266,-23.52023,5.076694,18.12533,0,0,0,-23.69411,4.941225,18.05963
94.20565,-23.51858,5.076871,18.1255,0,0,0,-23.69411,4.941225,18.05963
94.21545,-23.51858,5.076871,18.1255,0,0,0,-23.69411,4.941225,18.05963
94.22768,-23.5201,5.077094,18.12371,0,0,0,-23.69411,4.941225,18.05963
94.24043,-23.52023,5.076694,18.12533,0,0,0,-23.69411,4.941225,18.05963
94.24984,-23.52023,5.076694,18.12533,0,0,0,-23.69411,4.941225,18.05963
94.2582,-23.52023,5.076694,18.12533,0,0,0,-23.69411,4.941225,18.05963
94.26794,-23.5201,5.077094,18.12371,0,0,0,-23.69411,4.941225,18.05963
94.27831,-23.5201,5.077094,18.12371,0,0,0,-23.69411,4.941225,18.05963
94.28698,-23.5201,5.077094,18.12371,0,0,0,-23.69411,4.941225,18.05963
94.2976,-23.5201,5.077094,18.12371,0,0,0,-23.69411,4.941225,18.05963
94.30667,-23.5201,5.077095,18.12371,0,0,0,-23.69411,4.941225,18.05963
94.31683,-23.5201,5.077095,18.12371,0,0,0,-23.69411,4.941225,18.05963
94.326,-23.5201,5.077094,18.12371,0,0,0,-23.69411,4.941225,18.05963
94.33667,-23.5201,5.077094,18.12371,0,0,0,-23.69411,4.941225,18.05963
94.34591,-23.51846,5.077272,18.12389,0,0,0,-23.69411,4.941225,18.05963
94.35503,-23.51846,5.077272,18.12389,0,0,0,-23.69411,4.941225,18.05963
94.3628,-23.51846,5.077273,18.12389,0,0,0,-23.69411,4.941225,18.05963
94.37194,-23.51846,5.077273,18.12389,0,0,0,-23.69411,4.941225,18.05963
94.38002,-23.51846,5.077273,18.12389,0,0,0,-23.69411,4.941225,18.05963
94.3887,-23.51846,5.077273,18.12389,0,0,0,-23.69411,4.941225,18.05963
94.39647,-23.51846,5.077273,18.12389,0,0,0,-23.69411,4.941225,18.05963
94.40404,-23.51858,5.076871,18.1255,0,0,0,-23.69411,4.941225,18.05963
94.41234,-23.51858,5.076871,18.1255,0,0,0,-23.69411,4.941225,18.05963
94.41988,-23.51858,5.076871,18.1255,0,0,0,-23.69411,4.941225,18.05963
94.42757,-23.52023,5.076694,18.12533,0,0,0,-23.69411,4.941225,18.05963
94.43624,-23.52023,5.076694,18.12533,0,0,0,-23.69411,4.941225,18.05963
94.44456,-23.52035,5.076295,18.12695,0,0,0,-23.69411,4.941225,18.05963
94.45504,-23.52035,5.076295,18.12695,0,0,0,-23.69411,4.941225,18.05963
94.46342,-23.52035,5.076295,18.12695,0,0,0,-23.69411,4.941225,18.05963
94.47331,-23.52035,5.076295,18.12695,0,0,0,-23.69411,4.941225,18.05963
94.48129,-23.51871,5.076472,18.12712,0,0,0,-23.69411,4.941225,18.05963
94.49049,-23.51871,5.076472,18.12712,0,0,0,-23.69411,4.941225,18.05963
94.49938,-23.51871,5.076472,18.12712,0,0,0,-23.69411,4.941225,18.05963
94.50713,-23.52035,5.076295,18.12695,0,0,0,-23.69411,4.941225,18.05963
94.51667,-23.52035,5.076295,18.12695,0,0,0,-23.69411,4.941225,18.05963
94.52512,-23.51871,5.076472,18.12712,0,0,0,-23.69411,4.941225,18.05963
94.53399,-23.51871,5.076472,18.12712,0,0,0,-23.69411,4.941225,18.05963
94.54183,-23.51871,5.076472,18.12712,0,0,0,-23.69411,4.941225,18.05963
94.55114,-23.51871,5.076472,18.12712,0,0,0,-23.69411,4.941225,18.05963
94.55943,-23.51871,5.076472,18.12712,0,0,0,-23.69411,4.941225,18.05963
94.56699,-23.51884,5.076076,18.12873,0,0,0,-23.69411,4.941225,18.05963
94.57797,-23.51884,5.076076,18.12873,0,0,0,-23.69411,4.941225,18.05963
94.58593,-23.52048,5.075899,18.12856,0,0,0,-23.69411,4.941225,18.05963
94.59512,-23.52048,5.075899,18.12856,0,0,0,-23.69411,4.941225,18.05963
94.60307,-23.52061,5.075504,18.13018,0,0,0,-23.69411,4.941225,18.05963
94.61215,-23.52061,5.075504,18.13018,0,0,0,-23.69411,4.941225,18.05963
94.62001,-23.52061,5.075504,18.13018,0,0,0,-23.69411,4.941225,18.05963
94.62949,-23.52061,5.075504,18.13018,0,0,0,-23.69411,4.941225,18.05963
94.6393,-23.52061,5.075504,18.13018,0,0,0,-23.69411,4.941225,18.05963
94.64703,-23.51896,5.075681,18.13035,0,0,0,-23.69411,4.941225,18.05963
94.65643,-23.51896,5.075681,18.13035,0,0,0,-23.69411,4.941225,18.05963
94.66428,-23.51896,5.075681,18.13035,0,0,0,-23.69411,4.941225,18.05963
94.67274,-23.51896,5.075681,18.13035,0,0,0,-23.69411,4.941225,18.05963
94.68019,-23.51896,5.075681,18.13035,0,0,0,-23.69411,4.941225,18.05963
94.689,-23.51896,5.075681,18.13035,0,0,0,-23.69411,4.941225,18.05963
94.69661,-23.51896,5.075681,18.13035,0,0,0,-23.69411,4.941225,18.05963
94.70422,-23.52073,5.075111,18.1318,0,0,0,-23.69411,4.941225,18.05963
94.71394,-23.52073,5.075111,18.1318,0,0,0,-23.69411,4.941225,18.05963
94.72134,-23.52086,5.074721,18.13341,0,0,0,-23.69411,4.941225,18.05963
94.72962,-23.52086,5.074721,18.13341,0,0,0,-23.69411,4.941225,18.05963
94.73789,-23.52086,5.074721,18.13341,0,0,0,-23.69411,4.941225,18.05963
94.74557,-23.51922,5.074898,18.13359,0,0,0,-23.69411,4.941225,18.05963
94.75771,-23.51922,5.074898,18.13359,0,0,0,-23.69411,4.941225,18.05963
94.76568,-23.51922,5.074898,18.13359,0,0,0,-23.69411,4.941225,18.05963
94.77425,-23.51922,5.074898,18.13359,0,0,0,-23.69411,4.941225,18.05963
94.78192,-23.51922,5.074898,18.13359,0,0,0,-23.69411,4.941225,18.05963
94.79034,-23.51922,5.074898,18.13359,0,0,0,-23.69411,4.941225,18.05963
94.79794,-23.51922,5.074898,18.13359,0,0,0,-23.69411,4.941225,18.05963
94.80537,-23.52099,5.074331,18.13503,0,0,0,-23.69411,4.941225,18.05963
94.8139,-23.52099,5.074331,18.13503,0,0,0,-23.69411,4.941225,18.05963
94.82151,-23.51935,5.07451,18.13521,0,0,0,-23.69411,4.941225,18.05963
94.83868,-23.51935,5.07451,18.13521,0,0,0,-23.69411,4.941225,18.05963
94.84617,-23.51948,5.074123,18.13682,0,0,0,-23.69411,4.941225,18.05963
94.85509,-23.51948,5.074123,18.13682,0,0,0,-23.69411,4.941225,18.05963
94.86259,-23.51935,5.07451,18.13521,0,0,0,-23.69411,4.941225,18.05963
94.87155,-23.51935,5.07451,18.13521,0,0,0,-23.69411,4.941225,18.05963
94.87885,-23.51935,5.07451,18.13521,0,0,0,-23.69411,4.941225,18.05963
94.88755,-23.51948,5.074123,18.13682,0,0,0,-23.69411,4.941225,18.05963
94.89716,-23.51948,5.074123,18.13682,0,0,0,-23.69411,4.941225,18.05963
94.90652,-23.52112,5.073946,18.13665,0,0,0,-23.69411,4.941225,18.05963
94.91514,-23.52112,5.073946,18.13665,0,0,0,-23.69411,4.941225,18.05963
94.9239,-23.52112,5.073946,18.13665,0,0,0,-23.69411,4.941225,18.05963
94.93185,-23.52112,5.073946,18.13665,0,0,0,-23.69411,4.941225,18.05963
94.93956,-23.52112,5.073946,18.13665,0,0,0,-23.69411,4.941225,18.05963
94.94736,-23.51935,5.07451,18.13521,0,0,0,-23.69411,4.941225,18.05963
94.95612,-23.51935,5.07451,18.13521,0,0,0,-23.69411,4.941225,18.05963
94.96321,-23.51935,5.07451,18.13521,0,0,0,-23.69411,4.941225,18.05963
94.97227,-23.51935,5.07451,18.13521,0,0,0,-23.69411,4.941225,18.05963
94.97971,-23.51935,5.07451,18.13521,0,0,0,-23.69411,4.941225,18.05963
94.98737,-23.51935,5.07451,18.13521,0,0,0,-23.69411,4.941225,18.05963
94.9969,-23.51935,5.07451,18.13521,0,0,0,-23.69411,4.941225,18.05963
95.00459,-23.52112,5.073946,18.13665,0,0,0,-23.69411,4.941225,18.05963
95.01292,-23.52112,5.073946,18.13665,0,0,0,-23.69411,4.941225,18.05963
95.02047,-23.51935,5.07451,18.13521,0,0,0,-23.69411,4.941225,18.05963
95.02921,-23.51935,5.07451,18.13521,0,0,0,-23.69411,4.941225,18.05963
95.03699,-23.51935,5.07451,18.13521,0,0,0,-23.69411,4.941225,18.05963
95.04425,-23.52099,5.074331,18.13503,0,0,0,-23.69411,4.941225,18.05963
95.05274,-23.52099,5.074331,18.13503,0,0,0,-23.69411,4.941225,18.05963
95.06013,-23.51922,5.074898,18.13359,0,0,0,-23.69411,4.941225,18.05963
95.0722,-23.51922,5.074898,18.13359,0,0,0,-23.69411,4.941225,18.05963
95.0828,-23.51909,5.075288,18.13197,0,0,0,-23.69411,4.941225,18.05963
95.09116,-23.51909,5.075288,18.13197,0,0,0,-23.69411,4.941225,18.05963
95.09854,-23.51909,5.075288,18.13197,0,0,0,-23.69411,4.941225,18.05963
95.10609,-23.51896,5.075681,18.13035,0,0,0,-23.69411,4.941225,18.05963
95.11503,-23.51896,5.075681,18.13035,0,0,0,-23.69411,4.941225,18.05963
95.12242,-23.51884,5.076077,18.12873,0,0,0,-23.69411,4.941225,18.05963
95.13303,-23.51884,5.076077,18.12873,0,0,0,-23.69411,4.941225,18.05963
95.1414,-23.52048,5.075899,18.12856,0,0,0,-23.69411,4.941225,18.05963
95.1519,-23.52048,5.075899,18.12856,0,0,0,-23.69411,4.941225,18.05963
95.15957,-23.52048,5.075899,18.12856,0,0,0,-23.69411,4.941225,18.05963
95.16762,-23.51871,5.076472,18.12712,0,0,0,-23.69411,4.941225,18.05963
95.17764,-23.51871,5.076472,18.12712,0,0,0,-23.69411,4.941225,18.05963
95.1855,-23.51871,5.076472,18.12712,0,0,0,-23.69411,4.941225,18.05963
95.19635,-23.51871,5.076472,18.12712,0,0,0,-23.69411,4.941225,18.05963
95.20508,-23.51871,5.076472,18.12712,0,0,0,-23.69411,4.941225,18.05963
95.21545,-23.51871,5.076472,18.12712,0,0,0,-23.69411,4.941225,18.05963
95.22567,-23.51858,5.076871,18.1255,0,0,0,-23.69411,4.941225,18.05963
95.23627,-23.51858,5.076871,18.1255,0,0,0,-23.69411,4.941225,18.05963
95.24472,-23.52023,5.076694,18.12533,0,0,0,-23.69411,4.941225,18.05963
95.25713,-23.52023,5.076694,18.12533,0,0,0,-23.69411,4.941225,18.05963
95.26894,-23.51858,5.076871,18.1255,0,0,0,-23.69411,4.941225,18.05963
95.27946,-23.51858,5.076871,18.1255,0,0,0,-23.69411,4.941225,18.05963
95.28804,-23.51858,5.076871,18.1255,0,0,0,-23.69411,4.941225,18.05963
95.302,-23.51858,5.076871,18.1255,0,0,0,-23.69411,4.941225,18.05963
95.31158,-23.51858,5.076871,18.1255,0,0,0,-23.69411,4.941225,18.05963
95.32052,-23.51858,5.076871,18.1255,0,0,0,-23.69411,4.941225,18.05963
95.33164,-23.51858,5.076871,18.1255,0,0,0,-23.69411,4.941225,18.05963
95.33952,-23.51858,5.076871,18.1255,0,0,0,-23.69411,4.941225,18.05963
95.34707,-23.51949,5.076694,18.12534,0,0,0,-23.69411,4.941225,18.05963
95.35774,-23.51949,5.076694,18.12534,0,0,0,-23.69411,4.941225,18.05963
95.36664,-23.51785,5.076871,18.12551,0,0,0,-23.69411,4.941225,18.05963
95.37515,-23.51785,5.076871,18.12551,0,0,0,-23.69411,4.941225,18.05963
95.38374,-23.51773,5.077273,18.12389,0,0,0,-23.69411,4.941225,18.05963
95.39391,-23.51773,5.077273,18.12389,0,0,0,-23.69411,4.941225,18.05963
95.40176,-23.51712,5.076872,18.12552,0,0,0,-23.69411,4.941225,18.05963
95.41013,-23.51712,5.076872,18.12552,0,0,0,-23.69411,4.941225,18.05963
95.41819,-23.51712,5.076872,18.12552,0,0,0,-23.69411,4.941225,18.05963
95.42699,-23.51712,5.076872,18.12552,0,0,0,-23.69411,4.941225,18.05963
95.4381,-23.51712,5.076872,18.12552,0,0,0,-23.69411,4.941225,18.05963
95.44523,-23.51707,5.076488,18.12494,0,0,0,-23.69411,4.941225,18.05963
95.45328,-23.51707,5.076488,18.12494,0,0,0,-23.69411,4.941225,18.05963
95.46236,-23.51707,5.076488,18.12494,0,0,0,-23.69411,4.941225,18.05963
95.47142,-23.51707,5.076488,18.12494,0,0,0,-23.69411,4.941225,18.05963
95.48098,-23.51814,5.075573,18.12677,0,0,0,-23.69411,4.941225,18.05963
95.48975,-23.51814,5.075573,18.12677,0,0,0,-23.69411,4.941225,18.05963
95.49738,-23.51814,5.075573,18.12677,0,0,0,-23.69411,4.941225,18.05963
95.50466,-23.51675,5.074958,18.13018,0,0,0,-23.69411,4.941225,18.05963
95.51259,-23.51675,5.074958,18.13018,0,0,0,-23.69411,4.941225,18.05963
95.51995,-23.51675,5.074958,18.13018,0,0,0,-23.69411,4.941225,18.05963
95.52729,-23.517,5.074173,18.13341,0,0,0,-23.69411,4.941225,18.05963
95.53606,-23.517,5.074173,18.13341,0,0,0,-23.69411,4.941225,18.05963
95.5434,-23.51864,5.073996,18.13324,0,0,0,-23.69411,4.941225,18.05963
95.55243,-23.51864,5.073996,18.13324,0,0,0,-23.69411,4.941225,18.05963
95.55978,-23.51864,5.073996,18.13324,0,0,0,-23.69411,4.941225,18.05963
95.56719,-23.51713,5.073783,18.13503,0,0,0,-23.69411,4.941225,18.05963
95.57552,-23.51713,5.073783,18.13503,0,0,0,-23.69411,4.941225,18.05963
95.58298,-23.51725,5.073397,18.13665,0,0,0,-23.69411,4.941225,18.05963
95.59103,-23.51725,5.073397,18.13665,0,0,0,-23.69411,4.941225,18.05963
95.59888,-23.51725,5.073397,18.13665,0,0,0,-23.69411,4.941225,18.05963
95.60612,-23.51738,5.073012,18.13827,0,0,0,-23.69411,4.941225,18.05963
95.61459,-23.51738,5.073012,18.13827,0,0,0,-23.69411,4.941225,18.05963
95.6225,-23.51906,5.072495,18.13849,0,0,0,-23.50225,4.958672,18.11235
95.63219,-23.51906,5.072495,18.13849,0,0,0,-23.50225,4.958672,18.11235
95.63973,-23.51906,5.072495,18.13849,0,0,0,-23.50225,4.958672,18.11235
95.64771,-23.51707,5.073495,18.13419,0,0,0,-23.50225,4.958672,18.11235
95.65663,-23.51707,5.073495,18.13419,0,0,0,-23.50225,4.958672,18.11235
95.66527,-23.51871,5.073318,18.13402,0,0,0,-23.50225,4.958672,18.11235
95.67357,-23.51871,5.073318,18.13402,0,0,0,-23.50225,4.958672,18.11235
95.68227,-23.51682,5.07428,18.13095,0,0,0,-23.50225,4.958672,18.11235
95.69096,-23.51682,5.07428,18.13095,0,0,0,-23.50225,4.958672,18.11235
95.70061,-23.51682,5.07428,18.13095,0,0,0,-23.50225,4.958672,18.11235
95.70891,-23.51682,5.07428,18.13095,0,0,0,-23.50225,4.958672,18.11235
95.71665,-23.51682,5.07428,18.13095,0,0,0,-23.50225,4.958672,18.11235
95.72527,-23.5167,5.074675,18.12934,0,0,0,-23.50225,4.958672,18.11235
95.73432,-23.5167,5.074675,18.12934,0,0,0,-23.50225,4.958672,18.11235
95.74158,-23.5167,5.074675,18.12934,0,0,0,-23.50225,4.958672,18.11235
95.75021,-23.5167,5.074675,18.12934,0,0,0,-23.50225,4.958672,18.11235
95.75742,-23.5167,5.074675,18.12934,0,0,0,-23.50225,4.958672,18.11235
95.76505,-23.51668,5.075737,18.12914,0,0,0,-23.50225,4.958672,18.11235
95.77427,-23.51668,5.075737,18.12914,0,0,0,-23.50225,4.958672,18.11235
95.78502,-23.51821,5.07668,18.12755,0,0,0,-23.50225,4.958672,18.11235
95.79349,-23.51821,5.07668,18.12755,0,0,0,-23.50225,4.958672,18.11235
95.80186,-23.51809,5.077078,18.12593,0,0,0,-23.50225,4.958672,18.11235
95.81018,-23.51809,5.077078,18.12593,0,0,0,-23.50225,4.958672,18.11235
95.81767,-23.51809,5.077078,18.12593,0,0,0,-23.50225,4.958672,18.11235
95.82499,-23.51801,5.077861,18.1249,0,0,0,-23.50225,4.958672,18.11235
95.83424,-23.51801,5.077861,18.1249,0,0,0,-23.50225,4.958672,18.11235
95.84141,-23.51789,5.078263,18.12328,0,0,0,-23.50225,4.958672,18.11235
95.85014,-23.51789,5.078263,18.12328,0,0,0,-23.50225,4.958672,18.11235
95.85853,-23.51789,5.078263,18.12328,0,0,0,-23.50225,4.958672,18.11235
95.86783,-23.51776,5.078667,18.12167,0,0,0,-23.50225,4.958672,18.11235
95.87608,-23.51776,5.078667,18.12167,0,0,0,-23.50225,4.958672,18.11235
95.88364,-23.51764,5.079073,18.12005,0,0,0,-23.50225,4.958672,18.11235
95.89484,-23.51764,5.079073,18.12005,0,0,0,-23.50225,4.958672,18.11235
95.9032,-23.51752,5.07948,18.11844,0,0,0,-23.50225,4.958672,18.11235
95.91203,-23.51752,5.07948,18.11844,0,0,0,-23.50225,4.958672,18.11235
95.92035,-23.51739,5.07989,18.11683,0,0,0,-23.50225,4.958672,18.11235
95.92867,-23.51739,5.07989,18.11683,0,0,0,-23.50225,4.958672,18.11235
95.93596,-23.51739,5.07989,18.11683,0,0,0,-23.50225,4.958672,18.11235
95.94318,-23.51654,5.080302,18.11522,0,0,0,-23.50225,4.958672,18.11235
95.95164,-23.51654,5.080302,18.11522,0,0,0,-23.50225,4.958672,18.11235
95.95871,-23.51654,5.080302,18.11522,0,0,0,-23.50225,4.958672,18.11235
95.9661,-23.51569,5.080717,18.11362,0,0,0,-23.50225,4.958672,18.11235
95.97457,-23.51569,5.080717,18.11362,0,0,0,-23.50225,4.958672,18.11235
95.98251,-23.51557,5.081132,18.11201,0,0,0,-23.50225,4.958672,18.11235
95.9914,-23.51557,5.081132,18.11201,0,0,0,-23.50225,4.958672,18.11235
95.99986,-23.51557,5.081132,18.11201,0,0,0,-23.50225,4.958672,18.11235
96.00829,-23.51545,5.08155,18.11039,0,0,0,-23.50225,4.958672,18.11235
96.01859,-23.51545,5.08155,18.11039,0,0,0,-23.50225,4.958672,18.11235
96.02585,-23.51533,5.08197,18.10878,0,0,0,-23.50225,4.958672,18.11235
96.03406,-23.51533,5.08197,18.10878,0,0,0,-23.50225,4.958672,18.11235
96.04105,-23.51533,5.08197,18.10878,0,0,0,-23.50225,4.958672,18.11235
96.04958,-23.51533,5.08197,18.10878,0,0,0,-23.50225,4.958672,18.11235
96.05816,-23.51533,5.08197,18.10878,0,0,0,-23.50225,4.958672,18.11235
96.06598,-23.51521,5.082393,18.10717,0,0,0,-23.50225,4.958672,18.11235
96.07434,-23.51521,5.082393,18.10717,0,0,0,-23.50225,4.958672,18.11235
96.08231,-23.51521,5.082393,18.10717,0,0,0,-23.50225,4.958672,18.11235
96.09039,-23.51521,5.082393,18.10717,0,0,0,-23.50225,4.958672,18.11235
96.10039,-23.51521,5.082393,18.10717,0,0,0,-23.50225,4.958672,18.11235
96.10842,-23.51521,5.082393,18.10717,0,0,0,-23.50225,4.958672,18.11235
96.11568,-23.51521,5.082393,18.10717,0,0,0,-23.50225,4.958672,18.11235
96.12305,-23.51512,5.082478,18.10595,0,0,0,-23.50225,4.958672,18.11235
96.13165,-23.51512,5.082478,18.10595,0,0,0,-23.50225,4.958672,18.11235
96.13885,-23.51512,5.082478,18.10595,0,0,0,-23.50225,4.958672,18.11235
96.14618,-23.51512,5.082478,18.10595,0,0,0,-23.50225,4.958672,18.11235
96.15459,-23.51512,5.082478,18.10595,0,0,0,-23.50225,4.958672,18.11235
96.1618,-23.51512,5.082478,18.10595,0,0,0,-23.50225,4.958672,18.11235
96.17046,-23.51512,5.082478,18.10595,0,0,0,-23.50225,4.958672,18.11235
96.17791,-23.51512,5.082478,18.10595,0,0,0,-23.50225,4.958672,18.11235
96.18626,-23.51348,5.082655,18.10612,0,0,0,-23.50225,4.958672,18.11235
96.1957,-23.51348,5.082655,18.10612,0,0,0,-23.50225,4.958672,18.11235
96.20445,-23.51348,5.082655,18.10612,0,0,0,-23.50225,4.958672,18.11235
96.21658,-23.51348,5.082655,18.10612,0,0,0,-23.50225,4.958672,18.11235
96.22639,-23.51348,5.082655,18.10612,0,0,0,-23.50225,4.958672,18.11235
96.23618,-23.51348,5.082655,18.10612,0,0,0,-23.50225,4.958672,18.11235
96.24504,-23.51361,5.08223,18.10773,0,0,0,-23.50225,4.958672,18.11235
96.26019,-23.51361,5.08223,18.10773,0,0,0,-23.50225,4.958672,18.11235
96.271,-23.51361,5.08223,18.10773,0,0,0,-23.50225,4.958672,18.11235
96.28017,-23.51209,5.081986,18.10951,0,0,0,-23.50225,4.958672,18.11235
96.28958,-23.51209,5.081986,18.10951,0,0,0,-23.50225,4.958672,18.11235
96.30116,-23.50881,5.082352,18.10985,0,0,0,-23.50225,4.958672,18.11235
96.31047,-23.50881,5.082352,18.10985,0,0,0,-23.50225,4.958672,18.11235
96.31957,-23.50881,5.082352,18.10985,0,0,0,-23.50225,4.958672,18.11235
96.32765,-23.50414,5.082077,18.11358,0,0,0,-23.50225,4.958672,18.11235
96.33801,-23.50414,5.082077,18.11358,0,0,0,-23.50225,4.958672,18.11235
96.34612,-23.50262,5.081853,18.11536,0,0,0,-23.50225,4.958672,18.11235
96.35771,-23.50262,5.081853,18.11536,0,0,0,-23.50225,4.958672,18.11235
96.36849,-23.50122,5.081222,18.11876,0,0,0,-23.50225,4.958672,18.11235
96.37717,-23.50122,5.081222,18.11876,0,0,0,-23.50225,4.958672,18.11235
96.39034,-23.49818,5.080799,18.12233,0,0,0,-23.50225,4.958672,18.11235
96.39931,-23.49818,5.080799,18.12233,0,0,0,-23.50225,4.958672,18.11235
96.40678,-23.49666,5.080595,18.12412,0,0,0,-23.50225,4.958672,18.11235
96.41629,-23.49666,5.080595,18.12412,0,0,0,-23.50225,4.958672,18.11235
96.42414,-23.49527,5.079992,18.12752,0,0,0,-23.50225,4.958672,18.11235
96.43392,-23.49527,5.079992,18.12752,0,0,0,-23.50225,4.958672,18.11235
96.44247,-23.49375,5.079798,18.12931,0,0,0,-23.50225,4.958672,18.11235
96.45216,-23.49375,5.079798,18.12931,0,0,0,-23.50225,4.958672,18.11235
96.45984,-23.49375,5.079798,18.12931,0,0,0,-23.50225,4.958672,18.11235
96.46851,-23.4915,5.079607,18.1311,0,0,0,-23.50225,4.958672,18.11235
96.4772,-23.4915,5.079607,18.1311,0,0,0,-23.50225,4.958672,18.11235
96.48455,-23.48937,5.079028,18.1345,0,0,0,-23.50225,4.958672,18.11235
96.4927,-23.48937,5.079028,18.1345,0,0,0,-23.50225,4.958672,18.11235
96.50004,-23.48863,5.079028,18.1345,0,0,0,-23.50225,4.958672,18.11235
96.50883,-23.48863,5.079028,18.1345,0,0,0,-23.50225,4.958672,18.11235
96.51826,-23.48863,5.079028,18.1345,0,0,0,-23.50225,4.958672,18.11235
96.52553,-23.48516,5.078587,18.13732,0,0,0,-23.50225,4.958672,18.11235
96.53446,-23.48516,5.078587,18.13732,0,0,0,-23.50225,4.958672,18.11235
96.54213,-23.48307,5.0782,18.13892,0,0,0,-23.50225,4.958672,18.11235
96.55122,-23.48307,5.0782,18.13892,0,0,0,-23.50225,4.958672,18.11235
96.55843,-23.48307,5.0782,18.13892,0,0,0,-23.50225,4.958672,18.11235
96.56668,-23.47814,5.077433,18.14211,0,0,0,-23.50225,4.958672,18.11235
96.57594,-23.47814,5.077433,18.14211,0,0,0,-23.50225,4.958672,18.11235
96.58349,-23.4722,5.077992,18.14402,0,0,0,-23.50225,4.958672,18.11235
96.59161,-23.4722,5.077992,18.14402,0,0,0,-23.50225,4.958672,18.11235
96.60014,-23.46617,5.078595,18.14468,0,0,0,-23.50225,4.958672,18.11235
96.60842,-23.46617,5.078595,18.14468,0,0,0,-23.50225,4.958672,18.11235
96.61562,-23.46617,5.078595,18.14468,0,0,0,-23.50225,4.958672,18.11235
96.62315,-23.45802,5.078825,18.1469,0,0,0,-23.50225,4.958672,18.11235
96.63329,-23.45802,5.078825,18.1469,0,0,0,-23.50225,4.958672,18.11235
96.64043,-23.45273,5.079434,18.14754,0,0,0,-23.50225,4.958672,18.11235
96.64959,-23.45273,5.079434,18.14754,0,0,0,-23.50225,4.958672,18.11235
96.65799,-23.45273,5.079434,18.14754,0,0,0,-23.50225,4.958672,18.11235
96.66601,-23.44436,5.079502,18.1493,0,0,0,-23.50225,4.958672,18.11235
96.67418,-23.44436,5.079502,18.1493,0,0,0,-23.50225,4.958672,18.11235
96.68205,-23.44121,5.080063,18.149,0,0,0,-23.50225,4.958672,18.11235
96.69109,-23.44121,5.080063,18.149,0,0,0,-23.50225,4.958672,18.11235
96.69981,-23.44121,5.080063,18.149,0,0,0,-23.50225,4.958672,18.11235
96.70808,-23.43656,5.081055,18.148,0,0,0,-23.50225,4.958672,18.11235
96.71751,-23.43656,5.081055,18.148,0,0,0,-23.50225,4.958672,18.11235
96.72506,-23.43434,5.081055,18.14792,0,0,0,-23.50225,4.958672,18.11235
96.73335,-23.43434,5.081055,18.14792,0,0,0,-23.50225,4.958672,18.11235
96.74059,-23.43287,5.081055,18.14787,0,0,0,-23.50225,4.958672,18.11235
96.74889,-23.43287,5.081055,18.14787,0,0,0,-23.50225,4.958672,18.11235
96.75742,-23.43287,5.081055,18.14787,0,0,0,-23.50225,4.958672,18.11235
96.76553,-23.43006,5.080311,18.151,0,0,0,-23.50225,4.958672,18.11235
96.77418,-23.43006,5.080311,18.151,0,0,0,-23.50225,4.958672,18.11235
96.78396,-23.42792,5.079942,18.15254,0,0,0,-23.50225,4.958672,18.11235
96.79254,-23.42792,5.079942,18.15254,0,0,0,-23.50225,4.958672,18.11235
96.80031,-23.42643,5.079942,18.15248,0,0,0,-23.50225,4.958672,18.11235
96.80864,-23.42643,5.079942,18.15248,0,0,0,-23.50225,4.958672,18.11235
96.81698,-23.42643,5.079942,18.15248,0,0,0,-23.50225,4.958672,18.11235
96.82448,-23.42368,5.079688,18.15341,0,0,0,-23.50225,4.958672,18.11235
96.83337,-23.42368,5.079688,18.15341,0,0,0,-23.50225,4.958672,18.11235
96.84097,-23.42238,5.079858,18.15375,0,0,0,-23.50225,4.958672,18.11235
96.85117,-23.42238,5.079858,18.15375,0,0,0,-23.50225,4.958672,18.11235
96.86231,-23.42038,5.080344,18.1549,0,0,0,-23.50225,4.958672,18.11235
96.87064,-23.42038,5.080344,18.1549,0,0,0,-23.50225,4.958672,18.11235
96.87766,-23.42038,5.080344,18.1549,0,0,0,-23.50225,4.958672,18.11235
96.88617,-23.41752,5.081342,18.14913,0,0,0,-23.50225,4.958672,18.11235
96.89474,-23.41752,5.081342,18.14913,0,0,0,-23.50225,4.958672,18.11235
96.9022,-23.41616,5.082226,18.14745,0,0,0,-23.50225,4.958672,18.11235
96.91112,-23.41616,5.082226,18.14745,0,0,0,-23.50225,4.958672,18.11235
96.91959,-23.41616,5.082226,18.14745,0,0,0,-23.50225,4.958672,18.11235
96.92757,-23.41422,5.082173,18.14537,0,0,0,-23.50225,4.958672,18.11235
96.93575,-23.41422,5.082173,18.14537,0,0,0,-23.50225,4.958672,18.11235
96.94352,-23.41377,5.08213,18.14337,0,0,0,-23.50225,4.958672,18.11235
96.9529,-23.41377,5.08213,18.14337,0,0,0,-23.50225,4.958672,18.11235
96.96262,-23.41094,5.082301,18.14143,0,0,0,-23.50225,4.958672,18.11235
96.97123,-23.41094,5.082301,18.14143,0,0,0,-23.50225,4.958672,18.11235
96.9815,-23.40743,5.082098,18.14108,0,0,0,-23.50225,4.958672,18.11235
96.99088,-23.40743,5.082098,18.14108,0,0,0,-23.50225,4.958672,18.11235
96.99884,-23.40743,5.082098,18.14108,0,0,0,-23.50225,4.958672,18.11235
97.00636,-23.40241,5.082274,18.13902,0,0,0,-23.50225,4.958672,18.11235
97.01508,-23.40241,5.082274,18.13902,0,0,0,-23.50225,4.958672,18.11235
97.02237,-23.39947,5.082273,18.13885,0,0,0,-23.50225,4.958672,18.11235
97.03079,-23.39947,5.082273,18.13885,0,0,0,-23.50225,4.958672,18.11235
97.03866,-23.39947,5.082273,18.13885,0,0,0,-23.50225,4.958672,18.11235
97.04711,-23.39723,5.082653,18.1371,0,0,0,-23.50225,4.958672,18.11235
97.05596,-23.39723,5.082653,18.1371,0,0,0,-23.50225,4.958672,18.11235
97.06324,-23.39738,5.082837,18.13532,0,0,0,-23.50225,4.958672,18.11235
97.07199,-23.39738,5.082837,18.13532,0,0,0,-23.50225,4.958672,18.11235
97.07914,-23.39738,5.082837,18.13532,0,0,0,-23.50225,4.958672,18.11235
97.08641,-23.39594,5.082456,18.13686,0,0,0,-23.50225,4.958672,18.11235
97.09502,-23.39594,5.082456,18.13686,0,0,0,-23.50225,4.958672,18.11235
97.1022,-23.39447,5.082456,18.13677,0,0,0,-23.50225,4.958672,18.11235
97.11034,-23.39447,5.082456,18.13677,0,0,0,-23.50225,4.958672,18.11235
97.11774,-23.39447,5.082456,18.13677,0,0,0,-23.50225,4.958672,18.11235
97.12733,-23.39297,5.082837,18.13506,0,0,0,-23.50225,4.958672,18.11235
97.13558,-23.39297,5.082837,18.13506,0,0,0,-23.50225,4.958672,18.11235
97.14471,-23.39226,5.083227,18.1356,0,0,0,-23.50225,4.958672,18.11235
97.15312,-23.39226,5.083227,18.1356,0,0,0,-23.50225,4.958672,18.11235
97.16381,-23.39221,5.08472,18.13254,0,0,0,-23.50225,4.958672,18.11235
97.17264,-23.39221,5.08472,18.13254,0,0,0,-23.50225,4.958672,18.11235
97.17986,-23.39221,5.08472,18.13254,0,0,0,-23.50225,4.958672,18.11235
97.18717,-23.39219,5.085107,18.13092,0,0,0,-23.50225,4.958672,18.11235
97.19521,-23.39219,5.085107,18.13092,0,0,0,-23.50225,4.958672,18.11235
97.20212,-23.39308,5.085299,18.12918,0,0,0,-23.50225,4.958672,18.11235
97.21053,-23.39308,5.085299,18.12918,0,0,0,-23.50225,4.958672,18.11235
97.22211,-23.39889,5.085318,18.12561,0,0,0,-23.50225,4.958672,18.11235
97.23088,-23.39889,5.085318,18.12561,0,0,0,-23.50225,4.958672,18.11235
97.23937,-23.39889,5.085318,18.12561,0,0,0,-23.50225,4.958672,18.11235
97.24704,-23.40092,5.084766,18.12525,0,0,0,-23.50225,4.958672,18.11235
97.25542,-23.40092,5.084766,18.12525,0,0,0,-23.50225,4.958672,18.11235
97.26293,-23.40273,5.084804,18.12342,0,0,0,-23.50225,4.958672,18.11235
97.27193,-23.40273,5.084804,18.12342,0,0,0,-23.50225,4.958672,18.11235
97.27908,-23.40273,5.084804,18.12342,0,0,0,-23.50225,4.958672,18.11235
97.28661,-23.40238,5.084793,18.12271,0,0,0,-23.50225,4.958672,18.11235
97.29512,-23.40238,5.084793,18.12271,0,0,0,-23.50225,4.958672,18.11235
97.30234,-23.4011,5.084958,18.1221,0,0,0,-23.50225,4.958672,18.11235
97.31038,-23.4011,5.084958,18.1221,0,0,0,-23.50225,4.958672,18.11235
97.31812,-23.4011,5.084958,18.1221,0,0,0,-23.50225,4.958672,18.11235
97.3252,-23.40238,5.085528,18.11933,0,0,0,-23.50225,4.958672,18.11235
97.33344,-23.40238,5.085528,18.11933,0,0,0,-23.50225,4.958672,18.11235
97.34044,-23.4004,5.085365,18.11908,0,0,0,-23.50225,4.958672,18.11235
97.34924,-23.4004,5.085365,18.11908,0,0,0,-23.50225,4.958672,18.11235
97.35644,-23.4004,5.085365,18.11908,0,0,0,-23.50225,4.958672,18.11235
97.36385,-23.40025,5.086008,18.11723,0,0,0,-23.50225,4.958672,18.11235
97.37233,-23.40025,5.086008,18.11723,0,0,0,-23.50225,4.958672,18.11235
97.38126,-23.39919,5.086102,18.11528,0,0,0,-23.50225,4.958672,18.11235
97.39165,-23.39919,5.086102,18.11528,0,0,0,-23.50225,4.958672,18.11235
97.40098,-23.39577,5.086671,18.11514,0,0,0,-23.50225,4.958672,18.11235
97.41001,-23.39577,5.086671,18.11514,0,0,0,-23.50225,4.958672,18.11235
97.41881,-23.39577,5.086671,18.11514,0,0,0,-23.50225,4.958672,18.11235
97.42816,-23.39565,5.087355,18.11333,0,0,0,-23.50225,4.958672,18.11235
97.43871,-23.39565,5.087355,18.11333,0,0,0,-23.50225,4.958672,18.11235
97.44709,-23.39936,5.0868,18.11306,0,0,0,-23.50225,4.958672,18.11235
97.45651,-23.39936,5.0868,18.11306,0,0,0,-23.50225,4.958672,18.11235
97.46572,-23.40308,5.087065,18.11177,0,0,0,-23.50225,4.958672,18.11235
97.47453,-23.40308,5.087065,18.11177,0,0,0,-23.50225,4.958672,18.11235
97.48282,-23.407,5.086843,18.11204,0,0,0,-23.50225,4.958672,18.11235
97.49443,-23.407,5.086843,18.11204,0,0,0,-23.50225,4.958672,18.11235
97.50275,-23.40639,5.087183,18.11058,0,0,0,-23.50225,4.958672,18.11235
97.51345,-23.40639,5.087183,18.11058,0,0,0,-23.50225,4.958672,18.11235
97.52181,-23.40411,5.087253,18.11077,0,0,0,-23.50225,4.958672,18.11235
97.53086,-23.40411,5.087253,18.11077,0,0,0,-23.50225,4.958672,18.11235
97.53841,-23.40411,5.087253,18.11077,0,0,0,-23.50225,4.958672,18.11235
97.54557,-23.39798,5.088203,18.112,0,0,0,-23.50225,4.958672,18.11235
97.55413,-23.39798,5.088203,18.112,0,0,0,-23.50225,4.958672,18.11235
97.56409,-23.39309,5.088874,18.11279,0,0,0,-23.50225,4.958672,18.11235
97.57371,-23.39309,5.088874,18.11279,0,0,0,-23.50225,4.958672,18.11235
97.58075,-23.38964,5.089549,18.11366,0,0,0,-23.50225,4.958672,18.11235
97.5892,-23.38964,5.089549,18.11366,0,0,0,-23.50225,4.958672,18.11235
97.59618,-23.38964,5.089549,18.11366,0,0,0,-23.50225,4.958672,18.11235
97.60564,-23.38402,5.090225,18.11438,0,0,0,-23.50225,4.958672,18.11235
97.61503,-23.38402,5.090225,18.11438,0,0,0,-23.50225,4.958672,18.11235
97.6235,-23.38047,5.090787,18.11769,0,0,0,-23.50225,4.958672,18.11235
97.63311,-23.38047,5.090787,18.11769,0,0,0,-23.50225,4.958672,18.11235
97.64025,-23.37435,5.09043,18.1202,0,0,0,-23.50225,4.958672,18.11235
97.64985,-23.37435,5.09043,18.1202,0,0,0,-23.50225,4.958672,18.11235
97.65751,-23.37435,5.09043,18.1202,0,0,0,-23.50225,4.958672,18.11235
97.66577,-23.36929,5.09068,18.12379,0,0,0,-23.50225,4.958672,18.11235
97.67822,-23.36929,5.09068,18.12379,0,0,0,-23.50225,4.958672,18.11235
97.68762,-23.36253,5.089874,18.12777,0,0,0,-23.50225,4.958672,18.11235
97.69622,-23.36253,5.089874,18.12777,0,0,0,-23.50225,4.958672,18.11235
97.7039,-23.35806,5.089498,18.12906,0,0,0,-23.50225,4.958672,18.11235
97.71223,-23.35806,5.089498,18.12906,0,0,0,-23.50225,4.958672,18.11235
97.7196,-23.35806,5.089498,18.12906,0,0,0,-23.50225,4.958672,18.11235
97.72663,-23.35205,5.088751,18.13183,0,0,0,-23.50225,4.958672,18.11235
97.73502,-23.35205,5.088751,18.13183,0,0,0,-23.50225,4.958672,18.11235
97.74219,-23.34748,5.088013,18.13471,0,0,0,-23.50225,4.958672,18.11235
97.75259,-23.34748,5.088013,18.13471,0,0,0,-23.50225,4.958672,18.11235
97.76044,-23.34125,5.087372,18.13751,0,0,0,-23.50225,4.958672,18.11235
97.76882,-23.34125,5.087372,18.13751,0,0,0,-23.50225,4.958672,18.11235
97.77631,-23.34125,5.087372,18.13751,0,0,0,-23.50225,4.958672,18.11235
97.78384,-23.33748,5.086204,18.142,0,0,0,-23.50225,4.958672,18.11235
97.79229,-23.33748,5.086204,18.142,0,0,0,-23.50225,4.958672,18.11235
97.80188,-23.33296,5.085849,18.14323,0,0,0,-23.50225,4.958672,18.11235
97.81174,-23.33296,5.085849,18.14323,0,0,0,-23.50225,4.958672,18.11235
97.81941,-23.33296,5.085849,18.14323,0,0,0,-23.50225,4.958672,18.11235
97.82835,-23.32693,5.084344,18.14476,0,0,0,-23.50225,4.958672,18.11235
97.83671,-23.32693,5.084344,18.14476,0,0,0,-23.50225,4.958672,18.11235
97.84409,-23.32401,5.083944,18.14389,0,0,0,-23.50225,4.958672,18.11235
97.85484,-23.32401,5.083944,18.14389,0,0,0,-23.50225,4.958672,18.11235
97.86269,-23.32272,5.083857,18.14369,0,0,0,-23.50225,4.958672,18.11235
97.87122,-23.32272,5.083857,18.14369,0,0,0,-23.50225,4.958672,18.11235
97.88132,-23.32474,5.083607,18.14367,0,0,0,-23.50225,4.958672,18.11235
97.89013,-23.32474,5.083607,18.14367,0,0,0,-23.50225,4.958672,18.11235
97.89888,-23.32474,5.083607,18.14367,0,0,0,-23.50225,4.958672,18.11235
97.90624,-23.33071,5.08288,18.14556,0,0,0,-23.50225,4.958672,18.11235
97.91525,-23.33071,5.08288,18.14556,0,0,0,-23.50225,4.958672,18.11235
97.9228,-23.33837,5.082909,18.14435,0,0,0,-23.50225,4.958672,18.11235
97.93106,-23.33837,5.082909,18.14435,0,0,0,-23.50225,4.958672,18.11235
97.93819,-23.33837,5.082909,18.14435,0,0,0,-23.50225,4.958672,18.11235
97.94518,-23.34696,5.082945,18.1432,0,0,0,-23.50225,4.958672,18.11235
97.95471,-23.34696,5.082945,18.1432,0,0,0,-23.50225,4.958672,18.11235
97.96191,-23.35212,5.082776,18.14348,0,0,0,-23.50225,4.958672,18.11235
97.97063,-23.35212,5.082776,18.14348,0,0,0,-23.50225,4.958672,18.11235
97.97778,-23.35212,5.082776,18.14348,0,0,0,-23.50225,4.958672,18.11235
97.98537,-23.35695,5.083324,18.14046,0,0,0,-23.50225,4.958672,18.11235
97.99335,-23.35695,5.083324,18.14046,0,0,0,-23.50225,4.958672,18.11235
98.0005,-23.35817,5.083633,18.13888,0,0,0,-23.50225,4.958672,18.11235
98.00833,-23.35817,5.083633,18.13888,0,0,0,-23.50225,4.958672,18.11235
98.01694,-23.35817,5.083633,18.13888,0,0,0,-23.50225,4.958672,18.11235
98.02417,-23.3626,5.083557,18.13915,0,0,0,-23.50225,4.958672,18.11235
98.03235,-23.3626,5.083557,18.13915,0,0,0,-23.50225,4.958672,18.11235
98.03907,-23.3626,5.083557,18.13915,0,0,0,-23.50225,4.958672,18.11235
98.04597,-23.36529,5.083894,18.13771,0,0,0,-23.50225,4.958672,18.11235
98.05416,-23.36529,5.083894,18.13771,0,0,0,-23.50225,4.958672,18.11235
98.06095,-23.36861,5.083877,18.13794,0,0,0,-23.50225,4.958672,18.11235
98.06909,-23.36861,5.083877,18.13794,0,0,0,-23.50225,4.958672,18.11235
98.07626,-23.36861,5.083877,18.13794,0,0,0,-23.50225,4.958672,18.11235
98.0839,-23.37361,5.084202,18.1379,0,0,0,-23.50225,4.958672,18.11235
98.09205,-23.37361,5.084202,18.1379,0,0,0,-23.50225,4.958672,18.11235
98.09972,-23.37361,5.084202,18.1379,0,0,0,-23.50225,4.958672,18.11235
98.10692,-23.37787,5.084546,18.1378,0,0,0,-23.50225,4.958672,18.11235
98.1152,-23.37787,5.084546,18.1378,0,0,0,-23.50225,4.958672,18.11235
98.12215,-23.3791,5.084926,18.13627,0,0,0,-23.50225,4.958672,18.11235
98.13064,-23.3791,5.084926,18.13627,0,0,0,-23.50225,4.958672,18.11235
98.13818,-23.3791,5.084926,18.13627,0,0,0,-23.50225,4.958672,18.11235
98.14548,-23.37731,5.0864,18.13309,0,0,0,-23.50225,4.958672,18.11235
98.1536,-23.37731,5.0864,18.13309,0,0,0,-23.50225,4.958672,18.11235
98.16101,-23.37614,5.087512,18.13157,0,0,0,-23.50225,4.958672,18.11235
98.16949,-23.37614,5.087512,18.13157,0,0,0,-23.50225,4.958672,18.11235
98.17675,-23.37614,5.087512,18.13157,0,0,0,-23.50225,4.958672,18.11235
98.18394,-23.37354,5.089784,18.1295,0,0,0,-23.50225,4.958672,18.11235
98.19205,-23.37354,5.089784,18.1295,0,0,0,-23.50225,4.958672,18.11235
98.19934,-23.37354,5.089784,18.1295,0,0,0,-23.50225,4.958672,18.11235
98.20657,-23.37104,5.09283,18.12638,0,0,0,-23.50225,4.958672,18.11235
98.21937,-23.37104,5.09283,18.12638,0,0,0,-23.50225,4.958672,18.11235
98.2276,-23.36775,5.096243,18.12155,0,0,0,-23.50225,4.958672,18.11235
98.23663,-23.36775,5.096243,18.12155,0,0,0,-23.50225,4.958672,18.11235
98.24382,-23.36445,5.098507,18.11718,0,0,0,-23.50225,4.958672,18.11235
98.2528,-23.36445,5.098507,18.11718,0,0,0,-23.50225,4.958672,18.11235
98.26093,-23.36271,5.100748,18.11418,0,0,0,-23.50225,4.958672,18.11235
98.26934,-23.36271,5.100748,18.11418,0,0,0,-23.50225,4.958672,18.11235
98.27881,-23.36271,5.100748,18.11418,0,0,0,-23.50225,4.958672,18.11235
98.28624,-23.35573,5.104845,18.10823,0,0,0,-23.50225,4.958672,18.11235
98.29455,-23.35573,5.104845,18.10823,0,0,0,-23.50225,4.958672,18.11235
98.30412,-23.3523,5.108191,18.10804,0,0,0,-23.50225,4.958672,18.11235
98.31486,-23.3523,5.108191,18.10804,0,0,0,-23.50225,4.958672,18.11235
98.32259,-23.34516,5.112296,18.10645,0,0,0,-23.50225,4.958672,18.11235
98.33147,-23.34516,5.112296,18.10645,0,0,0,-23.50225,4.958672,18.11235
98.33846,-23.34516,5.112296,18.10645,0,0,0,-23.50225,4.958672,18.11235
98.34569,-23.33467,5.116898,18.10923,0,0,0,-23.50225,4.958672,18.11235
98.35391,-23.33467,5.116898,18.10923,0,0,0,-23.50225,4.958672,18.11235
98.36091,-23.32698,5.119989,18.11087,0,0,0,-23.50225,4.958672,18.11235
98.36911,-23.32698,5.119989,18.11087,0,0,0,-23.50225,4.958672,18.11235
98.37615,-23.32698,5.119989,18.11087,0,0,0,-23.50225,4.958672,18.11235
98.38383,-23.31796,5.123495,18.11292,0,0,0,-23.50225,4.958672,18.11235
98.39231,-23.31796,5.123495,18.11292,0,0,0,-23.50225,4.958672,18.11235
98.39989,-23.31796,5.123495,18.11292,0,0,0,-23.50225,4.958672,18.11235
98.40788,-23.31056,5.125833,18.11338,0,0,0,-23.50225,4.958672,18.11235
98.41602,-23.31056,5.125833,18.11338,0,0,0,-23.50225,4.958672,18.11235
98.42301,-23.30612,5.127312,18.11199,0,0,0,-23.50225,4.958672,18.11235
98.43143,-23.30612,5.127312,18.11199,0,0,0,-23.50225,4.958672,18.11235
98.4408,-23.30569,5.128827,18.11107,0,0,0,-23.50225,4.958672,18.11235
98.44913,-23.30569,5.128827,18.11107,0,0,0,-23.50225,4.958672,18.11235
98.45717,-23.30569,5.128827,18.11107,0,0,0,-23.50225,4.958672,18.11235
98.46493,-23.30177,5.12909,18.11146,0,0,0,-23.50225,4.958672,18.11235
98.47322,-23.30177,5.12909,18.11146,0,0,0,-23.50225,4.958672,18.11235
98.47993,-23.30177,5.12909,18.11146,0,0,0,-23.50225,4.958672,18.11235
98.48849,-23.30139,5.128331,18.11469,0,0,0,-23.50225,4.958672,18.11235
98.4989,-23.30139,5.128331,18.11469,0,0,0,-23.50225,4.958672,18.11235
98.50604,-23.30101,5.12758,18.11792,0,0,0,-23.50225,4.958672,18.11235
98.51405,-23.30101,5.12758,18.11792,0,0,0,-23.50225,4.958672,18.11235
98.52099,-23.30229,5.126128,18.12118,0,0,0,-23.50225,4.958672,18.11235
98.5295,-23.30229,5.126128,18.12118,0,0,0,-23.50225,4.958672,18.11235
98.53734,-23.30229,5.126128,18.12118,0,0,0,-23.50225,4.958672,18.11235
98.54505,-23.30472,5.123218,18.12892,0,0,0,-23.50225,4.958672,18.11235
98.55383,-23.30472,5.123218,18.12892,0,0,0,-23.50225,4.958672,18.11235
98.56205,-23.30888,5.120073,18.13604,0,0,0,-23.50225,4.958672,18.11235
98.57085,-23.30888,5.120073,18.13604,0,0,0,-23.50225,4.958672,18.11235
98.57829,-23.30888,5.120073,18.13604,0,0,0,-23.50225,4.958672,18.11235
98.5863,-23.31426,5.11336,18.14714,0,0,0,-23.50225,4.958672,18.11235
98.59522,-23.31426,5.11336,18.14714,0,0,0,-23.50225,4.958672,18.11235
98.60241,-23.3177,5.108723,18.15282,0,0,0,-23.50225,4.958672,18.11235
98.61139,-23.3177,5.108723,18.15282,0,0,0,-23.50225,4.958672,18.11235
98.61896,-23.3177,5.108723,18.15282,0,0,0,-23.50225,4.958672,18.11235
98.62823,-23.32072,5.101771,18.16064,0,0,0,-23.50225,4.958672,18.11235
98.63882,-23.32072,5.101771,18.16064,0,0,0,-23.50225,4.958672,18.11235
98.64715,-23.32212,5.09793,18.16164,0,0,0,-23.50225,4.958672,18.11235
98.65594,-23.32212,5.09793,18.16164,0,0,0,-23.50225,4.958672,18.11235
98.66409,-23.32389,5.094996,18.16607,0,0,0,-23.50225,4.958672,18.11235
98.67625,-23.32389,5.094996,18.16607,0,0,0,-23.50225,4.958672,18.11235
98.68957,-23.32591,5.091984,18.16828,0,0,0,-23.50225,4.958672,18.11235
98.69872,-23.32591,5.091984,18.16828,0,0,0,-23.50225,4.958672,18.11235
98.70617,-23.32731,5.089705,18.16937,0,0,0,-23.50225,4.958672,18.11235
98.71537,-23.32731,5.089705,18.16937,0,0,0,-23.50225,4.958672,18.11235
98.72498,-23.32814,5.087743,18.16875,0,0,0,-23.50225,4.958672,18.11235
98.73373,-23.32814,5.087743,18.16875,0,0,0,-23.50225,4.958672,18.11235
98.74132,-23.32814,5.087743,18.16875,0,0,0,-23.50225,4.958672,18.11235
98.75032,-23.32814,5.087743,18.16875,0,0,0,-23.50225,4.958672,18.11235
98.75811,-23.32814,5.087743,18.16875,0,0,0,-23.50225,4.958672,18.11235
98.76565,-23.3287,5.087426,18.17045,0,0,0,-23.50225,4.958672,18.11235
98.77394,-23.3287,5.087426,18.17045,0,0,0,-23.50225,4.958672,18.11235
98.78238,-23.32981,5.088062,18.16726,0,0,0,-23.50225,4.958672,18.11235
98.79039,-23.32981,5.088062,18.16726,0,0,0,-23.50225,4.958672,18.11235
98.79974,-23.32981,5.088062,18.16726,0,0,0,-23.50225,4.958672,18.11235
98.80867,-23.33022,5.089041,18.16362,0,0,0,-23.50225,4.958672,18.11235
98.81833,-23.33022,5.089041,18.16362,0,0,0,-23.50225,4.958672,18.11235
98.82738,-23.33058,5.089694,18.16036,0,0,0,-23.50225,4.958672,18.11235
98.83748,-23.33058,5.089694,18.16036,0,0,0,-23.50225,4.958672,18.11235
98.84583,-23.33111,5.09069,18.15548,0,0,0,-23.50225,4.958672,18.11235
98.85474,-23.33111,5.09069,18.15548,0,0,0,-23.50225,4.958672,18.11235
98.86382,-23.33152,5.091698,18.15184,0,0,0,-23.50225,4.958672,18.11235
98.87295,-23.33152,5.091698,18.15184,0,0,0,-23.50225,4.958672,18.11235
98.88203,-23.33214,5.093393,18.14619,0,0,0,-23.50225,4.958672,18.11235
98.89102,-23.33214,5.093393,18.14619,0,0,0,-23.50225,4.958672,18.11235
98.90063,-23.33263,5.095088,18.14177,0,0,0,-23.50225,4.958672,18.11235
98.91192,-23.33263,5.095088,18.14177,0,0,0,-23.50225,4.958672,18.11235
98.93003,-23.33339,5.097811,18.13494,0,0,0,-23.50225,4.958672,18.11235
98.94052,-23.33366,5.098832,18.13254,0,0,0,-23.50225,4.958672,18.11235
98.95262,-23.33366,5.098832,18.13254,0,0,0,-23.50225,4.958672,18.11235
98.96225,-23.3358,5.100593,18.12831,0,0,0,-23.50225,4.958672,18.11235
98.97239,-23.3358,5.100593,18.12831,0,0,0,-23.50225,4.958672,18.11235
98.98004,-23.33697,5.101985,18.12435,0,0,0,-23.50225,4.958672,18.11235
98.98883,-23.33697,5.101985,18.12435,0,0,0,-23.50225,4.958672,18.11235
98.99598,-23.33697,5.101985,18.12435,0,0,0,-23.50225,4.958672,18.11235
99.00372,-23.33869,5.103014,18.12208,0,0,0,-23.50225,4.958672,18.11235
99.01205,-23.33869,5.103014,18.12208,0,0,0,-23.50225,4.958672,18.11235
99.01965,-23.33869,5.103014,18.12208,0,0,0,-23.50225,4.958672,18.11235
99.02719,-23.34071,5.10363,18.11703,0,0,0,-23.50225,4.958672,18.11235
99.036,-23.34071,5.10363,18.11703,0,0,0,-23.50225,4.958672,18.11235
99.04304,-23.34228,5.103568,18.11619,0,0,0,-23.50225,4.958672,18.11235
99.05273,-23.34228,5.103568,18.11619,0,0,0,-23.50225,4.958672,18.11235
99.061,-23.34321,5.103444,18.11431,0,0,0,-23.50225,4.958672,18.11235
99.06992,-23.34321,5.103444,18.11431,0,0,0,-23.50225,4.958672,18.11235
99.08009,-23.34378,5.102898,18.114,0,0,0,-23.50225,4.958672,18.11235
99.0888,-23.34378,5.102898,18.114,0,0,0,-23.50225,4.958672,18.11235
99.09624,-23.34378,5.102898,18.114,0,0,0,-23.50225,4.958672,18.11235
99.10345,-23.34873,5.102585,18.11079,0,0,0,-23.50225,4.958672,18.11235
99.11153,-23.34873,5.102585,18.11079,0,0,0,-23.50225,4.958672,18.11235
99.11926,-23.34873,5.102585,18.11079,0,0,0,-23.50225,4.958672,18.11235
99.1266,-23.35314,5.101134,18.10359,0,0,0,-23.50225,4.958672,18.11235
99.13577,-23.35314,5.101134,18.10359,0,0,0,-23.50225,4.958672,18.11235
99.14326,-23.35773,5.10127,18.09653,0,0,0,-23.50225,4.958672,18.11235
99.15211,-23.35773,5.10127,18.09653,0,0,0,-23.50225,4.958672,18.11235
99.15934,-23.35773,5.10127,18.09653,0,0,0,-23.50225,4.958672,18.11235
99.16729,-23.3656,5.102352,18.08754,0,0,0,-23.50225,4.958672,18.11235
99.176,-23.3656,5.102352,18.08754,0,0,0,-23.50225,4.958672,18.11235
99.18375,-23.36854,5.102725,18.08204,0,0,0,-23.50225,4.958672,18.11235
99.19202,-23.36854,5.102725,18.08204,0,0,0,-23.50225,4.958672,18.11235
99.20071,-23.37128,5.103229,18.0785,0,0,0,-23.50225,4.958672,18.11235
99.20931,-23.37128,5.103229,18.0785,0,0,0,-23.50225,4.958672,18.11235
99.21936,-23.37128,5.103229,18.0785,0,0,0,-23.50225,4.958672,18.11235
99.22717,-23.37333,5.103027,18.07473,0,0,0,-23.50225,4.958672,18.11235
99.23785,-23.37333,5.103027,18.07473,0,0,0,-23.50225,4.958672,18.11235
99.2474,-23.37491,5.103334,18.07571,0,0,0,-23.50225,4.958672,18.11235
99.25653,-23.37491,5.103334,18.07571,0,0,0,-23.50225,4.958672,18.11235
99.26801,-23.37495,5.103654,18.0753,0,0,0,-23.50225,4.958672,18.11235
99.2784,-23.37495,5.103654,18.0753,0,0,0,-23.50225,4.958672,18.11235
99.28617,-23.3766,5.103714,18.07548,0,0,0,-23.50225,4.958672,18.11235
99.29583,-23.3766,5.103714,18.07548,0,0,0,-23.50225,4.958672,18.11235
99.30438,-23.37495,5.103653,18.0753,0,0,0,-23.50225,4.958672,18.11235
99.31322,-23.37495,5.103653,18.0753,0,0,0,-23.50225,4.958672,18.11235
99.32069,-23.37644,5.103324,18.0771,0,0,0,-23.50225,4.958672,18.11235
99.32908,-23.37644,5.103324,18.0771,0,0,0,-23.50225,4.958672,18.11235
99.33683,-23.37644,5.103324,18.0771,0,0,0,-23.50225,4.958672,18.11235
99.34534,-23.37598,5.102163,18.08194,0,0,0,-23.50225,4.958672,18.11235
99.35342,-23.37598,5.102163,18.08194,0,0,0,-23.50225,4.958672,18.11235
99.36227,-23.37582,5.10178,18.08356,0,0,0,-23.50225,4.958672,18.11235
99.37267,-23.37582,5.10178,18.08356,0,0,0,-23.50225,4.958672,18.11235
99.38001,-23.3757,5.101719,18.08478,0,0,0,-23.50225,4.958672,18.11235
99.38823,-23.3757,5.101719,18.08478,0,0,0,-23.50225,4.958672,18.11235
99.39565,-23.3757,5.101719,18.08478,0,0,0,-23.50225,4.958672,18.11235
99.40383,-23.37555,5.10134,18.08639,0,0,0,-23.50225,4.958672,18.11235
99.41299,-23.37555,5.10134,18.08639,0,0,0,-23.50225,4.958672,18.11235
99.42091,-23.37463,5.100644,18.08836,0,0,0,-23.50225,4.958672,18.11235
99.42908,-23.37463,5.100644,18.08836,0,0,0,-23.50225,4.958672,18.11235
99.43707,-23.37463,5.100644,18.08836,0,0,0,-23.50225,4.958672,18.11235
99.44476,-23.37444,5.099949,18.09039,0,0,0,-23.50225,4.958672,18.11235
99.45322,-23.37444,5.099949,18.09039,0,0,0,-23.50225,4.958672,18.11235
99.46315,-23.37455,5.100004,18.08917,0,0,0,-23.50225,4.958672,18.11235
99.47147,-23.37455,5.100004,18.08917,0,0,0,-23.50225,4.958672,18.11235
99.47859,-23.37455,5.100004,18.08917,0,0,0,-23.50225,4.958672,18.11235
99.48759,-23.3744,5.099629,18.09079,0,0,0,-23.50225,4.958672,18.11235
99.49591,-23.3744,5.099629,18.09079,0,0,0,-23.50225,4.958672,18.11235
99.50305,-23.37436,5.099309,18.09119,0,0,0,-23.50225,4.958672,18.11235
99.51122,-23.37436,5.099309,18.09119,0,0,0,-23.50225,4.958672,18.11235
99.51837,-23.37436,5.099309,18.09119,0,0,0,-23.50225,4.958672,18.11235
99.52544,-23.3738,5.099684,18.08952,0,0,0,-23.50225,4.958672,18.11235
99.53358,-23.3738,5.099684,18.08952,0,0,0,-23.50225,4.958672,18.11235
99.54044,-23.37288,5.098989,18.09149,0,0,0,-23.50225,4.958672,18.11235
99.5495,-23.37288,5.098989,18.09149,0,0,0,-23.50225,4.958672,18.11235
99.5583,-23.37288,5.098989,18.09149,0,0,0,-23.50225,4.958672,18.11235
99.57012,-23.37051,5.098927,18.09126,0,0,0,-23.50225,4.958672,18.11235
99.58244,-23.37217,5.098989,18.09144,0,0,0,-23.50225,4.958672,18.11235
99.59216,-23.37217,5.098989,18.09144,0,0,0,-23.50225,4.958672,18.11235
99.60056,-23.37145,5.098989,18.09139,0,0,0,-23.50225,4.958672,18.11235
99.60915,-23.37145,5.098989,18.09139,0,0,0,-23.50225,4.958672,18.11235
99.61669,-23.37145,5.098989,18.09139,0,0,0,-23.50225,4.958672,18.11235
99.62403,-23.37057,5.098616,18.09295,0,0,0,-23.50225,4.958672,18.11235
99.634,-23.37057,5.098616,18.09295,0,0,0,-23.50225,4.958672,18.11235
99.64243,-23.36788,5.097815,18.09596,0,0,0,-23.50225,4.958672,18.11235
99.6523,-23.36788,5.097815,18.09596,0,0,0,-23.50225,4.958672,18.11235
99.66062,-23.36772,5.097449,18.09758,0,0,0,-23.50225,4.958672,18.11235
99.67153,-23.36772,5.097449,18.09758,0,0,0,-23.50225,4.958672,18.11235
99.68288,-23.36756,5.097085,18.0992,0,0,0,-23.50225,4.958672,18.11235
99.69493,-23.36756,5.097085,18.0992,0,0,0,-23.50225,4.958672,18.11235
99.70406,-23.36739,5.096722,18.10082,0,0,0,-23.50225,4.958672,18.11235
99.71242,-23.36739,5.096722,18.10082,0,0,0,-23.50225,4.958672,18.11235
99.72052,-23.36574,5.096663,18.10064,0,0,0,-23.50225,4.958672,18.11235
99.72907,-23.36574,5.096663,18.10064,0,0,0,-23.50225,4.958672,18.11235
99.73649,-23.36574,5.096663,18.10064,0,0,0,-23.50225,4.958672,18.11235
99.74525,-23.36558,5.096302,18.10226,0,0,0,-23.50225,4.958672,18.11235
99.75393,-23.36558,5.096302,18.10226,0,0,0,-23.50225,4.958672,18.11235
99.7617,-23.36409,5.096604,18.10046,0,0,0,-23.50225,4.958672,18.11235
99.77041,-23.36409,5.096604,18.10046,0,0,0,-23.50225,4.958672,18.11235
99.77765,-23.36409,5.096604,18.10046,0,0,0,-23.50225,4.958672,18.11235
99.7865,-23.36409,5.096604,18.10046,0,0,0,-23.50225,4.958672,18.11235
99.79503,-23.36409,5.096604,18.10046,0,0,0,-23.50225,4.958672,18.11235
99.80263,-23.36243,5.09655,18.10029,0,0,0,-23.50225,4.958672,18.11235
99.8108,-23.36243,5.09655,18.10029,0,0,0,-23.50225,4.958672,18.11235
99.82062,-23.36078,5.096496,18.10011,0,0,0,-23.50225,4.958672,18.11235
99.82883,-23.36078,5.096496,18.10011,0,0,0,-23.50225,4.958672,18.11235
99.83604,-23.36078,5.096496,18.10011,0,0,0,-23.50225,4.958672,18.11235
99.84336,-23.36061,5.096135,18.10173,0,0,0,-23.50225,4.958672,18.11235
99.85223,-23.36061,5.096135,18.10173,0,0,0,-23.50225,4.958672,18.11235
99.85947,-23.36061,5.096135,18.10173,0,0,0,-23.50225,4.958672,18.11235
99.86683,-23.35747,5.096395,18.09975,0,0,0,-23.50225,4.958672,18.11235
99.87625,-23.35747,5.096395,18.09975,0,0,0,-23.50225,4.958672,18.11235
99.88476,-23.35582,5.096348,18.09958,0,0,0,-23.50225,4.958672,18.11235
99.89412,-23.35582,5.096348,18.09958,0,0,0,-23.50225,4.958672,18.11235
99.90234,-23.35582,5.096348,18.09958,0,0,0,-23.50225,4.958672,18.11235
99.91151,-23.35582,5.096348,18.09958,0,0,0,-23.50225,4.958672,18.11235
99.91905,-23.35582,5.096348,18.09958,0,0,0,-23.50225,4.958672,18.11235
99.92883,-23.35582,5.096348,18.09958,0,0,0,-23.50225,4.958672,18.11235
99.94133,-23.35416,5.096303,18.0994,0,0,0,-23.50225,4.958672,18.11235
99.95048,-23.35416,5.096303,18.0994,0,0,0,-23.50225,4.958672,18.11235
99.95794,-23.35416,5.096303,18.0994,0,0,0,-23.50225,4.958672,18.11235
99.96585,-23.35416,5.096303,18.0994,0,0,0,-23.50225,4.958672,18.11235
99.97432,-23.35416,5.096303,18.0994,0,0,0,-23.50225,4.958672,18.11235
99.98164,-23.35416,5.096303,18.0994,0,0,0,-23.50225,4.958672,18.11235
99.99023,-23.35416,5.096303,18.0994,0,0,0,-23.50225,4.958672,18.11235
99.99845,-23.35416,5.096303,18.0994,0,0,0,-23.50225,4.958672,18.11235
100.0063,-23.35416,5.096303,18.0994,0,0,0,-23.50225,4.958672,18.11235
100.0149,-23.35416,5.096303,18.0994,0,0,0,-23.50225,4.958672,18.11235
100.0226,-23.35416,5.096303,18.0994,0,0,0,-23.50225,4.958672,18.11235
100.0316,-23.35416,5.096303,18.0994,0,0,0,-23.50225,4.958672,18.11235
100.0404,-23.35433,5.096665,18.09778,0,0,0,-23.50225,4.958672,18.11235
100.0499,-23.35433,5.096665,18.09778,0,0,0,-23.50225,4.958672,18.11235
100.0577,-23.35433,5.096665,18.09778,0,0,0,-23.50225,4.958672,18.11235
100.0662,-23.35449,5.09703,18.09616,0,0,0,-23.50225,4.958672,18.11235
100.0764,-23.35449,5.09703,18.09616,0,0,0,-23.50225,4.958672,18.11235
100.0844,-23.35284,5.096986,18.09598,0,0,0,-23.50225,4.958672,18.11235
100.0943,-23.35284,5.096986,18.09598,0,0,0,-23.50225,4.958672,18.11235
100.1062,-23.35372,5.097353,18.09442,0,0,0,-23.50225,4.958672,18.11235
100.1157,-23.35372,5.097353,18.09442,0,0,0,-23.50225,4.958672,18.11235
100.1283,-23.35223,5.09768,18.09262,0,0,0,-23.50225,4.958672,18.11235
100.1376,-23.35223,5.09768,18.09262,0,0,0,-23.50225,4.958672,18.11235
100.1461,-23.35239,5.09805,18.091,0,0,0,-23.50225,4.958672,18.11235
100.1563,-23.35239,5.09805,18.091,0,0,0,-23.50225,4.958672,18.11235
100.1651,-23.35255,5.098423,18.08939,0,0,0,-23.50225,4.958672,18.11235
100.1739,-23.35255,5.098423,18.08939,0,0,0,-23.50225,4.958672,18.11235
100.1825,-23.35106,5.09876,18.08759,0,0,0,-23.50225,4.958672,18.11235
100.191,-23.35106,5.09876,18.08759,0,0,0,-23.50225,4.958672,18.11235
100.2,-23.35122,5.099136,18.08597,0,0,0,-23.50225,4.958672,18.11235
100.2086,-23.35122,5.099136,18.08597,0,0,0,-23.50225,4.958672,18.11235
100.2169,-23.35122,5.099136,18.08597,0,0,0,-23.50225,4.958672,18.11235
100.224,-23.35288,5.099175,18.08615,0,0,0,-23.50225,4.958672,18.11235
100.2322,-23.35288,5.099175,18.08615,0,0,0,-23.50225,4.958672,18.11235
100.242,-23.35139,5.099515,18.08436,0,0,0,-23.50225,4.958672,18.11235
100.2515,-23.35139,5.099515,18.08436,0,0,0,-23.50225,4.958672,18.11235
100.2587,-23.35139,5.099515,18.08436,0,0,0,-23.50225,4.958672,18.11235
100.2666,-23.35139,5.099515,18.08436,0,0,0,-23.50225,4.958672,18.11235
100.2755,-23.35139,5.099515,18.08436,0,0,0,-23.50225,4.958672,18.11235
100.2829,-23.35133,5.099904,18.08494,0,0,0,-23.50225,4.958672,18.11235
100.2912,-23.35133,5.099904,18.08494,0,0,0,-23.50225,4.958672,18.11235
100.2998,-23.35133,5.099904,18.08494,0,0,0,-23.50225,4.958672,18.11235
100.3073,-23.35149,5.100284,18.08333,0,0,0,-23.50225,4.958672,18.11235
100.3168,-23.35149,5.100284,18.08333,0,0,0,-23.50225,4.958672,18.11235
100.3249,-23.35149,5.100284,18.08333,0,0,0,-23.50225,4.958672,18.11235
100.3341,-23.35149,5.100284,18.08333,0,0,0,-23.50225,4.958672,18.11235
100.3416,-23.35143,5.100674,18.08391,0,0,0,-23.50225,4.958672,18.11235
100.3501,-23.35143,5.100674,18.08391,0,0,0,-23.50225,4.958672,18.11235
100.3571,-23.35143,5.100674,18.08391,0,0,0,-23.50225,4.958672,18.11235
100.3646,-23.35143,5.100675,18.08391,0,0,0,-23.50225,4.958672,18.11235
100.3749,-23.35143,5.100675,18.08391,0,0,0,-23.50225,4.958672,18.11235
100.3846,-23.35088,5.101056,18.08223,0,0,0,-23.50225,4.958672,18.11235
100.3944,-23.35088,5.101056,18.08223,0,0,0,-23.50225,4.958672,18.11235
100.403,-23.35088,5.101056,18.08223,0,0,0,-23.50225,4.958672,18.11235
100.4114,-23.35088,5.101056,18.08223,0,0,0,-23.50225,4.958672,18.11235
100.422,-23.35253,5.101095,18.08241,0,0,0,-23.50225,4.958672,18.11235
100.4307,-23.35253,5.101095,18.08241,0,0,0,-23.50225,4.958672,18.11235
100.4383,-23.35253,5.101095,18.08241,0,0,0,-23.50225,4.958672,18.11235
100.4461,-23.35263,5.101867,18.08138,0,0,0,-23.50225,4.958672,18.11235
100.4548,-23.35263,5.101867,18.08138,0,0,0,-23.50225,4.958672,18.11235
100.4625,-23.35119,5.102533,18.07919,0,0,0,-23.50225,4.958672,18.11235
100.4714,-23.35119,5.102533,18.07919,0,0,0,-23.50225,4.958672,18.11235
100.4791,-23.35119,5.102533,18.07919,0,0,0,-23.50225,4.958672,18.11235
100.4871,-23.35284,5.102572,18.07936,0,0,0,-23.50225,4.958672,18.11235
100.4964,-23.35284,5.102572,18.07936,0,0,0,-23.50225,4.958672,18.11235
100.5042,-23.35284,5.102572,18.07936,0,0,0,-23.50225,4.958672,18.11235
100.5126,-23.35284,5.102572,18.07936,0,0,0,-23.50225,4.958672,18.11235
100.5211,-23.353,5.102959,18.07775,0,0,0,-23.50225,4.958672,18.11235
100.5297,-23.353,5.102959,18.07775,0,0,0,-23.50225,4.958672,18.11235
100.5404,-23.353,5.102959,18.07775,0,0,0,-23.50225,4.958672,18.11235
100.5491,-23.353,5.102959,18.07775,0,0,0,-23.50225,4.958672,18.11235
100.5564,-23.353,5.102959,18.07775,0,0,0,-23.50225,4.958672,18.11235
100.5642,-23.35371,5.102958,18.07781,0,0,0,-23.50225,4.958672,18.11235
100.5725,-23.35371,5.102958,18.07781,0,0,0,-23.50225,4.958672,18.11235
100.5801,-23.35387,5.103349,18.07619,0,0,0,-23.50225,4.958672,18.11235
100.5886,-23.35387,5.103349,18.07619,0,0,0,-23.50225,4.958672,18.11235
100.5962,-23.35387,5.103349,18.07619,0,0,0,-23.50225,4.958672,18.11235
100.6035,-23.35404,5.103741,18.07458,0,0,0,-23.50225,4.958672,18.11235
100.6118,-23.35404,5.103741,18.07458,0,0,0,-23.50225,4.958672,18.11235
100.6226,-23.35404,5.103741,18.07458,0,0,0,-23.50225,4.958672,18.11235
100.6335,-23.35404,5.103741,18.07458,0,0,0,-23.50225,4.958672,18.11235
100.6412,-23.35404,5.103741,18.07458,0,0,0,-23.50225,4.958672,18.11235
100.6507,-23.35404,5.103741,18.07458,0,0,0,-23.50225,4.958672,18.11235
100.6581,-23.35404,5.103741,18.07458,0,0,0,-23.50225,4.958672,18.11235
100.6678,-23.35404,5.103741,18.07458,0,0,0,-23.50225,4.958672,18.11235
100.6784,-23.35404,5.103741,18.07458,0,0,0,-23.50225,4.958672,18.11235
100.6873,-23.35414,5.104519,18.07355,0,0,0,-23.50225,4.958672,18.11235
100.697,-23.35414,5.104519,18.07355,0,0,0,-23.50225,4.958672,18.11235
100.7053,-23.35563,5.104167,18.07534,0,0,0,-23.50225,4.958672,18.11235
100.715,-23.35563,5.104167,18.07534,0,0,0,-23.50225,4.958672,18.11235
100.726,-23.35579,5.104559,18.07372,0,0,0,-23.50225,4.958672,18.11235
100.7361,-23.35579,5.104559,18.07372,0,0,0,-23.50225,4.958672,18.11235
100.7444,-23.35579,5.104559,18.07372,0,0,0,-23.50225,4.958672,18.11235
100.7535,-23.35579,5.104559,18.07372,0,0,0,-23.50225,4.958672,18.11235
100.7623,-23.35557,5.104553,18.07592,0,0,0,-23.50225,4.958672,18.11235
100.772,-23.35557,5.104553,18.07592,0,0,0,-23.50225,4.958672,18.11235
100.7807,-23.35573,5.104945,18.07431,0,0,0,-23.50225,4.958672,18.11235
100.7912,-23.35573,5.104945,18.07431,0,0,0,-23.50225,4.958672,18.11235
100.7988,-23.35573,5.104945,18.07431,0,0,0,-23.50225,4.958672,18.11235
100.8068,-23.35551,5.104939,18.07651,0,0,0,-23.50225,4.958672,18.11235
100.8164,-23.35551,5.104939,18.07651,0,0,0,-23.50225,4.958672,18.11235
100.8239,-23.35732,5.105372,18.07507,0,0,0,-23.50225,4.958672,18.11235
100.8333,-23.35732,5.105372,18.07507,0,0,0,-23.50225,4.958672,18.11235
100.8406,-23.35726,5.105758,18.07565,0,0,0,-23.50225,4.958672,18.11235
100.8492,-23.35726,5.105758,18.07565,0,0,0,-23.50225,4.958672,18.11235
100.8567,-23.35726,5.105758,18.07565,0,0,0,-23.50225,4.958672,18.11235
100.8641,-23.35561,5.105716,18.07548,0,0,0,-23.50225,4.958672,18.11235
100.8724,-23.35561,5.105716,18.07548,0,0,0,-23.50225,4.958672,18.11235
100.88,-23.35561,5.105716,18.07548,0,0,0,-23.50225,4.958672,18.11235
100.8881,-23.35742,5.106152,18.07404,0,0,0,-23.50225,4.958672,18.11235
100.8987,-23.35742,5.106152,18.07404,0,0,0,-23.50225,4.958672,18.11235
100.9067,-23.35758,5.106547,18.07242,0,0,0,-23.50225,4.958672,18.11235
100.9153,-23.35758,5.106547,18.07242,0,0,0,-23.50225,4.958672,18.11235
100.923,-23.35758,5.106547,18.07242,0,0,0,-23.50225,4.958672,18.11235
100.9327,-23.35758,5.106547,18.07242,0,0,0,-23.50225,4.958672,18.11235
100.9404,-23.35758,5.106547,18.07242,0,0,0,-23.50225,4.958672,18.11235
100.9495,-23.35758,5.106547,18.07242,0,0,0,-23.50225,4.958672,18.11235
100.9571,-23.35758,5.106547,18.07242,0,0,0,-23.50225,4.958672,18.11235
100.9664,-23.35923,5.106592,18.0726,0,0,0,-23.50225,4.958672,18.11235
100.975,-23.35923,5.106592,18.0726,0,0,0,-23.50225,4.958672,18.11235
100.9828,-23.35923,5.106592,18.0726,0,0,0,-23.50225,4.958672,18.11235
100.991,-23.35923,5.106592,18.0726,0,0,0,-23.50225,4.958672,18.11235
100.9986,-23.35923,5.106592,18.0726,0,0,0,-23.50225,4.958672,18.11235
101.0062,-23.35758,5.106547,18.07242,0,0,0,-23.50225,4.958672,18.11235
101.0149,-23.35758,5.106547,18.07242,0,0,0,-23.50225,4.958672,18.11235
101.0228,-23.35758,5.106547,18.07242,0,0,0,-23.50225,4.958672,18.11235
101.031,-23.35758,5.106547,18.07242,0,0,0,-23.50225,4.958672,18.11235
101.0383,-23.35758,5.106547,18.07242,0,0,0,-23.50225,4.958672,18.11235
101.0456,-23.35774,5.106944,18.07081,0,0,0,-23.50225,4.958672,18.11235
101.0539,-23.35774,5.106944,18.07081,0,0,0,-23.50225,4.958672,18.11235
101.0612,-23.35939,5.106989,18.07099,0,0,0,-23.50225,4.958672,18.11235
101.0698,-23.35939,5.106989,18.07099,0,0,0,-23.50225,4.958672,18.11235
101.0769,-23.35939,5.106989,18.07099,0,0,0,-23.50225,4.958672,18.11235
101.0848,-23.35774,5.106944,18.07081,0,0,0,-23.50225,4.958672,18.11235
101.093,-23.35774,5.106944,18.07081,0,0,0,-23.50225,4.958672,18.11235
101.1001,-23.35758,5.106547,18.07242,0,0,0,-23.50225,4.958672,18.11235
101.108,-23.35758,5.106547,18.07242,0,0,0,-23.50225,4.958672,18.11235
101.1162,-23.35758,5.106547,18.07242,0,0,0,-23.50225,4.958672,18.11235
101.1235,-23.35758,5.106547,18.07242,0,0,0,-23.50225,4.958672,18.11235
101.1325,-23.35758,5.106547,18.07242,0,0,0,-23.50225,4.958672,18.11235
101.1404,-23.35758,5.106547,18.07242,0,0,0,-23.50225,4.958672,18.11235
101.1485,-23.35758,5.106547,18.07242,0,0,0,-23.50225,4.958672,18.11235
101.156,-23.35758,5.106547,18.07242,0,0,0,-23.50225,4.958672,18.11235
101.1632,-23.35923,5.106592,18.0726,0,0,0,-23.50225,4.958672,18.11235
101.171,-23.35923,5.106592,18.0726,0,0,0,-23.50225,4.958672,18.11235
101.1785,-23.35923,5.106592,18.0726,0,0,0,-23.50225,4.958672,18.11235
101.1868,-23.35758,5.106547,18.07242,0,0,0,-23.50225,4.958672,18.11235
101.1957,-23.35758,5.106547,18.07242,0,0,0,-23.50225,4.958672,18.11235
101.2064,-23.35758,5.106547,18.07242,0,0,0,-23.50225,4.958672,18.11235
101.2153,-23.35758,5.106547,18.07242,0,0,0,-23.50225,4.958672,18.11235
101.2228,-23.35829,5.106546,18.07248,0,0,0,-23.50225,4.958672,18.11235
101.2318,-23.35829,5.106546,18.07248,0,0,0,-23.50225,4.958672,18.11235
101.2407,-23.35829,5.106546,18.07248,0,0,0,-23.50225,4.958672,18.11235
101.249,-23.35829,5.106546,18.07248,0,0,0,-23.50225,4.958672,18.11235
101.2566,-23.35829,5.106546,18.07248,0,0,0,-23.50225,4.958672,18.11235
101.2641,-23.359,5.106546,18.07254,0,0,0,-23.50225,4.958672,18.11235
101.2725,-23.359,5.106546,18.07254,0,0,0,-23.50225,4.958672,18.11235
101.2825,-23.35987,5.106944,18.07098,0,0,0,-23.50225,4.958672,18.11235
101.2947,-23.35987,5.106944,18.07098,0,0,0,-23.50225,4.958672,18.11235
101.3034,-23.35971,5.106546,18.0726,0,0,0,-23.50225,4.958672,18.11235
101.312,-23.35971,5.106546,18.0726,0,0,0,-23.50225,4.958672,18.11235
101.3204,-23.36042,5.106547,18.07265,0,0,0,-23.50225,4.958672,18.11235
101.3304,-23.36042,5.106547,18.07265,0,0,0,-23.50225,4.958672,18.11235
101.3382,-23.36042,5.106547,18.07265,0,0,0,-23.50225,4.958672,18.11235
101.3469,-23.36022,5.105831,18.07467,0,0,0,-23.50225,4.958672,18.11235
101.3558,-23.36022,5.105831,18.07467,0,0,0,-23.50225,4.958672,18.11235
101.3661,-23.36006,5.105438,18.07629,0,0,0,-23.50225,4.958672,18.11235
101.376,-23.36006,5.105438,18.07629,0,0,0,-23.50225,4.958672,18.11235
101.386,-23.3599,5.105048,18.0779,0,0,0,-23.50225,4.958672,18.11235
101.3947,-23.3599,5.105048,18.0779,0,0,0,-23.50225,4.958672,18.11235
101.4023,-23.3599,5.105048,18.0779,0,0,0,-23.50225,4.958672,18.11235
101.411,-23.3599,5.105048,18.0779,0,0,0,-23.50225,4.958672,18.11235
101.4194,-23.3599,5.105048,18.0779,0,0,0,-23.50225,4.958672,18.11235
101.4275,-23.3599,5.105048,18.0779,0,0,0,-23.50225,4.958672,18.11235
101.4363,-23.3599,5.105048,18.0779,0,0,0,-23.50225,4.958672,18.11235
101.4446,-23.35974,5.104658,18.07952,0,0,0,-23.50225,4.958672,18.11235
101.4529,-23.35974,5.104658,18.07952,0,0,0,-23.50225,4.958672,18.11235
101.4603,-23.35958,5.104272,18.08113,0,0,0,-23.50225,4.958672,18.11235
101.4691,-23.35958,5.104272,18.08113,0,0,0,-23.50225,4.958672,18.11235
101.4764,-23.35958,5.104272,18.08113,0,0,0,-23.50225,4.958672,18.11235
101.4838,-23.36123,5.104318,18.08131,0,0,0,-23.50225,4.958672,18.11235
101.4946,-23.36123,5.104318,18.08131,0,0,0,-23.50225,4.958672,18.11235
101.5019,-23.35942,5.103888,18.08275,0,0,0,-23.50225,4.958672,18.11235
101.5102,-23.35942,5.103888,18.08275,0,0,0,-23.50225,4.958672,18.11235
101.5185,-23.35942,5.103888,18.08275,0,0,0,-23.50225,4.958672,18.11235
101.5261,-23.35871,5.103888,18.08269,0,0,0,-23.50225,4.958672,18.11235
101.5348,-23.35871,5.103888,18.08269,0,0,0,-23.50225,4.958672,18.11235
101.5431,-23.35891,5.104593,18.08067,0,0,0,-23.50225,4.958672,18.11235
101.5529,-23.35891,5.104593,18.08067,0,0,0,-23.50225,4.958672,18.11235
101.5607,-23.35901,5.105367,18.07964,0,0,0,-23.50225,4.958672,18.11235
101.5699,-23.35901,5.105367,18.07964,0,0,0,-23.50225,4.958672,18.11235
101.5769,-23.35901,5.105367,18.07964,0,0,0,-23.50225,4.958672,18.11235
101.5841,-23.35901,5.105367,18.07964,0,0,0,-23.50225,4.958672,18.11235
101.5929,-23.35901,5.105367,18.07964,0,0,0,-23.50225,4.958672,18.11235
101.6002,-23.35917,5.105754,18.07803,0,0,0,-23.50225,4.958672,18.11235
101.6086,-23.35917,5.105754,18.07803,0,0,0,-23.50225,4.958672,18.11235
101.6171,-23.35917,5.105754,18.07803,0,0,0,-23.50225,4.958672,18.11235
101.6251,-23.36082,5.1058,18.0782,0,0,0,-23.50225,4.958672,18.11235
101.635,-23.36082,5.1058,18.0782,0,0,0,-23.50225,4.958672,18.11235
101.6444,-23.35917,5.105754,18.07803,0,0,0,-23.50225,4.958672,18.11235
101.6543,-23.35917,5.105754,18.07803,0,0,0,-23.50225,4.958672,18.11235
101.6646,-23.36082,5.1058,18.0782,0,0,0,-23.50225,4.958672,18.11235
101.6748,-23.36082,5.1058,18.0782,0,0,0,-23.50225,4.958672,18.11235
101.6829,-23.35917,5.105754,18.07803,0,0,0,-23.50225,4.958672,18.11235
101.6914,-23.35917,5.105754,18.07803,0,0,0,-23.50225,4.958672,18.11235
101.7009,-23.35933,5.106144,18.07641,0,0,0,-23.50225,4.958672,18.11235
101.7104,-23.35933,5.106144,18.07641,0,0,0,-23.50225,4.958672,18.11235
101.7197,-23.35933,5.106144,18.07641,0,0,0,-23.50225,4.958672,18.11235
101.7286,-23.35933,5.106144,18.07641,0,0,0,-23.50225,4.958672,18.11235
101.7386,-23.35933,5.106144,18.07641,0,0,0,-23.50225,4.958672,18.11235
101.7464,-23.35949,5.106537,18.07479,0,0,0,-23.50225,4.958672,18.11235
101.755,-23.35949,5.106537,18.07479,0,0,0,-23.50225,4.958672,18.11235
101.763,-23.36114,5.106582,18.07497,0,0,0,-23.50225,4.958672,18.11235
101.7727,-23.36114,5.106582,18.07497,0,0,0,-23.50225,4.958672,18.11235
101.7801,-23.36114,5.106582,18.07497,0,0,0,-23.50225,4.958672,18.11235
101.7895,-23.36114,5.106582,18.07497,0,0,0,-23.50225,4.958672,18.11235
101.7994,-23.36114,5.106582,18.07497,0,0,0,-23.50225,4.958672,18.11235
101.8099,-23.35949,5.106537,18.07479,0,0,0,-23.50225,4.958672,18.11235
101.8187,-23.35949,5.106537,18.07479,0,0,0,-23.50225,4.958672,18.11235
101.8262,-23.3613,5.106977,18.07335,0,0,0,-23.50225,4.958672,18.11235
101.8359,-23.3613,5.106977,18.07335,0,0,0,-23.50225,4.958672,18.11235
101.8431,-23.36201,5.106977,18.07341,0,0,0,-23.50225,4.958672,18.11235
101.8521,-23.36201,5.106977,18.07341,0,0,0,-23.50225,4.958672,18.11235
101.8596,-23.36201,5.106977,18.07341,0,0,0,-23.50225,4.958672,18.11235
101.8672,-23.36274,5.106272,18.07329,0,0,0,-23.50225,4.958672,18.11235
101.8755,-23.36274,5.106272,18.07329,0,0,0,-23.50225,4.958672,18.11235
101.8835,-23.36258,5.105875,18.0749,0,0,0,-23.50225,4.958672,18.11235
101.8916,-23.36258,5.105875,18.0749,0,0,0,-23.50225,4.958672,18.11235
101.9005,-23.36226,5.105092,18.07813,0,0,0,-23.50225,4.958672,18.11235
101.9082,-23.36226,5.105092,18.07813,0,0,0,-23.50225,4.958672,18.11235
101.9159,-23.36226,5.105092,18.07813,0,0,0,-23.50225,4.958672,18.11235
101.9229,-23.36163,5.103549,18.08459,0,0,0,-23.50225,4.958672,18.11235
101.9311,-23.36163,5.103549,18.08459,0,0,0,-23.50225,4.958672,18.11235
101.938,-23.36163,5.103549,18.08459,0,0,0,-23.50225,4.958672,18.11235
101.9466,-23.36131,5.102791,18.08783,0,0,0,-23.50225,4.958672,18.11235
101.9564,-23.36131,5.102791,18.08783,0,0,0,-23.50225,4.958672,18.11235
101.9647,-23.361,5.102041,18.09107,0,0,0,-23.50225,4.958672,18.11235
101.9732,-23.361,5.102041,18.09107,0,0,0,-23.50225,4.958672,18.11235
101.981,-23.36249,5.101716,18.09286,0,0,0,-23.50225,4.958672,18.11235
101.9893,-23.36249,5.101716,18.09286,0,0,0,-23.50225,4.958672,18.11235
101.9971,-23.36249,5.101716,18.09286,0,0,0,-23.50225,4.958672,18.11235
102.0051,-23.36233,5.101346,18.09448,0,0,0,-23.50225,4.958672,18.11235
102.0139,-23.36233,5.101346,18.09448,0,0,0,-23.50225,4.958672,18.11235
102.0237,-23.36414,5.101766,18.09303,0,0,0,-23.50225,4.958672,18.11235
102.0324,-23.36414,5.101766,18.09303,0,0,0,-23.50225,4.958672,18.11235
102.0421,-23.36414,5.101766,18.09303,0,0,0,-23.50225,4.958672,18.11235
102.0527,-23.36414,5.101766,18.09303,0,0,0,-23.50225,4.958672,18.11235
102.0615,-23.3658,5.101817,18.09321,0,0,0,-23.50225,4.958672,18.11235
102.0722,-23.3658,5.101817,18.09321,0,0,0,-23.50225,4.958672,18.11235
102.0826,-23.36595,5.102189,18.09159,0,0,0,-23.50225,4.958672,18.11235
102.0927,-23.36595,5.102189,18.09159,0,0,0,-23.50225,4.958672,18.11235
102.1011,-23.36627,5.10294,18.08835,0,0,0,-23.50225,4.958672,18.11235
102.113,-23.36627,5.10294,18.08835,0,0,0,-23.50225,4.958672,18.11235
102.1206,-23.36643,5.103316,18.08673,0,0,0,-23.50225,4.958672,18.11235
102.1319,-23.36643,5.103316,18.08673,0,0,0,-23.50225,4.958672,18.11235
102.1412,-23.36824,5.10375,18.08529,0,0,0,-23.50225,4.958672,18.11235
102.15,-23.36824,5.10375,18.08529,0,0,0,-23.50225,4.958672,18.11235
102.1617,-23.3684,5.104134,18.08367,0,0,0,-23.50225,4.958672,18.11235
102.1714,-23.3684,5.104134,18.08367,0,0,0,-23.50225,4.958672,18.11235
102.179,-23.3684,5.104134,18.08367,0,0,0,-23.50225,4.958672,18.11235
102.1867,-23.36855,5.104519,18.08205,0,0,0,-23.50225,4.958672,18.11235
102.1949,-23.36855,5.104519,18.08205,0,0,0,-23.50225,4.958672,18.11235
102.202,-23.36871,5.104905,18.08044,0,0,0,-23.50225,4.958672,18.11235
102.2111,-23.36871,5.104905,18.08044,0,0,0,-23.50225,4.958672,18.11235
102.2189,-23.36871,5.104905,18.08044,0,0,0,-23.50225,4.958672,18.11235
102.2288,-23.37036,5.10496,18.08061,0,0,0,-23.50225,4.958672,18.11235
102.239,-23.37036,5.10496,18.08061,0,0,0,-23.50225,4.958672,18.11235
102.2466,-23.36871,5.104905,18.08044,0,0,0,-23.50225,4.958672,18.11235
102.2568,-23.36871,5.104905,18.08044,0,0,0,-23.50225,4.958672,18.11235
102.2645,-23.36942,5.104904,18.08049,0,0,0,-23.50225,4.958672,18.11235
102.2733,-23.36942,5.104904,18.08049,0,0,0,-23.50225,4.958672,18.11235
102.2806,-23.36942,5.104904,18.08049,0,0,0,-23.50225,4.958672,18.11235
102.2903,-23.36942,5.104904,18.08049,0,0,0,-23.50225,4.958672,18.11235
102.2977,-23.36942,5.104904,18.08049,0,0,0,-23.50225,4.958672,18.11235
102.3056,-23.36942,5.104904,18.08049,0,0,0,-23.50225,4.958672,18.11235
102.3152,-23.36942,5.104904,18.08049,0,0,0,-23.50225,4.958672,18.11235
102.326,-23.36926,5.104518,18.08211,0,0,0,-23.50225,4.958672,18.11235
102.3363,-23.36926,5.104518,18.08211,0,0,0,-23.50225,4.958672,18.11235
102.3453,-23.36895,5.10375,18.08534,0,0,0,-23.50225,4.958672,18.11235
102.3559,-23.36895,5.10375,18.08534,0,0,0,-23.50225,4.958672,18.11235
102.3659,-23.36848,5.102616,18.0902,0,0,0,-23.50225,4.958672,18.11235
102.3759,-23.36848,5.102616,18.0902,0,0,0,-23.50225,4.958672,18.11235
102.3864,-23.3695,5.101188,18.09685,0,0,0,-23.50225,4.958672,18.11235
102.3953,-23.3695,5.101188,18.09685,0,0,0,-23.50225,4.958672,18.11235
102.404,-23.37068,5.100155,18.10189,0,0,0,-23.50225,4.958672,18.11235
102.4136,-23.37068,5.100155,18.10189,0,0,0,-23.50225,4.958672,18.11235
102.4213,-23.37037,5.099438,18.10513,0,0,0,-23.50225,4.958672,18.11235
102.43,-23.37037,5.099438,18.10513,0,0,0,-23.50225,4.958672,18.11235
102.4374,-23.37037,5.099438,18.10513,0,0,0,-23.50225,4.958672,18.11235
102.4452,-23.36989,5.098377,18.11,0,0,0,-23.50225,4.958672,18.11235
102.4565,-23.36989,5.098377,18.11,0,0,0,-23.50225,4.958672,18.11235
102.4644,-23.37123,5.097741,18.11343,0,0,0,-23.50225,4.958672,18.11235
102.4734,-23.37123,5.097741,18.11343,0,0,0,-23.50225,4.958672,18.11235
102.4819,-23.36942,5.097336,18.11488,0,0,0,-23.50225,4.958672,18.11235
102.4905,-23.36942,5.097336,18.11488,0,0,0,-23.50225,4.958672,18.11235
102.4987,-23.36942,5.097336,18.11488,0,0,0,-23.50225,4.958672,18.11235
102.5063,-23.37075,5.096711,18.11831,0,0,0,-23.50225,4.958672,18.11235
102.5154,-23.37075,5.096711,18.11831,0,0,0,-23.50225,4.958672,18.11235
102.5234,-23.3706,5.096373,18.11993,0,0,0,-23.50225,4.958672,18.11235
102.5323,-23.3706,5.096373,18.11993,0,0,0,-23.50225,4.958672,18.11235
102.5396,-23.3706,5.096373,18.11993,0,0,0,-23.50225,4.958672,18.11235
102.5485,-23.37225,5.096436,18.12011,0,0,0,-23.50225,4.958672,18.11235
102.5566,-23.37225,5.096436,18.12011,0,0,0,-23.50225,4.958672,18.11235
102.567,-23.37375,5.096163,18.12191,0,0,0,-23.50225,4.958672,18.11235
102.5754,-23.37375,5.096163,18.12191,0,0,0,-23.50225,4.958672,18.11235
102.5829,-23.37209,5.096098,18.12173,0,0,0,-23.50225,4.958672,18.11235
102.5914,-23.37209,5.096098,18.12173,0,0,0,-23.50225,4.958672,18.11235
102.5993,-23.37209,5.096098,18.12173,0,0,0,-23.50225,4.958672,18.11235
102.6066,-23.37375,5.096163,18.12191,0,0,0,-23.50225,4.958672,18.11235
102.6152,-23.37375,5.096163,18.12191,0,0,0,-23.50225,4.958672,18.11235
102.6223,-23.37391,5.096499,18.12028,0,0,0,-23.50225,4.958672,18.11235
102.6314,-23.37391,5.096499,18.12028,0,0,0,-23.50225,4.958672,18.11235
102.6393,-23.37391,5.096499,18.12028,0,0,0,-23.50225,4.958672,18.11235
102.6476,-23.37422,5.097179,18.11703,0,0,0,-23.50225,4.958672,18.11235
102.6556,-23.37422,5.097179,18.11703,0,0,0,-23.50225,4.958672,18.11235
102.6632,-23.37454,5.097866,18.11378,0,0,0,-23.50225,4.958672,18.11235
102.6728,-23.37454,5.097866,18.11378,0,0,0,-23.50225,4.958672,18.11235
102.6802,-23.37454,5.097866,18.11378,0,0,0,-23.50225,4.958672,18.11235
102.6894,-23.37454,5.097866,18.11378,0,0,0,-23.50225,4.958672,18.11235
102.6968,-23.37454,5.097866,18.11378,0,0,0,-23.50225,4.958672,18.11235
102.7047,-23.3747,5.098213,18.11215,0,0,0,-23.50225,4.958672,18.11235
102.7131,-23.3747,5.098213,18.11215,0,0,0,-23.50225,4.958672,18.11235
102.7201,-23.3747,5.098214,18.11215,0,0,0,-23.50225,4.958672,18.11235
102.7294,-23.3747,5.098214,18.11215,0,0,0,-23.50225,4.958672,18.11235
102.7369,-23.3747,5.098214,18.11215,0,0,0,-23.50225,4.958672,18.11235
102.7447,-23.37486,5.098563,18.11053,0,0,0,-23.50225,4.958672,18.11235
102.7529,-23.37486,5.098563,18.11053,0,0,0,-23.50225,4.958672,18.11235
102.7611,-23.37501,5.098913,18.1089,0,0,0,-23.50225,4.958672,18.11235
102.7695,-23.37501,5.098913,18.1089,0,0,0,-23.50225,4.958672,18.11235
102.777,-23.37501,5.098913,18.1089,0,0,0,-23.50225,4.958672,18.11235
102.7884,-23.37501,5.098913,18.1089,0,0,0,-23.50225,4.958672,18.11235
102.7971,-23.37501,5.098913,18.1089,0,0,0,-23.50225,4.958672,18.11235
102.8052,-23.37501,5.098913,18.1089,0,0,0,-23.50225,4.958672,18.11235
102.8135,-23.37501,5.098913,18.1089,0,0,0,-23.50225,4.958672,18.11235
102.8211,-23.37501,5.098913,18.1089,0,0,0,-23.50225,4.958672,18.11235
102.8301,-23.37501,5.098913,18.1089,0,0,0,-23.50225,4.958672,18.11235
102.838,-23.37501,5.098913,18.1089,0,0,0,-23.50225,4.958672,18.11235
102.8467,-23.37352,5.099204,18.10711,0,0,0,-23.50225,4.958672,18.11235
102.8558,-23.37352,5.099204,18.10711,0,0,0,-23.50225,4.958672,18.11235
102.8676,-23.37517,5.099268,18.10728,0,0,0,-23.50225,4.958672,18.11235
102.8785,-23.37517,5.099268,18.10728,0,0,0,-23.50225,4.958672,18.11235
102.8868,-23.37517,5.099268,18.10728,0,0,0,-23.50225,4.958672,18.11235
102.8965,-23.37517,5.099268,18.10728,0,0,0,-23.50225,4.958672,18.11235
102.905,-23.37517,5.099268,18.10728,0,0,0,-23.50225,4.958672,18.11235
102.9142,-23.37517,5.099268,18.10728,0,0,0,-23.50225,4.958672,18.11235
102.9229,-23.37368,5.099559,18.10548,0,0,0,-23.50225,4.958672,18.11235
102.934,-23.37368,5.099559,18.10548,0,0,0,-23.50225,4.958672,18.11235
102.9426,-23.37533,5.099622,18.10566,0,0,0,-23.50225,4.958672,18.11235
102.9527,-23.37533,5.099622,18.10566,0,0,0,-23.50225,4.958672,18.11235
102.962,-23.37533,5.099621,18.10566,0,0,0,-23.50225,4.958672,18.11235
102.9725,-23.37533,5.099621,18.10566,0,0,0,-23.50225,4.958672,18.11235
102.9822,-23.37517,5.099267,18.10728,0,0,0,-23.50225,4.958672,18.11235
102.9915,-23.37517,5.099267,18.10728,0,0,0,-23.50225,4.958672,18.11235
103.0005,-23.37533,5.099622,18.10566,0,0,0,-23.50225,4.958672,18.11235
103.0168,-23.37533,5.099622,18.10566,0,0,0,-23.50225,4.958672,18.11235
103.0254,-23.37517,5.099267,18.10728,0,0,0,-23.50225,4.958672,18.11235
103.0343,-23.37517,5.099267,18.10728,0,0,0,-23.50225,4.958672,18.11235
103.0431,-23.37352,5.099204,18.10711,0,0,0,-23.50225,4.958672,18.11235
103.0523,-23.37352,5.099204,18.10711,0,0,0,-23.50225,4.958672,18.11235
103.0596,-23.37352,5.099204,18.10711,0,0,0,-23.50225,4.958672,18.11235
103.0703,-23.37368,5.099559,18.10548,0,0,0,-23.50225,4.958672,18.11235
103.0794,-23.37368,5.099559,18.10548,0,0,0,-23.50225,4.958672,18.11235
103.0871,-23.37352,5.099204,18.10711,0,0,0,-23.50225,4.958672,18.11235
103.0966,-23.37352,5.099204,18.10711,0,0,0,-23.50225,4.958672,18.11235
103.104,-23.37517,5.099268,18.10728,0,0,0,-23.50225,4.958672,18.11235
103.113,-23.37517,5.099268,18.10728,0,0,0,-23.50225,4.958672,18.11235
103.1215,-23.37517,5.099268,18.10728,0,0,0,-23.50225,4.958672,18.11235
103.1307,-23.37517,5.099268,18.10728,0,0,0,-23.50225,4.958672,18.11235
103.1385,-23.37517,5.099268,18.10728,0,0,0,-23.50225,4.958672,18.11235
103.1475,-23.37352,5.099204,18.10711,0,0,0,-23.50225,4.958672,18.11235
103.156,-23.37352,5.099204,18.10711,0,0,0,-23.50225,4.958672,18.11235
103.1638,-23.37517,5.099268,18.10728,0,0,0,-23.50225,4.958672,18.11235
103.1735,-23.37517,5.099268,18.10728,0,0,0,-23.50225,4.958672,18.11235
103.1817,-23.37517,5.099268,18.10728,0,0,0,-23.50225,4.958672,18.11235
103.19,-23.37517,5.099268,18.10728,0,0,0,-23.50225,4.958672,18.11235
103.1998,-23.37517,5.099268,18.10728,0,0,0,-23.50225,4.958672,18.11235
103.2075,-23.37517,5.099268,18.10728,0,0,0,-23.50225,4.958672,18.11235
103.2165,-23.37517,5.099268,18.10728,0,0,0,-23.50225,4.958672,18.11235
103.2238,-23.37517,5.099268,18.10728,0,0,0,-23.50225,4.958672,18.11235
103.2327,-23.37517,5.099268,18.10728,0,0,0,-23.50225,4.958672,18.11235
103.2414,-23.37517,5.099268,18.10728,0,0,0,-23.50225,4.958672,18.11235
103.2495,-23.37517,5.099268,18.10728,0,0,0,-23.50225,4.958672,18.11235
103.2566,-23.37517,5.099268,18.10728,0,0,0,-23.50225,4.958672,18.11235
103.2641,-23.37368,5.099559,18.10548,0,0,0,-23.50225,4.958672,18.11235
103.2724,-23.37368,5.099559,18.10548,0,0,0,-23.50225,4.958672,18.11235
103.2802,-23.37533,5.099622,18.10566,0,0,0,-23.50225,4.958672,18.11235
103.2883,-23.37533,5.099622,18.10566,0,0,0,-23.50225,4.958672,18.11235
103.2956,-23.37533,5.099622,18.10566,0,0,0,-23.50225,4.958672,18.11235
103.3048,-23.37549,5.09998,18.10403,0,0,0,-23.50225,4.958672,18.11235
103.3128,-23.37549,5.09998,18.10403,0,0,0,-23.50225,4.958672,18.11235
103.3197,-23.37549,5.09998,18.10403,0,0,0,-23.50225,4.958672,18.11235
103.3275,-23.37549,5.09998,18.10403,0,0,0,-23.50225,4.958672,18.11235
103.3358,-23.37549,5.09998,18.10403,0,0,0,-23.50225,4.958672,18.11235
103.3429,-23.37549,5.09998,18.10403,0,0,0,-23.50225,4.958672,18.11235
103.351,-23.37549,5.09998,18.10403,0,0,0,-23.50225,4.958672,18.11235
103.3582,-23.37549,5.09998,18.10403,0,0,0,-23.50225,4.958672,18.11235
103.3658,-23.37383,5.099916,18.10386,0,0,0,-23.50225,4.958672,18.11235
103.374,-23.37383,5.099916,18.10386,0,0,0,-23.50225,4.958672,18.11235
103.3819,-23.37549,5.09998,18.10403,0,0,0,-23.50225,4.958672,18.11235
103.3928,-23.37549,5.09998,18.10403,0,0,0,-23.50225,4.958672,18.11235
103.3998,-23.37549,5.09998,18.10403,0,0,0,-23.50225,4.958672,18.11235
103.4066,-23.37549,5.09998,18.10403,0,0,0,-23.50225,4.958672,18.11235
103.4153,-23.37549,5.09998,18.10403,0,0,0,-23.50225,4.958672,18.11235
103.4242,-23.37549,5.09998,18.10403,0,0,0,-23.50225,4.958672,18.11235
103.4326,-23.37549,5.09998,18.10403,0,0,0,-23.50225,4.958672,18.11235
103.4408,-23.37379,5.099595,18.10426,0,0,0,-23.50225,4.958672,18.11235
103.4491,-23.37379,5.099595,18.10426,0,0,0,-23.50225,4.958672,18.11235
103.4562,-23.37379,5.099595,18.10426,0,0,0,-23.50225,4.958672,18.11235
103.464,-23.37379,5.099595,18.10426,0,0,0,-23.50225,4.958672,18.11235
103.4724,-23.37379,5.099595,18.10426,0,0,0,-23.50225,4.958672,18.11235
103.4795,-23.37379,5.099595,18.10426,0,0,0,-23.50225,4.958672,18.11235
103.4881,-23.37545,5.09966,18.10444,0,0,0,-23.50225,4.958672,18.11235
103.4971,-23.37545,5.09966,18.10444,0,0,0,-23.50225,4.958672,18.11235
103.5046,-23.37379,5.099595,18.10426,0,0,0,-23.50225,4.958672,18.11235
103.5138,-23.37379,5.099595,18.10426,0,0,0,-23.50225,4.958672,18.11235
103.5208,-23.37379,5.099595,18.10426,0,0,0,-23.50225,4.958672,18.11235
103.529,-23.37379,5.099595,18.10426,0,0,0,-23.50225,4.958672,18.11235
103.5362,-23.37379,5.099595,18.10426,0,0,0,-23.50225,4.958672,18.11235
103.5435,-23.37545,5.09966,18.10444,0,0,0,-23.50225,4.958672,18.11235
103.5524,-23.37545,5.09966,18.10444,0,0,0,-23.50225,4.958672,18.11235
103.5598,-23.37545,5.09966,18.10444,0,0,0,-23.50225,4.958672,18.11235
103.5671,-23.37379,5.099595,18.10426,0,0,0,-23.50225,4.958672,18.11235
103.5775,-23.37379,5.099595,18.10426,0,0,0,-23.50225,4.958672,18.11235
103.5847,-23.37545,5.09966,18.10444,0,0,0,-23.50225,4.958672,18.11235
103.5928,-23.37545,5.09966,18.10444,0,0,0,-23.50225,4.958672,18.11235
103.601,-23.37545,5.09966,18.10444,0,0,0,-23.50225,4.958672,18.11235
103.6094,-23.37545,5.09966,18.10444,0,0,0,-23.50225,4.958672,18.11235
103.6183,-23.37545,5.09966,18.10444,0,0,0,-23.50225,4.958672,18.11235
103.6269,-23.37307,5.099595,18.10421,0,0,0,-23.50225,4.958672,18.11235
103.6351,-23.37307,5.099595,18.10421,0,0,0,-23.50225,4.958672,18.11235
103.6422,-23.37323,5.099956,18.10259,0,0,0,-23.50225,4.958672,18.11235
103.6517,-23.37323,5.099956,18.10259,0,0,0,-23.50225,4.958672,18.11235
103.6588,-23.37323,5.099956,18.10259,0,0,0,-23.50225,4.958672,18.11235
103.6665,-23.37307,5.099597,18.10421,0,0,0,-23.50225,4.958672,18.11235
103.675,-23.37307,5.099597,18.10421,0,0,0,-23.50225,4.958672,18.11235
103.6849,-23.37473,5.09966,18.10439,0,0,0,-23.50225,4.958672,18.11235
103.6932,-23.37473,5.09966,18.10439,0,0,0,-23.50225,4.958672,18.11235
103.7004,-23.37473,5.09966,18.10439,0,0,0,-23.50225,4.958672,18.11235
103.7089,-23.37473,5.09966,18.10439,0,0,0,-23.50225,4.958672,18.11235
103.7164,-23.37473,5.09966,18.10439,0,0,0,-23.50225,4.958672,18.11235
103.7234,-23.37307,5.099595,18.10421,0,0,0,-23.50225,4.958672,18.11235
103.7313,-23.37307,5.099595,18.10421,0,0,0,-23.50225,4.958672,18.11235
103.7382,-23.37307,5.099595,18.10421,0,0,0,-23.50225,4.958672,18.11235
103.7464,-23.37488,5.100019,18.10276,0,0,0,-23.50225,4.958672,18.11235
103.7554,-23.37488,5.100019,18.10276,0,0,0,-23.50225,4.958672,18.11235
103.764,-23.37504,5.100382,18.10114,0,0,0,-23.50225,4.958672,18.11235
103.7743,-23.37504,5.100382,18.10114,0,0,0,-23.50225,4.958672,18.11235
103.7835,-23.3752,5.100745,18.09952,0,0,0,-23.50225,4.958672,18.11235
103.7929,-23.3752,5.100745,18.09952,0,0,0,-23.50225,4.958672,18.11235
103.8023,-23.3752,5.100745,18.09952,0,0,0,-23.50225,4.958672,18.11235
103.8111,-23.3752,5.100745,18.09952,0,0,0,-23.50225,4.958672,18.11235
103.8193,-23.3752,5.100745,18.09952,0,0,0,-23.50225,4.958672,18.11235
103.8279,-23.37536,5.101111,18.0979,0,0,0,-23.50225,4.958672,18.11235
103.8372,-23.37536,5.101111,18.0979,0,0,0,-23.50225,4.958672,18.11235
103.8448,-23.37536,5.101111,18.0979,0,0,0,-23.50225,4.958672,18.11235
103.8548,-23.37536,5.101111,18.0979,0,0,0,-23.50225,4.958672,18.11235
103.867,-23.37567,5.101849,18.09466,0,0,0,-23.50225,4.958672,18.11235
103.8764,-23.37567,5.101849,18.09466,0,0,0,-23.50225,4.958672,18.11235
103.8853,-23.37402,5.101785,18.09448,0,0,0,-23.50225,4.958672,18.11235
103.8958,-23.37402,5.101785,18.09448,0,0,0,-23.50225,4.958672,18.11235
103.9071,-23.37583,5.102221,18.09304,0,0,0,-23.50225,4.958672,18.11235
103.9159,-23.37583,5.102221,18.09304,0,0,0,-23.50225,4.958672,18.11235
103.9235,-23.37583,5.102221,18.09304,0,0,0,-23.50225,4.958672,18.11235
103.9347,-23.37583,5.102221,18.09304,0,0,0,-23.50225,4.958672,18.11235
103.9424,-23.37583,5.102221,18.09304,0,0,0,-23.50225,4.958672,18.11235
103.9509,-23.37583,5.102221,18.09304,0,0,0,-23.50225,4.958672,18.11235
103.9582,-23.37583,5.102221,18.09304,0,0,0,-23.50225,4.958672,18.11235
103.9662,-23.37583,5.102221,18.09304,0,0,0,-23.50225,4.958672,18.11235
103.9746,-23.37583,5.102221,18.09304,0,0,0,-23.50225,4.958672,18.11235
103.9821,-23.37418,5.102158,18.09286,0,0,0,-23.50225,4.958672,18.11235
103.9909,-23.37418,5.102158,18.09286,0,0,0,-23.50225,4.958672,18.11235
103.9999,-23.37418,5.102158,18.09286,0,0,0,-23.50225,4.958672,18.11235
104.0087,-23.37599,5.102595,18.09142,0,0,0,-23.50225,4.958672,18.11235
104.024,-23.37433,5.102531,18.09124,0,0,0,-23.50225,4.958672,18.11235
104.0339,-23.37433,5.102531,18.09124,0,0,0,-23.50225,4.958672,18.11235
104.042,-23.37433,5.102531,18.09124,0,0,0,-23.50225,4.958672,18.11235
104.0519,-23.37433,5.102531,18.09124,0,0,0,-23.50225,4.958672,18.11235
104.0601,-23.37599,5.102595,18.09142,0,0,0,-23.50225,4.958672,18.11235
104.0697,-23.37599,5.102595,18.09142,0,0,0,-23.50225,4.958672,18.11235
104.0827,-23.37599,5.102595,18.09142,0,0,0,-23.50225,4.958672,18.11235
104.0918,-23.37599,5.102595,18.09142,0,0,0,-23.50225,4.958672,18.11235
104.1002,-23.37527,5.102595,18.09137,0,0,0,-23.50225,4.958672,18.11235
104.1109,-23.37527,5.102595,18.09137,0,0,0,-23.50225,4.958672,18.11235
104.1189,-23.37527,5.102595,18.09137,0,0,0,-23.50225,4.958672,18.11235
104.1275,-23.37455,5.102595,18.09132,0,0,0,-23.50225,4.958672,18.11235
104.1379,-23.37455,5.102595,18.09132,0,0,0,-23.50225,4.958672,18.11235
104.1484,-23.3729,5.102531,18.09114,0,0,0,-23.50225,4.958672,18.11235
104.1576,-23.3729,5.102531,18.09114,0,0,0,-23.50225,4.958672,18.11235
104.1665,-23.37455,5.102595,18.09132,0,0,0,-23.50225,4.958672,18.11235
104.1754,-23.37455,5.102595,18.09132,0,0,0,-23.50225,4.958672,18.11235
104.1832,-23.37218,5.102531,18.09109,0,0,0,-23.50225,4.958672,18.11235
104.1919,-23.37218,5.102531,18.09109,0,0,0,-23.50225,4.958672,18.11235
104.1994,-23.37218,5.102531,18.09109,0,0,0,-23.50225,4.958672,18.11235
104.2069,-23.37384,5.102595,18.09126,0,0,0,-23.50225,4.958672,18.11235
104.2157,-23.37384,5.102595,18.09126,0,0,0,-23.50225,4.958672,18.11235
104.2256,-23.37399,5.102972,18.08965,0,0,0,-23.50225,4.958672,18.11235
104.2366,-23.37399,5.102972,18.08965,0,0,0,-23.50225,4.958672,18.11235
104.2442,-23.37399,5.102972,18.08965,0,0,0,-23.50225,4.958672,18.11235
104.2534,-23.37399,5.102972,18.08965,0,0,0,-23.50225,4.958672,18.11235
104.2608,-23.37234,5.102908,18.08947,0,0,0,-23.50225,4.958672,18.11235
104.2695,-23.37234,5.102908,18.08947,0,0,0,-23.50225,4.958672,18.11235
104.2774,-23.37234,5.102908,18.08947,0,0,0,-23.50225,4.958672,18.11235
104.2852,-23.3725,5.103286,18.08785,0,0,0,-23.50225,4.958672,18.11235
104.2938,-23.3725,5.103286,18.08785,0,0,0,-23.50225,4.958672,18.11235
104.3022,-23.37399,5.102972,18.08965,0,0,0,-23.50225,4.958672,18.11235
104.3109,-23.37399,5.102972,18.08965,0,0,0,-23.50225,4.958672,18.11235
104.3196,-23.37399,5.102972,18.08965,0,0,0,-23.50225,4.958672,18.11235
104.3294,-23.3723,5.102587,18.08987,0,0,0,-23.50225,4.958672,18.11235
104.3408,-23.3723,5.102587,18.08987,0,0,0,-23.50225,4.958672,18.11235
104.3521,-23.3723,5.102587,18.08987,0,0,0,-23.50225,4.958672,18.11235
104.3598,-23.3723,5.102587,18.08987,0,0,0,-23.50225,4.958672,18.11235
104.369,-23.3721,5.10189,18.09189,0,0,0,-23.50225,4.958672,18.11235
104.3843,-23.3721,5.10189,18.09189,0,0,0,-23.50225,4.958672,18.11235
104.3936,-23.3721,5.10189,18.09189,0,0,0,-23.50225,4.958672,18.11235
104.4019,-23.3725,5.101144,18.09518,0,0,0,-23.50225,4.958672,18.11235
104.4106,-23.3725,5.101144,18.09518,0,0,0,-23.50225,4.958672,18.11235
104.4187,-23.3725,5.101144,18.09518,0,0,0,-23.50225,4.958672,18.11235
104.4264,-23.37234,5.100774,18.0968,0,0,0,-23.50225,4.958672,18.11235
104.4367,-23.37234,5.100774,18.0968,0,0,0,-23.50225,4.958672,18.11235
104.4461,-23.37368,5.100104,18.10022,0,0,0,-23.50225,4.958672,18.11235
104.4557,-23.37368,5.100104,18.10022,0,0,0,-23.50225,4.958672,18.11235
104.4659,-23.37336,5.099379,18.10347,0,0,0,-23.50225,4.958672,18.11235
104.4811,-23.37155,5.098954,18.10491,0,0,0,-23.50225,4.958672,18.11235
104.4907,-23.37155,5.098954,18.10491,0,0,0,-23.50225,4.958672,18.11235
104.5002,-23.37288,5.098306,18.10833,0,0,0,-23.50225,4.958672,18.11235
104.5092,-23.37288,5.098306,18.10833,0,0,0,-23.50225,4.958672,18.11235
104.5181,-23.37288,5.098306,18.10833,0,0,0,-23.50225,4.958672,18.11235
104.5263,-23.37107,5.097888,18.10978,0,0,0,-23.50225,4.958672,18.11235
104.5358,-23.37107,5.097888,18.10978,0,0,0,-23.50225,4.958672,18.11235
104.5447,-23.37091,5.097536,18.1114,0,0,0,-23.50225,4.958672,18.11235
104.5537,-23.37091,5.097536,18.1114,0,0,0,-23.50225,4.958672,18.11235
104.5615,-23.37091,5.097536,18.1114,0,0,0,-23.50225,4.958672,18.11235
104.5704,-23.37091,5.097536,18.1114,0,0,0,-23.50225,4.958672,18.11235
104.5779,-23.37091,5.097536,18.1114,0,0,0,-23.50225,4.958672,18.11235
104.5867,-23.37091,5.097536,18.1114,0,0,0,-23.50225,4.958672,18.11235
104.596,-23.37091,5.097536,18.1114,0,0,0,-23.50225,4.958672,18.11235
104.6036,-23.37091,5.097536,18.1114,0,0,0,-23.50225,4.958672,18.11235
104.6127,-23.37091,5.097536,18.1114,0,0,0,-23.50225,4.958672,18.11235
104.621,-23.37091,5.097536,18.1114,0,0,0,-23.50225,4.958672,18.11235
104.6299,-23.37091,5.097536,18.1114,0,0,0,-23.50225,4.958672,18.11235
104.6389,-23.37091,5.097536,18.1114,0,0,0,-23.50225,4.958672,18.11235
104.6469,-23.37091,5.097536,18.1114,0,0,0,-23.50225,4.958672,18.11235
104.6564,-23.37091,5.097536,18.1114,0,0,0,-23.50225,4.958672,18.11235
104.6651,-23.37091,5.097536,18.1114,0,0,0,-23.50225,4.958672,18.11235
104.6741,-23.37091,5.097536,18.1114,0,0,0,-23.50225,4.958672,18.11235
104.6828,-23.37107,5.097888,18.10978,0,0,0,-23.50225,4.958672,18.11235
104.6918,-23.37107,5.097888,18.10978,0,0,0,-23.50225,4.958672,18.11235
104.7025,-23.37107,5.097888,18.10978,0,0,0,-23.50225,4.958672,18.11235
104.7141,-23.37107,5.097888,18.10978,0,0,0,-23.50225,4.958672,18.11235
104.722,-23.37139,5.098598,18.10653,0,0,0,-23.50225,4.958672,18.11235
104.731,-23.37139,5.098598,18.10653,0,0,0,-23.50225,4.958672,18.11235
104.7387,-23.37139,5.098598,18.10653,0,0,0,-23.50225,4.958672,18.11235
104.7478,-23.37155,5.098954,18.10491,0,0,0,-23.50225,4.958672,18.11235
104.7575,-23.37155,5.098954,18.10491,0,0,0,-23.50225,4.958672,18.11235
104.7698,-23.37171,5.099314,18.10329,0,0,0,-23.50225,4.958672,18.11235
104.7788,-23.37171,5.099314,18.10329,0,0,0,-23.50225,4.958672,18.11235
104.7884,-23.37187,5.099676,18.10167,0,0,0,-23.50225,4.958672,18.11235
104.8008,-23.37368,5.100104,18.10022,0,0,0,-23.50225,4.958672,18.11235
104.8101,-23.37368,5.100104,18.10022,0,0,0,-23.50225,4.958672,18.11235
104.8196,-23.37368,5.100104,18.10022,0,0,0,-23.50225,4.958672,18.11235
104.828,-23.37234,5.100774,18.0968,0,0,0,-23.50225,4.958672,18.11235
104.8391,-23.37234,5.100774,18.0968,0,0,0,-23.50225,4.958672,18.11235
104.8479,-23.3725,5.101144,18.09518,0,0,0,-23.50225,4.958672,18.11235
104.8576,-23.3725,5.101144,18.09518,0,0,0,-23.50225,4.958672,18.11235
104.8679,-23.37266,5.101516,18.09356,0,0,0,-23.50225,4.958672,18.11235
104.879,-23.37266,5.101516,18.09356,0,0,0,-23.50225,4.958672,18.11235
104.8895,-23.37266,5.101516,18.09356,0,0,0,-23.50225,4.958672,18.11235
104.9024,-23.37266,5.101516,18.09356,0,0,0,-23.50225,4.958672,18.11235
104.9133,-23.37266,5.101516,18.09356,0,0,0,-23.50225,4.958672,18.11235
104.9222,-23.37266,5.101516,18.09356,0,0,0,-23.50225,4.958672,18.11235
104.9327,-23.37266,5.101516,18.09356,0,0,0,-23.50225,4.958672,18.11235
104.9417,-23.37262,5.101195,18.09397,0,0,0,-23.50225,4.958672,18.11235
104.9512,-23.37262,5.101195,18.09397,0,0,0,-23.50225,4.958672,18.11235
104.9609,-23.3719,5.101195,18.09391,0,0,0,-23.50225,4.958672,18.11235
104.9711,-23.3719,5.101195,18.09391,0,0,0,-23.50225,4.958672,18.11235
104.9797,-23.3719,5.101195,18.09391,0,0,0,-23.50225,4.958672,18.11235
104.9888,-23.37206,5.101569,18.09229,0,0,0,-23.50225,4.958672,18.11235
104.9994,-23.37206,5.101569,18.09229,0,0,0,-23.50225,4.958672,18.11235
105.0079,-23.37206,5.101569,18.09229,0,0,0,-23.50225,4.958672,18.11235
105.0187,-23.37206,5.101569,18.09229,0,0,0,-23.50225,4.958672,18.11235
105.028,-23.37222,5.101945,18.09068,0,0,0,-23.50225,4.958672,18.11235
105.0382,-23.37222,5.101945,18.09068,0,0,0,-23.50225,4.958672,18.11235
105.0469,-23.37222,5.101945,18.09068,0,0,0,-23.50225,4.958672,18.11235
105.0569,-23.37222,5.101945,18.09068,0,0,0,-23.50225,4.958672,18.11235
105.0671,-23.37238,5.102324,18.08906,0,0,0,-23.50225,4.958672,18.11235
105.0771,-23.37238,5.102324,18.08906,0,0,0,-23.50225,4.958672,18.11235
105.086,-23.37238,5.102324,18.08906,0,0,0,-23.50225,4.958672,18.11235
105.0984,-23.37238,5.102324,18.08906,0,0,0,-23.50225,4.958672,18.11235
105.1075,-23.37254,5.102704,18.08744,0,0,0,-23.50225,4.958672,18.11235
105.1182,-23.37254,5.102704,18.08744,0,0,0,-23.50225,4.958672,18.11235
105.1283,-23.37254,5.102704,18.08744,0,0,0,-23.50225,4.958672,18.11235
105.138,-23.37254,5.102704,18.08744,0,0,0,-23.50225,4.958672,18.11235
105.1469,-23.37254,5.102704,18.08744,0,0,0,-23.50225,4.958672,18.11235
105.1571,-23.37254,5.102704,18.08744,0,0,0,-23.50225,4.958672,18.11235
105.1667,-23.37089,5.102642,18.08726,0,0,0,-23.50225,4.958672,18.11235
105.1775,-23.37089,5.102642,18.08726,0,0,0,-23.50225,4.958672,18.11235
105.1871,-23.37089,5.102642,18.08726,0,0,0,-23.50225,4.958672,18.11235
105.1967,-23.37089,5.102642,18.08726,0,0,0,-23.50225,4.958672,18.11235
105.2053,-23.37089,5.102642,18.08726,0,0,0,-23.50225,4.958672,18.11235
105.217,-23.37089,5.102642,18.08726,0,0,0,-23.50225,4.958672,18.11235
105.2283,-23.36995,5.102582,18.08714,0,0,0,-23.50225,4.958672,18.11235
105.2407,-23.3716,5.102642,18.08732,0,0,0,-23.50225,4.958672,18.11235
105.2544,-23.3716,5.102642,18.08732,0,0,0,-23.50225,4.958672,18.11235
105.2659,-23.37011,5.102965,18.08552,0,0,0,-23.50225,4.958672,18.11235
105.2777,-23.37011,5.102965,18.08552,0,0,0,-23.50225,4.958672,18.11235
105.2886,-23.37027,5.103349,18.08391,0,0,0,-23.50225,4.958672,18.11235
105.2978,-23.37027,5.103349,18.08391,0,0,0,-23.50225,4.958672,18.11235
105.3064,-23.36862,5.103291,18.08373,0,0,0,-23.50225,4.958672,18.11235
105.3161,-23.36862,5.103291,18.08373,0,0,0,-23.50225,4.958672,18.11235
105.3244,-23.36712,5.103621,18.08194,0,0,0,-23.50225,4.958672,18.11235
105.3341,-23.36712,5.103621,18.08194,0,0,0,-23.50225,4.958672,18.11235
105.3429,-23.36712,5.103621,18.08194,0,0,0,-23.50225,4.958672,18.11235
105.3541,-23.36712,5.103621,18.08194,0,0,0,-23.50225,4.958672,18.11235
105.3629,-23.36618,5.103568,18.08182,0,0,0,-23.50225,4.958672,18.11235
105.3722,-23.36618,5.103568,18.08182,0,0,0,-23.50225,4.958672,18.11235
105.3837,-23.36603,5.103182,18.08344,0,0,0,-23.50225,4.958672,18.11235
105.3938,-23.36603,5.103182,18.08344,0,0,0,-23.50225,4.958672,18.11235
105.4018,-23.36587,5.102798,18.08505,0,0,0,-23.50225,4.958672,18.11235
105.4107,-23.36587,5.102798,18.08505,0,0,0,-23.50225,4.958672,18.11235
105.4189,-23.36587,5.102798,18.08505,0,0,0,-23.50225,4.958672,18.11235
105.428,-23.3672,5.102087,18.08846,0,0,0,-23.50225,4.958672,18.11235
105.4375,-23.3672,5.102087,18.08846,0,0,0,-23.50225,4.958672,18.11235
105.4482,-23.36507,5.100906,18.09314,0,0,0,-23.50225,4.958672,18.11235
105.459,-23.36507,5.100906,18.09314,0,0,0,-23.50225,4.958672,18.11235
105.4669,-23.36476,5.100164,18.09638,0,0,0,-23.50225,4.958672,18.11235
105.4759,-23.36476,5.100164,18.09638,0,0,0,-23.50225,4.958672,18.11235
105.4839,-23.36444,5.09943,18.09962,0,0,0,-23.50225,4.958672,18.11235
105.4934,-23.36444,5.09943,18.09962,0,0,0,-23.50225,4.958672,18.11235
105.5012,-23.36263,5.099014,18.10107,0,0,0,-23.50225,4.958672,18.11235
105.5116,-23.36263,5.099014,18.10107,0,0,0,-23.50225,4.958672,18.11235
105.5195,-23.36263,5.099014,18.10107,0,0,0,-23.50225,4.958672,18.11235
105.527,-23.36396,5.098345,18.10449,0,0,0,-23.50225,4.958672,18.11235
105.5376,-23.36396,5.098345,18.10449,0,0,0,-23.50225,4.958672,18.11235
105.5456,-23.3638,5.097988,18.10611,0,0,0,-23.50225,4.958672,18.11235
105.556,-23.3638,5.097988,18.10611,0,0,0,-23.50225,4.958672,18.11235
105.5653,-23.36348,5.097279,18.10936,0,0,0,-23.50225,4.958672,18.11235
105.5737,-23.36348,5.097279,18.10936,0,0,0,-23.50225,4.958672,18.11235
105.5812,-23.36316,5.096579,18.11261,0,0,0,-23.50225,4.958672,18.11235
105.5906,-23.36316,5.096579,18.11261,0,0,0,-23.50225,4.958672,18.11235
105.5986,-23.36316,5.096579,18.11261,0,0,0,-23.50225,4.958672,18.11235
105.6061,-23.363,5.096231,18.11423,0,0,0,-23.50225,4.958672,18.11235
105.6151,-23.363,5.096231,18.11423,0,0,0,-23.50225,4.958672,18.11235
105.6225,-23.36284,5.095885,18.11586,0,0,0,-23.50225,4.958672,18.11235
105.6311,-23.36284,5.095885,18.11586,0,0,0,-23.50225,4.958672,18.11235
105.6386,-23.36284,5.095885,18.11586,0,0,0,-23.50225,4.958672,18.11235
105.6466,-23.36284,5.095885,18.11586,0,0,0,-23.50225,4.958672,18.11235
105.6553,-23.36284,5.095885,18.11586,0,0,0,-23.50225,4.958672,18.11235
105.6633,-23.36268,5.095543,18.11748,0,0,0,-23.50225,4.958672,18.11235
105.6732,-23.36268,5.095543,18.11748,0,0,0,-23.50225,4.958672,18.11235
105.6809,-23.36102,5.095492,18.11731,0,0,0,-23.50225,4.958672,18.11235
105.6901,-23.36102,5.095492,18.11731,0,0,0,-23.50225,4.958672,18.11235
105.6978,-23.36102,5.095492,18.11731,0,0,0,-23.50225,4.958672,18.11235
105.7054,-23.36195,5.095543,18.11743,0,0,0,-23.50225,4.958672,18.11235
105.7145,-23.36195,5.095543,18.11743,0,0,0,-23.50225,4.958672,18.11235
105.7222,-23.36195,5.095543,18.11743,0,0,0,-23.50225,4.958672,18.11235
105.7324,-23.36195,5.095543,18.11743,0,0,0,-23.50225,4.958672,18.11235
105.7401,-23.36195,5.095543,18.11743,0,0,0,-23.50225,4.958672,18.11235
105.7496,-23.36195,5.095543,18.11743,0,0,0,-23.50225,4.958672,18.11235
105.7572,-23.36195,5.095543,18.11743,0,0,0,-23.50225,4.958672,18.11235
105.7655,-23.36179,5.095202,18.11905,0,0,0,-23.50225,4.958672,18.11235
105.7743,-23.36179,5.095202,18.11905,0,0,0,-23.50225,4.958672,18.11235
105.7833,-23.36195,5.095543,18.11743,0,0,0,-23.50225,4.958672,18.11235
105.7928,-23.36195,5.095543,18.11743,0,0,0,-23.50225,4.958672,18.11235
105.8008,-23.36195,5.095543,18.11743,0,0,0,-23.50225,4.958672,18.11235
105.8139,-23.36195,5.095543,18.11743,0,0,0,-23.50225,4.958672,18.11235
105.8227,-23.36195,5.095543,18.11743,0,0,0,-23.50225,4.958672,18.11235
105.8337,-23.36195,5.095543,18.11743,0,0,0,-23.50225,4.958672,18.11235
105.8434,-23.36195,5.095543,18.11743,0,0,0,-23.50225,4.958672,18.11235
105.8595,-23.36195,5.095543,18.11743,0,0,0,-23.50225,4.958672,18.11235
105.8697,-23.36195,5.095542,18.11743,0,0,0,-23.50225,4.958672,18.11235
105.8803,-23.36211,5.095885,18.1158,0,0,0,-23.50225,4.958672,18.11235
105.8928,-23.36211,5.095885,18.1158,0,0,0,-23.50225,4.958672,18.11235
105.9069,-23.36211,5.095886,18.1158,0,0,0,-23.50225,4.958672,18.11235
105.9193,-23.36211,5.095886,18.1158,0,0,0,-23.50225,4.958672,18.11235
105.9321,-23.36211,5.095886,18.1158,0,0,0,-23.50225,4.958672,18.11235
105.9442,-23.36046,5.095835,18.11563,0,0,0,-23.50225,4.958672,18.11235
105.9554,-23.36046,5.095835,18.11563,0,0,0,-23.50225,4.958672,18.11235
105.9658,-23.36062,5.09618,18.114,0,0,0,-23.50225,4.958672,18.11235
105.9764,-23.36062,5.09618,18.114,0,0,0,-23.50225,4.958672,18.11235
105.9851,-23.36211,5.095886,18.1158,0,0,0,-23.50225,4.958672,18.11235
105.9956,-23.36211,5.095886,18.1158,0,0,0,-23.50225,4.958672,18.11235
106.0049,-23.36062,5.09618,18.114,0,0,0,-23.50225,4.958672,18.11235
106.0146,-23.36062,5.09618,18.114,0,0,0,-23.50225,4.958672,18.11235
106.0244,-23.35896,5.09613,18.11382,0,0,0,-23.50225,4.958672,18.11235
106.0333,-23.35896,5.09613,18.11382,0,0,0,-23.50225,4.958672,18.11235
106.0444,-23.36078,5.096527,18.11238,0,0,0,-23.50225,4.958672,18.11235
106.0533,-23.36078,5.096527,18.11238,0,0,0,-23.50225,4.958672,18.11235
106.0613,-23.35896,5.09613,18.11383,0,0,0,-23.50225,4.958672,18.11235
106.0702,-23.35896,5.09613,18.11383,0,0,0,-23.50225,4.958672,18.11235
106.078,-23.35896,5.09613,18.11383,0,0,0,-23.50225,4.958672,18.11235
106.0866,-23.35945,5.097178,18.10895,0,0,0,-23.50225,4.958672,18.11235
106.0965,-23.35945,5.097178,18.10895,0,0,0,-23.50225,4.958672,18.11235
106.1062,-23.35945,5.097178,18.10895,0,0,0,-23.50225,4.958672,18.11235
106.1154,-23.35945,5.097178,18.10895,0,0,0,-23.50225,4.958672,18.11235
106.124,-23.35961,5.097531,18.10733,0,0,0,-23.50225,4.958672,18.11235
106.1331,-23.35961,5.097531,18.10733,0,0,0,-23.50225,4.958672,18.11235
106.1432,-23.35945,5.097178,18.10895,0,0,0,-23.50225,4.958672,18.11235
106.1526,-23.35945,5.097178,18.10895,0,0,0,-23.50225,4.958672,18.11235
106.1612,-23.35961,5.097531,18.10733,0,0,0,-23.50225,4.958672,18.11235
106.1702,-23.35961,5.097531,18.10733,0,0,0,-23.50225,4.958672,18.11235
106.178,-23.35961,5.097531,18.10733,0,0,0,-23.50225,4.958672,18.11235
106.1865,-23.35961,5.097531,18.10733,0,0,0,-23.50225,4.958672,18.11235
106.1958,-23.35961,5.097531,18.10733,0,0,0,-23.50225,4.958672,18.11235
106.2043,-23.35961,5.09753,18.10733,0,0,0,-23.50225,4.958672,18.11235
106.2134,-23.35961,5.09753,18.10733,0,0,0,-23.50225,4.958672,18.11235
106.2209,-23.35811,5.097838,18.10553,0,0,0,-23.50225,4.958672,18.11235
106.23,-23.35811,5.097838,18.10553,0,0,0,-23.50225,4.958672,18.11235
106.2389,-23.35811,5.097838,18.10553,0,0,0,-23.50225,4.958672,18.11235
106.2469,-23.35807,5.097518,18.10594,0,0,0,-23.50225,4.958672,18.11235
106.2578,-23.35807,5.097518,18.10594,0,0,0,-23.50225,4.958672,18.11235
106.2659,-23.35957,5.09721,18.10773,0,0,0,-23.50225,4.958672,18.11235
106.2747,-23.35957,5.09721,18.10773,0,0,0,-23.50225,4.958672,18.11235
106.2823,-23.35791,5.097163,18.10756,0,0,0,-23.50225,4.958672,18.11235
106.2911,-23.35791,5.097163,18.10756,0,0,0,-23.50225,4.958672,18.11235
106.3,-23.35791,5.097163,18.10756,0,0,0,-23.50225,4.958672,18.11235
106.3091,-23.35791,5.097163,18.10756,0,0,0,-23.50225,4.958672,18.11235
106.3165,-23.35791,5.097163,18.10756,0,0,0,-23.50225,4.958672,18.11235
106.3241,-23.35807,5.097517,18.10594,0,0,0,-23.50225,4.958672,18.11235
106.3334,-23.35807,5.097517,18.10594,0,0,0,-23.50225,4.958672,18.11235
106.3408,-23.35823,5.097876,18.10431,0,0,0,-23.50225,4.958672,18.11235
106.3494,-23.35823,5.097876,18.10431,0,0,0,-23.50225,4.958672,18.11235
106.3567,-23.35823,5.097876,18.10431,0,0,0,-23.50225,4.958672,18.11235
106.3651,-23.35839,5.098235,18.10269,0,0,0,-23.50225,4.958672,18.11235
106.3739,-23.35839,5.098235,18.10269,0,0,0,-23.50225,4.958672,18.11235
106.3812,-23.35839,5.098235,18.10269,0,0,0,-23.50225,4.958672,18.11235
106.3895,-23.35839,5.098235,18.10269,0,0,0,-23.50225,4.958672,18.11235
106.3977,-23.35839,5.098235,18.10269,0,0,0,-23.50225,4.958672,18.11235
106.4053,-23.35856,5.098598,18.10107,0,0,0,-23.50225,4.958672,18.11235
106.4148,-23.35856,5.098598,18.10107,0,0,0,-23.50225,4.958672,18.11235
106.423,-23.35868,5.098639,18.09985,0,0,0,-23.50225,4.958672,18.11235
106.4316,-23.35868,5.098639,18.09985,0,0,0,-23.50225,4.958672,18.11235
106.439,-23.35868,5.098639,18.09985,0,0,0,-23.50225,4.958672,18.11235
106.4465,-23.35868,5.098639,18.09985,0,0,0,-23.50225,4.958672,18.11235
106.4575,-23.35868,5.098639,18.09985,0,0,0,-23.50225,4.958672,18.11235
106.4668,-23.36049,5.099052,18.0984,0,0,0,-23.50225,4.958672,18.11235
106.4781,-23.36049,5.099052,18.0984,0,0,0,-23.50225,4.958672,18.11235
106.4885,-23.35884,5.099005,18.09823,0,0,0,-23.50225,4.958672,18.11235
106.4986,-23.35884,5.099005,18.09823,0,0,0,-23.50225,4.958672,18.11235
106.507,-23.36049,5.099052,18.0984,0,0,0,-23.50225,4.958672,18.11235
106.5177,-23.36049,5.099052,18.0984,0,0,0,-23.50225,4.958672,18.11235
106.5275,-23.36065,5.09942,18.09678,0,0,0,-23.50225,4.958672,18.11235
106.5371,-23.36065,5.09942,18.09678,0,0,0,-23.50225,4.958672,18.11235
106.545,-23.359,5.099373,18.09661,0,0,0,-23.50225,4.958672,18.11235
106.5557,-23.359,5.099373,18.09661,0,0,0,-23.50225,4.958672,18.11235
106.5649,-23.359,5.099373,18.09661,0,0,0,-23.50225,4.958672,18.11235
106.5771,-23.359,5.099373,18.09661,0,0,0,-23.50225,4.958672,18.11235
106.5868,-23.359,5.099373,18.09661,0,0,0,-23.50225,4.958672,18.11235
106.5959,-23.359,5.099373,18.09661,0,0,0,-23.50225,4.958672,18.11235
106.6045,-23.35916,5.099743,18.09499,0,0,0,-23.50225,4.958672,18.11235
106.6145,-23.35916,5.099743,18.09499,0,0,0,-23.50225,4.958672,18.11235
106.6223,-23.35916,5.099743,18.09499,0,0,0,-23.50225,4.958672,18.11235
106.6315,-23.35916,5.099743,18.09499,0,0,0,-23.50225,4.958672,18.11235
106.6391,-23.35916,5.099743,18.09499,0,0,0,-23.50225,4.958672,18.11235
106.6476,-23.35916,5.099743,18.09499,0,0,0,-23.50225,4.958672,18.11235
106.6565,-23.35916,5.099743,18.09499,0,0,0,-23.50225,4.958672,18.11235
106.6639,-23.35916,5.099743,18.09499,0,0,0,-23.50225,4.958672,18.11235
106.6754,-23.35916,5.099743,18.09499,0,0,0,-23.50225,4.958672,18.11235
106.6829,-23.35916,5.099743,18.09499,0,0,0,-23.50225,4.958672,18.11235
106.6919,-23.35916,5.099743,18.09499,0,0,0,-23.50225,4.958672,18.11235
106.6995,-23.35916,5.099743,18.09499,0,0,0,-23.50225,4.958672,18.11235
106.7072,-23.35916,5.099743,18.09499,0,0,0,-23.50225,4.958672,18.11235
106.7154,-23.35916,5.099743,18.09499,0,0,0,-23.50225,4.958672,18.11235
106.7252,-23.35916,5.099743,18.09499,0,0,0,-23.50225,4.958672,18.11235
106.7339,-23.35916,5.099743,18.09499,0,0,0,-23.50225,4.958672,18.11235
106.745,-23.35932,5.100116,18.09337,0,0,0,-23.50225,4.958672,18.11235
106.7547,-23.35932,5.100116,18.09337,0,0,0,-23.50225,4.958672,18.11235
106.7623,-23.35916,5.099743,18.09499,0,0,0,-23.50225,4.958672,18.11235
106.7739,-23.35916,5.099743,18.09499,0,0,0,-23.50225,4.958672,18.11235
106.7815,-23.35916,5.099743,18.09499,0,0,0,-23.50225,4.958672,18.11235
106.7897,-23.35916,5.099743,18.09499,0,0,0,-23.50225,4.958672,18.11235
106.7977,-23.35916,5.099743,18.09499,0,0,0,-23.50225,4.958672,18.11235
106.8053,-23.35932,5.100116,18.09337,0,0,0,-23.50225,4.958672,18.11235
106.8151,-23.35932,5.100116,18.09337,0,0,0,-23.50225,4.958672,18.11235
106.8223,-23.35916,5.099743,18.09499,0,0,0,-23.50225,4.958672,18.11235
106.8306,-23.35916,5.099743,18.09499,0,0,0,-23.50225,4.958672,18.11235
106.8376,-23.35916,5.099743,18.09499,0,0,0,-23.50225,4.958672,18.11235
106.8448,-23.35751,5.099698,18.09482,0,0,0,-23.50225,4.958672,18.11235
106.8533,-23.35751,5.099698,18.09482,0,0,0,-23.50225,4.958672,18.11235
106.8604,-23.35751,5.099698,18.09482,0,0,0,-23.50225,4.958672,18.11235
106.871,-23.35751,5.099698,18.09482,0,0,0,-23.50225,4.958672,18.11235
106.8807,-23.35916,5.099743,18.09499,0,0,0,-23.50225,4.958672,18.11235
106.8891,-23.35916,5.099743,18.09499,0,0,0,-23.50225,4.958672,18.11235
106.8979,-23.35916,5.099743,18.09499,0,0,0,-23.50225,4.958672,18.11235
106.9055,-23.35756,5.099306,18.09423,0,0,0,-23.50225,4.958672,18.11235
106.9146,-23.35756,5.099306,18.09423,0,0,0,-23.50225,4.958672,18.11235
106.9219,-23.35922,5.099351,18.0944,0,0,0,-23.50225,4.958672,18.11235
106.9303,-23.35922,5.099351,18.0944,0,0,0,-23.50225,4.958672,18.11235
106.9379,-23.35922,5.099351,18.0944,0,0,0,-23.50225,4.958672,18.11235
106.9464,-23.35756,5.099306,18.09423,0,0,0,-23.50225,4.958672,18.11235
106.956,-23.35756,5.099306,18.09423,0,0,0,-23.50225,4.958672,18.11235
106.966,-23.35922,5.099351,18.0944,0,0,0,-23.50225,4.958672,18.11235
106.9772,-23.35922,5.099351,18.0944,0,0,0,-23.50225,4.958672,18.11235
106.9852,-23.35922,5.099351,18.0944,0,0,0,-23.50225,4.958672,18.11235
106.9937,-23.35922,5.099351,18.0944,0,0,0,-23.50225,4.958672,18.11235
107.0012,-23.35756,5.099306,18.09423,0,0,0,-23.50225,4.958672,18.11235
107.0102,-23.35756,5.099306,18.09423,0,0,0,-23.50225,4.958672,18.11235
107.0185,-23.35756,5.099306,18.09423,0,0,0,-23.50225,4.958672,18.11235
107.0263,-23.35756,5.099306,18.09423,0,0,0,-23.50225,4.958672,18.11235
107.0359,-23.35756,5.099306,18.09423,0,0,0,-23.50225,4.958672,18.11235
107.0432,-23.3574,5.098935,18.09585,0,0,0,-23.50225,4.958672,18.11235
107.0526,-23.3574,5.098935,18.09585,0,0,0,-23.50225,4.958672,18.11235
107.0601,-23.3574,5.098935,18.09585,0,0,0,-23.50225,4.958672,18.11235
107.0688,-23.3574,5.098935,18.09585,0,0,0,-23.50225,4.958672,18.11235
107.0759,-23.3574,5.098935,18.09585,0,0,0,-23.50225,4.958672,18.11235
107.0842,-23.35906,5.09898,18.09602,0,0,0,-23.50225,4.958672,18.11235
107.093,-23.35906,5.09898,18.09602,0,0,0,-23.50225,4.958672,18.11235
107.1069,-23.3574,5.098935,18.09585,0,0,0,-23.50225,4.958672,18.11235
107.1153,-23.3574,5.098935,18.09585,0,0,0,-23.50225,4.958672,18.11235
107.1225,-23.3574,5.098935,18.09585,0,0,0,-23.50225,4.958672,18.11235
107.1308,-23.3574,5.098935,18.09585,0,0,0,-23.50225,4.958672,18.11235
107.1381,-23.3574,5.098935,18.09585,0,0,0,-23.50225,4.958672,18.11235
107.1454,-23.3574,5.098935,18.09585,0,0,0,-23.50225,4.958672,18.11235
107.1567,-23.3574,5.098935,18.09585,0,0,0,-23.50225,4.958672,18.11235
107.1653,-23.3574,5.098935,18.09585,0,0,0,-23.50225,4.958672,18.11235
107.1738,-23.3574,5.098935,18.09585,0,0,0,-23.50225,4.958672,18.11235
107.1818,-23.35575,5.098892,18.09567,0,0,0,-23.50225,4.958672,18.11235
107.1905,-23.35575,5.098892,18.09567,0,0,0,-23.50225,4.958672,18.11235
107.1984,-23.35575,5.098892,18.09567,0,0,0,-23.50225,4.958672,18.11235
107.207,-23.3574,5.098935,18.09585,0,0,0,-23.50225,4.958672,18.11235
107.2179,-23.3574,5.098935,18.09585,0,0,0,-23.50225,4.958672,18.11235
107.2271,-23.35575,5.098892,18.09567,0,0,0,-23.50225,4.958672,18.11235
107.2385,-23.35575,5.098892,18.09567,0,0,0,-23.50225,4.958672,18.11235
107.2484,-23.35575,5.098892,18.09567,0,0,0,-23.50225,4.958672,18.11235
107.2615,-23.35575,5.098892,18.09567,0,0,0,-23.50225,4.958672,18.11235
107.2712,-23.35575,5.098892,18.09567,0,0,0,-23.50225,4.958672,18.11235
107.2798,-23.35575,5.098892,18.09567,0,0,0,-23.50225,4.958672,18.11235
107.2892,-23.35575,5.098892,18.09567,0,0,0,-23.50225,4.958672,18.11235
107.2984,-23.35575,5.098892,18.09567,0,0,0,-23.50225,4.958672,18.11235
107.3098,-23.35575,5.098892,18.09567,0,0,0,-23.50225,4.958672,18.11235
107.3211,-23.35559,5.098523,18.09729,0,0,0,-23.50225,4.958672,18.11235
107.33,-23.35559,5.098523,18.09729,0,0,0,-23.50225,4.958672,18.11235
107.3388,-23.35559,5.098523,18.09729,0,0,0,-23.50225,4.958672,18.11235
107.3469,-23.35543,5.098155,18.09892,0,0,0,-23.50225,4.958672,18.11235
107.3553,-23.35543,5.098155,18.09892,0,0,0,-23.50225,4.958672,18.11235
107.3634,-23.35527,5.097792,18.10054,0,0,0,-23.50225,4.958672,18.11235
107.3715,-23.35527,5.097792,18.10054,0,0,0,-23.50225,4.958672,18.11235
107.3793,-23.35527,5.097792,18.10054,0,0,0,-23.50225,4.958672,18.11235
107.3868,-23.35543,5.098156,18.09892,0,0,0,-23.50225,4.958672,18.11235
107.3955,-23.35543,5.098156,18.09892,0,0,0,-23.50225,4.958672,18.11235
107.4026,-23.35527,5.097792,18.10054,0,0,0,-23.50225,4.958672,18.11235
107.4111,-23.35527,5.097792,18.10054,0,0,0,-23.50225,4.958672,18.11235
107.4186,-23.35527,5.097792,18.10054,0,0,0,-23.50225,4.958672,18.11235
107.426,-23.35361,5.097752,18.10036,0,0,0,-23.50225,4.958672,18.11235
107.4346,-23.35361,5.097752,18.10036,0,0,0,-23.50225,4.958672,18.11235
107.4424,-23.35527,5.097793,18.10054,0,0,0,-23.50225,4.958672,18.11235
107.4526,-23.35527,5.097793,18.10054,0,0,0,-23.50225,4.958672,18.11235
107.4613,-23.35527,5.097793,18.10054,0,0,0,-23.50225,4.958672,18.11235
107.4706,-23.35527,5.097793,18.10054,0,0,0,-23.50225,4.958672,18.11235
107.4781,-23.35527,5.097793,18.10054,0,0,0,-23.50225,4.958672,18.11235
107.4863,-23.35361,5.097752,18.10036,0,0,0,-23.50225,4.958672,18.11235
107.4953,-23.35361,5.097752,18.10036,0,0,0,-23.50225,4.958672,18.11235
107.5042,-23.35361,5.097752,18.10036,0,0,0,-23.50225,4.958672,18.11235
107.5137,-23.35361,5.097752,18.10036,0,0,0,-23.50225,4.958672,18.11235
107.5212,-23.35539,5.097835,18.09932,0,0,0,-23.50225,4.958672,18.11235
107.5299,-23.35539,5.097835,18.09932,0,0,0,-23.50225,4.958672,18.11235
107.5371,-23.35539,5.097835,18.09932,0,0,0,-23.50225,4.958672,18.11235
107.5445,-23.35357,5.09743,18.10077,0,0,0,-23.50225,4.958672,18.11235
107.5535,-23.35357,5.09743,18.10077,0,0,0,-23.50225,4.958672,18.11235
107.5611,-23.35353,5.097108,18.10117,0,0,0,-23.50225,4.958672,18.11235
107.5707,-23.35353,5.097108,18.10117,0,0,0,-23.50225,4.958672,18.11235
107.5818,-23.35375,5.097079,18.09896,0,0,0,-23.50225,4.958672,18.11235
107.5905,-23.35375,5.097079,18.09896,0,0,0,-23.50225,4.958672,18.11235
107.5985,-23.35375,5.097079,18.09896,0,0,0,-23.50225,4.958672,18.11235
107.6059,-23.352,5.096281,18.09982,0,0,0,-23.36083,4.947413,18.06584
107.6154,-23.352,5.096281,18.09982,0,0,0,-23.36083,4.947413,18.06584
107.6227,-23.34978,5.096609,18.09796,0,0,0,-23.36083,4.947413,18.06584
107.6315,-23.34978,5.096609,18.09796,0,0,0,-23.36083,4.947413,18.06584
107.6389,-23.34978,5.096609,18.09796,0,0,0,-23.36083,4.947413,18.06584
107.6468,-23.34962,5.096244,18.09958,0,0,0,-23.36083,4.947413,18.06584
107.655,-23.34962,5.096244,18.09958,0,0,0,-23.36083,4.947413,18.06584
107.6624,-23.34813,5.096575,18.09779,0,0,0,-23.36083,4.947413,18.06584
107.6712,-23.34813,5.096575,18.09779,0,0,0,-23.36083,4.947413,18.06584
107.6794,-23.34813,5.096575,18.09779,0,0,0,-23.36083,4.947413,18.06584
107.6868,-23.34995,5.096977,18.09634,0,0,0,-23.36083,4.947413,18.06584
107.6955,-23.34995,5.096977,18.09634,0,0,0,-23.36083,4.947413,18.06584
107.7029,-23.34846,5.097313,18.09455,0,0,0,-23.36083,4.947413,18.06584
107.712,-23.34846,5.097313,18.09455,0,0,0,-23.36083,4.947413,18.06584
107.7195,-23.34846,5.097313,18.09455,0,0,0,-23.36083,4.947413,18.06584
107.7268,-23.34933,5.097685,18.09299,0,0,0,-23.36083,4.947413,18.06584
107.7353,-23.34933,5.097685,18.09299,0,0,0,-23.36083,4.947413,18.06584
107.7431,-23.34944,5.098451,18.09196,0,0,0,-23.36083,4.947413,18.06584
107.7527,-23.34944,5.098451,18.09196,0,0,0,-23.36083,4.947413,18.06584
107.7599,-23.34944,5.098451,18.09196,0,0,0,-23.36083,4.947413,18.06584
107.7676,-23.35119,5.099251,18.0911,0,0,0,-23.36083,4.947413,18.06584
107.776,-23.35119,5.099251,18.0911,0,0,0,-23.36083,4.947413,18.06584
107.7833,-23.3497,5.099594,18.08931,0,0,0,-23.36083,4.947413,18.06584
107.7915,-23.3497,5.099594,18.08931,0,0,0,-23.36083,4.947413,18.06584
107.7994,-23.3497,5.099594,18.08931,0,0,0,-23.36083,4.947413,18.06584
107.8093,-23.35151,5.100007,18.08786,0,0,0,-23.36083,4.947413,18.06584
107.819,-23.35151,5.100007,18.08786,0,0,0,-23.36083,4.947413,18.06584
107.8261,-23.35002,5.100353,18.08607,0,0,0,-23.36083,4.947413,18.06584
107.837,-23.35002,5.100353,18.08607,0,0,0,-23.36083,4.947413,18.06584
107.8459,-23.35002,5.100353,18.08607,0,0,0,-23.36083,4.947413,18.06584
107.8552,-23.35002,5.100353,18.08607,0,0,0,-23.36083,4.947413,18.06584
107.8635,-23.35018,5.100737,18.08446,0,0,0,-23.36083,4.947413,18.06584
107.8719,-23.35018,5.100737,18.08446,0,0,0,-23.36083,4.947413,18.06584
107.8795,-23.35018,5.100737,18.08446,0,0,0,-23.36083,4.947413,18.06584
107.8866,-23.35034,5.101121,18.08284,0,0,0,-23.36083,4.947413,18.06584
107.8954,-23.35034,5.101121,18.08284,0,0,0,-23.36083,4.947413,18.06584
107.9028,-23.35034,5.101122,18.08284,0,0,0,-23.36083,4.947413,18.06584
107.9123,-23.35034,5.101122,18.08284,0,0,0,-23.36083,4.947413,18.06584
107.923,-23.3505,5.10151,18.08123,0,0,0,-23.36083,4.947413,18.06584
107.9321,-23.3505,5.10151,18.08123,0,0,0,-23.36083,4.947413,18.06584
107.9394,-23.3505,5.10151,18.08123,0,0,0,-23.36083,4.947413,18.06584
107.9467,-23.35066,5.101899,18.07961,0,0,0,-23.36083,4.947413,18.06584
107.9547,-23.35066,5.101899,18.07961,0,0,0,-23.36083,4.947413,18.06584
107.9632,-23.35066,5.101899,18.07961,0,0,0,-23.36083,4.947413,18.06584
107.9728,-23.35066,5.101899,18.07961,0,0,0,-23.36083,4.947413,18.06584
107.9801,-23.34917,5.102258,18.07782,0,0,0,-23.36083,4.947413,18.06584
107.9898,-23.34917,5.102258,18.07782,0,0,0,-23.36083,4.947413,18.06584
107.9973,-23.34917,5.102258,18.07782,0,0,0,-23.36083,4.947413,18.06584
108.0044,-23.35082,5.102289,18.078,0,0,0,-23.36083,4.947413,18.06584
108.0155,-23.35082,5.102289,18.078,0,0,0,-23.36083,4.947413,18.06584
108.0232,-23.35248,5.102324,18.07817,0,0,0,-23.36083,4.947413,18.06584
108.032,-23.35248,5.102324,18.07817,0,0,0,-23.36083,4.947413,18.06584
108.0392,-23.35248,5.102324,18.07817,0,0,0,-23.36083,4.947413,18.06584
108.0464,-23.35082,5.102291,18.078,0,0,0,-23.36083,4.947413,18.06584
108.0557,-23.35082,5.102291,18.078,0,0,0,-23.36083,4.947413,18.06584
108.0643,-23.35082,5.102289,18.078,0,0,0,-23.36083,4.947413,18.06584
108.0755,-23.35082,5.102289,18.078,0,0,0,-23.36083,4.947413,18.06584
108.0866,-23.35082,5.102289,18.078,0,0,0,-23.36083,4.947413,18.06584
108.0975,-23.35082,5.102289,18.078,0,0,0,-23.36083,4.947413,18.06584
108.1071,-23.35061,5.102285,18.0802,0,0,0,-23.36083,4.947413,18.06584
108.1191,-23.35061,5.102285,18.0802,0,0,0,-23.36083,4.947413,18.06584
108.1291,-23.34989,5.102286,18.08013,0,0,0,-23.36083,4.947413,18.06584
108.1434,-23.34808,5.101863,18.08158,0,0,0,-23.36083,4.947413,18.06584
108.1527,-23.34808,5.101863,18.08158,0,0,0,-23.36083,4.947413,18.06584
108.1601,-23.34941,5.101126,18.08498,0,0,0,-23.36083,4.947413,18.06584
108.1716,-23.34941,5.101126,18.08498,0,0,0,-23.36083,4.947413,18.06584
108.1815,-23.34908,5.100362,18.08821,0,0,0,-23.36083,4.947413,18.06584
108.1904,-23.34908,5.100362,18.08821,0,0,0,-23.36083,4.947413,18.06584
108.1978,-23.34908,5.100362,18.08821,0,0,0,-23.36083,4.947413,18.06584
108.2059,-23.34678,5.098829,18.09452,0,0,0,-23.36083,4.947413,18.06584
108.2145,-23.34678,5.098829,18.09452,0,0,0,-23.36083,4.947413,18.06584
108.2219,-23.34811,5.098123,18.09793,0,0,0,-23.36083,4.947413,18.06584
108.2309,-23.34811,5.098123,18.09793,0,0,0,-23.36083,4.947413,18.06584
108.2393,-23.34811,5.098123,18.09793,0,0,0,-23.36083,4.947413,18.06584
108.2472,-23.3469,5.097033,18.10273,0,0,0,-23.36083,4.947413,18.06584
108.2576,-23.3469,5.097033,18.10273,0,0,0,-23.36083,4.947413,18.06584
108.2653,-23.34348,5.096282,18.10567,0,0,0,-23.36083,4.947413,18.06584
108.2737,-23.34348,5.096282,18.10567,0,0,0,-23.36083,4.947413,18.06584
108.283,-23.34154,5.095222,18.11041,0,0,0,-23.36083,4.947413,18.06584
108.2915,-23.34154,5.095222,18.11041,0,0,0,-23.36083,4.947413,18.06584
108.2991,-23.34154,5.095222,18.11041,0,0,0,-23.36083,4.947413,18.06584
108.3073,-23.33479,5.09444,18.113,0,0,0,-23.36083,4.947413,18.06584
108.316,-23.33479,5.09444,18.113,0,0,0,-23.36083,4.947413,18.06584
108.3262,-23.33041,5.093706,18.11582,0,0,0,-23.36083,4.947413,18.06584
108.335,-23.33041,5.093706,18.11582,0,0,0,-23.36083,4.947413,18.06584
108.3431,-23.32637,5.093669,18.1154,0,0,0,-23.36083,4.947413,18.06584
108.354,-23.32637,5.093669,18.1154,0,0,0,-23.36083,4.947413,18.06584
108.3651,-23.32306,5.09364,18.11504,0,0,0,-23.36083,4.947413,18.06584
108.3739,-23.32306,5.09364,18.11504,0,0,0,-23.36083,4.947413,18.06584
108.3814,-23.32051,5.093288,18.11642,0,0,0,-23.36083,4.947413,18.06584
108.39,-23.32051,5.093288,18.11642,0,0,0,-23.36083,4.947413,18.06584
108.399,-23.32051,5.093288,18.11642,0,0,0,-23.36083,4.947413,18.06584
108.4072,-23.31481,5.093266,18.11581,0,0,0,-23.36083,4.947413,18.06584
108.4156,-23.31481,5.093266,18.11581,0,0,0,-23.36083,4.947413,18.06584
108.4226,-23.31243,5.093263,18.11556,0,0,0,-23.36083,4.947413,18.06584
108.4313,-23.31243,5.093263,18.11556,0,0,0,-23.36083,4.947413,18.06584
108.4386,-23.31243,5.093263,18.11556,0,0,0,-23.36083,4.947413,18.06584
108.4461,-23.30912,5.093264,18.11521,0,0,0,-23.36083,4.947413,18.06584
108.4554,-23.30912,5.093264,18.11521,0,0,0,-23.36083,4.947413,18.06584
108.4697,-23.30674,5.093266,18.11495,0,0,0,-23.36083,4.947413,18.06584
108.4781,-23.30674,5.093266,18.11495,0,0,0,-23.36083,4.947413,18.06584
108.4856,-23.30526,5.093614,18.11315,0,0,0,-23.36083,4.947413,18.06584
108.4949,-23.30526,5.093614,18.11315,0,0,0,-23.36083,4.947413,18.06584
108.5027,-23.30526,5.093614,18.11315,0,0,0,-23.36083,4.947413,18.06584
108.5117,-23.30526,5.093614,18.11315,0,0,0,-23.36083,4.947413,18.06584
108.5198,-23.30526,5.093614,18.11315,0,0,0,-23.36083,4.947413,18.06584
108.528,-23.30215,5.093621,18.11281,0,0,0,-23.36083,4.947413,18.06584
108.5364,-23.30215,5.093621,18.11281,0,0,0,-23.36083,4.947413,18.06584
108.5436,-23.30067,5.093972,18.11101,0,0,0,-23.36083,4.947413,18.06584
108.5523,-23.30067,5.093972,18.11101,0,0,0,-23.36083,4.947413,18.06584
108.5615,-23.30013,5.094318,18.1093,0,0,0,-23.36083,4.947413,18.06584
108.5701,-23.30013,5.094318,18.1093,0,0,0,-23.36083,4.947413,18.06584
108.5782,-23.30013,5.094318,18.1093,0,0,0,-23.36083,4.947413,18.06584
108.5877,-23.29648,5.094677,18.10725,0,0,0,-23.36083,4.947413,18.06584
108.5959,-23.29648,5.094677,18.10725,0,0,0,-23.36083,4.947413,18.06584
108.6032,-23.29669,5.094666,18.10727,0,0,0,-23.36083,4.947413,18.06584
108.612,-23.29669,5.094666,18.10727,0,0,0,-23.36083,4.947413,18.06584
108.6217,-23.29358,5.094677,18.10691,0,0,0,-23.36083,4.947413,18.06584
108.6302,-23.29358,5.094677,18.10691,0,0,0,-23.36083,4.947413,18.06584
108.6383,-23.29358,5.094677,18.10691,0,0,0,-23.36083,4.947413,18.06584
108.6465,-23.2907,5.094678,18.10658,0,0,0,-23.36083,4.947413,18.06584
108.6553,-23.2907,5.094678,18.10658,0,0,0,-23.36083,4.947413,18.06584
108.6629,-23.28834,5.094331,18.10794,0,0,0,-23.36083,4.947413,18.06584
108.6714,-23.28834,5.094331,18.10794,0,0,0,-23.36083,4.947413,18.06584
108.6784,-23.28834,5.094331,18.10794,0,0,0,-23.36083,4.947413,18.06584
108.6855,-23.28617,5.09433,18.10767,0,0,0,-23.36083,4.947413,18.06584
108.6939,-23.28617,5.09433,18.10767,0,0,0,-23.36083,4.947413,18.06584
108.7028,-23.284,5.09433,18.10741,0,0,0,-23.36083,4.947413,18.06584
108.712,-23.284,5.09433,18.10741,0,0,0,-23.36083,4.947413,18.06584
108.7191,-23.284,5.09433,18.10741,0,0,0,-23.36083,4.947413,18.06584
108.7264,-23.27967,5.094331,18.10687,0,0,0,-23.36083,4.947413,18.06584
108.738,-23.27967,5.094331,18.10687,0,0,0,-23.36083,4.947413,18.06584
108.7477,-23.27533,5.09433,18.10633,0,0,0,-23.36083,4.947413,18.06584
108.7559,-23.27533,5.09433,18.10633,0,0,0,-23.36083,4.947413,18.06584
108.763,-23.27172,5.094331,18.10586,0,0,0,-23.36083,4.947413,18.06584
108.7716,-23.27172,5.094331,18.10586,0,0,0,-23.36083,4.947413,18.06584
108.7814,-23.26739,5.09433,18.10529,0,0,0,-23.36083,4.947413,18.06584
108.7895,-23.26739,5.09433,18.10529,0,0,0,-23.36083,4.947413,18.06584
108.7968,-23.26739,5.09433,18.10529,0,0,0,-23.36083,4.947413,18.06584
108.8047,-23.26238,5.094652,18.10422,0,0,0,-23.36083,4.947413,18.06584
108.8155,-23.26238,5.094652,18.10422,0,0,0,-23.36083,4.947413,18.06584
108.8232,-23.25899,5.094998,18.1021,0,0,0,-23.36083,4.947413,18.06584
108.832,-23.25899,5.094998,18.1021,0,0,0,-23.36083,4.947413,18.06584
108.8397,-23.25899,5.094998,18.1021,0,0,0,-23.36083,4.947413,18.06584
108.8478,-23.25394,5.094997,18.1014,0,0,0,-23.36083,4.947413,18.06584
108.8561,-23.25394,5.094997,18.1014,0,0,0,-23.36083,4.947413,18.06584
108.8636,-23.25106,5.094997,18.101,0,0,0,-23.36083,4.947413,18.06584
108.8717,-23.25106,5.094997,18.101,0,0,0,-23.36083,4.947413,18.06584
108.8796,-23.25106,5.094997,18.101,0,0,0,-23.36083,4.947413,18.06584
108.8875,-23.24613,5.09564,18.09947,0,0,0,-23.36083,4.947413,18.06584
108.8984,-23.24613,5.09564,18.09947,0,0,0,-23.36083,4.947413,18.06584
108.9064,-23.24337,5.096283,18.09825,0,0,0,-23.36083,4.947413,18.06584
108.9144,-23.24337,5.096283,18.09825,0,0,0,-23.36083,4.947413,18.06584
108.9216,-23.24055,5.096603,18.09743,0,0,0,-23.36083,4.947413,18.06584
108.9319,-23.24055,5.096603,18.09743,0,0,0,-23.36083,4.947413,18.06584
108.9396,-23.24055,5.096603,18.09743,0,0,0,-23.36083,4.947413,18.06584
108.9477,-23.23549,5.097324,18.09686,0,0,0,-23.36083,4.947413,18.06584
108.9567,-23.23549,5.097324,18.09686,0,0,0,-23.36083,4.947413,18.06584
108.9648,-23.23424,5.098034,18.09685,0,0,0,-23.36083,4.947413,18.06584
108.9737,-23.23424,5.098034,18.09685,0,0,0,-23.36083,4.947413,18.06584
108.9841,-23.23301,5.098024,18.09665,0,0,0,-23.36083,4.947413,18.06584
108.9931,-23.23301,5.098024,18.09665,0,0,0,-23.36083,4.947413,18.06584
109.0006,-23.23223,5.098393,18.09836,0,0,0,-23.36083,4.947413,18.06584
109.0096,-23.23223,5.098393,18.09836,0,0,0,-23.36083,4.947413,18.06584
109.0194,-23.23223,5.098393,18.09836,0,0,0,-23.36083,4.947413,18.06584
109.0275,-23.23059,5.099053,18.09605,0,0,0,-23.36083,4.947413,18.06584
109.0368,-23.23059,5.099053,18.09605,0,0,0,-23.36083,4.947413,18.06584
109.0467,-23.23086,5.099369,18.09568,0,0,0,-23.36083,4.947413,18.06584
109.0573,-23.23086,5.099369,18.09568,0,0,0,-23.36083,4.947413,18.06584
109.0662,-23.22876,5.099689,18.09494,0,0,0,-23.36083,4.947413,18.06584
109.0747,-23.22876,5.099689,18.09494,0,0,0,-23.36083,4.947413,18.06584
109.0821,-23.22969,5.099688,18.09509,0,0,0,-23.36083,4.947413,18.06584
109.0908,-23.22969,5.099688,18.09509,0,0,0,-23.36083,4.947413,18.06584
109.0983,-23.22969,5.099688,18.09509,0,0,0,-23.36083,4.947413,18.06584
109.1084,-23.23093,5.100354,18.09321,0,0,0,-23.36083,4.947413,18.06584
109.1171,-23.23093,5.100354,18.09321,0,0,0,-23.36083,4.947413,18.06584
109.1247,-23.23025,5.101394,18.09289,0,0,0,-23.36083,4.947413,18.06584
109.1329,-23.23025,5.101394,18.09289,0,0,0,-23.36083,4.947413,18.06584
109.1406,-23.23094,5.103051,18.08846,0,0,0,-23.36083,4.947413,18.06584
109.1499,-23.23094,5.103051,18.08846,0,0,0,-23.36083,4.947413,18.06584
109.1571,-23.23094,5.103051,18.08846,0,0,0,-23.36083,4.947413,18.06584
109.1647,-23.23662,5.105048,18.08439,0,0,0,-23.36083,4.947413,18.06584
109.1743,-23.23662,5.105048,18.08439,0,0,0,-23.36083,4.947413,18.06584
109.1826,-23.23889,5.106409,18.08062,0,0,0,-23.36083,4.947413,18.06584
109.1927,-23.23889,5.106409,18.08062,0,0,0,-23.36083,4.947413,18.06584
109.2017,-23.24249,5.107113,18.07913,0,0,0,-23.36083,4.947413,18.06584
109.2107,-23.24249,5.107113,18.07913,0,0,0,-23.36083,4.947413,18.06584
109.2186,-23.24249,5.107113,18.07913,0,0,0,-23.36083,4.947413,18.06584
109.229,-23.25132,5.108576,18.07639,0,0,0,-23.36083,4.947413,18.06584
109.2403,-23.25225,5.108602,18.07655,0,0,0,-23.36083,4.947413,18.06584
109.2531,-23.25225,5.108602,18.07655,0,0,0,-23.36083,4.947413,18.06584
109.2615,-23.25614,5.109694,18.07471,0,0,0,-23.36083,4.947413,18.06584
109.2712,-23.25614,5.109694,18.07471,0,0,0,-23.36083,4.947413,18.06584
109.2794,-23.25614,5.109694,18.07471,0,0,0,-23.36083,4.947413,18.06584
109.2874,-23.25772,5.10927,18.07687,0,0,0,-23.36083,4.947413,18.06584
109.3009,-23.25689,5.10954,18.07758,0,0,0,-23.36083,4.947413,18.06584
109.3109,-23.25689,5.10954,18.07758,0,0,0,-23.36083,4.947413,18.06584
109.3193,-23.25689,5.10954,18.07758,0,0,0,-23.36083,4.947413,18.06584
109.3295,-23.25797,5.10937,18.07825,0,0,0,-23.36083,4.947413,18.06584
109.3401,-23.25742,5.10929,18.07717,0,0,0,-23.36083,4.947413,18.06584
109.35,-23.25742,5.10929,18.07717,0,0,0,-23.36083,4.947413,18.06584
109.358,-23.25742,5.10929,18.07717,0,0,0,-23.36083,4.947413,18.06584
109.3657,-23.25567,5.108606,18.07453,0,0,0,-23.36083,4.947413,18.06584
109.3743,-23.25567,5.108606,18.07453,0,0,0,-23.36083,4.947413,18.06584
109.382,-23.25518,5.108002,18.07308,0,0,0,-23.36083,4.947413,18.06584
109.3907,-23.25518,5.108002,18.07308,0,0,0,-23.36083,4.947413,18.06584
109.398,-23.25518,5.108002,18.07308,0,0,0,-23.36083,4.947413,18.06584
109.4062,-23.25203,5.108344,18.06873,0,0,0,-23.36083,4.947413,18.06584
109.4151,-23.25203,5.108344,18.06873,0,0,0,-23.36083,4.947413,18.06584
109.4225,-23.25164,5.107342,18.06668,0,0,0,-23.36083,4.947413,18.06584
109.4307,-23.25164,5.107342,18.06668,0,0,0,-23.36083,4.947413,18.06584
109.4377,-23.25164,5.107342,18.06668,0,0,0,-23.36083,4.947413,18.06584
109.4455,-23.25352,5.1076,18.06109,0,0,0,-23.36083,4.947413,18.06584
109.4549,-23.25352,5.1076,18.06109,0,0,0,-23.36083,4.947413,18.06584
109.4626,-23.25283,5.107586,18.05651,0,0,0,-23.36083,4.947413,18.06584
109.471,-23.25283,5.107586,18.05651,0,0,0,-23.36083,4.947413,18.06584
109.4785,-23.25283,5.107586,18.05651,0,0,0,-23.36083,4.947413,18.06584
109.4858,-23.25234,5.106789,18.05075,0,0,0,-23.36083,4.947413,18.06584
109.4949,-23.25234,5.106789,18.05075,0,0,0,-23.36083,4.947413,18.06584
109.5022,-23.25231,5.10628,18.04815,0,0,0,-23.36083,4.947413,18.06584
109.5107,-23.25231,5.10628,18.04815,0,0,0,-23.36083,4.947413,18.06584
109.5193,-23.25231,5.10628,18.04815,0,0,0,-23.36083,4.947413,18.06584
109.5293,-23.25245,5.105694,18.04455,0,0,0,-23.36083,4.947413,18.06584
109.5384,-23.25245,5.105694,18.04455,0,0,0,-23.36083,4.947413,18.06584
109.5503,-23.25103,5.105544,18.04455,0,0,0,-23.36083,4.947413,18.06584
109.5595,-23.25103,5.105544,18.04455,0,0,0,-23.36083,4.947413,18.06584
109.5691,-23.25241,5.105891,18.04213,0,0,0,-23.36083,4.947413,18.06584
109.5789,-23.25241,5.105891,18.04213,0,0,0,-23.36083,4.947413,18.06584
109.5865,-23.25405,5.105939,18.04242,0,0,0,-23.36083,4.947413,18.06584
109.5972,-23.25405,5.105939,18.04242,0,0,0,-23.36083,4.947413,18.06584
109.6051,-23.25568,5.105991,18.0427,0,0,0,-23.36083,4.947413,18.06584
109.6165,-23.25568,5.105991,18.0427,0,0,0,-23.36083,4.947413,18.06584
109.6243,-23.25732,5.106043,18.04299,0,0,0,-23.36083,4.947413,18.06584
109.637,-23.25732,5.106043,18.04299,0,0,0,-23.36083,4.947413,18.06584
109.6456,-23.25742,5.105656,18.0424,0,0,0,-23.36083,4.947413,18.06584
109.6549,-23.25742,5.105656,18.0424,0,0,0,-23.36083,4.947413,18.06584
109.6649,-23.25906,5.105711,18.04268,0,0,0,-23.36083,4.947413,18.06584
109.677,-23.25906,5.105711,18.04268,0,0,0,-23.36083,4.947413,18.06584
109.6853,-23.26022,5.105319,18.04,0,0,0,-23.36083,4.947413,18.06584
109.6945,-23.26022,5.105319,18.04,0,0,0,-23.36083,4.947413,18.06584
109.7051,-23.26222,5.105374,18.0381,0,0,0,-23.36083,4.947413,18.06584
109.7138,-23.26222,5.105374,18.0381,0,0,0,-23.36083,4.947413,18.06584
109.7215,-23.26052,5.105007,18.03822,0,0,0,-23.36083,4.947413,18.06584
109.7305,-23.26052,5.105007,18.03822,0,0,0,-23.36083,4.947413,18.06584
109.738,-23.26052,5.105007,18.03822,0,0,0,-23.36083,4.947413,18.06584
109.7461,-23.26242,5.105453,18.03691,0,0,0,-23.36083,4.947413,18.06584
109.7546,-23.26242,5.105453,18.03691,0,0,0,-23.36083,4.947413,18.06584
109.764,-23.26235,5.105144,18.03731,0,0,0,-23.36083,4.947413,18.06584
109.7731,-23.26235,5.105144,18.03731,0,0,0,-23.36083,4.947413,18.06584
109.781,-23.26071,5.105086,18.03703,0,0,0,-23.36083,4.947413,18.06584
109.7894,-23.26071,5.105086,18.03703,0,0,0,-23.36083,4.947413,18.06584
109.7971,-23.26071,5.105086,18.03703,0,0,0,-23.36083,4.947413,18.06584
109.8048,-23.26064,5.104777,18.03743,0,0,0,-23.36083,4.947413,18.06584
109.8136,-23.26064,5.104777,18.03743,0,0,0,-23.36083,4.947413,18.06584
109.8219,-23.26159,5.104835,18.03762,0,0,0,-23.36083,4.947413,18.06584
109.8327,-23.26159,5.104835,18.03762,0,0,0,-23.36083,4.947413,18.06584
109.8398,-23.26159,5.104835,18.03762,0,0,0,-23.36083,4.947413,18.06584
109.8478,-23.25945,5.104857,18.03605,0,0,0,-23.36083,4.947413,18.06584
109.8562,-23.25945,5.104857,18.03605,0,0,0,-23.36083,4.947413,18.06584
109.8642,-23.25739,5.105193,18.03406,0,0,0,-23.36083,4.947413,18.06584
109.8734,-23.25739,5.105193,18.03406,0,0,0,-23.36083,4.947413,18.06584
109.8812,-23.25716,5.105673,18.03117,0,0,0,-23.36083,4.947413,18.06584
109.8909,-23.25716,5.105673,18.03117,0,0,0,-23.36083,4.947413,18.06584
109.8993,-23.25716,5.105673,18.03117,0,0,0,-23.36083,4.947413,18.06584
109.9066,-23.25599,5.106108,18.02809,0,0,0,-23.36083,4.947413,18.06584
109.9154,-23.25599,5.106108,18.02809,0,0,0,-23.36083,4.947413,18.06584
109.923,-23.25626,5.10651,18.02649,0,0,0,-23.36083,4.947413,18.06584
109.9336,-23.25626,5.10651,18.02649,0,0,0,-23.36083,4.947413,18.06584
109.9428,-23.25482,5.106553,18.02501,0,0,0,-23.36083,4.947413,18.06584
109.954,-23.25482,5.106553,18.02501,0,0,0,-23.36083,4.947413,18.06584
109.965,-23.25154,5.106457,18.02444,0,0,0,-23.36083,4.947413,18.06584
109.9791,-23.25154,5.106457,18.02444,0,0,0,-23.36083,4.947413,18.06584
109.9874,-23.24957,5.105698,18.02616,0,0,0,-23.36083,4.947413,18.06584
109.997,-23.24957,5.105698,18.02616,0,0,0,-23.36083,4.947413,18.06584
110.005,-23.24706,5.104145,18.03108,0,0,0,-23.36083,4.947413,18.06584
110.0144,-23.24706,5.104145,18.03108,0,0,0,-23.36083,4.947413,18.06584
110.0232,-23.24612,5.102343,18.03669,0,0,0,-23.36083,4.947413,18.06584
110.0322,-23.24612,5.102343,18.03669,0,0,0,-23.36083,4.947413,18.06584
110.0399,-23.24612,5.102343,18.03669,0,0,0,-23.36083,4.947413,18.06584
110.0486,-23.24367,5.10114,18.04121,0,0,0,-23.36083,4.947413,18.06584
110.0587,-23.24367,5.10114,18.04121,0,0,0,-23.36083,4.947413,18.06584
110.067,-23.24115,5.099647,18.04614,0,0,0,-23.36083,4.947413,18.06584
110.0771,-23.24115,5.099647,18.04614,0,0,0,-23.36083,4.947413,18.06584
110.0874,-23.24061,5.098894,18.04935,0,0,0,-23.36083,4.947413,18.06584
110.0963,-23.24061,5.098894,18.04935,0,0,0,-23.36083,4.947413,18.06584
110.1063,-23.24027,5.098211,18.05136,0,0,0,-23.36083,4.947413,18.06584
110.1148,-23.24027,5.098211,18.05136,0,0,0,-23.36083,4.947413,18.06584
110.1229,-23.24043,5.097471,18.05467,0,0,0,-23.36083,4.947413,18.06584
110.1314,-23.24043,5.097471,18.05467,0,0,0,-23.36083,4.947413,18.06584
110.1392,-23.24043,5.097471,18.05467,0,0,0,-23.36083,4.947413,18.06584
110.1483,-23.23825,5.096703,18.0576,0,0,0,-23.36083,4.947413,18.06584
110.1571,-23.23825,5.096703,18.0576,0,0,0,-23.36083,4.947413,18.06584
110.1649,-23.23771,5.09598,18.06081,0,0,0,-23.36083,4.947413,18.06584
110.1731,-23.23771,5.09598,18.06081,0,0,0,-23.36083,4.947413,18.06584
110.1808,-23.23881,5.095302,18.06432,0,0,0,-23.36083,4.947413,18.06584
110.1892,-23.23881,5.095302,18.06432,0,0,0,-23.36083,4.947413,18.06584
110.1969,-23.23881,5.095302,18.06432,0,0,0,-23.36083,4.947413,18.06584
110.2048,-23.23898,5.094596,18.06764,0,0,0,-23.36083,4.947413,18.06584
110.2135,-23.23898,5.094596,18.06764,0,0,0,-23.36083,4.947413,18.06584
110.2211,-23.23706,5.094209,18.06897,0,0,0,-23.36083,4.947413,18.06584
110.2298,-23.23706,5.094209,18.06897,0,0,0,-23.36083,4.947413,18.06584
110.2374,-23.23706,5.094209,18.06897,0,0,0,-23.36083,4.947413,18.06584
110.2456,-23.23706,5.094209,18.06897,0,0,0,-23.36083,4.947413,18.06584
110.2581,-23.23706,5.094209,18.06897,0,0,0,-23.36083,4.947413,18.06584
110.2672,-23.2375,5.093861,18.07068,0,0,0,-23.36083,4.947413,18.06584
110.2772,-23.2375,5.093861,18.07068,0,0,0,-23.36083,4.947413,18.06584
110.285,-23.23821,5.093861,18.07079,0,0,0,-23.36083,4.947413,18.06584
110.2942,-23.23821,5.093861,18.07079,0,0,0,-23.36083,4.947413,18.06584
110.3027,-23.24012,5.094246,18.06946,0,0,0,-23.36083,4.947413,18.06584
110.3112,-23.24012,5.094246,18.06946,0,0,0,-23.36083,4.947413,18.06584
110.3187,-23.24012,5.094246,18.06946,0,0,0,-23.36083,4.947413,18.06584
110.3281,-23.24127,5.093897,18.07129,0,0,0,-23.36083,4.947413,18.06584
110.3367,-23.24127,5.093897,18.07129,0,0,0,-23.36083,4.947413,18.06584
110.3471,-23.24171,5.093552,18.073,0,0,0,-23.36083,4.947413,18.06584
110.3554,-23.24171,5.093552,18.073,0,0,0,-23.36083,4.947413,18.06584
110.3631,-23.24077,5.093515,18.07283,0,0,0,-23.36083,4.947413,18.06584
110.3739,-23.24077,5.093515,18.07283,0,0,0,-23.36083,4.947413,18.06584
110.3818,-23.24148,5.093515,18.07294,0,0,0,-23.36083,4.947413,18.06584
110.3909,-23.24148,5.093515,18.07294,0,0,0,-23.36083,4.947413,18.06584
110.3997,-23.24148,5.093515,18.07294,0,0,0,-23.36083,4.947413,18.06584
110.4086,-23.24383,5.093552,18.07332,0,0,0,-23.36083,4.947413,18.06584
110.4195,-23.24383,5.093552,18.07332,0,0,0,-23.36083,4.947413,18.06584
110.4283,-23.24454,5.093552,18.07343,0,0,0,-23.36083,4.947413,18.06584
110.4388,-23.24454,5.093552,18.07343,0,0,0,-23.36083,4.947413,18.06584
110.4473,-23.24592,5.093247,18.07532,0,0,0,-23.36083,4.947413,18.06584
110.4568,-23.24592,5.093247,18.07532,0,0,0,-23.36083,4.947413,18.06584
110.4684,-23.24566,5.092905,18.07693,0,0,0,-23.36083,4.947413,18.06584
110.4782,-23.24566,5.092905,18.07693,0,0,0,-23.36083,4.947413,18.06584
110.4861,-23.2473,5.092946,18.07721,0,0,0,-23.36083,4.947413,18.06584
110.4953,-23.2473,5.092946,18.07721,0,0,0,-23.36083,4.947413,18.06584
110.5034,-23.24703,5.092607,18.07882,0,0,0,-23.36083,4.947413,18.06584
110.5125,-23.24703,5.092607,18.07882,0,0,0,-23.36083,4.947413,18.06584
110.5212,-23.24815,5.091976,18.08232,0,0,0,-23.36083,4.947413,18.06584
110.5315,-23.24815,5.091976,18.08232,0,0,0,-23.36083,4.947413,18.06584
110.5413,-23.24979,5.092021,18.08261,0,0,0,-23.36083,4.947413,18.06584
110.5529,-23.24979,5.092021,18.08261,0,0,0,-23.36083,4.947413,18.06584
110.5618,-23.25117,5.091735,18.0845,0,0,0,-23.36083,4.947413,18.06584
110.5707,-23.25117,5.091735,18.0845,0,0,0,-23.36083,4.947413,18.06584
110.5791,-23.25117,5.091735,18.0845,0,0,0,-23.36083,4.947413,18.06584
110.5875,-23.25281,5.091785,18.08478,0,0,0,-23.36083,4.947413,18.06584
110.5965,-23.25281,5.091785,18.08478,0,0,0,-23.36083,4.947413,18.06584
110.6038,-23.25445,5.091836,18.08506,0,0,0,-23.36083,4.947413,18.06584
110.6124,-23.25445,5.091836,18.08506,0,0,0,-23.36083,4.947413,18.06584
110.6213,-23.2561,5.09189,18.08534,0,0,0,-23.36083,4.947413,18.06584
110.6303,-23.2561,5.09189,18.08534,0,0,0,-23.36083,4.947413,18.06584
110.6375,-23.2561,5.09189,18.08534,0,0,0,-23.36083,4.947413,18.06584
110.6471,-23.2561,5.09189,18.08534,0,0,0,-23.36083,4.947413,18.06584
110.659,-23.2561,5.09189,18.08534,0,0,0,-23.36083,4.947413,18.06584
110.6665,-23.2561,5.09189,18.08534,0,0,0,-23.36083,4.947413,18.06584
110.6752,-23.2561,5.09189,18.08534,0,0,0,-23.36083,4.947413,18.06584
110.6825,-23.25747,5.091614,18.08723,0,0,0,-23.36083,4.947413,18.06584
110.6914,-23.25747,5.091614,18.08723,0,0,0,-23.36083,4.947413,18.06584
110.7018,-23.25747,5.091614,18.08723,0,0,0,-23.36083,4.947413,18.06584
110.7101,-23.25747,5.091614,18.08723,0,0,0,-23.36083,4.947413,18.06584
110.7179,-23.25747,5.091614,18.08723,0,0,0,-23.36083,4.947413,18.06584
110.7253,-23.25774,5.091945,18.08562,0,0,0,-23.36083,4.947413,18.06584
110.7338,-23.25774,5.091945,18.08562,0,0,0,-23.36083,4.947413,18.06584
110.7413,-23.25774,5.091945,18.08562,0,0,0,-23.36083,4.947413,18.06584
110.7499,-23.25774,5.091945,18.08562,0,0,0,-23.36083,4.947413,18.06584
110.7576,-23.25774,5.091945,18.08562,0,0,0,-23.36083,4.947413,18.06584
110.7654,-23.25774,5.091945,18.08562,0,0,0,-23.36083,4.947413,18.06584
110.775,-23.25774,5.091945,18.08562,0,0,0,-23.36083,4.947413,18.06584
110.7822,-23.25774,5.091945,18.08562,0,0,0,-23.36083,4.947413,18.06584
110.7905,-23.25774,5.091945,18.08562,0,0,0,-23.36083,4.947413,18.06584
110.7977,-23.25774,5.091945,18.08562,0,0,0,-23.36083,4.947413,18.06584
110.8049,-23.2561,5.09189,18.08534,0,0,0,-23.36083,4.947413,18.06584
110.8159,-23.2561,5.09189,18.08534,0,0,0,-23.36083,4.947413,18.06584
110.8232,-23.25846,5.091944,18.08572,0,0,0,-23.36083,4.947413,18.06584
110.8317,-23.25846,5.091944,18.08572,0,0,0,-23.36083,4.947413,18.06584
110.839,-23.25846,5.091944,18.08572,0,0,0,-23.36083,4.947413,18.06584
110.8473,-23.25872,5.092278,18.0841,0,0,0,-23.36083,4.947413,18.06584
110.8554,-23.25872,5.092278,18.0841,0,0,0,-23.36083,4.947413,18.06584
110.863,-23.25898,5.092613,18.08249,0,0,0,-23.36083,4.947413,18.06584
110.8715,-23.25898,5.092613,18.08249,0,0,0,-23.36083,4.947413,18.06584
110.8787,-23.25898,5.092613,18.08249,0,0,0,-23.36083,4.947413,18.06584
110.886,-23.25898,5.092613,18.08249,0,0,0,-23.36083,4.947413,18.06584
110.8949,-23.25898,5.092613,18.08249,0,0,0,-23.36083,4.947413,18.06584
110.9037,-23.25787,5.093235,18.07898,0,0,0,-23.36083,4.947413,18.06584
110.9127,-23.25787,5.093235,18.07898,0,0,0,-23.36083,4.947413,18.06584
110.9206,-23.26022,5.093291,18.07936,0,0,0,-23.36083,4.947413,18.06584
110.9296,-23.26022,5.093291,18.07936,0,0,0,-23.36083,4.947413,18.06584
110.9367,-23.26022,5.093291,18.07936,0,0,0,-23.36083,4.947413,18.06584
110.9444,-23.26022,5.093291,18.07936,0,0,0,-23.36083,4.947413,18.06584
110.9531,-23.26022,5.093291,18.07936,0,0,0,-23.36083,4.947413,18.06584
110.9616,-23.26022,5.093291,18.07936,0,0,0,-23.36083,4.947413,18.06584
110.9708,-23.26022,5.093291,18.07936,0,0,0,-23.36083,4.947413,18.06584
110.9785,-23.26022,5.093291,18.07936,0,0,0,-23.36083,4.947413,18.06584
110.9852,-23.26093,5.093291,18.07946,0,0,0,-23.36083,4.947413,18.06584
110.9934,-23.26093,5.093291,18.07946,0,0,0,-23.36083,4.947413,18.06584
111.0014,-23.26093,5.093291,18.07946,0,0,0,-23.36083,4.947413,18.06584
111.012,-23.26093,5.093291,18.07946,0,0,0,-23.36083,4.947413,18.06584
111.0215,-23.25929,5.093235,18.07918,0,0,0,-23.36083,4.947413,18.06584
111.0311,-23.25929,5.093235,18.07918,0,0,0,-23.36083,4.947413,18.06584
111.0405,-23.25929,5.093235,18.07918,0,0,0,-23.36083,4.947413,18.06584
111.0501,-23.25929,5.093235,18.07918,0,0,0,-23.36083,4.947413,18.06584
111.0587,-23.25929,5.093235,18.07918,0,0,0,-23.36083,4.947413,18.06584
111.0694,-23.26093,5.093291,18.07946,0,0,0,-23.36083,4.947413,18.06584
111.0812,-23.25929,5.093235,18.07918,0,0,0,-23.36083,4.947413,18.06584
111.0902,-23.25929,5.093235,18.07918,0,0,0,-23.36083,4.947413,18.06584
111.0981,-23.25929,5.093235,18.07918,0,0,0,-23.36083,4.947413,18.06584
111.1069,-23.25955,5.093577,18.07757,0,0,0,-23.36083,4.947413,18.06584
111.1168,-23.25955,5.093577,18.07757,0,0,0,-23.36083,4.947413,18.06584
111.1249,-23.26093,5.093291,18.07946,0,0,0,-23.36083,4.947413,18.06584
111.1351,-23.26093,5.093291,18.07946,0,0,0,-23.36083,4.947413,18.06584
111.1443,-23.26093,5.093291,18.07946,0,0,0,-23.36083,4.947413,18.06584
111.1541,-23.26093,5.093291,18.07946,0,0,0,-23.36083,4.947413,18.06584
111.1618,-23.25955,5.093577,18.07757,0,0,0,-23.36083,4.947413,18.06584
111.1708,-23.25955,5.093577,18.07757,0,0,0,-23.36083,4.947413,18.06584
111.1782,-23.25955,5.093577,18.07757,0,0,0,-23.36083,4.947413,18.06584
111.186,-23.25955,5.093577,18.07757,0,0,0,-23.36083,4.947413,18.06584
111.1961,-23.25955,5.093577,18.07757,0,0,0,-23.36083,4.947413,18.06584
111.2056,-23.25955,5.093577,18.07757,0,0,0,-23.36083,4.947413,18.06584
111.2143,-23.25955,5.093577,18.07757,0,0,0,-23.36083,4.947413,18.06584
111.2219,-23.26026,5.093577,18.07767,0,0,0,-23.36083,4.947413,18.06584
111.2303,-23.26026,5.093577,18.07767,0,0,0,-23.36083,4.947413,18.06584
111.2376,-23.26026,5.093577,18.07767,0,0,0,-23.36083,4.947413,18.06584
111.2455,-23.25933,5.093524,18.07749,0,0,0,-23.36083,4.947413,18.06584
111.2557,-23.25933,5.093524,18.07749,0,0,0,-23.36083,4.947413,18.06584
111.2634,-23.25933,5.093524,18.07749,0,0,0,-23.36083,4.947413,18.06584
111.2718,-23.25933,5.093524,18.07749,0,0,0,-23.36083,4.947413,18.06584
111.2797,-23.25933,5.093524,18.07749,0,0,0,-23.36083,4.947413,18.06584
111.2869,-23.25907,5.093182,18.0791,0,0,0,-23.36083,4.947413,18.06584
111.2957,-23.25907,5.093182,18.0791,0,0,0,-23.36083,4.947413,18.06584
111.303,-23.25907,5.093182,18.0791,0,0,0,-23.36083,4.947413,18.06584
111.3121,-23.25907,5.093182,18.0791,0,0,0,-23.36083,4.947413,18.06584
111.3201,-23.25716,5.092791,18.08044,0,0,0,-23.36083,4.947413,18.06584
111.3284,-23.25716,5.092791,18.08044,0,0,0,-23.36083,4.947413,18.06584
111.3357,-23.25716,5.092791,18.08044,0,0,0,-23.36083,4.947413,18.06584
111.3429,-23.25716,5.092791,18.08044,0,0,0,-23.36083,4.947413,18.06584
111.3513,-23.25716,5.092791,18.08044,0,0,0,-23.36083,4.947413,18.06584
111.3588,-23.25716,5.092791,18.08044,0,0,0,-23.36083,4.947413,18.06584
111.3661,-23.2569,5.092453,18.08205,0,0,0,-23.36083,4.947413,18.06584
111.3745,-23.2569,5.092453,18.08205,0,0,0,-23.36083,4.947413,18.06584
111.3822,-23.2569,5.092453,18.08205,0,0,0,-23.36083,4.947413,18.06584
111.3905,-23.2569,5.092453,18.08205,0,0,0,-23.36083,4.947413,18.06584
111.3992,-23.2569,5.092453,18.08205,0,0,0,-23.36083,4.947413,18.06584
111.4065,-23.2569,5.092453,18.08205,0,0,0,-23.36083,4.947413,18.06584
111.4152,-23.2569,5.092453,18.08205,0,0,0,-23.36083,4.947413,18.06584
111.4229,-23.25526,5.092404,18.08178,0,0,0,-23.36083,4.947413,18.06584
111.4312,-23.25526,5.092404,18.08178,0,0,0,-23.36083,4.947413,18.06584
111.4385,-23.25526,5.092404,18.08178,0,0,0,-23.36083,4.947413,18.06584
111.4464,-23.25664,5.092118,18.08367,0,0,0,-23.36083,4.947413,18.06584
111.4547,-23.25664,5.092118,18.08367,0,0,0,-23.36083,4.947413,18.06584
111.4617,-23.25664,5.092118,18.08367,0,0,0,-23.36083,4.947413,18.06584
111.4713,-23.25664,5.092118,18.08367,0,0,0,-23.36083,4.947413,18.06584
111.4806,-23.255,5.092068,18.08339,0,0,0,-23.36083,4.947413,18.06584
111.4895,-23.255,5.092068,18.08339,0,0,0,-23.36083,4.947413,18.06584
111.4963,-23.255,5.092068,18.08339,0,0,0,-23.36083,4.947413,18.06584
111.5039,-23.255,5.092068,18.08339,0,0,0,-23.36083,4.947413,18.06584
111.5127,-23.255,5.092068,18.08339,0,0,0,-23.36083,4.947413,18.06584
111.5202,-23.25526,5.092403,18.08178,0,0,0,-23.36083,4.947413,18.06584
111.5289,-23.25526,5.092403,18.08178,0,0,0,-23.36083,4.947413,18.06584
111.5373,-23.25526,5.092403,18.08178,0,0,0,-23.36083,4.947413,18.06584
111.5445,-23.255,5.092068,18.08339,0,0,0,-23.36083,4.947413,18.06584
111.5528,-23.255,5.092068,18.08339,0,0,0,-23.36083,4.947413,18.06584
111.563,-23.255,5.092068,18.08339,0,0,0,-23.36083,4.947413,18.06584
111.571,-23.255,5.092068,18.08339,0,0,0,-23.36083,4.947413,18.06584
111.5787,-23.255,5.092068,18.08339,0,0,0,-23.36083,4.947413,18.06584
111.5856,-23.25664,5.092117,18.08367,0,0,0,-23.36083,4.947413,18.06584
111.5941,-23.25664,5.092117,18.08367,0,0,0,-23.36083,4.947413,18.06584
111.6012,-23.25526,5.092404,18.08178,0,0,0,-23.36083,4.947413,18.06584
111.611,-23.25526,5.092404,18.08178,0,0,0,-23.36083,4.947413,18.06584
111.6181,-23.25526,5.092404,18.08178,0,0,0,-23.36083,4.947413,18.06584
111.625,-23.25571,5.092067,18.08349,0,0,0,-23.36083,4.947413,18.06584
111.6371,-23.25571,5.092067,18.08349,0,0,0,-23.36083,4.947413,18.06584
111.6467,-23.25597,5.092403,18.08188,0,0,0,-23.36083,4.947413,18.06584
111.6594,-23.25597,5.092403,18.08188,0,0,0,-23.36083,4.947413,18.06584
111.6679,-23.25597,5.092404,18.08188,0,0,0,-23.36083,4.947413,18.06584
111.6768,-23.25597,5.092404,18.08188,0,0,0,-23.36083,4.947413,18.06584
111.685,-23.25433,5.092357,18.0816,0,0,0,-23.36083,4.947413,18.06584
111.6935,-23.25433,5.092357,18.0816,0,0,0,-23.36083,4.947413,18.06584
111.7015,-23.25366,5.092649,18.07981,0,0,0,-23.36083,4.947413,18.06584
111.7099,-23.25366,5.092649,18.07981,0,0,0,-23.36083,4.947413,18.06584
111.718,-23.25366,5.092649,18.07981,0,0,0,-23.36083,4.947413,18.06584
111.7256,-23.2553,5.092694,18.08009,0,0,0,-23.36083,4.947413,18.06584
111.7351,-23.2553,5.092694,18.08009,0,0,0,-23.36083,4.947413,18.06584
111.743,-23.25392,5.092989,18.0782,0,0,0,-23.36083,4.947413,18.06584
111.7534,-23.25392,5.092989,18.0782,0,0,0,-23.36083,4.947413,18.06584
111.764,-23.25463,5.092989,18.0783,0,0,0,-23.36083,4.947413,18.06584
111.7732,-23.25463,5.092989,18.0783,0,0,0,-23.36083,4.947413,18.06584
111.7825,-23.25489,5.093331,18.07669,0,0,0,-23.36083,4.947413,18.06584
111.7935,-23.25489,5.093331,18.07669,0,0,0,-23.36083,4.947413,18.06584
111.8028,-23.25489,5.093331,18.07669,0,0,0,-23.36083,4.947413,18.06584
111.8148,-23.25489,5.093331,18.07669,0,0,0,-23.36083,4.947413,18.06584
111.8225,-23.25324,5.093287,18.07641,0,0,0,-23.36083,4.947413,18.06584
111.8312,-23.25324,5.093287,18.07641,0,0,0,-23.36083,4.947413,18.06584
111.8399,-23.25324,5.093287,18.07641,0,0,0,-23.36083,4.947413,18.06584
111.8477,-23.2556,5.093331,18.07679,0,0,0,-23.36083,4.947413,18.06584
111.8564,-23.2556,5.093331,18.07679,0,0,0,-23.36083,4.947413,18.06584
111.8642,-23.2556,5.093331,18.07679,0,0,0,-23.36083,4.947413,18.06584
111.8725,-23.2556,5.093331,18.07679,0,0,0,-23.36083,4.947413,18.06584
111.88,-23.25586,5.093674,18.07517,0,0,0,-23.36083,4.947413,18.06584
111.8883,-23.25586,5.093674,18.07517,0,0,0,-23.36083,4.947413,18.06584
111.8961,-23.25586,5.093674,18.07517,0,0,0,-23.36083,4.947413,18.06584
111.9045,-23.2556,5.093331,18.07679,0,0,0,-23.36083,4.947413,18.06584
111.9131,-23.2556,5.093331,18.07679,0,0,0,-23.36083,4.947413,18.06584
111.9212,-23.2556,5.093331,18.07679,0,0,0,-23.36083,4.947413,18.06584
111.9297,-23.2556,5.093331,18.07679,0,0,0,-23.36083,4.947413,18.06584
111.9368,-23.2556,5.093331,18.07679,0,0,0,-23.36083,4.947413,18.06584
111.9444,-23.25421,5.093632,18.0749,0,0,0,-23.36083,4.947413,18.06584
111.9532,-23.25421,5.093632,18.0749,0,0,0,-23.36083,4.947413,18.06584
111.9609,-23.25586,5.093674,18.07517,0,0,0,-23.36083,4.947413,18.06584
111.9692,-23.25586,5.093674,18.07517,0,0,0,-23.36083,4.947413,18.06584
111.9771,-23.25586,5.093674,18.07517,0,0,0,-23.36083,4.947413,18.06584
111.9846,-23.25586,5.093674,18.07517,0,0,0,-23.36083,4.947413,18.06584
111.9927,-23.25586,5.093674,18.07517,0,0,0,-23.36083,4.947413,18.06584
112.0002,-23.25586,5.093674,18.07517,0,0,0,-23.36083,4.947413,18.06584
112.0083,-23.25586,5.093674,18.07517,0,0,0,-23.36083,4.947413,18.06584
112.0156,-23.25586,5.093674,18.07517,0,0,0,-23.36083,4.947413,18.06584
112.0238,-23.25421,5.093632,18.0749,0,0,0,-23.36083,4.947413,18.06584
112.032,-23.25421,5.093632,18.0749,0,0,0,-23.36083,4.947413,18.06584
112.0395,-23.25421,5.093632,18.0749,0,0,0,-23.36083,4.947413,18.06584
112.0473,-23.25421,5.093632,18.0749,0,0,0,-23.36083,4.947413,18.06584
112.0566,-23.25421,5.093632,18.0749,0,0,0,-23.36083,4.947413,18.06584
112.0646,-23.25421,5.093632,18.0749,0,0,0,-23.36083,4.947413,18.06584
112.0729,-23.25421,5.093632,18.0749,0,0,0,-23.36083,4.947413,18.06584
112.0805,-23.25586,5.093674,18.07517,0,0,0,-23.36083,4.947413,18.06584
112.0893,-23.25586,5.093674,18.07517,0,0,0,-23.36083,4.947413,18.06584
112.0971,-23.25586,5.093674,18.07517,0,0,0,-23.36083,4.947413,18.06584
112.1048,-23.25421,5.093632,18.0749,0,0,0,-23.36083,4.947413,18.06584
112.1137,-23.25421,5.093632,18.0749,0,0,0,-23.36083,4.947413,18.06584
112.1208,-23.25586,5.093674,18.07517,0,0,0,-23.36083,4.947413,18.06584
112.1298,-23.25586,5.093674,18.07517,0,0,0,-23.36083,4.947413,18.06584
112.1372,-23.25586,5.093674,18.07517,0,0,0,-23.36083,4.947413,18.06584
112.1457,-23.25421,5.093632,18.0749,0,0,0,-23.36083,4.947413,18.06584
112.1546,-23.25421,5.093632,18.0749,0,0,0,-23.36083,4.947413,18.06584
112.1626,-23.25586,5.093674,18.07517,0,0,0,-23.36083,4.947413,18.06584
112.1732,-23.25586,5.093674,18.07517,0,0,0,-23.36083,4.947413,18.06584
112.1812,-23.25586,5.093674,18.07517,0,0,0,-23.36083,4.947413,18.06584
112.1894,-23.25586,5.093674,18.07517,0,0,0,-23.36083,4.947413,18.06584
112.1973,-23.25586,5.093674,18.07517,0,0,0,-23.36083,4.947413,18.06584
112.205,-23.25421,5.093632,18.0749,0,0,0,-23.36083,4.947413,18.06584
112.2142,-23.25421,5.093632,18.0749,0,0,0,-23.36083,4.947413,18.06584
112.2227,-23.25421,5.093632,18.0749,0,0,0,-23.36083,4.947413,18.06584
112.231,-23.25421,5.093632,18.0749,0,0,0,-23.36083,4.947413,18.06584
112.2383,-23.25421,5.093632,18.0749,0,0,0,-23.36083,4.947413,18.06584
112.2499,-23.25447,5.093977,18.07329,0,0,0,-23.36083,4.947413,18.06584
112.2582,-23.25447,5.093977,18.07329,0,0,0,-23.36083,4.947413,18.06584
112.266,-23.25447,5.093977,18.07329,0,0,0,-23.36083,4.947413,18.06584
112.2741,-23.25447,5.093977,18.07329,0,0,0,-23.36083,4.947413,18.06584
112.2816,-23.25447,5.093977,18.07329,0,0,0,-23.36083,4.947413,18.06584
112.2896,-23.25447,5.093977,18.07329,0,0,0,-23.36083,4.947413,18.06584
112.2969,-23.25447,5.093977,18.07329,0,0,0,-23.36083,4.947413,18.06584
112.3052,-23.25447,5.093977,18.07329,0,0,0,-23.36083,4.947413,18.06584
112.3139,-23.25447,5.093977,18.07329,0,0,0,-23.36083,4.947413,18.06584
112.3211,-23.25447,5.093977,18.07329,0,0,0,-23.36083,4.947413,18.06584
112.3295,-23.25447,5.093977,18.07329,0,0,0,-23.36083,4.947413,18.06584
112.3368,-23.25447,5.093977,18.07329,0,0,0,-23.36083,4.947413,18.06584
112.3441,-23.25421,5.093632,18.0749,0,0,0,-23.36083,4.947413,18.06584
112.353,-23.25421,5.093632,18.0749,0,0,0,-23.36083,4.947413,18.06584
112.3624,-23.25447,5.093977,18.07329,0,0,0,-23.36083,4.947413,18.06584
112.3713,-23.25447,5.093977,18.07329,0,0,0,-23.36083,4.947413,18.06584
112.3803,-23.25447,5.093977,18.07329,0,0,0,-23.36083,4.947413,18.06584
112.3894,-23.25447,5.093977,18.07329,0,0,0,-23.36083,4.947413,18.06584
112.3977,-23.25447,5.093977,18.07329,0,0,0,-23.36083,4.947413,18.06584
112.4054,-23.25447,5.093977,18.07329,0,0,0,-23.36083,4.947413,18.06584
112.4144,-23.25447,5.093977,18.07329,0,0,0,-23.36083,4.947413,18.06584
112.4237,-23.25447,5.093977,18.07329,0,0,0,-23.36083,4.947413,18.06584
112.4341,-23.25447,5.093977,18.07329,0,0,0,-23.36083,4.947413,18.06584
112.4438,-23.25447,5.093977,18.07329,0,0,0,-23.36083,4.947413,18.06584
112.455,-23.25447,5.093977,18.07329,0,0,0,-23.36083,4.947413,18.06584
112.466,-23.25518,5.093977,18.07339,0,0,0,-23.36083,4.947413,18.06584
112.4774,-23.25518,5.093977,18.07339,0,0,0,-23.36083,4.947413,18.06584
112.4885,-23.25589,5.093976,18.07349,0,0,0,-23.36083,4.947413,18.06584
112.5002,-23.25753,5.09402,18.07376,0,0,0,-23.36083,4.947413,18.06584
112.5119,-23.25753,5.09402,18.07376,0,0,0,-23.36083,4.947413,18.06584
112.5205,-23.25589,5.093977,18.07349,0,0,0,-23.36083,4.947413,18.06584
112.5301,-23.25589,5.093977,18.07349,0,0,0,-23.36083,4.947413,18.06584
112.539,-23.25589,5.093977,18.07349,0,0,0,-23.36083,4.947413,18.06584
112.5493,-23.2566,5.093977,18.07359,0,0,0,-23.36083,4.947413,18.06584
112.5602,-23.2566,5.093977,18.07359,0,0,0,-23.36083,4.947413,18.06584
112.5692,-23.2566,5.093977,18.07359,0,0,0,-23.36083,4.947413,18.06584
112.5769,-23.2566,5.093977,18.07359,0,0,0,-23.36083,4.947413,18.06584
112.5849,-23.2566,5.093977,18.07359,0,0,0,-23.36083,4.947413,18.06584
112.5933,-23.2566,5.093977,18.07359,0,0,0,-23.36083,4.947413,18.06584
112.6007,-23.2566,5.093977,18.07359,0,0,0,-23.36083,4.947413,18.06584
112.6091,-23.2566,5.093977,18.07359,0,0,0,-23.36083,4.947413,18.06584
112.6174,-23.2566,5.093977,18.07359,0,0,0,-23.36083,4.947413,18.06584
112.6259,-23.2566,5.093977,18.07359,0,0,0,-23.36083,4.947413,18.06584
112.6354,-23.2566,5.093977,18.07359,0,0,0,-23.36083,4.947413,18.06584
112.6437,-23.2566,5.093977,18.07359,0,0,0,-23.36083,4.947413,18.06584
112.6521,-23.2566,5.093977,18.07359,0,0,0,-23.36083,4.947413,18.06584
112.6596,-23.2566,5.093977,18.07359,0,0,0,-23.36083,4.947413,18.06584
112.6671,-23.2566,5.093977,18.07359,0,0,0,-23.36083,4.947413,18.06584
112.678,-23.2566,5.093977,18.07359,0,0,0,-23.36083,4.947413,18.06584
112.6856,-23.2566,5.093977,18.07359,0,0,0,-23.36083,4.947413,18.06584
112.6942,-23.2566,5.093977,18.07359,0,0,0,-23.36083,4.947413,18.06584
112.7016,-23.2566,5.093977,18.07359,0,0,0,-23.36083,4.947413,18.06584
112.7124,-23.2566,5.093977,18.07359,0,0,0,-23.36083,4.947413,18.06584
112.7203,-23.25824,5.09402,18.07386,0,0,0,-23.36083,4.947413,18.06584
112.7299,-23.25824,5.09402,18.07386,0,0,0,-23.36083,4.947413,18.06584
112.7379,-23.25824,5.09402,18.07386,0,0,0,-23.36083,4.947413,18.06584
112.7454,-23.25686,5.094326,18.07198,0,0,0,-23.36083,4.947413,18.06584
112.7541,-23.25686,5.094326,18.07198,0,0,0,-23.36083,4.947413,18.06584
112.7647,-23.2585,5.094368,18.07225,0,0,0,-23.36083,4.947413,18.06584
112.7732,-23.2585,5.094368,18.07225,0,0,0,-23.36083,4.947413,18.06584
112.7806,-23.2566,5.093977,18.07359,0,0,0,-23.36083,4.947413,18.06584
112.7891,-23.2566,5.093977,18.07359,0,0,0,-23.36083,4.947413,18.06584
112.7964,-23.2566,5.093977,18.07359,0,0,0,-23.36083,4.947413,18.06584
112.8051,-23.25686,5.094326,18.07198,0,0,0,-23.36083,4.947413,18.06584
112.8157,-23.25686,5.094326,18.07198,0,0,0,-23.36083,4.947413,18.06584
112.8226,-23.25679,5.094014,18.07239,0,0,0,-23.36083,4.947413,18.06584
112.8313,-23.25679,5.094014,18.07239,0,0,0,-23.36083,4.947413,18.06584
112.8387,-23.25679,5.094014,18.07239,0,0,0,-23.36083,4.947413,18.06584
112.8482,-23.25679,5.094014,18.07239,0,0,0,-23.36083,4.947413,18.06584
112.8564,-23.25679,5.094014,18.07239,0,0,0,-23.36083,4.947413,18.06584
112.8643,-23.25679,5.094014,18.07239,0,0,0,-23.36083,4.947413,18.06584
112.8724,-23.25679,5.094014,18.07239,0,0,0,-23.36083,4.947413,18.06584
112.8805,-23.25679,5.094014,18.07239,0,0,0,-23.36083,4.947413,18.06584
112.8889,-23.25679,5.094014,18.07239,0,0,0,-23.36083,4.947413,18.06584
112.8984,-23.25679,5.094014,18.07239,0,0,0,-23.36083,4.947413,18.06584
112.9055,-23.25679,5.094014,18.07239,0,0,0,-23.36083,4.947413,18.06584
112.9139,-23.25679,5.094014,18.07239,0,0,0,-23.36083,4.947413,18.06584
112.9213,-23.25679,5.094014,18.07239,0,0,0,-23.36083,4.947413,18.06584
112.9304,-23.25679,5.094014,18.07239,0,0,0,-23.36083,4.947413,18.06584
112.9376,-23.25679,5.094014,18.07239,0,0,0,-23.36083,4.947413,18.06584
112.9453,-23.25679,5.094014,18.07239,0,0,0,-23.36083,4.947413,18.06584
112.9535,-23.25679,5.094014,18.07239,0,0,0,-23.36083,4.947413,18.06584
112.9606,-23.25679,5.094014,18.07239,0,0,0,-23.36083,4.947413,18.06584
112.9691,-23.25679,5.094014,18.07239,0,0,0,-23.36083,4.947413,18.06584
112.9763,-23.25679,5.094014,18.07239,0,0,0,-23.36083,4.947413,18.06584
112.9839,-23.25679,5.094014,18.07239,0,0,0,-23.36083,4.947413,18.06584
112.992,-23.25679,5.094014,18.07239,0,0,0,-23.36083,4.947413,18.06584
112.9999,-23.25679,5.094014,18.07239,0,0,0,-23.36083,4.947413,18.06584
113.0079,-23.25679,5.094014,18.07239,0,0,0,-23.36083,4.947413,18.06584
113.0162,-23.25679,5.094014,18.07239,0,0,0,-23.36083,4.947413,18.06584
113.0232,-23.25679,5.094014,18.07239,0,0,0,-23.36083,4.947413,18.06584
113.0312,-23.25679,5.094014,18.07239,0,0,0,-23.36083,4.947413,18.06584
113.038,-23.25679,5.094014,18.07239,0,0,0,-23.36083,4.947413,18.06584
113.0449,-23.25679,5.094014,18.07239,0,0,0,-23.36083,4.947413,18.06584
113.053,-23.25679,5.094014,18.07239,0,0,0,-23.36083,4.947413,18.06584
113.0606,-23.25679,5.094014,18.07239,0,0,0,-23.36083,4.947413,18.06584
113.0693,-23.25679,5.094014,18.07239,0,0,0,-23.36083,4.947413,18.06584
113.0776,-23.25679,5.094014,18.07239,0,0,0,-23.36083,4.947413,18.06584
113.0849,-23.25653,5.093666,18.074,0,0,0,-23.36083,4.947413,18.06584
113.0932,-23.25653,5.093666,18.074,0,0,0,-23.36083,4.947413,18.06584
113.1003,-23.25679,5.094014,18.07239,0,0,0,-23.36083,4.947413,18.06584
113.11,-23.25679,5.094014,18.07239,0,0,0,-23.36083,4.947413,18.06584
113.117,-23.25679,5.094014,18.07239,0,0,0,-23.36083,4.947413,18.06584
113.1251,-23.25653,5.093666,18.074,0,0,0,-23.36083,4.947413,18.06584
113.1342,-23.25653,5.093666,18.074,0,0,0,-23.36083,4.947413,18.06584
113.1442,-23.25489,5.093625,18.07373,0,0,0,-23.36083,4.947413,18.06584
113.1528,-23.25489,5.093625,18.07373,0,0,0,-23.36083,4.947413,18.06584
113.1605,-23.25653,5.093666,18.074,0,0,0,-23.36083,4.947413,18.06584
113.1693,-23.25653,5.093666,18.074,0,0,0,-23.36083,4.947413,18.06584
113.1768,-23.25653,5.093666,18.074,0,0,0,-23.36083,4.947413,18.06584
113.1839,-23.25679,5.094014,18.07239,0,0,0,-23.36083,4.947413,18.06584
113.1921,-23.25679,5.094014,18.07239,0,0,0,-23.36083,4.947413,18.06584
113.1993,-23.25679,5.094014,18.07239,0,0,0,-23.36083,4.947413,18.06584
113.2069,-23.25489,5.093625,18.07373,0,0,0,-23.36083,4.947413,18.06584
113.216,-23.25489,5.093625,18.07373,0,0,0,-23.36083,4.947413,18.06584
113.2256,-23.25679,5.094014,18.07239,0,0,0,-23.36083,4.947413,18.06584
113.2365,-23.25679,5.094014,18.07239,0,0,0,-23.36083,4.947413,18.06584
113.2455,-23.25724,5.093666,18.0741,0,0,0,-23.36083,4.947413,18.06584
113.2568,-23.25724,5.093666,18.0741,0,0,0,-23.36083,4.947413,18.06584
113.2686,-23.25585,5.093973,18.07222,0,0,0,-23.36083,4.947413,18.06584
113.2803,-23.25724,5.093666,18.0741,0,0,0,-23.36083,4.947413,18.06584
113.2897,-23.25724,5.093666,18.0741,0,0,0,-23.36083,4.947413,18.06584
113.2984,-23.25724,5.093666,18.0741,0,0,0,-23.36083,4.947413,18.06584
113.3106,-23.25585,5.093973,18.07222,0,0,0,-23.36083,4.947413,18.06584
113.3193,-23.25585,5.093973,18.07222,0,0,0,-23.36083,4.947413,18.06584
113.3281,-23.2556,5.093625,18.07383,0,0,0,-23.36083,4.947413,18.06584
113.3377,-23.2556,5.093625,18.07383,0,0,0,-23.36083,4.947413,18.06584
113.3492,-23.2556,5.093625,18.07383,0,0,0,-23.36083,4.947413,18.06584
113.358,-23.2556,5.093625,18.07383,0,0,0,-23.36083,4.947413,18.06584
113.3664,-23.25585,5.093973,18.07222,0,0,0,-23.36083,4.947413,18.06584
113.3767,-23.25585,5.093973,18.07222,0,0,0,-23.36083,4.947413,18.06584
113.3839,-23.25585,5.093973,18.07222,0,0,0,-23.36083,4.947413,18.06584
113.3923,-23.25585,5.093973,18.07222,0,0,0,-23.36083,4.947413,18.06584
113.4003,-23.25585,5.093973,18.07222,0,0,0,-23.36083,4.947413,18.06584
113.4086,-23.25585,5.093973,18.07222,0,0,0,-23.36083,4.947413,18.06584
113.4161,-23.25585,5.093973,18.07222,0,0,0,-23.36083,4.947413,18.06584
113.4236,-23.25585,5.093973,18.07222,0,0,0,-23.36083,4.947413,18.06584
113.4344,-23.25585,5.093973,18.07222,0,0,0,-23.36083,4.947413,18.06584
113.4417,-23.25553,5.093314,18.07424,0,0,0,-23.36083,4.947413,18.06584
113.4505,-23.25553,5.093314,18.07424,0,0,0,-23.36083,4.947413,18.06584
113.4576,-23.25553,5.093314,18.07424,0,0,0,-23.36083,4.947413,18.06584
113.4653,-23.25579,5.093662,18.07262,0,0,0,-23.36083,4.947413,18.06584
113.4734,-23.25579,5.093662,18.07262,0,0,0,-23.36083,4.947413,18.06584
113.483,-23.25579,5.093662,18.07262,0,0,0,-23.36083,4.947413,18.06584
113.4918,-23.25579,5.093662,18.07262,0,0,0,-23.36083,4.947413,18.06584
113.4991,-23.25579,5.093662,18.07262,0,0,0,-23.36083,4.947413,18.06584
113.5072,-23.25743,5.093703,18.07289,0,0,0,-23.36083,4.947413,18.06584
113.5163,-23.25743,5.093703,18.07289,0,0,0,-23.36083,4.947413,18.06584
113.5241,-23.25743,5.093703,18.07289,0,0,0,-23.36083,4.947413,18.06584
113.5327,-23.25743,5.093703,18.07289,0,0,0,-23.36083,4.947413,18.06584
113.5398,-23.25743,5.093703,18.07289,0,0,0,-23.36083,4.947413,18.06584
113.5472,-23.25579,5.093662,18.07262,0,0,0,-23.36083,4.947413,18.06584
113.5555,-23.25579,5.093662,18.07262,0,0,0,-23.36083,4.947413,18.06584
113.5626,-23.25553,5.093314,18.07424,0,0,0,-23.36083,4.947413,18.06584
113.5707,-23.25553,5.093314,18.07424,0,0,0,-23.36083,4.947413,18.06584
113.5778,-23.25553,5.093314,18.07424,0,0,0,-23.36083,4.947413,18.06584
113.5848,-23.25553,5.093314,18.07424,0,0,0,-23.36083,4.947413,18.06584
113.5934,-23.25553,5.093314,18.07424,0,0,0,-23.36083,4.947413,18.06584
113.6005,-23.25553,5.093314,18.07424,0,0,0,-23.36083,4.947413,18.06584
113.6085,-23.25553,5.093314,18.07424,0,0,0,-23.36083,4.947413,18.06584
113.6156,-23.25553,5.093314,18.07424,0,0,0,-23.36083,4.947413,18.06584
113.6235,-23.25553,5.093314,18.07424,0,0,0,-23.36083,4.947413,18.06584
113.6318,-23.25553,5.093314,18.07424,0,0,0,-23.36083,4.947413,18.06584
113.6397,-23.25553,5.093314,18.07424,0,0,0,-23.36083,4.947413,18.06584
113.6468,-23.25528,5.092967,18.07585,0,0,0,-23.36083,4.947413,18.06584
113.6548,-23.25528,5.092967,18.07585,0,0,0,-23.36083,4.947413,18.06584
113.6623,-23.25553,5.093314,18.07424,0,0,0,-23.36083,4.947413,18.06584
113.671,-23.25553,5.093314,18.07424,0,0,0,-23.36083,4.947413,18.06584
113.6783,-23.25553,5.093314,18.07424,0,0,0,-23.36083,4.947413,18.06584
113.6853,-23.25692,5.093009,18.07612,0,0,0,-23.36083,4.947413,18.06584
113.6943,-23.25692,5.093009,18.07612,0,0,0,-23.36083,4.947413,18.06584
113.7016,-23.25482,5.093314,18.07413,0,0,0,-23.36083,4.947413,18.06584
113.7098,-23.25482,5.093314,18.07413,0,0,0,-23.36083,4.947413,18.06584
113.717,-23.25482,5.093314,18.07413,0,0,0,-23.36083,4.947413,18.06584
113.724,-23.25457,5.092967,18.07575,0,0,0,-23.36083,4.947413,18.06584
113.7325,-23.25457,5.092967,18.07575,0,0,0,-23.36083,4.947413,18.06584
113.7395,-23.25457,5.092967,18.07575,0,0,0,-23.36083,4.947413,18.06584
113.7468,-23.25457,5.092968,18.07574,0,0,0,-23.36083,4.947413,18.06584
113.7549,-23.25457,5.092968,18.07574,0,0,0,-23.36083,4.947413,18.06584
113.7621,-23.25457,5.092967,18.07575,0,0,0,-23.36083,4.947413,18.06584
113.7706,-23.25457,5.092967,18.07575,0,0,0,-23.36083,4.947413,18.06584
113.7784,-23.25457,5.092967,18.07575,0,0,0,-23.36083,4.947413,18.06584
113.7856,-23.25457,5.092967,18.07575,0,0,0,-23.36083,4.947413,18.06584
113.7938,-23.25457,5.092967,18.07575,0,0,0,-23.36083,4.947413,18.06584
113.801,-23.25386,5.092966,18.07565,0,0,0,-23.36083,4.947413,18.06584
113.8092,-23.25386,5.092966,18.07565,0,0,0,-23.36083,4.947413,18.06584
113.8168,-23.25386,5.092966,18.07565,0,0,0,-23.36083,4.947413,18.06584
113.8249,-23.25386,5.092966,18.07565,0,0,0,-23.36083,4.947413,18.06584
113.8362,-23.25386,5.092966,18.07565,0,0,0,-23.36083,4.947413,18.06584
113.8444,-23.25411,5.093314,18.07404,0,0,0,-23.36083,4.947413,18.06584
113.8547,-23.25411,5.093314,18.07404,0,0,0,-23.36083,4.947413,18.06584
113.8621,-23.25476,5.093003,18.07454,0,0,0,-23.36083,4.947413,18.06584
113.8702,-23.25476,5.093003,18.07454,0,0,0,-23.36083,4.947413,18.06584
113.878,-23.25476,5.093003,18.07454,0,0,0,-23.36083,4.947413,18.06584
113.8852,-23.25476,5.093003,18.07454,0,0,0,-23.36083,4.947413,18.06584
113.8935,-23.25476,5.093003,18.07454,0,0,0,-23.36083,4.947413,18.06584
113.901,-23.25547,5.093003,18.07464,0,0,0,-23.36083,4.947413,18.06584
113.9104,-23.25547,5.093003,18.07464,0,0,0,-23.36083,4.947413,18.06584
113.9177,-23.25547,5.093003,18.07464,0,0,0,-23.36083,4.947413,18.06584
113.9248,-23.25566,5.09304,18.07344,0,0,0,-23.36083,4.947413,18.06584
113.9328,-23.25566,5.09304,18.07344,0,0,0,-23.36083,4.947413,18.06584
113.9396,-23.25566,5.09304,18.07344,0,0,0,-23.36083,4.947413,18.06584
113.947,-23.25637,5.09304,18.07354,0,0,0,-23.36083,4.947413,18.06584
113.9551,-23.25637,5.09304,18.07354,0,0,0,-23.36083,4.947413,18.06584
113.9634,-23.25637,5.09304,18.07354,0,0,0,-23.36083,4.947413,18.06584
113.9721,-23.25637,5.09304,18.07354,0,0,0,-23.36083,4.947413,18.06584
113.98,-23.25637,5.09304,18.07354,0,0,0,-23.36083,4.947413,18.06584
113.9888,-23.25637,5.09304,18.07354,0,0,0,-23.36083,4.947413,18.06584
113.9966,-23.25637,5.09304,18.07354,0,0,0,-23.36083,4.947413,18.06584
114.004,-23.25637,5.09304,18.07354,0,0,0,-23.36083,4.947413,18.06584
114.0126,-23.25637,5.09304,18.07354,0,0,0,-23.36083,4.947413,18.06584
114.0198,-23.25637,5.09304,18.07354,0,0,0,-23.36083,4.947413,18.06584
114.0276,-23.25637,5.09304,18.07354,0,0,0,-23.36083,4.947413,18.06584
114.0371,-23.25637,5.09304,18.07354,0,0,0,-23.36083,4.947413,18.06584
114.0456,-23.25662,5.09339,18.07192,0,0,0,-23.36083,4.947413,18.06584
114.0542,-23.25662,5.09339,18.07192,0,0,0,-23.36083,4.947413,18.06584
114.0616,-23.25498,5.09335,18.07166,0,0,0,-23.36083,4.947413,18.06584
114.0701,-23.25498,5.09335,18.07166,0,0,0,-23.36083,4.947413,18.06584
114.0784,-23.25498,5.09335,18.07166,0,0,0,-23.36083,4.947413,18.06584
114.0858,-23.25566,5.09304,18.07344,0,0,0,-23.36083,4.947413,18.06584
114.094,-23.25566,5.09304,18.07344,0,0,0,-23.36083,4.947413,18.06584
114.1012,-23.25566,5.09304,18.07344,0,0,0,-23.36083,4.947413,18.06584
114.1099,-23.25566,5.09304,18.07344,0,0,0,-23.36083,4.947413,18.06584
114.1203,-23.25566,5.09304,18.07344,0,0,0,-23.36083,4.947413,18.06584
114.1296,-23.25566,5.09304,18.07344,0,0,0,-23.36083,4.947413,18.06584
114.1388,-23.25566,5.09304,18.07344,0,0,0,-23.36083,4.947413,18.06584
114.1482,-23.25566,5.09304,18.07344,0,0,0,-23.36083,4.947413,18.06584
114.1585,-23.25566,5.09304,18.07344,0,0,0,-23.36083,4.947413,18.06584
114.1692,-23.25591,5.09339,18.07183,0,0,0,-23.36083,4.947413,18.06584
114.1796,-23.25591,5.09339,18.07183,0,0,0,-23.36083,4.947413,18.06584
114.1884,-23.25591,5.09339,18.07183,0,0,0,-23.36083,4.947413,18.06584
114.1987,-23.25591,5.09339,18.07183,0,0,0,-23.36083,4.947413,18.06584
114.2067,-23.25591,5.09339,18.07183,0,0,0,-23.36083,4.947413,18.06584
114.2162,-23.25591,5.09339,18.07183,0,0,0,-23.36083,4.947413,18.06584
114.2241,-23.25591,5.09339,18.07183,0,0,0,-23.36083,4.947413,18.06584
114.2353,-23.25591,5.09339,18.07183,0,0,0,-23.36083,4.947413,18.06584
114.2447,-23.25591,5.09339,18.07183,0,0,0,-23.36083,4.947413,18.06584
114.2553,-23.25591,5.09339,18.07183,0,0,0,-23.36083,4.947413,18.06584
114.2634,-23.25427,5.093351,18.07156,0,0,0,-23.36083,4.947413,18.06584
114.2787,-23.25427,5.093351,18.07156,0,0,0,-23.36083,4.947413,18.06584
114.2865,-23.25591,5.09339,18.07183,0,0,0,-23.36083,4.947413,18.06584
114.2957,-23.25591,5.09339,18.07183,0,0,0,-23.36083,4.947413,18.06584
114.303,-23.25591,5.09339,18.07183,0,0,0,-23.36083,4.947413,18.06584
114.3118,-23.25591,5.09339,18.07183,0,0,0,-23.36083,4.947413,18.06584
114.3226,-23.25591,5.09339,18.07183,0,0,0,-23.36083,4.947413,18.06584
114.3325,-23.25591,5.09339,18.07183,0,0,0,-23.36083,4.947413,18.06584
114.3411,-23.25427,5.09335,18.07156,0,0,0,-23.36083,4.947413,18.06584
114.3506,-23.25427,5.09335,18.07156,0,0,0,-23.36083,4.947413,18.06584
114.3601,-23.25453,5.093703,18.06994,0,0,0,-23.36083,4.947413,18.06584
114.3705,-23.25453,5.093703,18.06994,0,0,0,-23.36083,4.947413,18.06584
114.3801,-23.25643,5.094096,18.0686,0,0,0,-23.36083,4.947413,18.06584
114.3911,-23.25643,5.094096,18.0686,0,0,0,-23.36083,4.947413,18.06584
114.4,-23.25478,5.094057,18.06833,0,0,0,-23.36083,4.947413,18.06584
114.4088,-23.25478,5.094057,18.06833,0,0,0,-23.36083,4.947413,18.06584
114.4175,-23.25478,5.094057,18.06833,0,0,0,-23.36083,4.947413,18.06584
114.426,-23.25643,5.094096,18.0686,0,0,0,-23.36083,4.947413,18.06584
114.4404,-23.25478,5.094057,18.06833,0,0,0,-23.36083,4.947413,18.06584
114.4491,-23.25478,5.094057,18.06833,0,0,0,-23.36083,4.947413,18.06584
114.4574,-23.25478,5.094057,18.06833,0,0,0,-23.36083,4.947413,18.06584
114.4668,-23.25478,5.094057,18.06833,0,0,0,-23.36083,4.947413,18.06584
114.4791,-23.25478,5.094057,18.06833,0,0,0,-23.36083,4.947413,18.06584
114.4887,-23.25472,5.093745,18.06874,0,0,0,-23.36083,4.947413,18.06584
114.4993,-23.25472,5.093745,18.06874,0,0,0,-23.36083,4.947413,18.06584
114.5077,-23.25472,5.093745,18.06874,0,0,0,-23.36083,4.947413,18.06584
114.5201,-23.25472,5.093745,18.06874,0,0,0,-23.36083,4.947413,18.06584
114.5312,-23.25472,5.093745,18.06874,0,0,0,-23.36083,4.947413,18.06584
114.5392,-23.25472,5.093745,18.06874,0,0,0,-23.36083,4.947413,18.06584
114.547,-23.25307,5.093708,18.06847,0,0,0,-23.36083,4.947413,18.06584
114.5563,-23.25307,5.093708,18.06847,0,0,0,-23.36083,4.947413,18.06584
114.5644,-23.25497,5.094101,18.06713,0,0,0,-23.36083,4.947413,18.06584
114.5735,-23.25497,5.094101,18.06713,0,0,0,-23.36083,4.947413,18.06584
114.5813,-23.25472,5.093745,18.06874,0,0,0,-23.36083,4.947413,18.06584
114.5925,-23.25472,5.093745,18.06874,0,0,0,-23.36083,4.947413,18.06584
114.5998,-23.25472,5.093745,18.06874,0,0,0,-23.36083,4.947413,18.06584
114.6068,-23.25497,5.094101,18.06713,0,0,0,-23.36083,4.947413,18.06584
114.6155,-23.25497,5.094101,18.06713,0,0,0,-23.36083,4.947413,18.06584
114.6228,-23.25472,5.093745,18.06874,0,0,0,-23.36083,4.947413,18.06584
114.632,-23.25472,5.093745,18.06874,0,0,0,-23.36083,4.947413,18.06584
114.6395,-23.25472,5.093745,18.06874,0,0,0,-23.36083,4.947413,18.06584
114.6471,-23.25472,5.093745,18.06874,0,0,0,-23.36083,4.947413,18.06584
114.6555,-23.25472,5.093745,18.06874,0,0,0,-23.36083,4.947413,18.06584
114.6633,-23.25472,5.093745,18.06874,0,0,0,-23.36083,4.947413,18.06584
114.673,-23.25472,5.093745,18.06874,0,0,0,-23.36083,4.947413,18.06584
114.6806,-23.25497,5.094101,18.06713,0,0,0,-23.36083,4.947413,18.06584
114.6903,-23.25497,5.094101,18.06713,0,0,0,-23.36083,4.947413,18.06584
114.6978,-23.25497,5.094101,18.06713,0,0,0,-23.36083,4.947413,18.06584
114.7063,-23.25307,5.093708,18.06847,0,0,0,-23.36083,4.947413,18.06584
114.7159,-23.25307,5.093708,18.06847,0,0,0,-23.36083,4.947413,18.06584
114.7283,-23.25301,5.093396,18.06888,0,0,0,-23.36083,4.947413,18.06584
114.7372,-23.25301,5.093396,18.06888,0,0,0,-23.36083,4.947413,18.06584
114.7464,-23.25326,5.093753,18.06727,0,0,0,-23.36083,4.947413,18.06584
114.7582,-23.25326,5.093753,18.06727,0,0,0,-23.36083,4.947413,18.06584
114.767,-23.25465,5.093433,18.06915,0,0,0,-23.36083,4.947413,18.06584
114.7775,-23.25465,5.093433,18.06915,0,0,0,-23.36083,4.947413,18.06584
114.7852,-23.25301,5.093396,18.06888,0,0,0,-23.36083,4.947413,18.06584
114.7945,-23.25301,5.093396,18.06888,0,0,0,-23.36083,4.947413,18.06584
114.8023,-23.25465,5.093433,18.06915,0,0,0,-23.36083,4.947413,18.06584
114.8121,-23.25465,5.093433,18.06915,0,0,0,-23.36083,4.947413,18.06584
114.8201,-23.25301,5.093396,18.06888,0,0,0,-23.36083,4.947413,18.06584
114.8296,-23.25301,5.093396,18.06888,0,0,0,-23.36083,4.947413,18.06584
114.8373,-23.25301,5.093396,18.06888,0,0,0,-23.36083,4.947413,18.06584
114.8473,-23.25301,5.093396,18.06888,0,0,0,-23.36083,4.947413,18.06584
114.8575,-23.25301,5.093396,18.06888,0,0,0,-23.36083,4.947413,18.06584
114.8656,-23.25465,5.093433,18.06915,0,0,0,-23.36083,4.947413,18.06584
114.874,-23.25465,5.093433,18.06915,0,0,0,-23.36083,4.947413,18.06584
114.8819,-23.25484,5.093477,18.06794,0,0,0,-23.36083,4.947413,18.06584
114.8903,-23.25484,5.093477,18.06794,0,0,0,-23.36083,4.947413,18.06584
114.8982,-23.25484,5.093477,18.06794,0,0,0,-23.36083,4.947413,18.06584
114.9065,-23.25294,5.093084,18.06928,0,0,0,-23.36083,4.947413,18.06584
114.9155,-23.25294,5.093084,18.06928,0,0,0,-23.36083,4.947413,18.06584
114.9233,-23.2532,5.093441,18.06767,0,0,0,-23.36083,4.947413,18.06584
114.9327,-23.2532,5.093441,18.06767,0,0,0,-23.36083,4.947413,18.06584
114.9398,-23.2532,5.093441,18.06767,0,0,0,-23.36083,4.947413,18.06584
114.9482,-23.25294,5.093084,18.06928,0,0,0,-23.36083,4.947413,18.06584
114.9572,-23.25294,5.093084,18.06928,0,0,0,-23.36083,4.947413,18.06584
114.9656,-23.25294,5.093084,18.06928,0,0,0,-23.36083,4.947413,18.06584
114.9744,-23.25294,5.093084,18.06928,0,0,0,-23.36083,4.947413,18.06584
114.9826,-23.25459,5.093122,18.06955,0,0,0,-23.36083,4.947413,18.06584
114.9913,-23.25459,5.093122,18.06955,0,0,0,-23.36083,4.947413,18.06584
114.9991,-23.25459,5.093122,18.06955,0,0,0,-23.36083,4.947413,18.06584
115.007,-23.25484,5.093477,18.06794,0,0,0,-23.36083,4.947413,18.06584
115.0164,-23.25484,5.093477,18.06794,0,0,0,-23.36083,4.947413,18.06584
115.024,-23.25484,5.093477,18.06794,0,0,0,-23.36083,4.947413,18.06584
115.0324,-23.25484,5.093477,18.06794,0,0,0,-23.36083,4.947413,18.06584
115.0398,-23.25484,5.093477,18.06794,0,0,0,-23.36083,4.947413,18.06584
115.0473,-23.25484,5.093477,18.06794,0,0,0,-23.36083,4.947413,18.06584
115.058,-23.25484,5.093477,18.06794,0,0,0,-23.36083,4.947413,18.06584
115.0656,-23.25484,5.093477,18.06794,0,0,0,-23.36083,4.947413,18.06584
115.074,-23.25484,5.093477,18.06794,0,0,0,-23.36083,4.947413,18.06584
115.0813,-23.25484,5.093477,18.06794,0,0,0,-23.36083,4.947413,18.06584
115.0896,-23.25484,5.093477,18.06794,0,0,0,-23.36083,4.947413,18.06584
115.0985,-23.25484,5.093477,18.06794,0,0,0,-23.36083,4.947413,18.06584
115.1055,-23.2532,5.093441,18.06767,0,0,0,-23.36083,4.947413,18.06584
115.1157,-23.2532,5.093441,18.06767,0,0,0,-23.36083,4.947413,18.06584
115.1227,-23.25484,5.093477,18.06794,0,0,0,-23.36083,4.947413,18.06584
115.1367,-23.25484,5.093477,18.06794,0,0,0,-23.36083,4.947413,18.06584
115.1457,-23.2532,5.093441,18.06767,0,0,0,-23.36083,4.947413,18.06584
115.1551,-23.2532,5.093441,18.06767,0,0,0,-23.36083,4.947413,18.06584
115.1633,-23.2532,5.093441,18.06767,0,0,0,-23.36083,4.947413,18.06584
115.1726,-23.2532,5.093441,18.06767,0,0,0,-23.36083,4.947413,18.06584
115.1803,-23.25484,5.093477,18.06794,0,0,0,-23.36083,4.947413,18.06584
115.1891,-23.25484,5.093477,18.06794,0,0,0,-23.36083,4.947413,18.06584
115.1969,-23.25484,5.093477,18.06794,0,0,0,-23.36083,4.947413,18.06584
115.2067,-23.2532,5.093441,18.06767,0,0,0,-23.36083,4.947413,18.06584
115.2186,-23.2532,5.093441,18.06767,0,0,0,-23.36083,4.947413,18.06584
115.2297,-23.2532,5.093441,18.06767,0,0,0,-23.36083,4.947413,18.06584
115.2383,-23.2532,5.093441,18.06767,0,0,0,-23.36083,4.947413,18.06584
115.2472,-23.2532,5.093441,18.06767,0,0,0,-23.36083,4.947413,18.06584
115.2563,-23.2532,5.093441,18.06767,0,0,0,-23.36083,4.947413,18.06584
115.2667,-23.25459,5.093122,18.06955,0,0,0,-23.36083,4.947413,18.06584
115.2759,-23.25459,5.093122,18.06955,0,0,0,-23.36083,4.947413,18.06584
115.287,-23.25459,5.093122,18.06955,0,0,0,-23.36083,4.947413,18.06584
115.2957,-23.25459,5.093122,18.06955,0,0,0,-23.36083,4.947413,18.06584
115.3058,-23.25459,5.093122,18.06955,0,0,0,-23.36083,4.947413,18.06584
115.3144,-23.25459,5.093122,18.06955,0,0,0,-23.36083,4.947413,18.06584
115.3218,-23.25484,5.093477,18.06794,0,0,0,-23.36083,4.947413,18.06584
115.3303,-23.25484,5.093477,18.06794,0,0,0,-23.36083,4.947413,18.06584
115.3376,-23.25484,5.093477,18.06794,0,0,0,-23.36083,4.947413,18.06584
115.3453,-23.25484,5.093477,18.06794,0,0,0,-23.36083,4.947413,18.06584
115.3536,-23.25484,5.093477,18.06794,0,0,0,-23.36083,4.947413,18.06584
115.3634,-23.2532,5.093441,18.06767,0,0,0,-23.36083,4.947413,18.06584
115.3716,-23.2532,5.093441,18.06767,0,0,0,-23.36083,4.947413,18.06584
115.379,-23.2532,5.093441,18.06767,0,0,0,-23.36083,4.947413,18.06584
115.3862,-23.25413,5.093478,18.06784,0,0,0,-23.36083,4.947413,18.06584
115.3947,-23.25413,5.093478,18.06784,0,0,0,-23.36083,4.947413,18.06584
115.4018,-23.25249,5.093441,18.06757,0,0,0,-23.36083,4.947413,18.06584
115.4107,-23.25249,5.093441,18.06757,0,0,0,-23.36083,4.947413,18.06584
115.4184,-23.25249,5.093441,18.06757,0,0,0,-23.36083,4.947413,18.06584
115.4259,-23.25223,5.093084,18.06918,0,0,0,-23.36083,4.947413,18.06584
115.4342,-23.25223,5.093084,18.06918,0,0,0,-23.36083,4.947413,18.06584
115.4418,-23.25249,5.093441,18.06757,0,0,0,-23.36083,4.947413,18.06584
115.4525,-23.25249,5.093441,18.06757,0,0,0,-23.36083,4.947413,18.06584
115.4597,-23.25249,5.093441,18.06757,0,0,0,-23.36083,4.947413,18.06584
115.4668,-23.25275,5.093799,18.06596,0,0,0,-23.36083,4.947413,18.06584
115.4752,-23.25275,5.093799,18.06596,0,0,0,-23.36083,4.947413,18.06584
115.4828,-23.25275,5.093798,18.06596,0,0,0,-23.36083,4.947413,18.06584
115.4911,-23.25275,5.093798,18.06596,0,0,0,-23.36083,4.947413,18.06584
115.4989,-23.25275,5.093798,18.06596,0,0,0,-23.36083,4.947413,18.06584
115.5059,-23.25249,5.093441,18.06757,0,0,0,-23.36083,4.947413,18.06584
115.5142,-23.25249,5.093441,18.06757,0,0,0,-23.36083,4.947413,18.06584
115.5212,-23.25249,5.093441,18.06757,0,0,0,-23.36083,4.947413,18.06584
115.5296,-23.25249,5.093441,18.06757,0,0,0,-23.36083,4.947413,18.06584
115.5367,-23.25249,5.093441,18.06757,0,0,0,-23.36083,4.947413,18.06584
115.545,-23.25249,5.093441,18.06757,0,0,0,-23.36083,4.947413,18.06584
115.5556,-23.25249,5.093441,18.06757,0,0,0,-23.36083,4.947413,18.06584
115.5629,-23.25249,5.093441,18.06757,0,0,0,-23.36083,4.947413,18.06584
115.5707,-23.25249,5.093441,18.06757,0,0,0,-23.36083,4.947413,18.06584
115.5781,-23.25249,5.093441,18.06757,0,0,0,-23.36083,4.947413,18.06584
115.5855,-23.25249,5.093441,18.06757,0,0,0,-23.36083,4.947413,18.06584
115.5939,-23.25249,5.093441,18.06757,0,0,0,-23.36083,4.947413,18.06584
115.6022,-23.25439,5.093836,18.06623,0,0,0,-23.36083,4.947413,18.06584
115.6112,-23.25439,5.093836,18.06623,0,0,0,-23.36083,4.947413,18.06584
115.6226,-23.25439,5.093836,18.06623,0,0,0,-23.36083,4.947413,18.06584
115.6316,-23.25439,5.093836,18.06623,0,0,0,-23.36083,4.947413,18.06584
115.6391,-23.25439,5.093836,18.06623,0,0,0,-23.36083,4.947413,18.06584
115.6476,-23.25439,5.093836,18.06623,0,0,0,-23.36083,4.947413,18.06584
115.6575,-23.25439,5.093836,18.06623,0,0,0,-23.36083,4.947413,18.06584
115.666,-23.25275,5.093799,18.06596,0,0,0,-23.36083,4.947413,18.06584
115.675,-23.25275,5.093799,18.06596,0,0,0,-23.36083,4.947413,18.06584
115.6835,-23.25275,5.093798,18.06596,0,0,0,-23.36083,4.947413,18.06584
115.6927,-23.25275,5.093798,18.06596,0,0,0,-23.36083,4.947413,18.06584
115.7039,-23.25275,5.093798,18.06596,0,0,0,-23.36083,4.947413,18.06584
115.7125,-23.25275,5.093798,18.06596,0,0,0,-23.36083,4.947413,18.06584
115.7205,-23.25275,5.093798,18.06596,0,0,0,-23.36083,4.947413,18.06584
115.7299,-23.25275,5.093798,18.06596,0,0,0,-23.36083,4.947413,18.06584
115.7383,-23.25275,5.093798,18.06596,0,0,0,-23.36083,4.947413,18.06584
115.747,-23.25275,5.093798,18.06596,0,0,0,-23.36083,4.947413,18.06584
115.7575,-23.25275,5.093798,18.06596,0,0,0,-23.36083,4.947413,18.06584
115.7674,-23.25275,5.093798,18.06596,0,0,0,-23.36083,4.947413,18.06584
115.7758,-23.25275,5.093798,18.06596,0,0,0,-23.36083,4.947413,18.06584
115.7836,-23.25439,5.093836,18.06623,0,0,0,-23.36083,4.947413,18.06584
115.7921,-23.25439,5.093836,18.06623,0,0,0,-23.36083,4.947413,18.06584
115.7999,-23.25439,5.093836,18.06623,0,0,0,-23.36083,4.947413,18.06584
115.8071,-23.25439,5.093836,18.06623,0,0,0,-23.36083,4.947413,18.06584
115.8162,-23.25439,5.093836,18.06623,0,0,0,-23.36083,4.947413,18.06584
115.827,-23.25439,5.093836,18.06623,0,0,0,-23.36083,4.947413,18.06584
115.8364,-23.25439,5.093836,18.06623,0,0,0,-23.36083,4.947413,18.06584
115.8438,-23.25275,5.093799,18.06596,0,0,0,-23.36083,4.947413,18.06584
115.8521,-23.25275,5.093799,18.06596,0,0,0,-23.36083,4.947413,18.06584
115.8599,-23.25275,5.093799,18.06596,0,0,0,-23.36083,4.947413,18.06584
115.8676,-23.25439,5.093836,18.06623,0,0,0,-23.36083,4.947413,18.06584
115.8768,-23.25439,5.093836,18.06623,0,0,0,-23.36083,4.947413,18.06584
115.8842,-23.25275,5.093799,18.06596,0,0,0,-23.36083,4.947413,18.06584
115.8932,-23.25275,5.093799,18.06596,0,0,0,-23.36083,4.947413,18.06584
115.9019,-23.25439,5.093836,18.06623,0,0,0,-23.36083,4.947413,18.06584
115.911,-23.25439,5.093836,18.06623,0,0,0,-23.36083,4.947413,18.06584
115.919,-23.25439,5.093836,18.06623,0,0,0,-23.36083,4.947413,18.06584
115.9266,-23.25275,5.093799,18.06596,0,0,0,-23.36083,4.947413,18.06584
115.9352,-23.25275,5.093799,18.06596,0,0,0,-23.36083,4.947413,18.06584
115.9429,-23.25275,5.093798,18.06596,0,0,0,-23.36083,4.947413,18.06584
115.9518,-23.25275,5.093798,18.06596,0,0,0,-23.36083,4.947413,18.06584
115.9594,-23.25275,5.093798,18.06596,0,0,0,-23.36083,4.947413,18.06584
115.9671,-23.25413,5.093477,18.06784,0,0,0,-23.36083,4.947413,18.06584
115.9757,-23.25413,5.093477,18.06784,0,0,0,-23.36083,4.947413,18.06584
115.9835,-23.25413,5.093478,18.06784,0,0,0,-23.36083,4.947413,18.06584
115.9932,-23.25413,5.093478,18.06784,0,0,0,-23.36083,4.947413,18.06584
116.0005,-23.25413,5.093478,18.06784,0,0,0,-23.36083,4.947413,18.06584
116.0089,-23.25413,5.093478,18.06784,0,0,0,-23.36083,4.947413,18.06584
116.0172,-23.25413,5.093478,18.06784,0,0,0,-23.36083,4.947413,18.06584
116.0241,-23.25275,5.093799,18.06596,0,0,0,-23.36083,4.947413,18.06584
116.0324,-23.25275,5.093799,18.06596,0,0,0,-23.36083,4.947413,18.06584
116.0399,-23.25275,5.093799,18.06596,0,0,0,-23.36083,4.947413,18.06584
116.0501,-23.25439,5.093836,18.06623,0,0,0,-23.36083,4.947413,18.06584
116.0597,-23.25439,5.093836,18.06623,0,0,0,-23.36083,4.947413,18.06584
116.0673,-23.25465,5.094196,18.06462,0,0,0,-23.36083,4.947413,18.06584
116.0758,-23.25465,5.094196,18.06462,0,0,0,-23.36083,4.947413,18.06584
116.0837,-23.25465,5.094196,18.06462,0,0,0,-23.36083,4.947413,18.06584
116.0915,-23.25465,5.094196,18.06462,0,0,0,-23.36083,4.947413,18.06584
116.0994,-23.25465,5.094196,18.06462,0,0,0,-23.36083,4.947413,18.06584
116.1072,-23.25465,5.094196,18.06462,0,0,0,-23.36083,4.947413,18.06584
116.1152,-23.25465,5.094196,18.06462,0,0,0,-23.36083,4.947413,18.06584
116.1223,-23.2549,5.094559,18.06301,0,0,0,-23.36083,4.947413,18.06584
116.1305,-23.2549,5.094559,18.06301,0,0,0,-23.36083,4.947413,18.06584
116.1374,-23.2549,5.094559,18.06301,0,0,0,-23.36083,4.947413,18.06584
116.1449,-23.2549,5.094559,18.06301,0,0,0,-23.36083,4.947413,18.06584
116.1527,-23.2549,5.094559,18.06301,0,0,0,-23.36083,4.947413,18.06584
116.1603,-23.25326,5.094522,18.06274,0,0,0,-23.36083,4.947413,18.06584
116.1685,-23.25326,5.094522,18.06274,0,0,0,-23.36083,4.947413,18.06584
116.1759,-23.25326,5.094522,18.06274,0,0,0,-23.36083,4.947413,18.06584
116.1839,-23.2549,5.094559,18.06301,0,0,0,-23.36083,4.947413,18.06584
116.196,-23.2549,5.094559,18.06301,0,0,0,-23.36083,4.947413,18.06584
116.205,-23.2549,5.094559,18.06301,0,0,0,-23.36083,4.947413,18.06584
116.2138,-23.2549,5.094559,18.06301,0,0,0,-23.36083,4.947413,18.06584
116.222,-23.2549,5.094559,18.06301,0,0,0,-23.36083,4.947413,18.06584
116.2314,-23.2549,5.094559,18.06301,0,0,0,-23.36083,4.947413,18.06584
116.2418,-23.2549,5.094559,18.06301,0,0,0,-23.36083,4.947413,18.06584
116.2518,-23.2549,5.094559,18.06301,0,0,0,-23.36083,4.947413,18.06584
116.2604,-23.2549,5.094559,18.06301,0,0,0,-23.36083,4.947413,18.06584
116.2715,-23.2549,5.094559,18.06301,0,0,0,-23.36083,4.947413,18.06584
116.2804,-23.2549,5.094559,18.06301,0,0,0,-23.36083,4.947413,18.06584
116.2917,-23.2549,5.094559,18.06301,0,0,0,-23.36083,4.947413,18.06584
116.3006,-23.2549,5.094559,18.06301,0,0,0,-23.36083,4.947413,18.06584
116.3105,-23.2549,5.094559,18.06301,0,0,0,-23.36083,4.947413,18.06584
116.3196,-23.2549,5.094559,18.06301,0,0,0,-23.36083,4.947413,18.06584
116.3275,-23.2549,5.094559,18.06301,0,0,0,-23.36083,4.947413,18.06584
116.3368,-23.2549,5.094559,18.06301,0,0,0,-23.36083,4.947413,18.06584
116.3459,-23.25654,5.094598,18.06328,0,0,0,-23.36083,4.947413,18.06584
116.3555,-23.25654,5.094598,18.06328,0,0,0,-23.36083,4.947413,18.06584
116.3664,-23.2549,5.094559,18.06301,0,0,0,-23.36083,4.947413,18.06584
116.3777,-23.2549,5.094559,18.06301,0,0,0,-23.36083,4.947413,18.06584
116.3866,-23.2549,5.094559,18.06301,0,0,0,-23.36083,4.947413,18.06584
116.3952,-23.2549,5.094559,18.06301,0,0,0,-23.36083,4.947413,18.06584
116.4028,-23.25516,5.094923,18.0614,0,0,0,-23.36083,4.947413,18.06584
116.4124,-23.25516,5.094923,18.0614,0,0,0,-23.36083,4.947413,18.06584
116.4225,-23.2568,5.094963,18.06167,0,0,0,-23.36083,4.947413,18.06584
116.4316,-23.2568,5.094963,18.06167,0,0,0,-23.36083,4.947413,18.06584
116.4394,-23.2568,5.094963,18.06167,0,0,0,-23.36083,4.947413,18.06584
116.4469,-23.25516,5.094923,18.0614,0,0,0,-23.36083,4.947413,18.06584
116.4556,-23.25516,5.094923,18.0614,0,0,0,-23.36083,4.947413,18.06584
116.4631,-23.2568,5.094963,18.06167,0,0,0,-23.36083,4.947413,18.06584
116.4716,-23.2568,5.094963,18.06167,0,0,0,-23.36083,4.947413,18.06584
116.479,-23.2568,5.094963,18.06167,0,0,0,-23.36083,4.947413,18.06584
116.4875,-23.25654,5.094598,18.06328,0,0,0,-23.36083,4.947413,18.06584
116.4962,-23.25654,5.094598,18.06328,0,0,0,-23.36083,4.947413,18.06584
116.5036,-23.2568,5.094963,18.06167,0,0,0,-23.36083,4.947413,18.06584
116.5127,-23.2568,5.094963,18.06167,0,0,0,-23.36083,4.947413,18.06584
116.5203,-23.25844,5.095003,18.06194,0,0,0,-23.36083,4.947413,18.06584
116.5315,-23.25844,5.095003,18.06194,0,0,0,-23.36083,4.947413,18.06584
116.5391,-23.25844,5.095003,18.06194,0,0,0,-23.36083,4.947413,18.06584
116.547,-23.25844,5.095003,18.06194,0,0,0,-23.36083,4.947413,18.06584
116.5558,-23.25844,5.095003,18.06194,0,0,0,-23.36083,4.947413,18.06584
116.5631,-23.26009,5.095046,18.06221,0,0,0,-23.36083,4.947413,18.06584
116.5715,-23.26009,5.095046,18.06221,0,0,0,-23.36083,4.947413,18.06584
116.5792,-23.26009,5.095046,18.06221,0,0,0,-23.36083,4.947413,18.06584
116.5868,-23.26009,5.095045,18.06221,0,0,0,-23.36083,4.947413,18.06584
116.5963,-23.26009,5.095045,18.06221,0,0,0,-23.36083,4.947413,18.06584
116.6036,-23.26009,5.095045,18.06221,0,0,0,-23.36083,4.947413,18.06584
116.6121,-23.26009,5.095045,18.06221,0,0,0,-23.36083,4.947413,18.06584
116.6197,-23.26009,5.095045,18.06221,0,0,0,-23.36083,4.947413,18.06584
116.6288,-23.26034,5.095413,18.0606,0,0,0,-23.36083,4.947413,18.06584
116.6379,-23.26034,5.095413,18.0606,0,0,0,-23.36083,4.947413,18.06584
116.6489,-23.26034,5.095413,18.0606,0,0,0,-23.36083,4.947413,18.06584
116.6577,-23.26034,5.095413,18.0606,0,0,0,-23.36083,4.947413,18.06584
116.665,-23.26034,5.095413,18.0606,0,0,0,-23.36083,4.947413,18.06584
116.6735,-23.26034,5.095413,18.0606,0,0,0,-23.36083,4.947413,18.06584
116.681,-23.26198,5.095458,18.06087,0,0,0,-23.36083,4.947413,18.06584
116.6897,-23.26198,5.095458,18.06087,0,0,0,-23.36083,4.947413,18.06584
116.6985,-23.26198,5.095458,18.06087,0,0,0,-23.36083,4.947413,18.06584
116.7067,-23.26009,5.095046,18.06221,0,0,0,-23.36083,4.947413,18.06584
116.7151,-23.26009,5.095046,18.06221,0,0,0,-23.36083,4.947413,18.06584
116.7227,-23.26009,5.095045,18.06221,0,0,0,-23.36083,4.947413,18.06584
116.731,-23.26009,5.095045,18.06221,0,0,0,-23.36083,4.947413,18.06584
116.7417,-23.26009,5.095045,18.06221,0,0,0,-23.36083,4.947413,18.06584
116.7519,-23.26009,5.095045,18.06221,0,0,0,-23.36083,4.947413,18.06584
116.7603,-23.26009,5.095045,18.06221,0,0,0,-23.36083,4.947413,18.06584
116.7719,-23.26009,5.095045,18.06221,0,0,0,-23.36083,4.947413,18.06584
116.7806,-23.25983,5.094681,18.06382,0,0,0,-23.36083,4.947413,18.06584
116.7897,-23.25983,5.094681,18.06382,0,0,0,-23.36083,4.947413,18.06584
116.7972,-23.25983,5.094681,18.06382,0,0,0,-23.36083,4.947413,18.06584
116.8048,-23.26009,5.095046,18.06221,0,0,0,-23.36083,4.947413,18.06584
116.8148,-23.26009,5.095046,18.06221,0,0,0,-23.36083,4.947413,18.06584
116.8226,-23.26009,5.095045,18.06221,0,0,0,-23.36083,4.947413,18.06584
116.8318,-23.26009,5.095045,18.06221,0,0,0,-23.36083,4.947413,18.06584
116.8393,-23.26009,5.095045,18.06221,0,0,0,-23.36083,4.947413,18.06584
116.849,-23.26173,5.095091,18.06248,0,0,0,-23.36083,4.947413,18.06584
116.8594,-23.26173,5.095091,18.06248,0,0,0,-23.36083,4.947413,18.06584
116.8702,-23.26009,5.095046,18.06221,0,0,0,-23.36083,4.947413,18.06584
116.8795,-23.26009,5.095046,18.06221,0,0,0,-23.36083,4.947413,18.06584
116.8875,-23.26009,5.095045,18.06221,0,0,0,-23.36083,4.947413,18.06584
116.9002,-23.25938,5.095045,18.06211,0,0,0,-23.36083,4.947413,18.06584
116.9101,-23.25938,5.095045,18.06211,0,0,0,-23.36083,4.947413,18.06584
116.9191,-23.25938,5.095045,18.06211,0,0,0,-23.36083,4.947413,18.06584
116.9296,-23.25938,5.095045,18.06211,0,0,0,-23.36083,4.947413,18.06584
116.9385,-23.25938,5.095045,18.06211,0,0,0,-23.36083,4.947413,18.06584
116.9469,-23.25938,5.095045,18.06211,0,0,0,-23.36083,4.947413,18.06584
116.9556,-23.25938,5.095045,18.06211,0,0,0,-23.36083,4.947413,18.06584
116.9651,-23.25938,5.095045,18.06211,0,0,0,-23.36083,4.947413,18.06584
116.9741,-23.25938,5.095045,18.06211,0,0,0,-23.36083,4.947413,18.06584
116.9821,-23.25938,5.095045,18.06211,0,0,0,-23.36083,4.947413,18.06584
116.9907,-23.25938,5.095045,18.06211,0,0,0,-23.36083,4.947413,18.06584
117.0032,-23.26102,5.095091,18.06239,0,0,0,-23.36083,4.947413,18.06584
117.0122,-23.26102,5.095091,18.06239,0,0,0,-23.36083,4.947413,18.06584
117.0194,-23.26102,5.095091,18.06239,0,0,0,-23.36083,4.947413,18.06584
117.0284,-23.25913,5.094682,18.06372,0,0,0,-23.36083,4.947413,18.06584
117.0374,-23.25913,5.094682,18.06372,0,0,0,-23.36083,4.947413,18.06584
117.0451,-23.25913,5.094682,18.06372,0,0,0,-23.36083,4.947413,18.06584
117.0535,-23.25913,5.094682,18.06372,0,0,0,-23.36083,4.947413,18.06584
117.0615,-23.25913,5.094682,18.06372,0,0,0,-23.36083,4.947413,18.06584
117.0704,-23.25913,5.094682,18.06372,0,0,0,-23.36083,4.947413,18.06584
117.0792,-23.25913,5.094682,18.06372,0,0,0,-23.36083,4.947413,18.06584
117.087,-23.25913,5.094682,18.06372,0,0,0,-23.36083,4.947413,18.06584
117.0964,-23.25913,5.094682,18.06372,0,0,0,-23.36083,4.947413,18.06584
117.1035,-23.25913,5.094682,18.06372,0,0,0,-23.36083,4.947413,18.06584
117.1124,-23.25913,5.094682,18.06372,0,0,0,-23.36083,4.947413,18.06584
117.121,-23.25887,5.094319,18.06533,0,0,0,-23.36083,4.947413,18.06584
117.13,-23.25887,5.094319,18.06533,0,0,0,-23.36083,4.947413,18.06584
117.1383,-23.25887,5.094319,18.06533,0,0,0,-23.36083,4.947413,18.06584
117.1462,-23.25913,5.094682,18.06372,0,0,0,-23.36083,4.947413,18.06584
117.155,-23.25913,5.094682,18.06372,0,0,0,-23.36083,4.947413,18.06584
117.1638,-23.26051,5.094364,18.0656,0,0,0,-23.36083,4.947413,18.06584
117.1721,-23.26051,5.094364,18.0656,0,0,0,-23.36083,4.947413,18.06584
117.1797,-23.26051,5.094364,18.0656,0,0,0,-23.36083,4.947413,18.06584
117.1865,-23.25913,5.094682,18.06372,0,0,0,-23.36083,4.947413,18.06584
117.1958,-23.25913,5.094682,18.06372,0,0,0,-23.36083,4.947413,18.06584
117.2041,-23.25887,5.094319,18.06533,0,0,0,-23.36083,4.947413,18.06584
117.2126,-23.25887,5.094319,18.06533,0,0,0,-23.36083,4.947413,18.06584
117.2233,-23.25913,5.094682,18.06372,0,0,0,-23.36083,4.947413,18.06584
117.2322,-23.25913,5.094682,18.06372,0,0,0,-23.36083,4.947413,18.06584
117.2394,-23.25913,5.094682,18.06372,0,0,0,-23.36083,4.947413,18.06584
117.2468,-23.2588,5.094007,18.06574,0,0,0,-23.36083,4.947413,18.06584
117.2554,-23.2588,5.094007,18.06574,0,0,0,-23.36083,4.947413,18.06584
117.2652,-23.2588,5.094007,18.06574,0,0,0,-23.36083,4.947413,18.06584
117.274,-23.2588,5.094007,18.06574,0,0,0,-23.36083,4.947413,18.06584
117.282,-23.25855,5.093647,18.06735,0,0,0,-23.36083,4.947413,18.06584
117.2925,-23.25855,5.093647,18.06735,0,0,0,-23.36083,4.947413,18.06584
117.3002,-23.25855,5.093646,18.06735,0,0,0,-23.36083,4.947413,18.06584
117.3091,-23.25855,5.093646,18.06735,0,0,0,-23.36083,4.947413,18.06584
117.3164,-23.25855,5.093646,18.06735,0,0,0,-23.36083,4.947413,18.06584
117.3236,-23.25855,5.093646,18.06735,0,0,0,-23.36083,4.947413,18.06584
117.332,-23.25855,5.093646,18.06735,0,0,0,-23.36083,4.947413,18.06584
117.3393,-23.25855,5.093646,18.06735,0,0,0,-23.36083,4.947413,18.06584
117.3467,-23.25829,5.093287,18.06896,0,0,0,-23.36083,4.947413,18.06584
117.356,-23.25829,5.093287,18.06896,0,0,0,-23.36083,4.947413,18.06584
117.3639,-23.25829,5.093288,18.06896,0,0,0,-23.36083,4.947413,18.06584
117.3727,-23.25829,5.093288,18.06896,0,0,0,-23.36083,4.947413,18.06584
117.381,-23.25829,5.093288,18.06896,0,0,0,-23.26799,4.936513,18.03571
117.3899,-23.25829,5.093288,18.06896,0,0,0,-23.26799,4.936513,18.03571
117.3984,-23.25829,5.093288,18.06896,0,0,0,-23.26799,4.936513,18.03571
117.406,-23.25804,5.092931,18.07057,0,0,0,-23.26799,4.936513,18.03571
117.4166,-23.25804,5.092931,18.07057,0,0,0,-23.26799,4.936513,18.03571
117.4281,-23.25804,5.09293,18.07057,0,0,0,-23.26799,4.936513,18.03571
117.4377,-23.25804,5.09293,18.07057,0,0,0,-23.26799,4.936513,18.03571
117.4452,-23.25588,5.092182,18.07352,0,0,0,-23.26799,4.936513,18.03571
117.4547,-23.25588,5.092182,18.07352,0,0,0,-23.26799,4.936513,18.03571
117.463,-23.25614,5.092534,18.07191,0,0,0,-23.26799,4.936513,18.03571
117.4711,-23.25614,5.092534,18.07191,0,0,0,-23.26799,4.936513,18.03571
117.4785,-23.25614,5.092534,18.07191,0,0,0,-23.26799,4.936513,18.03571
117.4855,-23.25614,5.092534,18.07191,0,0,0,-23.26799,4.936513,18.03571
117.4949,-23.25614,5.092534,18.07191,0,0,0,-23.26799,4.936513,18.03571
117.503,-23.25614,5.092534,18.07191,0,0,0,-23.26799,4.936513,18.03571
117.5119,-23.25614,5.092534,18.07191,0,0,0,-23.26799,4.936513,18.03571
117.5198,-23.25614,5.092534,18.07191,0,0,0,-23.26799,4.936513,18.03571
117.5299,-23.2571,5.092888,18.0704,0,0,0,-23.26799,4.936513,18.03571
117.5385,-23.2571,5.092888,18.0704,0,0,0,-23.26799,4.936513,18.03571
117.5461,-23.2571,5.092888,18.0704,0,0,0,-23.26799,4.936513,18.03571
117.5544,-23.2571,5.092888,18.0704,0,0,0,-23.26799,4.936513,18.03571
117.5621,-23.25874,5.09293,18.07067,0,0,0,-23.26799,4.936513,18.03571
117.5704,-23.25874,5.09293,18.07067,0,0,0,-23.26799,4.936513,18.03571
117.5786,-23.25874,5.09293,18.07067,0,0,0,-23.26799,4.936513,18.03571
117.586,-23.2571,5.092888,18.0704,0,0,0,-23.26799,4.936513,18.03571
117.5958,-23.2571,5.092888,18.0704,0,0,0,-23.26799,4.936513,18.03571
117.6032,-23.2571,5.092888,18.0704,0,0,0,-23.26799,4.936513,18.03571
117.6132,-23.2571,5.092888,18.0704,0,0,0,-23.26799,4.936513,18.03571
117.6209,-23.2571,5.092888,18.0704,0,0,0,-23.26799,4.936513,18.03571
117.6304,-23.2571,5.092888,18.0704,0,0,0,-23.26799,4.936513,18.03571
117.638,-23.2571,5.092888,18.0704,0,0,0,-23.26799,4.936513,18.03571
117.6457,-23.25874,5.09293,18.07067,0,0,0,-23.26799,4.936513,18.03571
117.6554,-23.25874,5.09293,18.07067,0,0,0,-23.26799,4.936513,18.03571
117.6637,-23.25736,5.093245,18.06879,0,0,0,-23.26799,4.936513,18.03571
117.6738,-23.25736,5.093245,18.06879,0,0,0,-23.26799,4.936513,18.03571
117.6852,-23.25736,5.093245,18.06879,0,0,0,-23.26799,4.936513,18.03571
117.6951,-23.25736,5.093245,18.06879,0,0,0,-23.26799,4.936513,18.03571
117.703,-23.259,5.093288,18.06906,0,0,0,-23.26799,4.936513,18.03571
117.7131,-23.259,5.093288,18.06906,0,0,0,-23.26799,4.936513,18.03571
117.723,-23.25761,5.093602,18.06718,0,0,0,-23.26799,4.936513,18.03571
117.7327,-23.25761,5.093602,18.06718,0,0,0,-23.26799,4.936513,18.03571
117.7408,-23.25925,5.093646,18.06745,0,0,0,-23.26799,4.936513,18.03571
117.7494,-23.25925,5.093646,18.06745,0,0,0,-23.26799,4.936513,18.03571
117.7566,-23.25925,5.093646,18.06745,0,0,0,-23.26799,4.936513,18.03571
117.7646,-23.25752,5.093998,18.06777,0,0,0,-23.26799,4.936513,18.03571
117.7729,-23.25752,5.093998,18.06777,0,0,0,-23.26799,4.936513,18.03571
117.7807,-23.25752,5.093998,18.06777,0,0,0,-23.26799,4.936513,18.03571
117.7899,-23.25752,5.093998,18.06777,0,0,0,-23.26799,4.936513,18.03571
117.7986,-23.25752,5.093998,18.06777,0,0,0,-23.26799,4.936513,18.03571
117.8064,-23.25613,5.094316,18.06589,0,0,0,-23.26799,4.936513,18.03571
117.8156,-23.25613,5.094316,18.06589,0,0,0,-23.26799,4.936513,18.03571
117.823,-23.25613,5.094316,18.06589,0,0,0,-23.26799,4.936513,18.03571
117.832,-23.25613,5.094316,18.06589,0,0,0,-23.26799,4.936513,18.03571
117.8395,-23.25613,5.094316,18.06589,0,0,0,-23.26799,4.936513,18.03571
117.847,-23.25474,5.09464,18.06401,0,0,0,-23.26799,4.936513,18.03571
117.8553,-23.25474,5.09464,18.06401,0,0,0,-23.26799,4.936513,18.03571
117.8647,-23.25639,5.094679,18.06428,0,0,0,-23.26799,4.936513,18.03571
117.8756,-23.25639,5.094679,18.06428,0,0,0,-23.26799,4.936513,18.03571
117.884,-23.25474,5.094641,18.06401,0,0,0,-23.26799,4.936513,18.03571
117.8932,-23.25474,5.094641,18.06401,0,0,0,-23.26799,4.936513,18.03571
117.9009,-23.25474,5.094641,18.06401,0,0,0,-23.26799,4.936513,18.03571
117.9104,-23.25474,5.094641,18.06401,0,0,0,-23.26799,4.936513,18.03571
117.9178,-23.25474,5.094641,18.06401,0,0,0,-23.26799,4.936513,18.03571
117.9256,-23.25146,5.09457,18.06347,0,0,0,-23.26799,4.936513,18.03571
117.9353,-23.25146,5.09457,18.06347,0,0,0,-23.26799,4.936513,18.03571
117.9431,-23.24817,5.094506,18.06293,0,0,0,-23.26799,4.936513,18.03571
117.9518,-23.24817,5.094506,18.06293,0,0,0,-23.26799,4.936513,18.03571
117.9601,-23.24652,5.094478,18.06266,0,0,0,-23.26799,4.936513,18.03571
117.9688,-23.24652,5.094478,18.06266,0,0,0,-23.26799,4.936513,18.03571
117.9769,-23.24652,5.094478,18.06266,0,0,0,-23.26799,4.936513,18.03571
117.9845,-23.24324,5.094428,18.06213,0,0,0,-23.26799,4.936513,18.03571
117.993,-23.24324,5.094428,18.06213,0,0,0,-23.26799,4.936513,18.03571
118.0008,-23.24159,5.094405,18.06186,0,0,0,-23.26799,4.936513,18.03571
118.0104,-23.24159,5.094405,18.06186,0,0,0,-23.26799,4.936513,18.03571
118.0176,-23.24159,5.094405,18.06186,0,0,0,-23.26799,4.936513,18.03571
118.0253,-23.23831,5.094368,18.06133,0,0,0,-23.26799,4.936513,18.03571
118.0338,-23.23831,5.094368,18.06133,0,0,0,-23.26799,4.936513,18.03571
118.0411,-23.23666,5.094353,18.06106,0,0,0,-23.26799,4.936513,18.03571
118.0499,-23.23666,5.094353,18.06106,0,0,0,-23.26799,4.936513,18.03571
118.0579,-23.23666,5.094353,18.06106,0,0,0,-23.26799,4.936513,18.03571
118.0654,-23.23267,5.094328,18.06042,0,0,0,-23.26799,4.936513,18.03571
118.0736,-23.23267,5.094328,18.06042,0,0,0,-23.26799,4.936513,18.03571
118.0813,-23.23103,5.094319,18.06015,0,0,0,-23.26799,4.936513,18.03571
118.0934,-23.23103,5.094319,18.06015,0,0,0,-23.26799,4.936513,18.03571
118.1021,-23.22938,5.094312,18.05989,0,0,0,-23.26799,4.936513,18.03571
118.1115,-23.22938,5.094312,18.05989,0,0,0,-23.26799,4.936513,18.03571
118.1194,-23.22938,5.094312,18.05989,0,0,0,-23.26799,4.936513,18.03571
118.1283,-23.22938,5.094311,18.05989,0,0,0,-23.26799,4.936513,18.03571
118.1371,-23.22938,5.094311,18.05989,0,0,0,-23.26799,4.936513,18.03571
118.1453,-23.22633,5.094307,18.0594,0,0,0,-23.26799,4.936513,18.03571
118.1537,-23.22633,5.094307,18.0594,0,0,0,-23.26799,4.936513,18.03571
118.1613,-23.22492,5.094307,18.05917,0,0,0,-23.26799,4.936513,18.03571
118.1697,-23.22492,5.094307,18.05917,0,0,0,-23.26799,4.936513,18.03571
118.1773,-23.22492,5.094307,18.05917,0,0,0,-23.26799,4.936513,18.03571
118.1851,-23.22378,5.09467,18.05734,0,0,0,-23.26799,4.936513,18.03571
118.1941,-23.22378,5.09467,18.05734,0,0,0,-23.26799,4.936513,18.03571
118.2018,-23.21983,5.094615,18.05793,0,0,0,-23.26799,4.936513,18.03571
118.2105,-23.21983,5.094615,18.05793,0,0,0,-23.26799,4.936513,18.03571
118.2178,-23.21983,5.094615,18.05793,0,0,0,-23.26799,4.936513,18.03571
118.2259,-23.21772,5.094615,18.05758,0,0,0,-23.26799,4.936513,18.03571
118.2345,-23.21772,5.094615,18.05758,0,0,0,-23.26799,4.936513,18.03571
118.242,-23.21518,5.09498,18.05551,0,0,0,-23.26799,4.936513,18.03571
118.2505,-23.21518,5.09498,18.05551,0,0,0,-23.26799,4.936513,18.03571
118.2583,-23.21518,5.09498,18.05551,0,0,0,-23.26799,4.936513,18.03571
118.2691,-23.21104,5.095292,18.0544,0,0,0,-23.26799,4.936513,18.03571
118.2777,-23.21104,5.095292,18.0544,0,0,0,-23.26799,4.936513,18.03571
118.285,-23.20754,5.095292,18.0538,0,0,0,-23.26799,4.936513,18.03571
118.2939,-23.20754,5.095292,18.0538,0,0,0,-23.26799,4.936513,18.03571
118.3016,-23.20211,5.094927,18.05451,0,0,0,-23.26799,4.936513,18.03571
118.3111,-23.20211,5.094927,18.05451,0,0,0,-23.26799,4.936513,18.03571
118.3194,-23.20211,5.094927,18.05451,0,0,0,-23.26799,4.936513,18.03571
118.3278,-23.19487,5.094929,18.05323,0,0,0,-23.26799,4.936513,18.03571
118.3362,-23.19487,5.094929,18.05323,0,0,0,-23.26799,4.936513,18.03571
118.3465,-23.18863,5.094965,18.05437,0,0,0,-23.26799,4.936513,18.03571
118.3554,-23.18863,5.094965,18.05437,0,0,0,-23.26799,4.936513,18.03571
118.3634,-23.18305,5.094876,18.05583,0,0,0,-23.26799,4.936513,18.03571
118.3729,-23.18305,5.094876,18.05583,0,0,0,-23.26799,4.936513,18.03571
118.3843,-23.17698,5.094841,18.05594,0,0,0,-23.26799,4.936513,18.03571
118.396,-23.17698,5.094841,18.05594,0,0,0,-23.26799,4.936513,18.03571
118.4035,-23.17064,5.095479,18.05741,0,0,0,-23.26799,4.936513,18.03571
118.4141,-23.17064,5.095479,18.05741,0,0,0,-23.26799,4.936513,18.03571
118.4229,-23.16706,5.096062,18.05712,0,0,0,-23.26799,4.936513,18.03571
118.4342,-23.16706,5.096062,18.05712,0,0,0,-23.26799,4.936513,18.03571
118.4445,-23.16183,5.096659,18.05651,0,0,0,-23.26799,4.936513,18.03571
118.4576,-23.16183,5.096659,18.05651,0,0,0,-23.26799,4.936513,18.03571
118.47,-23.15949,5.097576,18.05477,0,0,0,-23.26799,4.936513,18.03571
118.4795,-23.15949,5.097576,18.05477,0,0,0,-23.26799,4.936513,18.03571
118.4876,-23.15568,5.098171,18.05442,0,0,0,-23.26799,4.936513,18.03571
118.4971,-23.15568,5.098171,18.05442,0,0,0,-23.26799,4.936513,18.03571
118.5065,-23.15332,5.099841,18.05161,0,0,0,-23.26799,4.936513,18.03571
118.5172,-23.15332,5.099841,18.05161,0,0,0,-23.26799,4.936513,18.03571
118.5293,-23.15119,5.101437,18.05134,0,0,0,-23.26799,4.936513,18.03571
118.5385,-23.15119,5.101437,18.05134,0,0,0,-23.26799,4.936513,18.03571
118.5464,-23.14961,5.10341,18.04827,0,0,0,-23.26799,4.936513,18.03571
118.5558,-23.14961,5.10341,18.04827,0,0,0,-23.26799,4.936513,18.03571
118.5637,-23.15026,5.10493,18.04627,0,0,0,-23.26799,4.936513,18.03571
118.5735,-23.15026,5.10493,18.04627,0,0,0,-23.26799,4.936513,18.03571
118.5818,-23.15021,5.106449,18.04413,0,0,0,-23.26799,4.936513,18.03571
118.5911,-23.15021,5.106449,18.04413,0,0,0,-23.26799,4.936513,18.03571
118.6018,-23.14739,5.108011,18.04017,0,0,0,-23.26799,4.936513,18.03571
118.6106,-23.14739,5.108011,18.04017,0,0,0,-23.26799,4.936513,18.03571
118.6188,-23.14739,5.108011,18.04017,0,0,0,-23.26799,4.936513,18.03571
118.6268,-23.14565,5.110877,18.03576,0,0,0,-23.26799,4.936513,18.03571
118.6356,-23.14565,5.110877,18.03576,0,0,0,-23.26799,4.936513,18.03571
118.6437,-23.14391,5.11204,18.03492,0,0,0,-23.26799,4.936513,18.03571
118.6537,-23.14391,5.11204,18.03492,0,0,0,-23.26799,4.936513,18.03571
118.6618,-23.14122,5.113895,18.03054,0,0,0,-23.26799,4.936513,18.03571
118.6722,-23.14122,5.113895,18.03054,0,0,0,-23.26799,4.936513,18.03571
118.6811,-23.13794,5.11605,18.02559,0,0,0,-23.26799,4.936513,18.03571
118.6931,-23.13794,5.11605,18.02559,0,0,0,-23.26799,4.936513,18.03571
118.7007,-23.13494,5.118252,18.01945,0,0,0,-23.26799,4.936513,18.03571
118.7133,-23.13494,5.118252,18.01945,0,0,0,-23.26799,4.936513,18.03571
118.7226,-23.13223,5.120454,18.01336,0,0,0,-23.26799,4.936513,18.03571
118.7318,-23.13223,5.120454,18.01336,0,0,0,-23.26799,4.936513,18.03571
118.7413,-23.1286,5.122664,18.00705,0,0,0,-23.26799,4.936513,18.03571
118.7518,-23.1286,5.122664,18.00705,0,0,0,-23.26799,4.936513,18.03571
118.7597,-23.1286,5.122664,18.00705,0,0,0,-23.26799,4.936513,18.03571
118.7682,-23.12496,5.123822,18.00222,0,0,0,-23.26799,4.936513,18.03571
118.7784,-23.12496,5.123822,18.00222,0,0,0,-23.26799,4.936513,18.03571
118.7868,-23.11999,5.124554,17.99774,0,0,0,-23.26799,4.936513,18.03571
118.7963,-23.11999,5.124554,17.99774,0,0,0,-23.26799,4.936513,18.03571
118.805,-23.11805,5.12453,17.99501,0,0,0,-23.26799,4.936513,18.03571
118.8149,-23.11805,5.12453,17.99501,0,0,0,-23.26799,4.936513,18.03571
118.8224,-23.11304,5.124532,17.99384,0,0,0,-23.26799,4.936513,18.03571
118.832,-23.11304,5.124532,17.99384,0,0,0,-23.26799,4.936513,18.03571
118.8397,-23.11304,5.124532,17.99384,0,0,0,-23.26799,4.936513,18.03571
118.8473,-23.1071,5.123361,17.99059,0,0,0,-23.26799,4.936513,18.03571
118.8564,-23.1071,5.123361,17.99059,0,0,0,-23.26799,4.936513,18.03571
118.8639,-23.10149,5.122234,17.99198,0,0,0,-23.26799,4.936513,18.03571
118.8734,-23.10149,5.122234,17.99198,0,0,0,-23.26799,4.936513,18.03571
118.8811,-23.09495,5.120356,17.99419,0,0,0,-23.26799,4.936513,18.03571
118.8909,-23.09495,5.120356,17.99419,0,0,0,-23.26799,4.936513,18.03571
118.9001,-23.0911,5.118079,17.99642,0,0,0,-23.26799,4.936513,18.03571
118.909,-23.0911,5.118079,17.99642,0,0,0,-23.26799,4.936513,18.03571
118.9189,-23.0911,5.118079,17.99642,0,0,0,-23.26799,4.936513,18.03571
118.9266,-23.0808,5.113889,17.99623,0,0,0,-23.26799,4.936513,18.03571
118.9354,-23.0808,5.113889,17.99623,0,0,0,-23.26799,4.936513,18.03571
118.9431,-23.07423,5.111604,17.99543,0,0,0,-23.26799,4.936513,18.03571
118.9515,-23.07423,5.111604,17.99543,0,0,0,-23.26799,4.936513,18.03571
118.9592,-23.07423,5.111604,17.99543,0,0,0,-23.26799,4.936513,18.03571
118.9666,-23.06802,5.107076,17.99432,0,0,0,-23.26799,4.936513,18.03571
118.976,-23.06802,5.107076,17.99432,0,0,0,-23.26799,4.936513,18.03571
118.9845,-23.06701,5.103983,17.99368,0,0,0,-23.26799,4.936513,18.03571
118.9948,-23.06701,5.103983,17.99368,0,0,0,-23.26799,4.936513,18.03571
119.0026,-23.06259,5.102849,17.99295,0,0,0,-23.26799,4.936513,18.03571
119.0155,-23.06259,5.102849,17.99295,0,0,0,-23.26799,4.936513,18.03571
119.0282,-23.05849,5.102444,17.99479,0,0,0,-23.26799,4.936513,18.03571
119.0374,-23.05849,5.102444,17.99479,0,0,0,-23.26799,4.936513,18.03571
119.046,-23.05709,5.102383,17.99566,0,0,0,-23.26799,4.936513,18.03571
119.0555,-23.05709,5.102383,17.99566,0,0,0,-23.26799,4.936513,18.03571
119.0639,-23.05807,5.102619,17.99673,0,0,0,-23.26799,4.936513,18.03571
119.0742,-23.05807,5.102619,17.99673,0,0,0,-23.26799,4.936513,18.03571
119.0825,-23.05772,5.103606,17.99638,0,0,0,-23.26799,4.936513,18.03571
119.0928,-23.05772,5.103606,17.99638,0,0,0,-23.26799,4.936513,18.03571
119.1014,-23.06075,5.106389,17.99795,0,0,0,-23.26799,4.936513,18.03571
119.111,-23.06075,5.106389,17.99795,0,0,0,-23.26799,4.936513,18.03571
119.1199,-23.06075,5.106389,17.99795,0,0,0,-23.26799,4.936513,18.03571
119.1282,-23.06412,5.110065,17.99829,0,0,0,-23.26799,4.936513,18.03571
119.1379,-23.06412,5.110065,17.99829,0,0,0,-23.26799,4.936513,18.03571
119.1456,-23.06826,5.112585,17.9957,0,0,0,-23.26799,4.936513,18.03571
119.1546,-23.06826,5.112585,17.9957,0,0,0,-23.26799,4.936513,18.03571
119.1624,-23.07095,5.114696,17.99208,0,0,0,-23.26799,4.936513,18.03571
119.1709,-23.07095,5.114696,17.99208,0,0,0,-23.26799,4.936513,18.03571
119.1789,-23.07095,5.114696,17.99208,0,0,0,-23.26799,4.936513,18.03571
119.1866,-23.07464,5.117676,17.98741,0,0,0,-23.26799,4.936513,18.03571
119.1979,-23.07464,5.117676,17.98741,0,0,0,-23.26799,4.936513,18.03571
119.2056,-23.07682,5.12011,17.98195,0,0,0,-23.26799,4.936513,18.03571
119.215,-23.07682,5.12011,17.98195,0,0,0,-23.26799,4.936513,18.03571
119.2227,-23.08074,5.121923,17.97908,0,0,0,-23.26799,4.936513,18.03571
119.2318,-23.08074,5.121923,17.97908,0,0,0,-23.26799,4.936513,18.03571
119.2394,-23.08074,5.121923,17.97908,0,0,0,-23.26799,4.936513,18.03571
119.247,-23.08546,5.124072,17.97472,0,0,0,-23.26799,4.936513,18.03571
119.2558,-23.08546,5.124072,17.97472,0,0,0,-23.26799,4.936513,18.03571
119.265,-23.08907,5.125072,17.97182,0,0,0,-23.26799,4.936513,18.03571
119.2736,-23.08907,5.125072,17.97182,0,0,0,-23.26799,4.936513,18.03571
119.2821,-23.09309,5.12545,17.97118,0,0,0,-23.26799,4.936513,18.03571
119.2904,-23.09309,5.12545,17.97118,0,0,0,-23.26799,4.936513,18.03571
119.2993,-23.09309,5.12545,17.97118,0,0,0,-23.26799,4.936513,18.03571
119.3069,-23.09376,5.12545,17.97134,0,0,0,-23.26799,4.936513,18.03571
119.3157,-23.09376,5.12545,17.97134,0,0,0,-23.26799,4.936513,18.03571
119.3232,-23.09335,5.12509,17.97292,0,0,0,-23.26799,4.936513,18.03571
119.333,-23.09335,5.12509,17.97292,0,0,0,-23.26799,4.936513,18.03571
119.3412,-23.09346,5.125378,17.97251,0,0,0,-23.26799,4.936513,18.03571
119.35,-23.09346,5.125378,17.97251,0,0,0,-23.26799,4.936513,18.03571
119.3581,-23.09346,5.125378,17.97251,0,0,0,-23.26799,4.936513,18.03571
119.3667,-23.0966,5.125924,17.97368,0,0,0,-23.26799,4.936513,18.03571
119.3766,-23.0966,5.125924,17.97368,0,0,0,-23.26799,4.936513,18.03571
119.3839,-23.10015,5.126836,17.97328,0,0,0,-23.26799,4.936513,18.03571
119.3941,-23.10015,5.126836,17.97328,0,0,0,-23.26799,4.936513,18.03571
119.4044,-23.10427,5.126997,17.97181,0,0,0,-23.26799,4.936513,18.03571
119.4151,-23.10427,5.126997,17.97181,0,0,0,-23.26799,4.936513,18.03571
119.4234,-23.10772,5.126778,17.97183,0,0,0,-23.26799,4.936513,18.03571
119.4342,-23.10772,5.126778,17.97183,0,0,0,-23.26799,4.936513,18.03571
119.4425,-23.10971,5.12638,17.96809,0,0,0,-23.26799,4.936513,18.03571
119.4518,-23.10971,5.12638,17.96809,0,0,0,-23.26799,4.936513,18.03571
119.4596,-23.10971,5.12638,17.96809,0,0,0,-23.26799,4.936513,18.03571
119.4677,-23.11113,5.125256,17.96265,0,0,0,-23.26799,4.936513,18.03571
119.4771,-23.11113,5.125256,17.96265,0,0,0,-23.26799,4.936513,18.03571
119.4879,-23.11282,5.123153,17.95617,0,0,0,-23.26799,4.936513,18.03571
119.4982,-23.11282,5.123153,17.95617,0,0,0,-23.26799,4.936513,18.03571
119.5076,-23.11393,5.121993,17.94926,0,0,0,-23.26799,4.936513,18.03571
119.5191,-23.11393,5.121993,17.94926,0,0,0,-23.26799,4.936513,18.03571
119.5269,-23.11456,5.122963,17.93891,0,0,0,-23.26799,4.936513,18.03571
119.5366,-23.11456,5.122963,17.93891,0,0,0,-23.26799,4.936513,18.03571
119.5446,-23.1149,5.124627,17.93232,0,0,0,-23.26799,4.936513,18.03571
119.5533,-23.1149,5.124627,17.93232,0,0,0,-23.26799,4.936513,18.03571
119.5616,-23.11685,5.126048,17.92889,0,0,0,-23.26799,4.936513,18.03571
119.5703,-23.11685,5.126048,17.92889,0,0,0,-23.26799,4.936513,18.03571
119.5788,-23.11685,5.126048,17.92889,0,0,0,-23.26799,4.936513,18.03571
119.588,-23.11797,5.1288,17.92203,0,0,0,-23.26799,4.936513,18.03571
119.5967,-23.11797,5.1288,17.92203,0,0,0,-23.26799,4.936513,18.03571
119.604,-23.1206,5.129908,17.91859,0,0,0,-23.26799,4.936513,18.03571
119.6135,-23.1206,5.129908,17.91859,0,0,0,-23.26799,4.936513,18.03571
119.624,-23.12259,5.130104,17.91759,0,0,0,-23.26799,4.936513,18.03571
119.6333,-23.12259,5.130104,17.91759,0,0,0,-23.26799,4.936513,18.03571
119.6406,-23.12436,5.129763,17.91743,0,0,0,-23.26799,4.936513,18.03571
119.6496,-23.12436,5.129763,17.91743,0,0,0,-23.26799,4.936513,18.03571
119.6572,-23.12436,5.129763,17.91743,0,0,0,-23.26799,4.936513,18.03571
119.6651,-23.12654,5.129799,17.9157,0,0,0,-23.26799,4.936513,18.03571
119.6745,-23.12654,5.129799,17.9157,0,0,0,-23.26799,4.936513,18.03571
119.6845,-23.12815,5.12985,17.91613,0,0,0,-23.26799,4.936513,18.03571
119.694,-23.12815,5.12985,17.91613,0,0,0,-23.26799,4.936513,18.03571
119.7013,-23.12711,5.12979,17.91353,0,0,0,-23.26799,4.936513,18.03571
119.71,-23.12711,5.12979,17.91353,0,0,0,-23.26799,4.936513,18.03571
119.7182,-23.12711,5.12979,17.91353,0,0,0,-23.26799,4.936513,18.03571
119.7262,-23.12757,5.129516,17.91179,0,0,0,-23.26799,4.936513,18.03571
119.7353,-23.12757,5.129516,17.91179,0,0,0,-23.26799,4.936513,18.03571
119.744,-23.12814,5.129515,17.90963,0,0,0,-23.26799,4.936513,18.03571
119.7522,-23.12814,5.129515,17.90963,0,0,0,-23.26799,4.936513,18.03571
119.7597,-23.12814,5.129515,17.90963,0,0,0,-23.26799,4.936513,18.03571
119.7672,-23.1259,5.129811,17.90503,0,0,0,-23.26799,4.936513,18.03571
119.7753,-23.1259,5.129811,17.90503,0,0,0,-23.26799,4.936513,18.03571
119.7826,-23.12429,5.129766,17.90459,0,0,0,-23.26799,4.936513,18.03571
119.7909,-23.12429,5.129766,17.90459,0,0,0,-23.26799,4.936513,18.03571
119.7983,-23.12429,5.129766,17.90459,0,0,0,-23.26799,4.936513,18.03571
119.8054,-23.12325,5.128801,17.90457,0,0,0,-23.26799,4.936513,18.03571
119.8152,-23.12325,5.128801,17.90457,0,0,0,-23.26799,4.936513,18.03571
119.8229,-23.12214,5.127799,17.90485,0,0,0,-23.26799,4.936513,18.03571
119.8314,-23.12214,5.127799,17.90485,0,0,0,-23.26799,4.936513,18.03571
119.8384,-23.12214,5.127799,17.90485,0,0,0,-23.26799,4.936513,18.03571
119.8456,-23.11949,5.125086,17.90837,0,0,0,-23.26799,4.936513,18.03571
119.8546,-23.11949,5.125086,17.90837,0,0,0,-23.26799,4.936513,18.03571
119.8625,-23.11571,5.123653,17.90963,0,0,0,-23.26799,4.936513,18.03571
119.8709,-23.11571,5.123653,17.90963,0,0,0,-23.26799,4.936513,18.03571
119.879,-23.11571,5.123653,17.90963,0,0,0,-23.26799,4.936513,18.03571
119.8913,-23.11104,5.120514,17.91428,0,0,0,-23.26799,4.936513,18.03571
119.9003,-23.11051,5.119852,17.91627,0,0,0,-23.26799,4.936513,18.03571
119.9089,-23.11051,5.119852,17.91627,0,0,0,-23.26799,4.936513,18.03571
119.9168,-23.11051,5.119852,17.91627,0,0,0,-23.26799,4.936513,18.03571
119.9254,-23.10467,5.117798,17.91879,0,0,0,-23.26799,4.936513,18.03571
119.9352,-23.10467,5.117798,17.91879,0,0,0,-23.26799,4.936513,18.03571
119.9444,-23.10081,5.116825,17.92035,0,0,0,-23.26799,4.936513,18.03571
119.9547,-23.10081,5.116825,17.92035,0,0,0,-23.26799,4.936513,18.03571
119.9631,-23.09965,5.115243,17.92477,0,0,0,-23.26799,4.936513,18.03571
119.9753,-23.09965,5.115243,17.92477,0,0,0,-23.26799,4.936513,18.03571
119.9843,-23.0976,5.11412,17.92602,0,0,0,-23.26799,4.936513,18.03571
119.994,-23.0976,5.11412,17.92602,0,0,0,-23.26799,4.936513,18.03571
120.0029,-23.09298,5.112887,17.92784,0,0,0,-23.26799,4.936513,18.03571
120.0139,-23.09298,5.112887,17.92784,0,0,0,-23.26799,4.936513,18.03571
120.0234,-23.09114,5.112321,17.92825,0,0,0,-23.26799,4.936513,18.03571
120.0338,-23.09114,5.112321,17.92825,0,0,0,-23.26799,4.936513,18.03571
120.0423,-23.08769,5.111749,17.92824,0,0,0,-23.26799,4.936513,18.03571
120.0511,-23.08769,5.111749,17.92824,0,0,0,-23.26799,4.936513,18.03571
120.0589,-23.08769,5.111749,17.92824,0,0,0,-23.26799,4.936513,18.03571
120.0666,-23.08758,5.111471,17.92866,0,0,0,-23.26799,4.936513,18.03571
120.0751,-23.08758,5.111471,17.92866,0,0,0,-23.26799,4.936513,18.03571
120.085,-23.08597,5.111466,17.92823,0,0,0,-23.26799,4.936513,18.03571
120.0941,-23.08597,5.111466,17.92823,0,0,0,-23.26799,4.936513,18.03571
120.1018,-23.08597,5.111466,17.92823,0,0,0,-23.26799,4.936513,18.03571
120.1102,-23.08597,5.111466,17.92823,0,0,0,-23.26799,4.936513,18.03571
120.1176,-23.08597,5.111466,17.92823,0,0,0,-23.26799,4.936513,18.03571
120.1253,-23.08394,5.111089,17.92938,0,0,0,-23.26799,4.936513,18.03571
120.1337,-23.08394,5.111089,17.92938,0,0,0,-23.26799,4.936513,18.03571
120.1453,-23.08353,5.110719,17.93095,0,0,0,-23.26799,4.936513,18.03571
120.1551,-23.08353,5.110719,17.93095,0,0,0,-23.26799,4.936513,18.03571
120.1654,-23.08472,5.110354,17.93295,0,0,0,-23.26799,4.936513,18.03571
120.1753,-23.08472,5.110354,17.93295,0,0,0,-23.26799,4.936513,18.03571
120.1827,-23.08311,5.110351,17.93253,0,0,0,-23.26799,4.936513,18.03571
120.1917,-23.08311,5.110351,17.93253,0,0,0,-23.26799,4.936513,18.03571
120.1996,-23.08311,5.110351,17.93253,0,0,0,-23.26799,4.936513,18.03571
120.2081,-23.08353,5.11072,17.93095,0,0,0,-23.26799,4.936513,18.03571
120.2198,-23.08353,5.11072,17.93095,0,0,0,-23.26799,4.936513,18.03571
120.2291,-23.08353,5.11072,17.93095,0,0,0,-23.26799,4.936513,18.03571
120.2378,-23.08353,5.11072,17.93095,0,0,0,-23.26799,4.936513,18.03571
120.2456,-23.08394,5.111091,17.92938,0,0,0,-23.26799,4.936513,18.03571
120.2548,-23.08394,5.111091,17.92938,0,0,0,-23.26799,4.936513,18.03571
120.2648,-23.08415,5.110036,17.92861,0,0,0,-23.26799,4.936513,18.03571
120.2746,-23.08415,5.110036,17.92861,0,0,0,-23.26799,4.936513,18.03571
120.2826,-23.08436,5.108113,17.9278,0,0,0,-23.26799,4.936513,18.03571
120.2909,-23.08436,5.108113,17.9278,0,0,0,-23.26799,4.936513,18.03571
120.2981,-23.08436,5.108113,17.9278,0,0,0,-23.26799,4.936513,18.03571
120.3055,-23.08347,5.105557,17.93115,0,0,0,-23.26799,4.936513,18.03571
120.3138,-23.08347,5.105557,17.93115,0,0,0,-23.26799,4.936513,18.03571
120.3211,-23.08301,5.103376,17.93293,0,0,0,-23.26799,4.936513,18.03571
120.3294,-23.08301,5.103376,17.93293,0,0,0,-23.26799,4.936513,18.03571
120.3366,-23.08301,5.103376,17.93293,0,0,0,-23.26799,4.936513,18.03571
120.3459,-23.0815,5.101534,17.93863,0,0,0,-23.26799,4.936513,18.03571
120.3538,-23.0815,5.101534,17.93863,0,0,0,-23.26799,4.936513,18.03571
120.3613,-23.08294,5.100822,17.94238,0,0,0,-23.26799,4.936513,18.03571
120.3696,-23.08294,5.100822,17.94238,0,0,0,-23.26799,4.936513,18.03571
120.3793,-23.08294,5.100822,17.94238,0,0,0,-23.26799,4.936513,18.03571
120.3892,-23.07981,5.09902,17.94767,0,0,0,-23.26799,4.936513,18.03571
120.3976,-23.07981,5.09902,17.94767,0,0,0,-23.26799,4.936513,18.03571
120.4049,-23.0806,5.098332,17.95126,0,0,0,-23.26799,4.936513,18.03571
120.4141,-23.0806,5.098332,17.95126,0,0,0,-23.26799,4.936513,18.03571
120.4232,-23.08018,5.09799,17.95284,0,0,0,-23.26799,4.936513,18.03571
120.4337,-23.08018,5.09799,17.95284,0,0,0,-23.26799,4.936513,18.03571
120.441,-23.07976,5.097651,17.95442,0,0,0,-23.26799,4.936513,18.03571
120.4497,-23.07976,5.097651,17.95442,0,0,0,-23.26799,4.936513,18.03571
120.4613,-23.07881,5.097646,17.95416,0,0,0,-23.26799,4.936513,18.03571
120.473,-23.07881,5.097646,17.95416,0,0,0,-23.26799,4.936513,18.03571
120.4808,-23.07989,5.097987,17.95275,0,0,0,-23.26799,4.936513,18.03571
120.4905,-23.07989,5.097987,17.95275,0,0,0,-23.26799,4.936513,18.03571
120.4992,-23.07989,5.097987,17.95275,0,0,0,-23.26799,4.936513,18.03571
120.5073,-23.08364,5.098677,17.95036,0,0,0,-23.26799,4.936513,18.03571
120.5166,-23.08364,5.098677,17.95036,0,0,0,-23.26799,4.936513,18.03571
120.5262,-23.08446,5.098281,17.94993,0,0,0,-23.26799,4.936513,18.03571
120.5383,-23.08446,5.098281,17.94993,0,0,0,-23.26799,4.936513,18.03571
120.5479,-23.08519,5.097838,17.94715,0,0,0,-23.26799,4.936513,18.03571
120.5587,-23.08519,5.097838,17.94715,0,0,0,-23.26799,4.936513,18.03571
120.5671,-23.08641,5.097795,17.94515,0,0,0,-23.26799,4.936513,18.03571
120.5779,-23.08641,5.097795,17.94515,0,0,0,-23.26799,4.936513,18.03571
120.5871,-23.08511,5.097006,17.94352,0,0,0,-23.26799,4.936513,18.03571
120.5962,-23.08511,5.097006,17.94352,0,0,0,-23.26799,4.936513,18.03571
120.6038,-23.08486,5.096261,17.9445,0,0,0,-23.26799,4.936513,18.03571
120.6166,-23.08486,5.096261,17.9445,0,0,0,-23.26799,4.936513,18.03571
120.6257,-23.08785,5.095831,17.94231,0,0,0,-23.26799,4.936513,18.03571
120.6344,-23.08785,5.095831,17.94231,0,0,0,-23.26799,4.936513,18.03571
120.6421,-23.08624,5.095828,17.94189,0,0,0,-23.26799,4.936513,18.03571
120.6512,-23.08624,5.095828,17.94189,0,0,0,-23.26799,4.936513,18.03571
120.6592,-23.08624,5.095828,17.94189,0,0,0,-23.26799,4.936513,18.03571
120.6667,-23.0877,5.095436,17.94163,0,0,0,-23.26799,4.936513,18.03571
120.676,-23.0877,5.095436,17.94163,0,0,0,-23.26799,4.936513,18.03571
120.6839,-23.08731,5.095401,17.9392,0,0,0,-23.26799,4.936513,18.03571
120.6929,-23.08731,5.095401,17.9392,0,0,0,-23.26799,4.936513,18.03571
120.7007,-23.08851,5.095044,17.9412,0,0,0,-23.26799,4.936513,18.03571
120.7125,-23.08851,5.095044,17.9412,0,0,0,-23.26799,4.936513,18.03571
120.7244,-23.08755,5.095043,17.94095,0,0,0,-23.26799,4.936513,18.03571
120.7389,-23.08755,5.095043,17.94095,0,0,0,-23.26799,4.936513,18.03571
120.7465,-23.08755,5.095043,17.94095,0,0,0,-23.26799,4.936513,18.03571
120.7551,-23.08755,5.095043,17.94095,0,0,0,-23.26799,4.936513,18.03571
120.7627,-23.08755,5.095043,17.94095,0,0,0,-23.26799,4.936513,18.03571
120.7719,-23.08755,5.095043,17.94095,0,0,0,-23.26799,4.936513,18.03571
120.7795,-23.08755,5.095043,17.94095,0,0,0,-23.26799,4.936513,18.03571
120.7871,-23.08796,5.095401,17.93937,0,0,0,-23.26799,4.936513,18.03571
120.7962,-23.08796,5.095401,17.93937,0,0,0,-23.26799,4.936513,18.03571
120.8036,-23.08796,5.095401,17.93937,0,0,0,-23.26799,4.936513,18.03571
120.812,-23.08796,5.095401,17.93937,0,0,0,-23.26799,4.936513,18.03571
120.8201,-23.08796,5.095401,17.93937,0,0,0,-23.26799,4.936513,18.03571
120.8291,-23.08796,5.095401,17.93937,0,0,0,-23.26799,4.936513,18.03571
120.8366,-23.08796,5.095401,17.93937,0,0,0,-23.26799,4.936513,18.03571
120.8443,-23.08796,5.095401,17.93937,0,0,0,-23.26799,4.936513,18.03571
120.8527,-23.08796,5.095401,17.93937,0,0,0,-23.26799,4.936513,18.03571
120.8609,-23.08796,5.095401,17.93937,0,0,0,-23.26799,4.936513,18.03571
120.8694,-23.08796,5.095401,17.93937,0,0,0,-23.26799,4.936513,18.03571
120.879,-23.08796,5.095401,17.93937,0,0,0,-23.26799,4.936513,18.03571
120.887,-23.08796,5.095401,17.93937,0,0,0,-23.26799,4.936513,18.03571
120.8963,-23.08796,5.095401,17.93937,0,0,0,-23.26799,4.936513,18.03571
120.9047,-23.08635,5.095402,17.93895,0,0,0,-23.26799,4.936513,18.03571
120.914,-23.08635,5.095402,17.93895,0,0,0,-23.26799,4.936513,18.03571
120.9221,-23.08785,5.095122,17.93979,0,0,0,-23.26799,4.936513,18.03571
120.9308,-23.08785,5.095122,17.93979,0,0,0,-23.26799,4.936513,18.03571
120.9385,-23.08785,5.095122,17.93979,0,0,0,-23.26799,4.936513,18.03571
120.9463,-23.08624,5.095123,17.93937,0,0,0,-23.26799,4.936513,18.03571
120.9572,-23.08624,5.095123,17.93937,0,0,0,-23.26799,4.936513,18.03571
120.9649,-23.08785,5.095123,17.93979,0,0,0,-23.26799,4.936513,18.03571
120.9734,-23.08785,5.095123,17.93979,0,0,0,-23.26799,4.936513,18.03571
120.9807,-23.08785,5.095123,17.93979,0,0,0,-23.26799,4.936513,18.03571
120.9893,-23.08785,5.095123,17.93979,0,0,0,-23.26799,4.936513,18.03571
120.9967,-23.08785,5.095123,17.93979,0,0,0,-23.26799,4.936513,18.03571
121.0065,-23.08744,5.094765,17.94137,0,0,0,-23.26799,4.936513,18.03571
121.015,-23.08744,5.094765,17.94137,0,0,0,-23.26799,4.936513,18.03571
121.0226,-23.08971,5.094766,17.94196,0,0,0,-23.26799,4.936513,18.03571
121.0313,-23.08971,5.094766,17.94196,0,0,0,-23.26799,4.936513,18.03571
121.0388,-23.08971,5.094766,17.94196,0,0,0,-23.26799,4.936513,18.03571
121.0461,-23.08851,5.095123,17.93996,0,0,0,-23.26799,4.936513,18.03571
121.0553,-23.08851,5.095123,17.93996,0,0,0,-23.26799,4.936513,18.03571
121.0646,-23.08851,5.095123,17.93996,0,0,0,-23.26799,4.936513,18.03571
121.0737,-23.08851,5.095123,17.93996,0,0,0,-23.26799,4.936513,18.03571
121.082,-23.0885,5.095123,17.93996,0,0,0,-23.26799,4.936513,18.03571
121.0907,-23.0885,5.095123,17.93996,0,0,0,-23.26799,4.936513,18.03571
121.0984,-23.0885,5.095123,17.93996,0,0,0,-23.26799,4.936513,18.03571
121.1057,-23.0885,5.095123,17.93996,0,0,0,-23.26799,4.936513,18.03571
121.1153,-23.0885,5.095123,17.93996,0,0,0,-23.26799,4.936513,18.03571
121.1259,-23.0885,5.095123,17.93996,0,0,0,-23.26799,4.936513,18.03571
121.1349,-23.0885,5.095123,17.93996,0,0,0,-23.26799,4.936513,18.03571
121.1434,-23.08875,5.094764,17.94171,0,0,0,-23.26799,4.936513,18.03571
121.1539,-23.08875,5.094764,17.94171,0,0,0,-23.26799,4.936513,18.03571
121.1634,-23.08982,5.095122,17.9403,0,0,0,-23.26799,4.936513,18.03571
121.1732,-23.08982,5.095122,17.9403,0,0,0,-23.26799,4.936513,18.03571
121.1815,-23.09132,5.094844,17.94114,0,0,0,-23.26799,4.936513,18.03571
121.1927,-23.09132,5.094844,17.94114,0,0,0,-23.26799,4.936513,18.03571
121.2014,-23.08985,5.094206,17.94289,0,0,0,-23.26799,4.936513,18.03571
121.2119,-23.08985,5.094206,17.94289,0,0,0,-23.26799,4.936513,18.03571
121.2198,-23.08985,5.094206,17.94289,0,0,0,-23.26799,4.936513,18.03571
121.2287,-23.09103,5.09309,17.94498,0,0,0,-23.26799,4.936513,18.03571
121.2407,-23.09081,5.09253,17.94582,0,0,0,-23.26799,4.936513,18.03571
121.2507,-23.09081,5.09253,17.94582,0,0,0,-23.26799,4.936513,18.03571
121.2591,-23.09081,5.09253,17.94582,0,0,0,-23.26799,4.936513,18.03571
121.2678,-23.08927,5.090628,17.95182,0,0,0,-23.26799,4.936513,18.03571
121.2775,-23.08927,5.090628,17.95182,0,0,0,-23.26799,4.936513,18.03571
121.2875,-23.08956,5.089306,17.95741,0,0,0,-23.26799,4.936513,18.03571
121.2969,-23.08956,5.089306,17.95741,0,0,0,-23.26799,4.936513,18.03571
121.3076,-23.08692,5.088058,17.96099,0,0,0,-23.26799,4.936513,18.03571
121.3167,-23.08692,5.088058,17.96099,0,0,0,-23.26799,4.936513,18.03571
121.3245,-23.08747,5.087776,17.96158,0,0,0,-23.26799,4.936513,18.03571
121.3337,-23.08747,5.087776,17.96158,0,0,0,-23.26799,4.936513,18.03571
121.3415,-23.08696,5.087156,17.96358,0,0,0,-23.26799,4.936513,18.03571
121.3503,-23.08696,5.087156,17.96358,0,0,0,-23.26799,4.936513,18.03571
121.3584,-23.08696,5.087156,17.96358,0,0,0,-23.26799,4.936513,18.03571
121.3702,-23.08791,5.086937,17.9666,0,0,0,-23.26799,4.936513,18.03571
121.3792,-23.08791,5.086937,17.9666,0,0,0,-23.26799,4.936513,18.03571
121.3874,-23.08695,5.086935,17.96636,0,0,0,-23.26799,4.936513,18.03571
121.3986,-23.08695,5.086935,17.96636,0,0,0,-23.26799,4.936513,18.03571
121.4061,-23.08806,5.086323,17.96878,0,0,0,-23.26799,4.936513,18.03571
121.4149,-23.08806,5.086323,17.96878,0,0,0,-23.26799,4.936513,18.03571
121.4238,-23.08779,5.08644,17.9698,0,0,0,-23.26799,4.936513,18.03571
121.4328,-23.08779,5.08644,17.9698,0,0,0,-23.26799,4.936513,18.03571
121.4413,-23.08648,5.086488,17.96822,0,0,0,-23.26799,4.936513,18.03571
121.4503,-23.08648,5.086488,17.96822,0,0,0,-23.26799,4.936513,18.03571
121.4582,-23.08648,5.086488,17.96822,0,0,0,-23.26799,4.936513,18.03571
121.4659,-23.08688,5.086824,17.96663,0,0,0,-23.26799,4.936513,18.03571
121.4747,-23.08688,5.086824,17.96663,0,0,0,-23.26799,4.936513,18.03571
121.4821,-23.08891,5.087165,17.96547,0,0,0,-23.26799,4.936513,18.03571
121.4908,-23.08891,5.087165,17.96547,0,0,0,-23.26799,4.936513,18.03571
121.4983,-23.08891,5.087165,17.96547,0,0,0,-23.26799,4.936513,18.03571
121.5062,-23.08891,5.087165,17.96547,0,0,0,-23.26799,4.936513,18.03571
121.5152,-23.08891,5.087165,17.96547,0,0,0,-23.26799,4.936513,18.03571
121.5226,-23.08931,5.087504,17.96388,0,0,0,-23.26799,4.936513,18.03571
121.5319,-23.08931,5.087504,17.96388,0,0,0,-23.26799,4.936513,18.03571
121.5396,-23.08931,5.087504,17.96388,0,0,0,-23.26799,4.936513,18.03571
121.5483,-23.08931,5.087504,17.96388,0,0,0,-23.26799,4.936513,18.03571
121.5587,-23.08931,5.087504,17.96388,0,0,0,-23.26799,4.936513,18.03571
121.5688,-23.08931,5.087504,17.96388,0,0,0,-23.26799,4.936513,18.03571
121.5786,-23.08931,5.087504,17.96388,0,0,0,-23.26799,4.936513,18.03571
121.5864,-23.08916,5.0879,17.96449,0,0,0,-23.26799,4.936513,18.03571
121.5965,-23.08916,5.0879,17.96449,0,0,0,-23.26799,4.936513,18.03571
121.607,-23.0882,5.087898,17.96424,0,0,0,-23.26799,4.936513,18.03571
121.6161,-23.0882,5.087898,17.96424,0,0,0,-23.26799,4.936513,18.03571
121.6254,-23.08831,5.088181,17.96382,0,0,0,-23.26799,4.936513,18.03571
121.6347,-23.08831,5.088181,17.96382,0,0,0,-23.26799,4.936513,18.03571
121.6428,-23.09033,5.088525,17.96265,0,0,0,-23.26799,4.936513,18.03571
121.6515,-23.09033,5.088525,17.96265,0,0,0,-23.26799,4.936513,18.03571
121.66,-23.09033,5.088525,17.96265,0,0,0,-23.26799,4.936513,18.03571
121.6675,-23.08872,5.088522,17.96224,0,0,0,-23.26799,4.936513,18.03571
121.6771,-23.08872,5.088522,17.96224,0,0,0,-23.26799,4.936513,18.03571
121.6844,-23.09033,5.088525,17.96265,0,0,0,-23.26799,4.936513,18.03571
121.6939,-23.09033,5.088525,17.96265,0,0,0,-23.26799,4.936513,18.03571
121.7051,-23.0914,5.088868,17.96124,0,0,0,-23.26799,4.936513,18.03571
121.7161,-23.0914,5.088868,17.96124,0,0,0,-23.26799,4.936513,18.03571
121.7235,-23.09019,5.08921,17.95924,0,0,0,-23.26799,4.936513,18.03571
121.7319,-23.09019,5.08921,17.95924,0,0,0,-23.26799,4.936513,18.03571
121.7401,-23.0918,5.089213,17.95965,0,0,0,-23.26799,4.936513,18.03571
121.7486,-23.0918,5.089213,17.95965,0,0,0,-23.26799,4.936513,18.03571
121.7561,-23.0918,5.089213,17.95965,0,0,0,-23.26799,4.936513,18.03571
121.7636,-23.09019,5.08921,17.95924,0,0,0,-23.26799,4.936513,18.03571
121.7729,-23.09019,5.08921,17.95924,0,0,0,-23.26799,4.936513,18.03571
121.7804,-23.09059,5.089558,17.95766,0,0,0,-23.26799,4.936513,18.03571
121.7894,-23.09059,5.089558,17.95766,0,0,0,-23.26799,4.936513,18.03571
121.7968,-23.09059,5.089558,17.95766,0,0,0,-23.26799,4.936513,18.03571
121.8082,-23.09075,5.089164,17.95706,0,0,0,-23.26799,4.936513,18.03571
121.8174,-23.09075,5.089164,17.95706,0,0,0,-23.26799,4.936513,18.03571
121.8249,-23.09236,5.089167,17.95747,0,0,0,-23.26799,4.936513,18.03571
121.8334,-23.09236,5.089167,17.95747,0,0,0,-23.26799,4.936513,18.03571
121.8412,-23.09034,5.088815,17.95864,0,0,0,-23.26799,4.936513,18.03571
121.8505,-23.09034,5.088815,17.95864,0,0,0,-23.26799,4.936513,18.03571
121.8591,-23.09034,5.088815,17.95864,0,0,0,-23.26799,4.936513,18.03571
121.8693,-23.09115,5.089514,17.95548,0,0,0,-23.26799,4.936513,18.03571
121.8804,-23.09115,5.089514,17.95548,0,0,0,-23.26799,4.936513,18.03571
121.892,-23.09115,5.089514,17.95548,0,0,0,-23.26799,4.936513,18.03571
121.9029,-23.09115,5.089514,17.95548,0,0,0,-23.26799,4.936513,18.03571
121.9153,-23.09115,5.089514,17.95548,0,0,0,-23.26799,4.936513,18.03571
121.9261,-23.09155,5.089867,17.95389,0,0,0,-23.26799,4.936513,18.03571
121.9377,-23.09155,5.089867,17.95389,0,0,0,-23.26799,4.936513,18.03571
121.949,-23.09155,5.089867,17.95389,0,0,0,-23.26799,4.936513,18.03571
121.9608,-23.09317,5.08987,17.95431,0,0,0,-23.26799,4.936513,18.03571
121.9713,-23.09317,5.08987,17.95431,0,0,0,-23.26799,4.936513,18.03571
121.9824,-23.09155,5.089867,17.95389,0,0,0,-23.26799,4.936513,18.03571
121.9929,-23.09155,5.089867,17.95389,0,0,0,-23.26799,4.936513,18.03571
122.002,-23.09357,5.090224,17.95273,0,0,0,-23.26799,4.936513,18.03571
122.0127,-23.09357,5.090224,17.95273,0,0,0,-23.26799,4.936513,18.03571
122.0208,-23.09196,5.090221,17.95231,0,0,0,-23.26799,4.936513,18.03571
122.0296,-23.09196,5.090221,17.95231,0,0,0,-23.26799,4.936513,18.03571
122.0379,-23.09196,5.090221,17.95231,0,0,0,-23.26799,4.936513,18.03571
122.0457,-23.09423,5.090224,17.9529,0,0,0,-23.26799,4.936513,18.03571
122.0547,-23.09423,5.090224,17.9529,0,0,0,-23.26799,4.936513,18.03571
122.0629,-23.09383,5.089869,17.95448,0,0,0,-23.26799,4.936513,18.03571
122.0732,-23.09383,5.089869,17.95448,0,0,0,-23.26799,4.936513,18.03571
122.0816,-23.09221,5.089867,17.95406,0,0,0,-23.26799,4.936513,18.03571
122.0927,-23.09221,5.089867,17.95406,0,0,0,-23.26799,4.936513,18.03571
122.101,-23.09383,5.089869,17.95448,0,0,0,-23.26799,4.936513,18.03571
122.1102,-23.09383,5.089869,17.95448,0,0,0,-23.26799,4.936513,18.03571
122.1179,-23.09383,5.089869,17.95448,0,0,0,-23.26799,4.936513,18.03571
122.1264,-23.09221,5.089867,17.95406,0,0,0,-23.26799,4.936513,18.03571
122.1371,-23.09221,5.089867,17.95406,0,0,0,-23.26799,4.936513,18.03571
122.1453,-23.09221,5.089867,17.95406,0,0,0,-23.26799,4.936513,18.03571
122.154,-23.09221,5.089867,17.95406,0,0,0,-23.26799,4.936513,18.03571
122.1631,-23.09383,5.089869,17.95448,0,0,0,-23.26799,4.936513,18.03571
122.1723,-23.09383,5.089869,17.95448,0,0,0,-23.26799,4.936513,18.03571
122.1815,-23.09383,5.089869,17.95448,0,0,0,-23.26799,4.936513,18.03571
122.1921,-23.09383,5.089869,17.95448,0,0,0,-23.26799,4.936513,18.03571
122.2011,-23.09383,5.089869,17.95448,0,0,0,-23.26799,4.936513,18.03571
122.2137,-23.09383,5.089869,17.95448,0,0,0,-23.26799,4.936513,18.03571
122.2218,-23.09383,5.089869,17.95448,0,0,0,-23.26799,4.936513,18.03571
122.2315,-23.09383,5.089869,17.95448,0,0,0,-23.26799,4.936513,18.03571
122.2418,-23.09343,5.089518,17.95606,0,0,0,-23.26799,4.936513,18.03571
122.251,-23.09343,5.089518,17.95606,0,0,0,-23.26799,4.936513,18.03571
122.2592,-23.09343,5.089518,17.95606,0,0,0,-23.26799,4.936513,18.03571
122.2668,-23.09343,5.089518,17.95606,0,0,0,-23.26799,4.936513,18.03571
122.2759,-23.09343,5.089518,17.95606,0,0,0,-23.26799,4.936513,18.03571
122.285,-23.09343,5.089518,17.95606,0,0,0,-23.26799,4.936513,18.03571
122.2938,-23.09343,5.089518,17.95606,0,0,0,-23.26799,4.936513,18.03571
122.3014,-23.09343,5.089518,17.95606,0,0,0,-23.26799,4.936513,18.03571
122.3102,-23.09343,5.089518,17.95606,0,0,0,-23.26799,4.936513,18.03571
122.319,-23.09343,5.089518,17.95606,0,0,0,-23.26799,4.936513,18.03571
122.3272,-23.09343,5.089518,17.95606,0,0,0,-23.26799,4.936513,18.03571
122.3361,-23.09343,5.089518,17.95606,0,0,0,-23.26799,4.936513,18.03571
122.3438,-23.09464,5.089172,17.95805,0,0,0,-23.26799,4.936513,18.03571
122.3522,-23.09464,5.089172,17.95805,0,0,0,-23.26799,4.936513,18.03571
122.3594,-23.09464,5.089172,17.95805,0,0,0,-23.26799,4.936513,18.03571
122.3675,-23.09464,5.089172,17.95805,0,0,0,-23.26799,4.936513,18.03571
122.377,-23.09464,5.089172,17.95805,0,0,0,-23.26799,4.936513,18.03571
122.3843,-23.09343,5.089518,17.95606,0,0,0,-23.26799,4.936513,18.03571
122.3929,-23.09343,5.089518,17.95606,0,0,0,-23.26799,4.936513,18.03571
122.4006,-23.09504,5.089522,17.95647,0,0,0,-23.26799,4.936513,18.03571
122.4094,-23.09504,5.089522,17.95647,0,0,0,-23.26799,4.936513,18.03571
122.418,-23.09504,5.089522,17.95647,0,0,0,-23.26799,4.936513,18.03571
122.4257,-23.09504,5.089522,17.95647,0,0,0,-23.26799,4.936513,18.03571
122.4342,-23.09504,5.089522,17.95647,0,0,0,-23.26799,4.936513,18.03571
122.4424,-23.09383,5.089869,17.95448,0,0,0,-23.26799,4.936513,18.03571
122.4522,-23.09383,5.089869,17.95448,0,0,0,-23.26799,4.936513,18.03571
122.4599,-23.09383,5.089869,17.95448,0,0,0,-23.26799,4.936513,18.03571
122.4676,-23.09383,5.089869,17.95448,0,0,0,-23.26799,4.936513,18.03571
122.4762,-23.09383,5.089869,17.95448,0,0,0,-23.26799,4.936513,18.03571
122.4837,-23.09372,5.089587,17.9549,0,0,0,-23.26799,4.936513,18.03571
122.4923,-23.09372,5.089587,17.9549,0,0,0,-23.26799,4.936513,18.03571
122.5002,-23.09372,5.089587,17.9549,0,0,0,-23.26799,4.936513,18.03571
122.5103,-23.09372,5.089587,17.9549,0,0,0,-23.26799,4.936513,18.03571
122.5178,-23.09372,5.089587,17.9549,0,0,0,-23.26799,4.936513,18.03571
122.526,-23.09372,5.089587,17.9549,0,0,0,-23.26799,4.936513,18.03571
122.5352,-23.09372,5.089587,17.9549,0,0,0,-23.26799,4.936513,18.03571
122.5447,-23.09346,5.089942,17.95315,0,0,0,-23.26799,4.936513,18.03571
122.5538,-23.09346,5.089942,17.95315,0,0,0,-23.26799,4.936513,18.03571
122.5626,-23.09346,5.089942,17.95315,0,0,0,-23.26799,4.936513,18.03571
122.5719,-23.09346,5.089942,17.95315,0,0,0,-23.26799,4.936513,18.03571
122.5803,-23.09346,5.089942,17.95315,0,0,0,-23.26799,4.936513,18.03571
122.5901,-23.09346,5.089942,17.95315,0,0,0,-23.26799,4.936513,18.03571
122.5992,-23.09346,5.089942,17.95315,0,0,0,-23.26799,4.936513,18.03571
122.607,-23.09346,5.089942,17.95315,0,0,0,-23.26799,4.936513,18.03571
122.6165,-23.09346,5.089942,17.95315,0,0,0,-23.26799,4.936513,18.03571
122.6251,-23.09387,5.090299,17.95157,0,0,0,-23.26799,4.936513,18.03571
122.6344,-23.09387,5.090299,17.95157,0,0,0,-23.26799,4.936513,18.03571
122.6434,-23.09387,5.090299,17.95157,0,0,0,-23.26799,4.936513,18.03571
122.6519,-23.09387,5.090299,17.95157,0,0,0,-23.26799,4.936513,18.03571
122.6599,-23.09387,5.090299,17.95157,0,0,0,-23.26799,4.936513,18.03571
122.6674,-23.09387,5.090299,17.95157,0,0,0,-23.26799,4.936513,18.03571
122.6781,-23.09387,5.090299,17.95157,0,0,0,-23.26799,4.936513,18.03571
122.689,-23.09427,5.090655,17.94999,0,0,0,-23.26799,4.936513,18.03571
122.6993,-23.09427,5.090655,17.94999,0,0,0,-23.26799,4.936513,18.03571
122.7081,-23.09427,5.090655,17.94999,0,0,0,-23.26799,4.936513,18.03571
122.7181,-23.09427,5.090655,17.94999,0,0,0,-23.26799,4.936513,18.03571
122.7274,-23.09427,5.090655,17.94999,0,0,0,-23.26799,4.936513,18.03571
122.739,-23.09427,5.090655,17.94999,0,0,0,-23.26799,4.936513,18.03571
122.7481,-23.09361,5.090655,17.94982,0,0,0,-23.26799,4.936513,18.03571
122.7572,-23.09361,5.090655,17.94982,0,0,0,-23.26799,4.936513,18.03571
122.766,-23.09361,5.090656,17.94982,0,0,0,-23.26799,4.936513,18.03571
122.7785,-23.09361,5.090656,17.94982,0,0,0,-23.26799,4.936513,18.03571
122.7866,-23.09296,5.090657,17.94965,0,0,0,-23.26799,4.936513,18.03571
122.7963,-23.09296,5.090657,17.94965,0,0,0,-23.26799,4.936513,18.03571
122.8055,-23.09295,5.090656,17.94965,0,0,0,-23.26799,4.936513,18.03571
122.8171,-23.09295,5.090656,17.94965,0,0,0,-23.26799,4.936513,18.03571
122.8266,-23.09214,5.091048,17.95009,0,0,0,-23.26799,4.936513,18.03571
122.8366,-23.09214,5.091048,17.95009,0,0,0,-23.26799,4.936513,18.03571
122.8466,-23.09255,5.091407,17.94851,0,0,0,-23.26799,4.936513,18.03571
122.8559,-23.09255,5.091407,17.94851,0,0,0,-23.26799,4.936513,18.03571
122.8637,-23.09255,5.091408,17.94851,0,0,0,-23.26799,4.936513,18.03571
122.8723,-23.09255,5.091408,17.94851,0,0,0,-23.26799,4.936513,18.03571
122.8798,-23.09255,5.091408,17.94851,0,0,0,-23.26799,4.936513,18.03571
122.8887,-23.09214,5.091048,17.95009,0,0,0,-23.26799,4.936513,18.03571
122.8979,-23.09214,5.091048,17.95009,0,0,0,-23.26799,4.936513,18.03571
122.9057,-23.09174,5.09069,17.95167,0,0,0,-23.26799,4.936513,18.03571
122.9145,-23.09174,5.09069,17.95167,0,0,0,-23.26799,4.936513,18.03571
122.9226,-23.09174,5.09069,17.95167,0,0,0,-23.26799,4.936513,18.03571
122.9327,-23.09174,5.09069,17.95167,0,0,0,-23.26799,4.936513,18.03571
122.9412,-23.09133,5.090334,17.95325,0,0,0,-23.26799,4.936513,18.03571
122.9498,-23.09133,5.090334,17.95325,0,0,0,-23.26799,4.936513,18.03571
122.9575,-23.09133,5.090334,17.95325,0,0,0,-23.26799,4.936513,18.03571
122.9666,-23.0924,5.09069,17.95183,0,0,0,-23.26799,4.936513,18.03571
122.9764,-23.0924,5.09069,17.95183,0,0,0,-23.26799,4.936513,18.03571
122.985,-23.09199,5.090334,17.95341,0,0,0,-23.26799,4.936513,18.03571
122.9937,-23.09199,5.090334,17.95341,0,0,0,-23.26799,4.936513,18.03571
123.0011,-23.09265,5.090333,17.95358,0,0,0,-23.26799,4.936513,18.03571
123.0107,-23.09265,5.090333,17.95358,0,0,0,-23.26799,4.936513,18.03571
123.0182,-23.09265,5.090333,17.95358,0,0,0,-23.26799,4.936513,18.03571
123.0259,-23.09104,5.090331,17.95317,0,0,0,-23.26799,4.936513,18.03571
123.0345,-23.09104,5.090331,17.95317,0,0,0,-23.26799,4.936513,18.03571
123.0448,-23.09265,5.090333,17.95358,0,0,0,-23.26799,4.936513,18.03571
123.0537,-23.09265,5.090333,17.95358,0,0,0,-23.26799,4.936513,18.03571
123.0617,-23.09331,5.090333,17.95375,0,0,0,-23.26799,4.936513,18.03571
123.0701,-23.09331,5.090333,17.95375,0,0,0,-23.26799,4.936513,18.03571
123.0777,-23.09331,5.090333,17.95375,0,0,0,-23.26799,4.936513,18.03571
123.0855,-23.09331,5.090333,17.95375,0,0,0,-23.26799,4.936513,18.03571
123.0958,-23.09331,5.090333,17.95375,0,0,0,-23.26799,4.936513,18.03571
123.1032,-23.09331,5.090333,17.95375,0,0,0,-23.26799,4.936513,18.03571
123.1127,-23.09331,5.090333,17.95375,0,0,0,-23.26799,4.936513,18.03571
123.1223,-23.09397,5.090333,17.95392,0,0,0,-23.26799,4.936513,18.03571
123.1323,-23.09397,5.090333,17.95392,0,0,0,-23.26799,4.936513,18.03571
123.1404,-23.09397,5.090333,17.95392,0,0,0,-23.26799,4.936513,18.03571
123.1488,-23.09397,5.090333,17.95392,0,0,0,-23.26799,4.936513,18.03571
123.1565,-23.09397,5.090333,17.95392,0,0,0,-23.26799,4.936513,18.03571
123.1651,-23.09463,5.090333,17.95408,0,0,0,-23.26799,4.936513,18.03571
123.1741,-23.09463,5.090333,17.95408,0,0,0,-23.26799,4.936513,18.03571
123.1816,-23.09463,5.090333,17.95408,0,0,0,-23.26799,4.936513,18.03571
123.19,-23.09463,5.090333,17.95408,0,0,0,-23.26799,4.936513,18.03571
123.1977,-23.09463,5.090333,17.95408,0,0,0,-23.26799,4.936513,18.03571
123.2049,-23.09691,5.090339,17.95466,0,0,0,-23.26799,4.936513,18.03571
123.2135,-23.09691,5.090339,17.95466,0,0,0,-23.26799,4.936513,18.03571
123.221,-23.09529,5.090333,17.95425,0,0,0,-23.26799,4.936513,18.03571
123.2297,-23.09529,5.090333,17.95425,0,0,0,-23.26799,4.936513,18.03571
123.2379,-23.09529,5.090333,17.95425,0,0,0,-23.26799,4.936513,18.03571
123.2481,-23.09529,5.090333,17.95425,0,0,0,-23.26799,4.936513,18.03571
123.2579,-23.09529,5.090333,17.95425,0,0,0,-23.26799,4.936513,18.03571
123.2658,-23.09529,5.090333,17.95425,0,0,0,-23.26799,4.936513,18.03571
123.2745,-23.09529,5.090333,17.95425,0,0,0,-23.26799,4.936513,18.03571
123.2836,-23.09545,5.089942,17.95365,0,0,0,-23.26799,4.936513,18.03571
123.2932,-23.09545,5.089942,17.95365,0,0,0,-23.26799,4.936513,18.03571
123.3012,-23.09383,5.089938,17.95324,0,0,0,-23.26799,4.936513,18.03571
123.3113,-23.09383,5.089938,17.95324,0,0,0,-23.26799,4.936513,18.03571
123.319,-23.09383,5.089938,17.95324,0,0,0,-23.26799,4.936513,18.03571
123.3277,-23.09555,5.090224,17.95323,0,0,0,-23.26799,4.936513,18.03571
123.3368,-23.09555,5.090224,17.95323,0,0,0,-23.26799,4.936513,18.03571
123.3473,-23.09555,5.090224,17.95323,0,0,0,-23.26799,4.936513,18.03571
123.3559,-23.09555,5.090224,17.95323,0,0,0,-23.26799,4.936513,18.03571
123.3651,-23.09525,5.09015,17.95439,0,0,0,-23.26799,4.936513,18.03571
123.3738,-23.09525,5.09015,17.95439,0,0,0,-23.26799,4.936513,18.03571
123.3813,-23.09536,5.090432,17.95397,0,0,0,-23.26799,4.936513,18.03571
123.3898,-23.09536,5.090432,17.95397,0,0,0,-23.26799,4.936513,18.03571
123.3972,-23.09536,5.090432,17.95397,0,0,0,-23.26799,4.936513,18.03571
123.4043,-23.09594,5.091166,17.95169,0,0,0,-23.26799,4.936513,18.03571
123.4126,-23.09594,5.091166,17.95169,0,0,0,-23.26799,4.936513,18.03571
123.4235,-23.09652,5.091895,17.94941,0,0,0,-23.26799,4.936513,18.03571
123.4342,-23.09652,5.091895,17.94941,0,0,0,-23.26799,4.936513,18.03571
123.4419,-23.09538,5.09234,17.94713,0,0,0,-23.26799,4.936513,18.03571
123.451,-23.09538,5.09234,17.94713,0,0,0,-23.26799,4.936513,18.03571
123.4642,-23.09626,5.092041,17.94641,0,0,0,-23.26799,4.936513,18.03571
123.474,-23.09626,5.092041,17.94641,0,0,0,-23.26799,4.936513,18.03571
123.4816,-23.09538,5.091823,17.94989,0,0,0,-23.26799,4.936513,18.03571
123.49,-23.09538,5.091823,17.94989,0,0,0,-23.26799,4.936513,18.03571
123.4978,-23.09538,5.091823,17.94989,0,0,0,-23.26799,4.936513,18.03571
123.506,-23.09824,5.091456,17.95091,0,0,0,-23.26799,4.936513,18.03571
123.5176,-23.09824,5.091456,17.95091,0,0,0,-23.26799,4.936513,18.03571
123.5288,-23.09736,5.091547,17.95038,0,0,0,-23.26799,4.936513,18.03571
123.5378,-23.09736,5.091547,17.95038,0,0,0,-23.26799,4.936513,18.03571
123.5455,-23.09963,5.091777,17.94817,0,0,0,-23.26799,4.936513,18.03571
123.555,-23.09963,5.091777,17.94817,0,0,0,-23.26799,4.936513,18.03571
123.5639,-23.09857,5.091729,17.94558,0,0,0,-23.26799,4.936513,18.03571
123.5721,-23.09857,5.091729,17.94558,0,0,0,-23.26799,4.936513,18.03571
123.5798,-23.09857,5.091729,17.94558,0,0,0,-23.26799,4.936513,18.03571
123.5883,-23.09958,5.092986,17.94157,0,0,0,-23.26799,4.936513,18.03571
123.5979,-23.09958,5.092986,17.94157,0,0,0,-23.26799,4.936513,18.03571
123.6067,-23.10211,5.093114,17.93834,0,0,0,-23.26799,4.936513,18.03571
123.6168,-23.10211,5.093114,17.93834,0,0,0,-23.26799,4.936513,18.03571
123.6263,-23.10073,5.093044,17.93426,0,0,0,-23.26799,4.936513,18.03571
123.6373,-23.10073,5.093044,17.93426,0,0,0,-23.26799,4.936513,18.03571
123.6468,-23.10212,5.093614,17.92875,0,0,0,-23.26799,4.936513,18.03571
123.6575,-23.10212,5.093614,17.92875,0,0,0,-23.26799,4.936513,18.03571
123.6658,-23.10393,5.093686,17.9216,0,0,0,-23.26799,4.936513,18.03571
123.6761,-23.10393,5.093686,17.9216,0,0,0,-23.26799,4.936513,18.03571
123.6858,-23.10584,5.09404,17.91402,0,0,0,-23.26799,4.936513,18.03571
123.6993,-23.10584,5.09404,17.91402,0,0,0,-23.26799,4.936513,18.03571
123.7101,-23.1044,5.093036,17.90609,0,0,0,-23.26799,4.936513,18.03571
123.7222,-23.10394,5.092858,17.90112,0,0,0,-23.26799,4.936513,18.03571
123.7361,-23.10394,5.092858,17.90112,0,0,0,-23.26799,4.936513,18.03571
123.744,-23.10422,5.092997,17.89321,0,0,0,-23.26799,4.936513,18.03571
123.753,-23.10422,5.092997,17.89321,0,0,0,-23.26799,4.936513,18.03571
123.7614,-23.10434,5.092428,17.89005,0,0,0,-23.26799,4.936513,18.03571
123.7704,-23.10434,5.092428,17.89005,0,0,0,-23.26799,4.936513,18.03571
123.781,-23.10246,5.09259,17.88801,0,0,0,-23.26799,4.936513,18.03571
123.7904,-23.10246,5.09259,17.88801,0,0,0,-23.26799,4.936513,18.03571
123.799,-23.10246,5.09259,17.88801,0,0,0,-23.26799,4.936513,18.03571
123.8065,-23.10047,5.092487,17.8864,0,0,0,-23.26799,4.936513,18.03571
123.8153,-23.10047,5.092487,17.8864,0,0,0,-23.26799,4.936513,18.03571
123.8227,-23.09896,5.092766,17.88556,0,0,0,-23.26799,4.936513,18.03571
123.8317,-23.09896,5.092766,17.88556,0,0,0,-23.26799,4.936513,18.03571
123.8409,-23.09844,5.093033,17.88497,0,0,0,-23.26799,4.936513,18.03571
123.8516,-23.09844,5.093033,17.88497,0,0,0,-23.26799,4.936513,18.03571
123.8608,-23.09729,5.093299,17.88421,0,0,0,-23.26799,4.936513,18.03571
123.8712,-23.09729,5.093299,17.88421,0,0,0,-23.26799,4.936513,18.03571
123.8819,-23.09469,5.092319,17.88235,0,0,0,-23.26799,4.936513,18.03571
123.8926,-23.09469,5.092319,17.88235,0,0,0,-23.26799,4.936513,18.03571
123.9034,-23.09345,5.09144,17.88194,0,0,0,-23.26799,4.936513,18.03571
123.9143,-23.09345,5.09144,17.88194,0,0,0,-23.26799,4.936513,18.03571
123.9241,-23.09298,5.091059,17.88117,0,0,0,-23.26799,4.936513,18.03571
123.9362,-23.09298,5.091059,17.88117,0,0,0,-23.26799,4.936513,18.03571
123.9447,-23.08963,5.090827,17.88077,0,0,0,-23.26799,4.936513,18.03571
123.9548,-23.08963,5.090827,17.88077,0,0,0,-23.26799,4.936513,18.03571
123.9659,-23.0882,5.090699,17.87964,0,0,0,-23.26799,4.936513,18.03571
123.9785,-23.0882,5.090699,17.87964,0,0,0,-23.26799,4.936513,18.03571
123.988,-23.0882,5.0907,17.87964,0,0,0,-23.26799,4.936513,18.03571
123.998,-23.0882,5.0907,17.87964,0,0,0,-23.26799,4.936513,18.03571
124.0067,-23.08636,5.090189,17.88009,0,0,0,-23.26799,4.936513,18.03571
124.016,-23.08636,5.090189,17.88009,0,0,0,-23.26799,4.936513,18.03571
124.024,-23.08625,5.089922,17.88051,0,0,0,-23.26799,4.936513,18.03571
124.0333,-23.08625,5.089922,17.88051,0,0,0,-23.26799,4.936513,18.03571
124.0411,-23.08463,5.089946,17.8801,0,0,0,-23.26799,4.936513,18.03571
124.0505,-23.08463,5.089946,17.8801,0,0,0,-23.26799,4.936513,18.03571
124.0611,-23.08585,5.089534,17.88209,0,0,0,-23.26799,4.936513,18.03571
124.0709,-23.08585,5.089534,17.88209,0,0,0,-23.26799,4.936513,18.03571
124.0787,-23.08585,5.089534,17.88209,0,0,0,-23.26799,4.936513,18.03571
124.0865,-23.08463,5.088387,17.88681,0,0,0,-23.26799,4.936513,18.03571
124.0953,-23.08463,5.088387,17.88681,0,0,0,-23.26799,4.936513,18.03571
124.1033,-23.08423,5.088009,17.88838,0,0,0,-23.26799,4.936513,18.03571
124.1123,-23.08423,5.088009,17.88838,0,0,0,-23.26799,4.936513,18.03571
124.121,-23.0822,5.087657,17.88955,0,0,0,-23.26799,4.936513,18.03571
124.1299,-23.0822,5.087657,17.88955,0,0,0,-23.26799,4.936513,18.03571
124.1378,-23.0822,5.087657,17.88955,0,0,0,-23.26799,4.936513,18.03571
124.1462,-23.08341,5.087259,17.89153,0,0,0,-23.26799,4.936513,18.03571
124.1556,-23.08341,5.087259,17.89153,0,0,0,-23.26799,4.936513,18.03571
124.1646,-23.08341,5.087259,17.89153,0,0,0,-23.26799,4.936513,18.03571
124.1754,-23.08341,5.087259,17.89153,0,0,0,-23.26799,4.936513,18.03571
124.1838,-23.08301,5.086886,17.89311,0,0,0,-23.26799,4.936513,18.03571
124.1945,-23.08301,5.086886,17.89311,0,0,0,-23.26799,4.936513,18.03571
124.2037,-23.08301,5.086886,17.89311,0,0,0,-23.26799,4.936513,18.03571
124.2145,-23.08301,5.086886,17.89311,0,0,0,-23.26799,4.936513,18.03571
124.2244,-23.08301,5.086886,17.89311,0,0,0,-23.26799,4.936513,18.03571
124.2351,-23.08301,5.086886,17.89311,0,0,0,-23.26799,4.936513,18.03571
124.2445,-23.08463,5.086864,17.89352,0,0,0,-23.26799,4.936513,18.03571
124.2566,-23.08463,5.086864,17.89352,0,0,0,-23.26799,4.936513,18.03571
124.2684,-23.08474,5.087132,17.89309,0,0,0,-23.26799,4.936513,18.03571
124.2818,-23.08474,5.087132,17.89309,0,0,0,-23.26799,4.936513,18.03571
124.2929,-23.08474,5.087132,17.89309,0,0,0,-23.26799,4.936513,18.03571
124.3021,-23.08525,5.08777,17.89109,0,0,0,-23.26799,4.936513,18.03571
124.3122,-23.08525,5.08777,17.89109,0,0,0,-23.26799,4.936513,18.03571
124.3216,-23.08536,5.088037,17.89066,0,0,0,-23.26799,4.936513,18.03571
124.3319,-23.08536,5.088037,17.89066,0,0,0,-23.26799,4.936513,18.03571
124.3406,-23.08496,5.087665,17.89224,0,0,0,-23.26799,4.936513,18.03571
124.3499,-23.08496,5.087665,17.89224,0,0,0,-23.26799,4.936513,18.03571
124.3589,-23.08496,5.087665,17.89224,0,0,0,-23.26799,4.936513,18.03571
124.3675,-23.08587,5.087173,17.89537,0,0,0,-23.26799,4.936513,18.03571
124.3769,-23.08587,5.087173,17.89537,0,0,0,-23.26799,4.936513,18.03571
124.3877,-23.08805,5.087587,17.89625,0,0,0,-23.26799,4.936513,18.03571
124.3972,-23.08805,5.087587,17.89625,0,0,0,-23.26799,4.936513,18.03571
124.4054,-23.08989,5.088103,17.8958,0,0,0,-23.26799,4.936513,18.03571
124.4144,-23.08989,5.088103,17.8958,0,0,0,-23.26799,4.936513,18.03571
124.4229,-23.09218,5.088786,17.89624,0,0,0,-23.26799,4.936513,18.03571
124.4317,-23.09218,5.088786,17.89624,0,0,0,-23.26799,4.936513,18.03571
124.4392,-23.09218,5.088786,17.89624,0,0,0,-23.26799,4.936513,18.03571
124.4479,-23.09344,5.08968,17.89397,0,0,0,-23.26799,4.936513,18.03571
124.4583,-23.09344,5.08968,17.89397,0,0,0,-23.26799,4.936513,18.03571
124.466,-23.09487,5.089833,17.8951,0,0,0,-23.26799,4.936513,18.03571
124.4768,-23.09487,5.089833,17.8951,0,0,0,-23.26799,4.936513,18.03571
124.4845,-23.09746,5.090615,17.89439,0,0,0,-23.26799,4.936513,18.03571
124.4934,-23.09746,5.090615,17.89439,0,0,0,-23.26799,4.936513,18.03571
124.5009,-23.0982,5.090878,17.89412,0,0,0,-23.26799,4.936513,18.03571
124.5125,-23.0982,5.090878,17.89412,0,0,0,-23.26799,4.936513,18.03571
124.5201,-23.09963,5.091035,17.89526,0,0,0,-23.26799,4.936513,18.03571
124.5316,-23.09963,5.091035,17.89526,0,0,0,-23.26799,4.936513,18.03571
124.5392,-23.09963,5.091035,17.89526,0,0,0,-23.26799,4.936513,18.03571
124.5471,-23.09986,5.091561,17.8944,0,0,0,-23.26799,4.936513,18.03571
124.556,-23.09986,5.091561,17.8944,0,0,0,-23.26799,4.936513,18.03571
124.564,-23.10155,5.091595,17.89448,0,0,0,-23.26799,4.936513,18.03571
124.5764,-23.10155,5.091595,17.89448,0,0,0,-23.26799,4.936513,18.03571
124.5885,-23.10258,5.091738,17.89048,0,0,0,-23.26799,4.936513,18.03571
124.5978,-23.10258,5.091738,17.89048,0,0,0,-23.26799,4.936513,18.03571
124.6087,-23.1032,5.091517,17.88806,0,0,0,-23.26799,4.936513,18.03571
124.6187,-23.1032,5.091517,17.88806,0,0,0,-23.26799,4.936513,18.03571
124.6296,-23.10341,5.090933,17.88721,0,0,0,-23.26799,4.936513,18.03571
124.6395,-23.10341,5.090933,17.88721,0,0,0,-23.26799,4.936513,18.03571
124.6494,-23.10334,5.090248,17.88751,0,0,0,-23.26799,4.936513,18.03571
124.6606,-23.1023,5.089798,17.88746,0,0,0,-23.26799,4.936513,18.03571
124.6716,-23.1023,5.089798,17.88746,0,0,0,-23.26799,4.936513,18.03571
124.6807,-23.10521,5.09023,17.88544,0,0,0,-23.26799,4.936513,18.03571
124.6901,-23.10521,5.09023,17.88544,0,0,0,-23.26799,4.936513,18.03571
124.6997,-23.10521,5.09023,17.88544,0,0,0,-23.26799,4.936513,18.03571
124.709,-23.10558,5.090563,17.88398,0,0,0,-23.26799,4.936513,18.03571
124.7212,-23.10659,5.090679,17.88265,0,0,0,-23.26799,4.936513,18.03571
124.7322,-23.10659,5.090679,17.88265,0,0,0,-23.26799,4.936513,18.03571
124.7407,-23.10751,5.09163,17.87905,0,0,0,-23.26799,4.936513,18.03571
124.7494,-23.10751,5.09163,17.87905,0,0,0,-23.26799,4.936513,18.03571
124.7574,-23.10751,5.09163,17.87905,0,0,0,-23.26799,4.936513,18.03571
124.7653,-23.10918,5.093079,17.87508,0,0,0,-23.26799,4.936513,18.03571
124.7747,-23.10918,5.093079,17.87508,0,0,0,-23.26799,4.936513,18.03571
124.7826,-23.11223,5.093791,17.87249,0,0,0,-23.26799,4.936513,18.03571
124.7952,-23.11223,5.093791,17.87249,0,0,0,-23.26799,4.936513,18.03571
124.804,-23.1133,5.095636,17.8667,0,0,0,-23.26799,4.936513,18.03571
124.8147,-23.1133,5.095636,17.8667,0,0,0,-23.26799,4.936513,18.03571
124.8277,-23.11494,5.096882,17.86283,0,0,0,-23.26799,4.936513,18.03571
124.8365,-23.11494,5.096882,17.86283,0,0,0,-23.26799,4.936513,18.03571
124.8448,-23.11647,5.097883,17.8594,0,0,0,-23.26799,4.936513,18.03571
124.8545,-23.11647,5.097883,17.8594,0,0,0,-23.26799,4.936513,18.03571
124.8622,-23.11748,5.09826,17.85798,0,0,0,-23.26799,4.936513,18.03571
124.8711,-23.11748,5.09826,17.85798,0,0,0,-23.26799,4.936513,18.03571
124.8787,-23.11748,5.09826,17.85798,0,0,0,-23.26799,4.936513,18.03571
124.8863,-23.11989,5.099018,17.85523,0,0,0,-23.26799,4.936513,18.03571
124.8955,-23.11989,5.099018,17.85523,0,0,0,-23.26799,4.936513,18.03571
124.903,-23.12029,5.099401,17.85365,0,0,0,-23.26799,4.936513,18.03571
124.9126,-23.12029,5.099401,17.85365,0,0,0,-23.26799,4.936513,18.03571
124.9207,-23.12008,5.100176,17.85025,0,0,0,-23.26799,4.936513,18.03571
124.9311,-23.12008,5.100176,17.85025,0,0,0,-23.26799,4.936513,18.03571
124.9388,-23.12008,5.100176,17.85025,0,0,0,-23.26799,4.936513,18.03571
124.9461,-23.12071,5.101335,17.84772,0,0,0,-23.26799,4.936513,18.03571
124.9546,-23.12071,5.101335,17.84772,0,0,0,-23.26799,4.936513,18.03571
124.9626,-23.12257,5.102101,17.84717,0,0,0,-23.26799,4.936513,18.03571
124.9717,-23.12257,5.102101,17.84717,0,0,0,-23.26799,4.936513,18.03571
124.9794,-23.12257,5.102101,17.84717,0,0,0,-23.26799,4.936513,18.03571
124.9875,-23.12119,5.102875,17.8458,0,0,0,-23.26799,4.936513,18.03571
124.9967,-23.12119,5.102875,17.8458,0,0,0,-23.26799,4.936513,18.03571
125.0046,-23.12305,5.103644,17.84525,0,0,0,-23.26799,4.936513,18.03571
125.0135,-23.12305,5.103644,17.84525,0,0,0,-23.26799,4.936513,18.03571
125.0212,-23.12314,5.104793,17.84491,0,0,0,-23.26799,4.936513,18.03571
125.0307,-23.12314,5.104793,17.84491,0,0,0,-23.26799,4.936513,18.03571
125.0385,-23.12314,5.104793,17.84491,0,0,0,-23.26799,4.936513,18.03571
125.0459,-23.12355,5.106367,17.84065,0,0,0,-23.26799,4.936513,18.03571
125.0549,-23.12355,5.106367,17.84065,0,0,0,-23.26799,4.936513,18.03571
125.0628,-23.12379,5.107142,17.83969,0,0,0,-23.26799,4.936513,18.03571
125.0746,-23.12379,5.107142,17.83969,0,0,0,-23.26799,4.936513,18.03571
125.0831,-23.1262,5.107955,17.83696,0,0,0,-23.26799,4.936513,18.03571
125.0931,-23.1262,5.107955,17.83696,0,0,0,-23.26799,4.936513,18.03571
125.1028,-23.12699,5.108775,17.83382,0,0,0,-23.26799,4.936513,18.03571
125.1124,-23.12699,5.108775,17.83382,0,0,0,-23.26799,4.936513,18.03571
125.1221,-23.12778,5.109603,17.83068,0,0,0,-23.26799,4.936513,18.03571
125.1333,-23.12778,5.109603,17.83068,0,0,0,-23.26799,4.936513,18.03571
125.1417,-23.12817,5.110021,17.82911,0,0,0,-23.26799,4.936513,18.03571
125.1516,-23.12817,5.110021,17.82911,0,0,0,-23.26799,4.936513,18.03571
125.1618,-23.13018,5.110441,17.82795,0,0,0,-23.26799,4.936513,18.03571
125.1718,-23.13018,5.110441,17.82795,0,0,0,-23.26799,4.936513,18.03571
125.1805,-23.13118,5.110863,17.82654,0,0,0,-23.26799,4.936513,18.03571
125.1904,-23.13118,5.110863,17.82654,0,0,0,-23.26799,4.936513,18.03571
125.1988,-23.13118,5.110863,17.82654,0,0,0,-23.26799,4.936513,18.03571
125.2073,-23.13168,5.11154,17.82453,0,0,0,-23.26799,4.936513,18.03571
125.2175,-23.13168,5.11154,17.82453,0,0,0,-23.26799,4.936513,18.03571
125.2286,-23.13229,5.111539,17.82469,0,0,0,-23.26799,4.936513,18.03571
125.2403,-23.1324,5.111792,17.82425,0,0,0,-23.26799,4.936513,18.03571
125.2517,-23.1324,5.111792,17.82425,0,0,0,-23.26799,4.936513,18.03571
125.2612,-23.13161,5.110948,17.82738,0,0,0,-23.26799,4.936513,18.03571
125.2702,-23.13161,5.110948,17.82738,0,0,0,-23.26799,4.936513,18.03571
125.2812,-23.13144,5.111032,17.82808,0,0,0,-23.26799,4.936513,18.03571
125.2902,-23.13144,5.111032,17.82808,0,0,0,-23.26799,4.936513,18.03571
125.2984,-23.13144,5.111032,17.82808,0,0,0,-23.26799,4.936513,18.03571
125.3086,-23.13199,5.112291,17.82589,0,0,0,-23.26799,4.936513,18.03571
125.3199,-23.13199,5.112291,17.82589,0,0,0,-23.26799,4.936513,18.03571
125.3277,-23.13208,5.112257,17.82553,0,0,0,-23.26799,4.936513,18.03571
125.3364,-23.13208,5.112257,17.82553,0,0,0,-23.26799,4.936513,18.03571
125.346,-23.13256,5.112639,17.8236,0,0,0,-23.26799,4.936513,18.03571
125.3544,-23.13256,5.112639,17.8236,0,0,0,-23.26799,4.936513,18.03571
125.362,-23.13107,5.111982,17.82266,0,0,0,-23.26799,4.936513,18.03571
125.3707,-23.13107,5.111982,17.82266,0,0,0,-23.26799,4.936513,18.03571
125.3793,-23.13107,5.111982,17.82266,0,0,0,-23.26799,4.936513,18.03571
125.3873,-23.13086,5.110291,17.82352,0,0,0,-23.26799,4.936513,18.03571
125.396,-23.13086,5.110291,17.82352,0,0,0,-23.26799,4.936513,18.03571
125.4035,-23.13185,5.109094,17.82645,0,0,0,-23.26799,4.936513,18.03571
125.4123,-23.13185,5.109094,17.82645,0,0,0,-23.26799,4.936513,18.03571
125.421,-23.13145,5.108685,17.82802,0,0,0,-23.26799,4.936513,18.03571
125.4298,-23.13145,5.108685,17.82802,0,0,0,-23.26799,4.936513,18.03571
125.4373,-23.13145,5.108685,17.82802,0,0,0,-23.26799,4.936513,18.03571
125.4454,-23.12881,5.107092,17.83172,0,0,0,-23.26799,4.936513,18.03571
125.4544,-23.12881,5.107092,17.83172,0,0,0,-23.26799,4.936513,18.03571
125.462,-23.12842,5.106689,17.83329,0,0,0,-23.26799,4.936513,18.03571
125.4702,-23.12842,5.106689,17.83329,0,0,0,-23.26799,4.936513,18.03571
125.4777,-23.12842,5.106689,17.83329,0,0,0,-23.26799,4.936513,18.03571
125.4876,-23.12886,5.105494,17.83841,0,0,0,-23.26799,4.936513,18.03571
125.4984,-23.12886,5.105494,17.83841,0,0,0,-23.26799,4.936513,18.03571
125.5054,-23.12645,5.104707,17.84115,0,0,0,-23.26799,4.936513,18.03571
125.5168,-23.12645,5.104707,17.84115,0,0,0,-23.26799,4.936513,18.03571
125.5241,-23.12628,5.103929,17.84446,0,0,0,-23.26799,4.936513,18.03571
125.5323,-23.12628,5.103929,17.84446,0,0,0,-23.26799,4.936513,18.03571
125.5406,-23.12589,5.103543,17.84603,0,0,0,-23.26799,4.936513,18.03571
125.5487,-23.12589,5.103543,17.84603,0,0,0,-23.26799,4.936513,18.03571
125.5569,-23.12589,5.103543,17.84603,0,0,0,-23.26799,4.936513,18.03571
125.5644,-23.12449,5.103159,17.84736,0,0,0,-23.26799,4.936513,18.03571
125.5736,-23.12449,5.103159,17.84736,0,0,0,-23.26799,4.936513,18.03571
125.5817,-23.12247,5.102782,17.84853,0,0,0,-23.26799,4.936513,18.03571
125.5905,-23.12247,5.102782,17.84853,0,0,0,-23.26799,4.936513,18.03571
125.598,-23.12247,5.102782,17.84853,0,0,0,-23.26799,4.936513,18.03571
125.6054,-23.12164,5.103551,17.84498,0,0,0,-23.26799,4.936513,18.03571
125.6141,-23.12164,5.103551,17.84498,0,0,0,-23.26799,4.936513,18.03571
125.6215,-23.11991,5.103311,17.84501,0,0,0,-23.26799,4.936513,18.03571
125.6302,-23.11991,5.103311,17.84501,0,0,0,-23.26799,4.936513,18.03571
125.6373,-23.11991,5.103311,17.84501,0,0,0,-23.26799,4.936513,18.03571
125.6449,-23.12148,5.104868,17.83871,0,0,0,-23.26799,4.936513,18.03571
125.6558,-23.12148,5.104868,17.83871,0,0,0,-23.26799,4.936513,18.03571
125.6683,-23.12383,5.107265,17.82928,0,0,0,-23.26799,4.936513,18.03571
125.6809,-23.12339,5.1085,17.82417,0,0,0,-23.26799,4.936513,18.03571
125.691,-23.12339,5.1085,17.82417,0,0,0,-23.26799,4.936513,18.03571
125.7005,-23.12333,5.110177,17.81749,0,0,0,-23.26799,4.936513,18.03571
125.7118,-23.12333,5.110177,17.81749,0,0,0,-23.26799,4.936513,18.03571
125.7206,-23.12534,5.110586,17.81632,0,0,0,-23.26799,4.936513,18.03571
125.7311,-23.12534,5.110586,17.81632,0,0,0,-23.26799,4.936513,18.03571
125.7406,-23.12372,5.110598,17.81592,0,0,0,-23.26799,4.936513,18.03571
125.7504,-23.12372,5.110598,17.81592,0,0,0,-23.26799,4.936513,18.03571
125.7611,-23.12294,5.109757,17.81906,0,0,0,-23.26799,4.936513,18.03571
125.7711,-23.12294,5.109757,17.81906,0,0,0,-23.26799,4.936513,18.03571
125.7799,-23.12294,5.109757,17.81906,0,0,0,-23.26799,4.936513,18.03571
125.7885,-23.11892,5.108955,17.82139,0,0,0,-23.26799,4.936513,18.03571
125.7985,-23.11892,5.108955,17.82139,0,0,0,-23.26799,4.936513,18.03571
125.8078,-23.11675,5.108931,17.82318,0,0,0,-23.26799,4.936513,18.03571
125.8174,-23.11675,5.108931,17.82318,0,0,0,-23.26799,4.936513,18.03571
125.8252,-23.11312,5.108562,17.82395,0,0,0,-23.26799,4.936513,18.03571
125.8353,-23.11312,5.108562,17.82395,0,0,0,-23.26799,4.936513,18.03571
125.8438,-23.11273,5.108154,17.82552,0,0,0,-23.26799,4.936513,18.03571
125.8523,-23.11273,5.108154,17.82552,0,0,0,-23.26799,4.936513,18.03571
125.8609,-23.11172,5.108178,17.82528,0,0,0,-23.26799,4.936513,18.03571
125.8693,-23.11172,5.108178,17.82528,0,0,0,-23.26799,4.936513,18.03571
125.8769,-23.11172,5.108178,17.82528,0,0,0,-23.26799,4.936513,18.03571
125.8843,-23.1097,5.107798,17.82645,0,0,0,-23.26799,4.936513,18.03571
125.893,-23.1097,5.107798,17.82645,0,0,0,-23.26799,4.936513,18.03571
125.9005,-23.11009,5.108204,17.82488,0,0,0,-23.26799,4.936513,18.03571
125.9093,-23.11009,5.108204,17.82488,0,0,0,-23.26799,4.936513,18.03571
125.9173,-23.11009,5.108204,17.82488,0,0,0,-23.26799,4.936513,18.03571
125.929,-23.10886,5.10864,17.82292,0,0,0,-23.26799,4.936513,18.03571
125.9375,-23.10886,5.10864,17.82292,0,0,0,-23.26799,4.936513,18.03571
125.9462,-23.10886,5.10864,17.82292,0,0,0,-23.26799,4.936513,18.03571
125.9544,-23.10886,5.10864,17.82292,0,0,0,-23.26799,4.936513,18.03571
125.9621,-23.10926,5.109051,17.82135,0,0,0,-23.26799,4.936513,18.03571
125.9704,-23.10926,5.109051,17.82135,0,0,0,-23.26799,4.936513,18.03571
125.9775,-23.10926,5.109051,17.82135,0,0,0,-23.26799,4.936513,18.03571
125.9846,-23.10886,5.10864,17.82292,0,0,0,-23.26799,4.936513,18.03571
125.9931,-23.10886,5.10864,17.82292,0,0,0,-23.26799,4.936513,18.03571
126.0002,-23.10886,5.10864,17.82292,0,0,0,-23.26799,4.936513,18.03571
126.0085,-23.10886,5.10864,17.82292,0,0,0,-23.26799,4.936513,18.03571
126.0163,-23.10886,5.10864,17.82292,0,0,0,-23.26799,4.936513,18.03571
126.0238,-23.11049,5.108612,17.82331,0,0,0,-23.26799,4.936513,18.03571
126.0327,-23.11049,5.108612,17.82331,0,0,0,-23.26799,4.936513,18.03571
126.0404,-23.10886,5.10864,17.82292,0,0,0,-23.26799,4.936513,18.03571
126.0508,-23.10886,5.10864,17.82292,0,0,0,-23.26799,4.936513,18.03571
126.0584,-23.10886,5.10864,17.82292,0,0,0,-23.26799,4.936513,18.03571
126.0659,-23.10886,5.10864,17.82292,0,0,0,-23.26799,4.936513,18.03571
126.075,-23.10886,5.10864,17.82292,0,0,0,-23.26799,4.936513,18.03571
126.0861,-23.10886,5.10864,17.82292,0,0,0,-23.26799,4.936513,18.03571
126.0949,-23.10886,5.10864,17.82292,0,0,0,-23.26799,4.936513,18.03571
126.1024,-23.10886,5.10864,17.82292,0,0,0,-23.26799,4.936513,18.03571
126.1106,-23.10886,5.10864,17.82292,0,0,0,-23.26799,4.936513,18.03571
126.1178,-23.10886,5.10864,17.82292,0,0,0,-23.26799,4.936513,18.03571
126.1251,-23.10876,5.10839,17.82336,0,0,0,-23.26799,4.936513,18.03571
126.1338,-23.10876,5.10839,17.82336,0,0,0,-23.26799,4.936513,18.03571
126.1409,-23.10876,5.10839,17.82336,0,0,0,-23.26799,4.936513,18.03571
126.1491,-23.10876,5.10839,17.82336,0,0,0,-23.26799,4.936513,18.03571
126.1578,-23.10876,5.10839,17.82336,0,0,0,-23.26799,4.936513,18.03571
126.166,-23.11038,5.108361,17.82375,0,0,0,-23.26799,4.936513,18.03571
126.1748,-23.11038,5.108361,17.82375,0,0,0,-23.26799,4.936513,18.03571
126.1831,-23.10865,5.108139,17.8238,0,0,0,-23.26799,4.936513,18.03571
126.1931,-23.10865,5.108139,17.8238,0,0,0,-23.26799,4.936513,18.03571
126.2002,-23.10839,5.108262,17.82485,0,0,0,-23.26799,4.936513,18.03571
126.2088,-23.10839,5.108262,17.82485,0,0,0,-23.26799,4.936513,18.03571
126.2161,-23.10839,5.108262,17.82485,0,0,0,-23.26799,4.936513,18.03571
126.2241,-23.10802,5.108133,17.82634,0,0,0,-23.26799,4.936513,18.03571
126.2334,-23.10802,5.108133,17.82634,0,0,0,-23.26799,4.936513,18.03571
126.2412,-23.10791,5.107882,17.82678,0,0,0,-23.26799,4.936513,18.03571
126.252,-23.10791,5.107882,17.82678,0,0,0,-23.26799,4.936513,18.03571
126.2598,-23.10791,5.107882,17.82678,0,0,0,-23.26799,4.936513,18.03571
126.2678,-23.10931,5.107351,17.82805,0,0,0,-23.26799,4.936513,18.03571
126.2815,-23.10769,5.10738,17.82765,0,0,0,-23.26799,4.936513,18.03571
126.2905,-23.10769,5.10738,17.82765,0,0,0,-23.26799,4.936513,18.03571
126.2989,-23.10769,5.10738,17.82765,0,0,0,-23.26799,4.936513,18.03571
126.3083,-23.1092,5.1071,17.82848,0,0,0,-23.26799,4.936513,18.03571
126.3174,-23.1092,5.1071,17.82848,0,0,0,-23.26799,4.936513,18.03571
126.3288,-23.10743,5.107501,17.8287,0,0,0,-23.26799,4.936513,18.03571
126.34,-23.10732,5.107249,17.82914,0,0,0,-23.26799,4.936513,18.03571
126.3505,-23.10732,5.107249,17.82914,0,0,0,-23.26799,4.936513,18.03571
126.3588,-23.10732,5.107249,17.82914,0,0,0,-23.26799,4.936513,18.03571
126.367,-23.10706,5.107371,17.83019,0,0,0,-23.26799,4.936513,18.03571
126.3785,-23.10706,5.107371,17.83019,0,0,0,-23.26799,4.936513,18.03571
126.3866,-23.10706,5.107371,17.83019,0,0,0,-23.26799,4.936513,18.03571
126.3987,-23.10706,5.107371,17.83019,0,0,0,-23.26799,4.936513,18.03571
126.4088,-23.1069,5.107743,17.8308,0,0,0,-23.26799,4.936513,18.03571
126.4196,-23.1069,5.107743,17.8308,0,0,0,-23.26799,4.936513,18.03571
126.4288,-23.1069,5.107743,17.8308,0,0,0,-23.26799,4.936513,18.03571
126.4383,-23.1069,5.107743,17.8308,0,0,0,-23.26799,4.936513,18.03571
126.4471,-23.1069,5.107743,17.8308,0,0,0,-23.26799,4.936513,18.03571
126.4562,-23.1069,5.107743,17.8308,0,0,0,-23.26799,4.936513,18.03571
126.4643,-23.10837,5.108088,17.83182,0,0,0,-23.26799,4.936513,18.03571
126.4735,-23.10837,5.108088,17.83182,0,0,0,-23.26799,4.936513,18.03571
126.4812,-23.10675,5.108117,17.83142,0,0,0,-23.26799,4.936513,18.03571
126.49,-23.10675,5.108117,17.83142,0,0,0,-23.26799,4.936513,18.03571
126.4973,-23.10675,5.108117,17.83142,0,0,0,-23.26799,4.936513,18.03571
126.5047,-23.10675,5.108117,17.83142,0,0,0,-23.26799,4.936513,18.03571
126.5136,-23.10675,5.108117,17.83142,0,0,0,-23.26799,4.936513,18.03571
126.5209,-23.10697,5.107712,17.83315,0,0,0,-23.26799,4.936513,18.03571
126.5299,-23.10697,5.107712,17.83315,0,0,0,-23.26799,4.936513,18.03571
126.5376,-23.10697,5.107712,17.83315,0,0,0,-23.26799,4.936513,18.03571
126.5455,-23.1082,5.107281,17.83512,0,0,0,-23.26799,4.936513,18.03571
126.5548,-23.1082,5.107281,17.83512,0,0,0,-23.26799,4.936513,18.03571
126.5622,-23.10781,5.106882,17.83669,0,0,0,-23.26799,4.936513,18.03571
126.5722,-23.10781,5.106882,17.83669,0,0,0,-23.26799,4.936513,18.03571
126.5801,-23.10904,5.106458,17.83866,0,0,0,-23.26799,4.936513,18.03571
126.5884,-23.10904,5.106458,17.83866,0,0,0,-23.26799,4.936513,18.03571
126.5959,-23.10904,5.106458,17.83866,0,0,0,-23.26799,4.936513,18.03571
126.6034,-23.11105,5.106832,17.83748,0,0,0,-23.26799,4.936513,18.03571
126.6121,-23.11105,5.106832,17.83748,0,0,0,-23.26799,4.936513,18.03571
126.6197,-23.11105,5.106832,17.83748,0,0,0,-23.26799,4.936513,18.03571
126.629,-23.11228,5.106411,17.83946,0,0,0,-23.26799,4.936513,18.03571
126.6381,-23.11228,5.106411,17.83946,0,0,0,-23.26799,4.936513,18.03571
126.6456,-23.11189,5.106016,17.84103,0,0,0,-23.26799,4.936513,18.03571
126.6541,-23.11189,5.106016,17.84103,0,0,0,-23.26799,4.936513,18.03571
126.6616,-23.11088,5.105621,17.84245,0,0,0,-23.26799,4.936513,18.03571
126.6738,-23.11088,5.105621,17.84245,0,0,0,-23.26799,4.936513,18.03571
126.6814,-23.1101,5.10484,17.84559,0,0,0,-23.26799,4.936513,18.03571
126.6903,-23.1101,5.10484,17.84559,0,0,0,-23.26799,4.936513,18.03571
126.6977,-23.1101,5.10484,17.84559,0,0,0,-23.26799,4.936513,18.03571
126.7051,-23.11109,5.103667,17.84853,0,0,0,-23.26799,4.936513,18.03571
126.7137,-23.11109,5.103667,17.84853,0,0,0,-23.26799,4.936513,18.03571
126.7211,-23.10969,5.102901,17.85152,0,0,0,-23.26799,4.936513,18.03571
126.7301,-23.10969,5.102901,17.85152,0,0,0,-23.26799,4.936513,18.03571
126.7372,-23.10969,5.102901,17.85152,0,0,0,-23.26799,4.936513,18.03571
126.7446,-23.10929,5.102521,17.8531,0,0,0,-23.26799,4.936513,18.03571
126.7551,-23.10929,5.102521,17.8531,0,0,0,-23.26799,4.936513,18.03571
126.7637,-23.1089,5.102143,17.85468,0,0,0,-23.26799,4.936513,18.03571
126.7721,-23.1089,5.102143,17.85468,0,0,0,-23.26799,4.936513,18.03571
126.7799,-23.1089,5.102143,17.85468,0,0,0,-23.26799,4.936513,18.03571
126.7876,-23.10749,5.101393,17.85767,0,0,0,-23.26799,4.936513,18.03571
126.7959,-23.10749,5.101393,17.85767,0,0,0,-23.26799,4.936513,18.03571
126.804,-23.10725,5.100638,17.85863,0,0,0,-23.26799,4.936513,18.03571
126.8122,-23.10725,5.100638,17.85863,0,0,0,-23.26799,4.936513,18.03571
126.8212,-23.10501,5.100658,17.85807,0,0,0,-23.26799,4.936513,18.03571
126.8295,-23.10501,5.100658,17.85807,0,0,0,-23.26799,4.936513,18.03571
126.8373,-23.10501,5.100658,17.85807,0,0,0,-23.26799,4.936513,18.03571
126.8455,-23.10624,5.100267,17.86005,0,0,0,-23.26799,4.936513,18.03571
126.8564,-23.10624,5.100267,17.86005,0,0,0,-23.26799,4.936513,18.03571
126.8638,-23.10624,5.100267,17.86005,0,0,0,-23.26799,4.936513,18.03571
126.8721,-23.10624,5.100267,17.86005,0,0,0,-23.26799,4.936513,18.03571
126.8798,-23.10624,5.100267,17.86005,0,0,0,-23.26799,4.936513,18.03571
126.8875,-23.10601,5.100638,17.85831,0,0,0,-23.26799,4.936513,18.03571
126.8964,-23.10601,5.100638,17.85831,0,0,0,-23.26799,4.936513,18.03571
126.9036,-23.10579,5.10101,17.85657,0,0,0,-23.26799,4.936513,18.03571
126.9122,-23.10579,5.10101,17.85657,0,0,0,-23.26799,4.936513,18.03571
126.9195,-23.10579,5.10101,17.85657,0,0,0,-23.26799,4.936513,18.03571
126.9271,-23.10579,5.10101,17.85657,0,0,0,-23.26799,4.936513,18.03571
126.9359,-23.10579,5.10101,17.85657,0,0,0,-23.26799,4.936513,18.03571
126.9433,-23.10618,5.101385,17.85499,0,0,0,-23.26799,4.936513,18.03571
126.9517,-23.10618,5.101385,17.85499,0,0,0,-23.26799,4.936513,18.03571
126.9605,-23.10658,5.101761,17.85341,0,0,0,-23.26799,4.936513,18.03571
126.9705,-23.10658,5.101761,17.85341,0,0,0,-23.26799,4.936513,18.03571
126.9794,-23.10658,5.101761,17.85341,0,0,0,-23.26799,4.936513,18.03571
126.9881,-23.10687,5.101887,17.85228,0,0,0,-23.26799,4.936513,18.03571
126.9997,-23.10687,5.101887,17.85228,0,0,0,-23.26799,4.936513,18.03571
127.0092,-23.10715,5.102015,17.85114,0,0,0,-23.26799,4.936513,18.03571
127.0183,-23.10715,5.102015,17.85114,0,0,0,-23.26799,4.936513,18.03571
127.0266,-23.1048,5.101784,17.85101,0,0,0,-23.26799,4.936513,18.03571
127.0363,-23.1048,5.101784,17.85101,0,0,0,-23.26799,4.936513,18.03571
127.0448,-23.1052,5.102166,17.84944,0,0,0,-23.26799,4.936513,18.03571
127.0575,-23.1052,5.102166,17.84944,0,0,0,-23.26799,4.936513,18.03571
127.0677,-23.10722,5.10253,17.84826,0,0,0,-23.26799,4.936513,18.03571
127.0774,-23.10722,5.10253,17.84826,0,0,0,-23.26799,4.936513,18.03571
127.0865,-23.10682,5.102145,17.84984,0,0,0,-23.26799,4.936513,18.03571
127.096,-23.10682,5.102145,17.84984,0,0,0,-23.26799,4.936513,18.03571
127.1055,-23.10761,5.102918,17.84669,0,0,0,-23.26799,4.936513,18.03571
127.1189,-23.10761,5.102918,17.84669,0,0,0,-23.26799,4.936513,18.03571
127.1288,-23.10599,5.102937,17.84628,0,0,0,-23.26799,4.936513,18.03571
127.1372,-23.10599,5.102937,17.84628,0,0,0,-23.26799,4.936513,18.03571
127.1448,-23.10599,5.102936,17.84628,0,0,0,-23.26799,4.936513,18.03571
127.1539,-23.10599,5.102936,17.84628,0,0,0,-23.26799,4.936513,18.03571
127.1612,-23.10599,5.102936,17.84628,0,0,0,-23.26799,4.936513,18.03571
127.1704,-23.10599,5.102936,17.84628,0,0,0,-23.26799,4.936513,18.03571
127.1783,-23.10599,5.102936,17.84628,0,0,0,-23.26799,4.936513,18.03571
127.1861,-23.10599,5.102936,17.84628,0,0,0,-23.26799,4.936513,18.03571
127.1967,-23.10599,5.102936,17.84628,0,0,0,-23.26799,4.936513,18.03571
127.2042,-23.10599,5.102936,17.84628,0,0,0,-23.26799,4.936513,18.03571
127.2136,-23.10599,5.102936,17.84628,0,0,0,-23.26799,4.936513,18.03571
127.2239,-23.1056,5.102551,17.84786,0,0,0,-23.26799,4.936513,18.03571
127.2334,-23.1056,5.102551,17.84786,0,0,0,-23.26799,4.936513,18.03571
127.2415,-23.10387,5.102321,17.84789,0,0,0,-23.26799,4.936513,18.03571
127.2505,-23.10387,5.102321,17.84789,0,0,0,-23.26799,4.936513,18.03571
127.258,-23.10387,5.102321,17.84789,0,0,0,-23.26799,4.936513,18.03571
127.2658,-23.10549,5.102299,17.8483,0,0,0,-23.26799,4.936513,18.03571
127.2755,-23.10549,5.102299,17.8483,0,0,0,-23.26799,4.936513,18.03571
127.2831,-23.10387,5.102321,17.84789,0,0,0,-23.26799,4.936513,18.03571
127.2921,-23.10387,5.102321,17.84789,0,0,0,-23.26799,4.936513,18.03571
127.3018,-23.10225,5.102345,17.84749,0,0,0,-23.26799,4.936513,18.03571
127.3111,-23.10225,5.102345,17.84749,0,0,0,-23.26799,4.936513,18.03571
127.3184,-23.10225,5.102345,17.84749,0,0,0,-23.26799,4.936513,18.03571
127.3264,-23.10387,5.102321,17.84789,0,0,0,-23.26799,4.936513,18.03571
127.3349,-23.10387,5.102321,17.84789,0,0,0,-23.26799,4.936513,18.03571
127.3423,-23.10225,5.102345,17.84749,0,0,0,-23.26799,4.936513,18.03571
127.3505,-23.10225,5.102345,17.84749,0,0,0,-23.26799,4.936513,18.03571
127.358,-23.10225,5.102345,17.84749,0,0,0,-23.26799,4.936513,18.03571
127.3655,-23.10185,5.10196,17.84907,0,0,0,-23.26799,4.936513,18.03571
127.374,-23.10185,5.10196,17.84907,0,0,0,-23.26799,4.936513,18.03571
127.3822,-23.10023,5.101986,17.84867,0,0,0,-23.26799,4.936513,18.03571
127.3916,-23.10023,5.101986,17.84867,0,0,0,-23.26799,4.936513,18.03571
127.3997,-23.10023,5.101986,17.84867,0,0,0,-23.26799,4.936513,18.03571
127.4078,-23.10023,5.101985,17.84867,0,0,0,-23.26799,4.936513,18.03571
127.4185,-23.10023,5.101985,17.84867,0,0,0,-23.26799,4.936513,18.03571
127.4278,-23.09876,5.101634,17.84765,0,0,0,-23.26799,4.936513,18.03571
127.4361,-23.09876,5.101634,17.84765,0,0,0,-23.26799,4.936513,18.03571
127.446,-23.10039,5.101606,17.84805,0,0,0,-23.26799,4.936513,18.03571
127.4542,-23.10039,5.101606,17.84805,0,0,0,-23.26799,4.936513,18.03571
127.4617,-23.09877,5.101635,17.84765,0,0,0,-23.26799,4.936513,18.03571
127.4708,-23.09877,5.101635,17.84765,0,0,0,-23.26799,4.936513,18.03571
127.4782,-23.09877,5.101635,17.84765,0,0,0,-23.26799,4.936513,18.03571
127.4853,-23.09715,5.101665,17.84725,0,0,0,-23.26799,4.936513,18.03571
127.4937,-23.09715,5.101665,17.84725,0,0,0,-23.26799,4.936513,18.03571
127.5011,-23.09552,5.101697,17.84685,0,0,0,-23.26799,4.936513,18.03571
127.5108,-23.09552,5.101697,17.84685,0,0,0,-23.26799,4.936513,18.03571
127.5204,-23.09268,5.102154,17.84448,0,0,0,-23.26799,4.936513,18.03571
127.5284,-23.09268,5.102154,17.84448,0,0,0,-23.26799,4.936513,18.03571
127.5354,-23.09268,5.102154,17.84448,0,0,0,-23.26799,4.936513,18.03571
127.5439,-23.09347,5.102931,17.84133,0,0,0,-23.26799,4.936513,18.03571
127.554,-23.09347,5.102931,17.84133,0,0,0,-23.26799,4.936513,18.03571
127.5616,-23.09225,5.103361,17.83936,0,0,0,-23.26799,4.936513,18.03571
127.5731,-23.09225,5.103361,17.83936,0,0,0,-23.26799,4.936513,18.03571
127.5807,-23.09304,5.104151,17.83621,0,0,0,-23.26799,4.936513,18.03571
127.5907,-23.09304,5.104151,17.83621,0,0,0,-23.26799,4.936513,18.03571
127.5986,-23.09304,5.104151,17.83621,0,0,0,-23.26799,4.936513,18.03571
127.6064,-23.09181,5.104589,17.83424,0,0,0,-23.26799,4.936513,18.03571
127.6182,-23.09181,5.104589,17.83424,0,0,0,-23.26799,4.936513,18.03571
127.6259,-23.09019,5.104632,17.83384,0,0,0,-23.26799,4.936513,18.03571
127.6342,-23.09019,5.104632,17.83384,0,0,0,-23.26799,4.936513,18.03571
127.6418,-23.09074,5.104658,17.83166,0,0,0,-23.26799,4.936513,18.03571
127.6511,-23.09074,5.104658,17.83166,0,0,0,-23.26799,4.936513,18.03571
127.6593,-23.09074,5.104658,17.83166,0,0,0,-23.26799,4.936513,18.03571
127.6692,-23.08952,5.105105,17.82969,0,0,0,-23.26799,4.936513,18.03571
127.6779,-23.08952,5.105105,17.82969,0,0,0,-23.26799,4.936513,18.03571
127.6856,-23.08952,5.105105,17.82969,0,0,0,-23.26799,4.936513,18.03571
127.6939,-23.08952,5.105105,17.82969,0,0,0,-23.26799,4.936513,18.03571
127.7016,-23.08952,5.105105,17.82969,0,0,0,-23.26799,4.936513,18.03571
127.7109,-23.08952,5.105105,17.82969,0,0,0,-23.26799,4.936513,18.03571
127.723,-23.08991,5.10551,17.82812,0,0,0,-23.26799,4.936513,18.03571
127.7321,-23.08991,5.10551,17.82812,0,0,0,-23.26799,4.936513,18.03571
127.7404,-23.09013,5.105105,17.82986,0,0,0,-23.26799,4.936513,18.03571
127.7497,-23.09013,5.105105,17.82986,0,0,0,-23.26799,4.936513,18.03571
127.7577,-23.09013,5.105105,17.82986,0,0,0,-23.26799,4.936513,18.03571
127.7656,-23.08866,5.104779,17.82885,0,0,0,-23.26799,4.936513,18.03571
127.7754,-23.08866,5.104779,17.82885,0,0,0,-23.26799,4.936513,18.03571
127.7852,-23.08866,5.104779,17.82885,0,0,0,-23.26799,4.936513,18.03571
127.7961,-23.08866,5.104779,17.82885,0,0,0,-23.26799,4.936513,18.03571
127.8069,-23.09028,5.104732,17.82925,0,0,0,-23.26799,4.936513,18.03571
127.8175,-23.09028,5.104732,17.82925,0,0,0,-23.26799,4.936513,18.03571
127.8301,-23.08989,5.104328,17.83082,0,0,0,-23.26799,4.936513,18.03571
127.8393,-23.08989,5.104328,17.83082,0,0,0,-23.26799,4.936513,18.03571
127.8476,-23.08989,5.104328,17.83082,0,0,0,-23.26799,4.936513,18.03571
127.8567,-23.08989,5.104328,17.83082,0,0,0,-23.26799,4.936513,18.03571
127.8667,-23.08866,5.104779,17.82885,0,0,0,-23.26799,4.936513,18.03571
127.8759,-23.08866,5.104779,17.82885,0,0,0,-23.26799,4.936513,18.03571
127.884,-23.08866,5.104779,17.82885,0,0,0,-23.26799,4.936513,18.03571
127.8934,-23.08866,5.104779,17.82885,0,0,0,-23.26799,4.936513,18.03571
127.9029,-23.08978,5.104075,17.83125,0,0,0,-23.26799,4.936513,18.03571
127.9114,-23.08978,5.104075,17.83125,0,0,0,-23.26799,4.936513,18.03571
127.9188,-23.08978,5.104075,17.83125,0,0,0,-23.26799,4.936513,18.03571
127.9265,-23.09017,5.104479,17.82969,0,0,0,-23.26799,4.936513,18.03571
127.935,-23.09017,5.104479,17.82969,0,0,0,-23.26799,4.936513,18.03571
127.9434,-23.08978,5.104075,17.83125,0,0,0,-23.26799,4.936513,18.03571
127.9523,-23.08978,5.104075,17.83125,0,0,0,-23.26799,4.936513,18.03571
127.9604,-23.08978,5.104075,17.83125,0,0,0,-23.26799,4.936513,18.03571
127.9695,-23.08978,5.104075,17.83125,0,0,0,-23.26799,4.936513,18.03571
127.9785,-23.08978,5.104075,17.83125,0,0,0,-23.26799,4.936513,18.03571
127.9881,-23.08776,5.103722,17.83243,0,0,0,-23.26799,4.936513,18.03571
127.9994,-23.08776,5.103722,17.83243,0,0,0,-23.26799,4.936513,18.03571
128.0075,-23.08736,5.103322,17.834,0,0,0,-23.26799,4.936513,18.03571
128.0165,-23.08736,5.103322,17.834,0,0,0,-23.26799,4.936513,18.03571
128.0247,-23.08859,5.102878,17.83597,0,0,0,-23.26799,4.936513,18.03571
128.0339,-23.08859,5.102878,17.83597,0,0,0,-23.26799,4.936513,18.03571
128.0416,-23.08657,5.10253,17.83715,0,0,0,-23.26799,4.936513,18.03571
128.0526,-23.08657,5.10253,17.83715,0,0,0,-23.26799,4.936513,18.03571
128.0607,-23.08679,5.102136,17.83889,0,0,0,-23.26799,4.936513,18.03571
128.071,-23.08679,5.102136,17.83889,0,0,0,-23.26799,4.936513,18.03571
128.0789,-23.08679,5.102136,17.83889,0,0,0,-23.26799,4.936513,18.03571
128.0876,-23.08763,5.10131,17.84243,0,0,0,-23.26799,4.936513,18.03571
128.0976,-23.08763,5.10131,17.84243,0,0,0,-23.26799,4.936513,18.03571
128.1072,-23.08723,5.100923,17.84401,0,0,0,-23.26799,4.936513,18.03571
128.1161,-23.08723,5.100923,17.84401,0,0,0,-23.26799,4.936513,18.03571
128.1237,-23.08683,5.100538,17.84558,0,0,0,-23.26799,4.936513,18.03571
128.1322,-23.08683,5.100538,17.84558,0,0,0,-23.26799,4.936513,18.03571
128.143,-23.08683,5.100538,17.84558,0,0,0,-23.26799,4.936513,18.03571
128.1516,-23.08683,5.100538,17.84558,0,0,0,-23.26799,4.936513,18.03571
128.1598,-23.08683,5.100538,17.84558,0,0,0,-23.26799,4.936513,18.03571
128.1674,-23.08644,5.100156,17.84716,0,0,0,-23.26799,4.936513,18.03571
128.1769,-23.08644,5.100156,17.84716,0,0,0,-23.26799,4.936513,18.03571
128.1853,-23.08644,5.100156,17.84716,0,0,0,-23.26799,4.936513,18.03571
128.1944,-23.08644,5.100156,17.84716,0,0,0,-23.26799,4.936513,18.03571
128.2026,-23.08644,5.100156,17.84716,0,0,0,-23.26799,4.936513,18.03571
128.2115,-23.08644,5.100156,17.84716,0,0,0,-23.26799,4.936513,18.03571
128.2202,-23.08644,5.100156,17.84716,0,0,0,-23.26799,4.936513,18.03571
128.2298,-23.08644,5.100156,17.84716,0,0,0,-23.26799,4.936513,18.03571
128.2372,-23.08644,5.100156,17.84716,0,0,0,-23.26799,4.936513,18.03571
128.2456,-23.08806,5.100111,17.84756,0,0,0,-23.26799,4.936513,18.03571
128.2568,-23.08806,5.100111,17.84756,0,0,0,-23.26799,4.936513,18.03571
128.2647,-23.08644,5.100156,17.84716,0,0,0,-23.26799,4.936513,18.03571
128.2748,-23.08644,5.100156,17.84716,0,0,0,-23.26799,4.936513,18.03571
128.2826,-23.08644,5.100156,17.84716,0,0,0,-23.26799,4.936513,18.03571
128.2928,-23.08644,5.100156,17.84716,0,0,0,-23.26799,4.936513,18.03571
128.3028,-23.08806,5.100111,17.84756,0,0,0,-23.26799,4.936513,18.03571
128.3139,-23.08806,5.100111,17.84756,0,0,0,-23.26799,4.936513,18.03571
128.3236,-23.08767,5.099731,17.84913,0,0,0,-23.26799,4.936513,18.03571
128.3328,-23.08767,5.099731,17.84913,0,0,0,-23.26799,4.936513,18.03571
128.3423,-23.08795,5.099858,17.84799,0,0,0,-23.26799,4.936513,18.03571
128.3521,-23.08795,5.099858,17.84799,0,0,0,-23.26799,4.936513,18.03571
128.3599,-23.08795,5.099858,17.84799,0,0,0,-23.26799,4.936513,18.03571
128.3718,-23.08795,5.099858,17.84799,0,0,0,-23.26799,4.936513,18.03571
128.3815,-23.08795,5.099858,17.84799,0,0,0,-23.26799,4.936513,18.03571
128.3928,-23.08795,5.099858,17.84799,0,0,0,-23.26799,4.936513,18.03571
128.403,-23.08795,5.099858,17.84799,0,0,0,-23.26799,4.936513,18.03571
128.4139,-23.08795,5.099858,17.84799,0,0,0,-23.26799,4.936513,18.03571
128.4227,-23.08795,5.099858,17.84799,0,0,0,-23.26799,4.936513,18.03571
128.4326,-23.08795,5.099858,17.84799,0,0,0,-23.26799,4.936513,18.03571
128.4413,-23.08997,5.100198,17.84681,0,0,0,-23.26799,4.936513,18.03571
128.4501,-23.08997,5.100198,17.84681,0,0,0,-23.26799,4.936513,18.03571
128.4595,-23.08997,5.100198,17.84681,0,0,0,-23.26799,4.936513,18.03571
128.4675,-23.08795,5.099858,17.84799,0,0,0,-23.26799,4.936513,18.03571
128.4764,-23.08795,5.099858,17.84799,0,0,0,-23.26799,4.936513,18.03571
128.4841,-23.08824,5.099988,17.84686,0,0,0,-23.26799,4.936513,18.03571
128.4928,-23.08824,5.099988,17.84686,0,0,0,-23.26799,4.936513,18.03571
128.5005,-23.08824,5.099988,17.84686,0,0,0,-23.26799,4.936513,18.03571
128.5116,-23.08824,5.099988,17.84686,0,0,0,-23.26799,4.936513,18.03571
128.5192,-23.08824,5.099988,17.84686,0,0,0,-23.26799,4.936513,18.03571
128.5276,-23.09025,5.10033,17.84567,0,0,0,-23.26799,4.936513,18.03571
128.5381,-23.09025,5.10033,17.84567,0,0,0,-23.26799,4.936513,18.03571
128.5464,-23.09025,5.10033,17.84567,0,0,0,-23.26799,4.936513,18.03571
128.5591,-23.09025,5.10033,17.84567,0,0,0,-23.26799,4.936513,18.03571
128.5663,-23.09054,5.100463,17.84454,0,0,0,-23.26799,4.936513,18.03571
128.5783,-23.09054,5.100463,17.84454,0,0,0,-23.26799,4.936513,18.03571
128.5871,-23.09216,5.100423,17.84493,0,0,0,-23.26799,4.936513,18.03571
128.597,-23.09216,5.100423,17.84493,0,0,0,-23.26799,4.936513,18.03571
128.6066,-23.09378,5.100384,17.84533,0,0,0,-23.26799,4.936513,18.03571
128.6178,-23.09378,5.100384,17.84533,0,0,0,-23.26799,4.936513,18.03571
128.6265,-23.09378,5.100384,17.84533,0,0,0,-23.26799,4.936513,18.03571
128.6363,-23.09378,5.100384,17.84533,0,0,0,-23.26799,4.936513,18.03571
128.6456,-23.09378,5.100384,17.84533,0,0,0,-23.26799,4.936513,18.03571
128.6557,-23.09378,5.100384,17.84533,0,0,0,-23.26799,4.936513,18.03571
128.6644,-23.0954,5.100348,17.84573,0,0,0,-23.26799,4.936513,18.03571
128.6745,-23.0954,5.100348,17.84573,0,0,0,-23.26799,4.936513,18.03571
128.6837,-23.0954,5.100348,17.84573,0,0,0,-23.26799,4.936513,18.03571
128.6939,-23.0954,5.100348,17.84573,0,0,0,-23.26799,4.936513,18.03571
128.7023,-23.09742,5.100701,17.84455,0,0,0,-23.26799,4.936513,18.03571
128.7112,-23.09742,5.100701,17.84455,0,0,0,-23.26799,4.936513,18.03571
128.7217,-23.09702,5.100313,17.84612,0,0,0,-23.26799,4.936513,18.03571
128.7303,-23.09702,5.100313,17.84612,0,0,0,-23.26799,4.936513,18.03571
128.7377,-23.09702,5.100313,17.84612,0,0,0,-23.26799,4.936513,18.03571
128.7458,-23.09742,5.100701,17.84455,0,0,0,-23.26799,4.936513,18.03571
128.7541,-23.09742,5.100701,17.84455,0,0,0,-23.26799,4.936513,18.03571
128.7642,-23.09742,5.1007,17.84455,0,0,0,-23.26799,4.936513,18.03571
128.7728,-23.09742,5.1007,17.84455,0,0,0,-23.26799,4.936513,18.03571
128.7805,-23.09702,5.100313,17.84612,0,0,0,-23.26799,4.936513,18.03571
128.7899,-23.09702,5.100313,17.84612,0,0,0,-23.26799,4.936513,18.03571
128.7976,-23.09702,5.100313,17.84612,0,0,0,-23.26799,4.936513,18.03571
128.8051,-23.09742,5.100701,17.84455,0,0,0,-23.26799,4.936513,18.03571
128.8153,-23.09742,5.100701,17.84455,0,0,0,-23.26799,4.936513,18.03571
128.8227,-23.09742,5.1007,17.84455,0,0,0,-23.26799,4.936513,18.03571
128.831,-23.09742,5.1007,17.84455,0,0,0,-23.26799,4.936513,18.03571
128.8383,-23.09742,5.1007,17.84455,0,0,0,-23.26799,4.936513,18.03571
128.8463,-23.09702,5.100313,17.84612,0,0,0,-23.26799,4.936513,18.03571
128.8549,-23.09702,5.100313,17.84612,0,0,0,-23.26799,4.936513,18.03571
128.8639,-23.09742,5.100701,17.84455,0,0,0,-23.26799,4.936513,18.03571
128.8723,-23.09742,5.100701,17.84455,0,0,0,-23.26799,4.936513,18.03571
128.8806,-23.09904,5.100668,17.84495,0,0,0,-23.26799,4.936513,18.03571
128.8901,-23.09904,5.100668,17.84495,0,0,0,-23.26799,4.936513,18.03571
128.8982,-23.09904,5.100668,17.84495,0,0,0,-23.26799,4.936513,18.03571
128.908,-23.09781,5.101092,17.84298,0,0,0,-23.26799,4.936513,18.03571
128.9186,-23.09781,5.101092,17.84298,0,0,0,-23.26799,4.936513,18.03571
128.9269,-23.09943,5.101061,17.84337,0,0,0,-23.26799,4.936513,18.03571
128.9378,-23.09943,5.101061,17.84337,0,0,0,-23.26799,4.936513,18.03571
128.9462,-23.09943,5.101061,17.84337,0,0,0,-23.26799,4.936513,18.03571
128.9562,-23.09943,5.101061,17.84337,0,0,0,-23.26799,4.936513,18.03571
128.9648,-23.09983,5.101454,17.8418,0,0,0,-23.26799,4.936513,18.03571
128.9756,-23.09983,5.101454,17.8418,0,0,0,-23.26799,4.936513,18.03571
128.9843,-23.0986,5.101881,17.83983,0,0,0,-23.26799,4.936513,18.03571
128.9933,-23.0986,5.101881,17.83983,0,0,0,-23.26799,4.936513,18.03571
129.0013,-23.10022,5.101849,17.84023,0,0,0,-23.26799,4.936513,18.03571
129.0116,-23.10022,5.101849,17.84023,0,0,0,-23.26799,4.936513,18.03571
129.0223,-23.10022,5.101849,17.84023,0,0,0,-23.26799,4.936513,18.03571
129.0337,-23.10022,5.101849,17.84023,0,0,0,-23.26799,4.936513,18.03571
129.0422,-23.10022,5.101849,17.84023,0,0,0,-23.26799,4.936513,18.03571
129.0507,-23.10022,5.101849,17.84023,0,0,0,-23.26799,4.936513,18.03571
129.0584,-23.10022,5.101849,17.84023,0,0,0,-23.26799,4.936513,18.03571
129.0653,-23.0986,5.101881,17.83983,0,0,0,-23.26799,4.936513,18.03571
129.0738,-23.0986,5.101881,17.83983,0,0,0,-23.26799,4.936513,18.03571
129.0807,-23.0986,5.101881,17.83983,0,0,0,-23.26799,4.936513,18.03571
129.0894,-23.0986,5.101881,17.83983,0,0,0,-23.26799,4.936513,18.03571
129.0967,-23.0986,5.101881,17.83983,0,0,0,-23.26799,4.936513,18.03571
129.1038,-23.0986,5.101881,17.83983,0,0,0,-23.26799,4.936513,18.03571
129.1125,-23.0986,5.101881,17.83983,0,0,0,-23.26799,4.936513,18.03571
129.1197,-23.0986,5.101881,17.83983,0,0,0,-23.26799,4.936513,18.03571
129.1269,-23.0986,5.101881,17.83983,0,0,0,-23.26799,4.936513,18.03571
129.1348,-23.0986,5.101881,17.83983,0,0,0,-23.26799,4.936513,18.03571
129.1424,-23.10022,5.101849,17.84023,0,0,0,-23.26799,4.936513,18.03571
129.1503,-23.10022,5.101849,17.84023,0,0,0,-23.26799,4.936513,18.03571
129.1578,-23.10022,5.101849,17.84023,0,0,0,-23.26799,4.936513,18.03571
129.1677,-23.09821,5.101486,17.8414,0,0,0,-23.26799,4.936513,18.03571
129.1763,-23.09821,5.101486,17.8414,0,0,0,-23.26799,4.936513,18.03571
129.1834,-23.09821,5.101486,17.8414,0,0,0,-23.26799,4.936513,18.03571
129.1916,-23.09821,5.101486,17.8414,0,0,0,-23.26799,4.936513,18.03571
129.199,-23.09821,5.101486,17.8414,0,0,0,-23.26799,4.936513,18.03571
129.2063,-23.09983,5.101454,17.8418,0,0,0,-23.26799,4.936513,18.03571
129.2149,-23.09983,5.101454,17.8418,0,0,0,-23.26799,4.936513,18.03571
129.2229,-23.09821,5.101486,17.8414,0,0,0,-23.26799,4.936513,18.03571
129.2316,-23.09821,5.101486,17.8414,0,0,0,-23.26799,4.936513,18.03571
129.2387,-23.09821,5.101486,17.8414,0,0,0,-23.26799,4.936513,18.03571
129.2466,-23.09821,5.101486,17.8414,0,0,0,-23.26799,4.936513,18.03571
129.2547,-23.09821,5.101486,17.8414,0,0,0,-23.26799,4.936513,18.03571
129.262,-23.09809,5.101233,17.84184,0,0,0,-23.26799,4.936513,18.03571
129.2708,-23.09809,5.101233,17.84184,0,0,0,-23.26799,4.936513,18.03571
129.2798,-23.09809,5.101233,17.84184,0,0,0,-23.26799,4.936513,18.03571
129.2926,-23.09972,5.101201,17.84224,0,0,0,-23.26799,4.936513,18.03571
129.303,-23.09809,5.101233,17.84184,0,0,0,-23.26799,4.936513,18.03571
129.3122,-23.09809,5.101233,17.84184,0,0,0,-23.26799,4.936513,18.03571
129.3202,-23.09809,5.101233,17.84184,0,0,0,-23.26799,4.936513,18.03571
129.3311,-23.09809,5.101233,17.84184,0,0,0,-23.26799,4.936513,18.03571
129.3399,-23.09809,5.101233,17.84184,0,0,0,-23.26799,4.936513,18.03571
129.3482,-23.09972,5.101201,17.84224,0,0,0,-23.26799,4.936513,18.03571
129.358,-23.09972,5.101201,17.84224,0,0,0,-23.26799,4.936513,18.03571
129.3658,-23.09972,5.101201,17.84224,0,0,0,-23.26799,4.936513,18.03571
129.3762,-23.09972,5.101201,17.84224,0,0,0,-23.26799,4.936513,18.03571
129.3837,-23.0977,5.10084,17.84341,0,0,0,-23.26799,4.936513,18.03571
129.3927,-23.0977,5.10084,17.84341,0,0,0,-23.26799,4.936513,18.03571
129.4009,-23.0977,5.10084,17.84341,0,0,0,-23.26799,4.936513,18.03571
129.4137,-23.0977,5.10084,17.84341,0,0,0,-23.26799,4.936513,18.03571
129.4218,-23.0972,5.100194,17.84542,0,0,0,-23.26799,4.936513,18.03571
129.4305,-23.0972,5.100194,17.84542,0,0,0,-23.26799,4.936513,18.03571
129.4384,-23.0972,5.100194,17.84542,0,0,0,-23.26799,4.936513,18.03571
129.4465,-23.09658,5.100194,17.84526,0,0,0,-23.26799,4.936513,18.03571
129.4553,-23.09658,5.100194,17.84526,0,0,0,-23.26799,4.936513,18.03571
129.4656,-23.0982,5.100162,17.84566,0,0,0,-23.26799,4.936513,18.03571
129.474,-23.0982,5.100162,17.84566,0,0,0,-23.26799,4.936513,18.03571
129.4825,-23.09658,5.100194,17.84526,0,0,0,-23.26799,4.936513,18.03571
129.4912,-23.09658,5.100194,17.84526,0,0,0,-23.26799,4.936513,18.03571
129.4985,-23.09658,5.100194,17.84526,0,0,0,-23.26799,4.936513,18.03571
129.5072,-23.09658,5.100194,17.84526,0,0,0,-23.26799,4.936513,18.03571
129.5153,-23.09658,5.100194,17.84526,0,0,0,-23.26799,4.936513,18.03571
129.5224,-23.09658,5.100194,17.84526,0,0,0,-23.26799,4.936513,18.03571
129.5306,-23.09658,5.100194,17.84526,0,0,0,-23.26799,4.936513,18.03571
129.538,-23.09658,5.100194,17.84526,0,0,0,-23.26799,4.936513,18.03571
129.5451,-23.0982,5.100163,17.84566,0,0,0,-23.26799,4.936513,18.03571
129.5528,-23.0982,5.100163,17.84566,0,0,0,-23.26799,4.936513,18.03571
129.5597,-23.0982,5.100163,17.84566,0,0,0,-23.26799,4.936513,18.03571
129.5668,-23.09781,5.099774,17.84723,0,0,0,-23.26799,4.936513,18.03571
129.5765,-23.09781,5.099774,17.84723,0,0,0,-23.26799,4.936513,18.03571
129.5843,-23.09647,5.09994,17.84569,0,0,0,-23.26799,4.936513,18.03571
129.5925,-23.09647,5.09994,17.84569,0,0,0,-23.26799,4.936513,18.03571
129.6001,-23.09608,5.099552,17.84727,0,0,0,-23.26799,4.936513,18.03571
129.6083,-23.09608,5.099552,17.84727,0,0,0,-23.26799,4.936513,18.03571
129.6152,-23.09608,5.099552,17.84727,0,0,0,-23.26799,4.936513,18.03571
129.6228,-23.09647,5.09994,17.84569,0,0,0,-23.26799,4.936513,18.03571
129.6321,-23.09647,5.09994,17.84569,0,0,0,-23.26799,4.936513,18.03571
129.6397,-23.09647,5.09994,17.84569,0,0,0,-23.26799,4.936513,18.03571
129.6465,-23.09809,5.099908,17.84609,0,0,0,-23.26799,4.936513,18.03571
129.6553,-23.09809,5.099908,17.84609,0,0,0,-23.26799,4.936513,18.03571
129.6626,-23.09485,5.099976,17.84529,0,0,0,-23.26799,4.936513,18.03571
129.6732,-23.09485,5.099976,17.84529,0,0,0,-23.26799,4.936513,18.03571
129.6804,-23.09647,5.09994,17.84569,0,0,0,-23.26799,4.936513,18.03571
129.6891,-23.09647,5.09994,17.84569,0,0,0,-23.26799,4.936513,18.03571
129.6973,-23.09647,5.09994,17.84569,0,0,0,-23.26799,4.936513,18.03571
129.7045,-23.09647,5.09994,17.84569,0,0,0,-23.26799,4.936513,18.03571
129.713,-23.09647,5.09994,17.84569,0,0,0,-23.26799,4.936513,18.03571
129.7201,-23.09647,5.09994,17.84569,0,0,0,-23.26799,4.936513,18.03571
129.7301,-23.09647,5.09994,17.84569,0,0,0,-23.26799,4.936513,18.03571
129.7423,-23.09647,5.09994,17.84569,0,0,0,-23.26799,4.936513,18.03571
129.7514,-23.09647,5.09994,17.84569,0,0,0,-23.26799,4.936513,18.03571
129.7596,-23.09647,5.09994,17.84569,0,0,0,-23.26799,4.936513,18.03571
129.7668,-23.09647,5.09994,17.84569,0,0,0,-23.26799,4.936513,18.03571
129.7789,-23.09647,5.09994,17.84569,0,0,0,-23.26799,4.936513,18.03571
129.7873,-23.09647,5.09994,17.84569,0,0,0,-23.26799,4.936513,18.03571
129.7962,-23.09647,5.09994,17.84569,0,0,0,-23.26799,4.936513,18.03571
129.8045,-23.09647,5.09994,17.84569,0,0,0,-23.26799,4.936513,18.03571
129.8134,-23.09647,5.09994,17.84569,0,0,0,-23.26799,4.936513,18.03571
129.8251,-23.09623,5.099173,17.84665,0,0,0,-23.26799,4.936513,18.03571
129.8356,-23.09623,5.099173,17.84665,0,0,0,-23.26799,4.936513,18.03571
129.8434,-23.09663,5.099562,17.84508,0,0,0,-23.26799,4.936513,18.03571
129.8517,-23.09663,5.099562,17.84508,0,0,0,-23.26799,4.936513,18.03571
129.8596,-23.09663,5.099562,17.84508,0,0,0,-23.26799,4.936513,18.03571
129.8668,-23.09623,5.099173,17.84665,0,0,0,-23.26799,4.936513,18.03571
129.8752,-23.09623,5.099173,17.84665,0,0,0,-23.26799,4.936513,18.03571
129.883,-23.09663,5.099562,17.84508,0,0,0,-23.26799,4.936513,18.03571
129.8915,-23.09663,5.099562,17.84508,0,0,0,-23.26799,4.936513,18.03571
129.899,-23.09663,5.099562,17.84508,0,0,0,-23.26799,4.936513,18.03571
129.9069,-23.09663,5.099562,17.84508,0,0,0,-23.26799,4.936513,18.03571
129.915,-23.09663,5.099562,17.84508,0,0,0,-23.26799,4.936513,18.03571
129.9226,-23.09663,5.099562,17.84508,0,0,0,-23.26799,4.936513,18.03571
129.9308,-23.09663,5.099562,17.84508,0,0,0,-23.26799,4.936513,18.03571
129.9385,-23.09663,5.099562,17.84508,0,0,0,-23.26799,4.936513,18.03571
129.9466,-23.09663,5.099562,17.84508,0,0,0,-23.26799,4.936513,18.03571
129.9548,-23.09663,5.099562,17.84508,0,0,0,-23.26799,4.936513,18.03571
129.9624,-23.0945,5.098954,17.84669,0,0,0,-23.26799,4.936513,18.03571
129.9709,-23.0945,5.098954,17.84669,0,0,0,-23.26799,4.936513,18.03571
129.9789,-23.0945,5.098954,17.84669,0,0,0,-23.26799,4.936513,18.03571
129.9859,-23.0949,5.099344,17.84512,0,0,0,-23.26799,4.936513,18.03571
129.9946,-23.0949,5.099344,17.84512,0,0,0,-23.26799,4.936513,18.03571
130.0017,-23.09612,5.098919,17.84709,0,0,0,-23.26799,4.936513,18.03571
130.0105,-23.09612,5.098919,17.84709,0,0,0,-23.26799,4.936513,18.03571
130.0182,-23.09612,5.098919,17.84709,0,0,0,-23.26799,4.936513,18.03571
130.0256,-23.09466,5.098576,17.84607,0,0,0,-23.26799,4.936513,18.03571
130.0356,-23.09466,5.098576,17.84607,0,0,0,-23.26799,4.936513,18.03571
130.043,-23.09466,5.098577,17.84607,0,0,0,-23.26799,4.936513,18.03571
130.0512,-23.09466,5.098577,17.84607,0,0,0,-23.26799,4.936513,18.03571
130.0585,-23.09466,5.098577,17.84607,0,0,0,-23.26799,4.936513,18.03571
130.0658,-23.09466,5.098577,17.84607,0,0,0,-23.26799,4.936513,18.03571
130.0741,-23.09466,5.098577,17.84607,0,0,0,-23.26799,4.936513,18.03571
130.0811,-23.09319,5.098234,17.84506,0,0,0,-23.26799,4.936513,18.03571
130.0889,-23.09319,5.098234,17.84506,0,0,0,-23.26799,4.936513,18.03571
130.097,-23.09319,5.098234,17.84506,0,0,0,-23.26799,4.936513,18.03571
130.1051,-23.09319,5.098234,17.84506,0,0,0,-23.26799,4.936513,18.03571
130.1136,-23.09319,5.098234,17.84506,0,0,0,-23.26799,4.936513,18.03571
130.1212,-23.09324,5.097603,17.84488,0,0,0,-23.26799,4.936513,18.03571
130.1294,-23.09324,5.097603,17.84488,0,0,0,-23.26799,4.936513,18.03571
130.1365,-23.09324,5.097603,17.84488,0,0,0,-23.26799,4.936513,18.03571
130.1436,-23.09299,5.096836,17.84584,0,0,0,-23.26799,4.936513,18.03571
130.1523,-23.09299,5.096836,17.84584,0,0,0,-23.26799,4.936513,18.03571
130.1595,-23.09299,5.096836,17.84584,0,0,0,-23.26799,4.936513,18.03571
130.1685,-23.09153,5.096496,17.84482,0,0,0,-23.26799,4.936513,18.03571
130.1773,-23.09153,5.096496,17.84482,0,0,0,-23.26799,4.936513,18.03571
130.1858,-23.09168,5.096118,17.84421,0,0,0,-23.09653,4.950127,17.80984
130.1965,-23.09168,5.096118,17.84421,0,0,0,-23.09653,4.950127,17.80984
130.2097,-23.08844,5.096201,17.84341,0,0,0,-23.09653,4.950127,17.80984
130.2192,-23.08844,5.096201,17.84341,0,0,0,-23.09653,4.950127,17.80984
130.2287,-23.08698,5.095869,17.8424,0,0,0,-23.09653,4.950127,17.80984
130.2412,-23.08698,5.09587,17.8424,0,0,0,-23.09653,4.950127,17.80984
130.2504,-23.08698,5.09587,17.8424,0,0,0,-23.09653,4.950127,17.80984
130.2583,-23.08698,5.09587,17.8424,0,0,0,-23.09653,4.950127,17.80984
130.2665,-23.08536,5.095917,17.84201,0,0,0,-23.09653,4.950127,17.80984
130.2786,-23.08536,5.095917,17.84201,0,0,0,-23.09653,4.950127,17.80984
130.2888,-23.08435,5.095965,17.84178,0,0,0,-23.09653,4.950127,17.80984
130.3004,-23.08435,5.095965,17.84178,0,0,0,-23.09653,4.950127,17.80984
130.3102,-23.08435,5.095965,17.84178,0,0,0,-23.09653,4.950127,17.80984
130.318,-23.08435,5.095965,17.84178,0,0,0,-23.09653,4.950127,17.80984
130.3265,-23.08419,5.096343,17.8424,0,0,0,-23.09653,4.950127,17.80984
130.3351,-23.08419,5.096343,17.8424,0,0,0,-23.09653,4.950127,17.80984
130.3429,-23.08404,5.096721,17.84302,0,0,0,-23.09653,4.950127,17.80984
130.3511,-23.08404,5.096721,17.84302,0,0,0,-23.09653,4.950127,17.80984
130.3599,-23.08404,5.096721,17.84302,0,0,0,-23.09653,4.950127,17.80984
130.3681,-23.08428,5.097489,17.84206,0,0,0,-23.09653,4.950127,17.80984
130.3774,-23.08428,5.097489,17.84206,0,0,0,-23.09653,4.950127,17.80984
130.3869,-23.08428,5.097489,17.84206,0,0,0,-23.09653,4.950127,17.80984
130.3954,-23.08428,5.097489,17.84206,0,0,0,-23.09653,4.950127,17.80984
130.4025,-23.08452,5.098258,17.8411,0,0,0,-23.09653,4.950127,17.80984
130.411,-23.08452,5.098258,17.8411,0,0,0,-23.09653,4.950127,17.80984
130.4191,-23.08452,5.098258,17.8411,0,0,0,-23.09653,4.950127,17.80984
130.4271,-23.08491,5.098651,17.83953,0,0,0,-23.09653,4.950127,17.80984
130.4357,-23.08491,5.098651,17.83953,0,0,0,-23.09653,4.950127,17.80984
130.4432,-23.08531,5.099047,17.83795,0,0,0,-23.09653,4.950127,17.80984
130.4517,-23.08531,5.099047,17.83795,0,0,0,-23.09653,4.950127,17.80984
130.4595,-23.08531,5.099047,17.83795,0,0,0,-23.09653,4.950127,17.80984
130.4666,-23.0857,5.099444,17.83638,0,0,0,-23.09653,4.950127,17.80984
130.4751,-23.0857,5.099444,17.83638,0,0,0,-23.09653,4.950127,17.80984
130.4846,-23.0861,5.099844,17.83481,0,0,0,-23.09653,4.950127,17.80984
130.4937,-23.0861,5.099844,17.83481,0,0,0,-23.09653,4.950127,17.80984
130.5007,-23.0875,5.100197,17.83346,0,0,0,-23.09653,4.950127,17.80984
130.5095,-23.0875,5.100197,17.83346,0,0,0,-23.09653,4.950127,17.80984
130.5171,-23.0875,5.100197,17.83346,0,0,0,-23.09653,4.950127,17.80984
130.5245,-23.08774,5.100974,17.83251,0,0,0,-23.09653,4.950127,17.80984
130.5332,-23.08774,5.100974,17.83251,0,0,0,-23.09653,4.950127,17.80984
130.5407,-23.08814,5.10138,17.83094,0,0,0,-23.09653,4.950127,17.80984
130.5492,-23.08814,5.10138,17.83094,0,0,0,-23.09653,4.950127,17.80984
130.5562,-23.08814,5.10138,17.83094,0,0,0,-23.09653,4.950127,17.80984
130.5633,-23.08652,5.101429,17.83054,0,0,0,-23.09653,4.950127,17.80984
130.5714,-23.08652,5.101429,17.83054,0,0,0,-23.09653,4.950127,17.80984
130.5791,-23.08652,5.101429,17.83054,0,0,0,-23.09653,4.950127,17.80984
130.5868,-23.08691,5.101836,17.82897,0,0,0,-23.09653,4.950127,17.80984
130.5966,-23.08691,5.101836,17.82897,0,0,0,-23.09653,4.950127,17.80984
130.6045,-23.08691,5.101836,17.82897,0,0,0,-23.09653,4.950127,17.80984
130.6147,-23.08691,5.101836,17.82897,0,0,0,-23.09653,4.950127,17.80984
130.6218,-23.08691,5.101836,17.82897,0,0,0,-23.09653,4.950127,17.80984
130.6302,-23.08691,5.101836,17.82897,0,0,0,-23.09653,4.950127,17.80984
130.6373,-23.08691,5.101836,17.82897,0,0,0,-23.09653,4.950127,17.80984
130.6449,-23.08792,5.101787,17.8292,0,0,0,-23.09653,4.950127,17.80984
130.653,-23.08792,5.101787,17.8292,0,0,0,-23.09653,4.950127,17.80984
130.6603,-23.0867,5.102245,17.82723,0,0,0,-23.09653,4.950127,17.80984
130.6691,-23.0867,5.102245,17.82723,0,0,0,-23.09653,4.950127,17.80984
130.6773,-23.0867,5.102245,17.82723,0,0,0,-23.09653,4.950127,17.80984
130.6863,-23.08731,5.101787,17.82903,0,0,0,-23.09653,4.950127,17.80984
130.6971,-23.08731,5.101787,17.82903,0,0,0,-23.09653,4.950127,17.80984
130.7046,-23.08771,5.102197,17.82746,0,0,0,-23.09653,4.950127,17.80984
130.7133,-23.08771,5.102197,17.82746,0,0,0,-23.09653,4.950127,17.80984
130.7214,-23.08509,5.101836,17.82846,0,0,0,-23.09653,4.950127,17.80984
130.7299,-23.08509,5.101836,17.82846,0,0,0,-23.09653,4.950127,17.80984
130.7368,-23.08509,5.101836,17.82846,0,0,0,-23.09653,4.950127,17.80984
130.7458,-23.08538,5.101533,17.82895,0,0,0,-23.09653,4.950127,17.80984
130.7553,-23.08538,5.101533,17.82895,0,0,0,-23.09653,4.950127,17.80984
130.763,-23.08445,5.101687,17.82748,0,0,0,-23.09653,4.950127,17.80984
130.7722,-23.08445,5.101687,17.82748,0,0,0,-23.09653,4.950127,17.80984
130.7821,-23.0805,5.101073,17.82857,0,0,0,-23.09653,4.950127,17.80984
130.7928,-23.0805,5.101073,17.82857,0,0,0,-23.09653,4.950127,17.80984
130.8007,-23.07998,5.101178,17.82715,0,0,0,-23.09653,4.950127,17.80984
130.8108,-23.07998,5.101178,17.82715,0,0,0,-23.09653,4.950127,17.80984
130.8237,-23.07521,5.100972,17.82631,0,0,0,-23.09653,4.950127,17.80984
130.8322,-23.07521,5.100972,17.82631,0,0,0,-23.09653,4.950127,17.80984
130.8401,-23.07237,5.100563,17.82718,0,0,0,-23.09653,4.950127,17.80984
130.8519,-23.07237,5.100563,17.82718,0,0,0,-23.09653,4.950127,17.80984
130.8607,-23.06812,5.100563,17.82594,0,0,0,-23.09653,4.950127,17.80984
130.8692,-23.06812,5.100563,17.82594,0,0,0,-23.09653,4.950127,17.80984
130.8766,-23.06812,5.100563,17.82594,0,0,0,-23.09653,4.950127,17.80984
130.8842,-23.06081,5.099801,17.82722,0,0,0,-23.09653,4.950127,17.80984
130.8943,-23.06081,5.099801,17.82722,0,0,0,-23.09653,4.950127,17.80984
130.9039,-23.05084,5.098705,17.82942,0,0,0,-23.09653,4.950127,17.80984
130.9134,-23.05084,5.098705,17.82942,0,0,0,-23.09653,4.950127,17.80984
130.9238,-23.04027,5.098091,17.82978,0,0,0,-23.09653,4.950127,17.80984
130.9323,-23.04027,5.098091,17.82978,0,0,0,-23.09653,4.950127,17.80984
130.9423,-23.03271,5.097049,17.83266,0,0,0,-23.09653,4.950127,17.80984
130.9534,-23.03271,5.097049,17.83266,0,0,0,-23.09653,4.950127,17.80984
130.9624,-23.02717,5.096344,17.83439,0,0,0,-23.09653,4.950127,17.80984
130.9709,-23.02717,5.096344,17.83439,0,0,0,-23.09653,4.950127,17.80984
130.9779,-23.02717,5.096344,17.83439,0,0,0,-23.09653,4.950127,17.80984
130.9852,-23.01984,5.096105,17.83628,0,0,0,-23.09653,4.950127,17.80984
130.9941,-23.01984,5.096105,17.83628,0,0,0,-23.09653,4.950127,17.80984
131.0012,-23.01757,5.095726,17.83725,0,0,0,-23.09653,4.950127,17.80984
131.0101,-23.01757,5.095726,17.83725,0,0,0,-23.09653,4.950127,17.80984
131.0172,-23.01757,5.095726,17.83725,0,0,0,-23.09653,4.950127,17.80984
131.0246,-23.01077,5.095063,17.84092,0,0,0,-23.09653,4.950127,17.80984
131.0329,-23.01077,5.095063,17.84092,0,0,0,-23.09653,4.950127,17.80984
131.0402,-23.00804,5.094328,17.84345,0,0,0,-23.09653,4.950127,17.80984
131.0482,-23.00804,5.094328,17.84345,0,0,0,-23.09653,4.950127,17.80984
131.0565,-23.00804,5.094328,17.84345,0,0,0,-23.09653,4.950127,17.80984
131.0645,-23.00362,5.093215,17.84475,0,0,0,-23.09653,4.950127,17.80984
131.0771,-23.00362,5.093215,17.84475,0,0,0,-23.09653,4.950127,17.80984
131.0847,-22.9998,5.092137,17.84863,0,0,0,-23.09653,4.950127,17.80984
131.095,-22.9998,5.092137,17.84863,0,0,0,-23.09653,4.950127,17.80984
131.1016,-22.99589,5.091858,17.84912,0,0,0,-23.09653,4.950127,17.80984
131.1121,-22.99589,5.091858,17.84912,0,0,0,-23.09653,4.950127,17.80984
131.1189,-22.99589,5.091858,17.84912,0,0,0,-23.09653,4.950127,17.80984
131.1257,-22.99358,5.091505,17.85007,0,0,0,-23.09653,4.950127,17.80984
131.1355,-22.99358,5.091505,17.85007,0,0,0,-23.09653,4.950127,17.80984
131.1431,-22.99287,5.091079,17.85146,0,0,0,-23.09653,4.950127,17.80984
131.1513,-22.99287,5.091079,17.85146,0,0,0,-23.09653,4.950127,17.80984
131.159,-22.99287,5.091079,17.85146,0,0,0,-23.09653,4.950127,17.80984
131.1655,-22.99228,5.090911,17.85243,0,0,0,-23.09653,4.950127,17.80984
131.1736,-22.99228,5.090911,17.85243,0,0,0,-23.09653,4.950127,17.80984
131.1805,-22.99185,5.090403,17.85517,0,0,0,-23.09653,4.950127,17.80984
131.1892,-22.99185,5.090403,17.85517,0,0,0,-23.09653,4.950127,17.80984
131.1962,-22.99185,5.090403,17.85517,0,0,0,-23.09653,4.950127,17.80984
131.2032,-22.99297,5.09103,17.85397,0,0,0,-23.09653,4.950127,17.80984
131.2123,-22.99297,5.09103,17.85397,0,0,0,-23.09653,4.950127,17.80984
131.2196,-22.99297,5.09103,17.85397,0,0,0,-23.09653,4.950127,17.80984
131.2267,-22.99261,5.09198,17.85188,0,0,0,-23.09653,4.950127,17.80984
131.235,-22.99261,5.09198,17.85188,0,0,0,-23.09653,4.950127,17.80984
131.2419,-22.99142,5.092649,17.8513,0,0,0,-23.09653,4.950127,17.80984
131.2496,-22.99142,5.092649,17.8513,0,0,0,-23.09653,4.950127,17.80984
131.2573,-22.99142,5.092649,17.8513,0,0,0,-23.09653,4.950127,17.80984
131.2644,-22.99183,5.093848,17.84899,0,0,0,-23.09653,4.950127,17.80984
131.2724,-22.99183,5.093848,17.84899,0,0,0,-23.09653,4.950127,17.80984
131.2796,-22.99183,5.093848,17.84899,0,0,0,-23.09653,4.950127,17.80984
131.2865,-22.98988,5.095447,17.84422,0,0,0,-23.09653,4.950127,17.80984
131.2978,-22.98988,5.095447,17.84422,0,0,0,-23.09653,4.950127,17.80984
131.3058,-22.98934,5.097532,17.83935,0,0,0,-23.09653,4.950127,17.80984
131.3152,-22.98934,5.097532,17.83935,0,0,0,-23.09653,4.950127,17.80984
131.3244,-22.99046,5.098917,17.83478,0,0,0,-23.09653,4.950127,17.80984
131.3329,-22.99046,5.098917,17.83478,0,0,0,-23.09653,4.950127,17.80984
131.3414,-22.99172,5.100562,17.82979,0,0,0,-23.09653,4.950127,17.80984
131.3505,-22.99172,5.100562,17.82979,0,0,0,-23.09653,4.950127,17.80984
131.3583,-22.99172,5.100562,17.82979,0,0,0,-23.09653,4.950127,17.80984
131.3654,-22.99074,5.102907,17.82429,0,0,0,-23.09653,4.950127,17.80984
131.3743,-22.99074,5.102907,17.82429,0,0,0,-23.09653,4.950127,17.80984
131.3812,-22.99154,5.104198,17.82086,0,0,0,-23.09653,4.950127,17.80984
131.3902,-22.99154,5.104198,17.82086,0,0,0,-23.09653,4.950127,17.80984
131.399,-22.99154,5.104198,17.82086,0,0,0,-23.09653,4.950127,17.80984
131.4087,-22.98888,5.10732,17.81099,0,0,0,-23.09653,4.950127,17.80984
131.4174,-22.98888,5.10732,17.81099,0,0,0,-23.09653,4.950127,17.80984
131.4261,-22.98872,5.10867,17.80728,0,0,0,-23.09653,4.950127,17.80984
131.436,-22.98872,5.10867,17.80728,0,0,0,-23.09653,4.950127,17.80984
131.4438,-22.98759,5.109902,17.80247,0,0,0,-23.09653,4.950127,17.80984
131.453,-22.98759,5.109902,17.80247,0,0,0,-23.09653,4.950127,17.80984
131.4608,-22.98703,5.110521,17.80007,0,0,0,-23.09653,4.950127,17.80984
131.4706,-22.98703,5.110521,17.80007,0,0,0,-23.09653,4.950127,17.80984
131.4789,-22.98703,5.110521,17.80007,0,0,0,-23.09653,4.950127,17.80984
131.4869,-22.98546,5.112008,17.79462,0,0,0,-23.09653,4.950127,17.80984
131.4966,-22.98546,5.112008,17.79462,0,0,0,-23.09653,4.950127,17.80984
131.5047,-22.98382,5.112252,17.79355,0,0,0,-23.09653,4.950127,17.80984
131.5149,-22.98382,5.112252,17.79355,0,0,0,-23.09653,4.950127,17.80984
131.5226,-22.98192,5.112358,17.79123,0,0,0,-23.09653,4.950127,17.80984
131.5311,-22.98192,5.112358,17.79123,0,0,0,-23.09653,4.950127,17.80984
131.5388,-22.98192,5.112358,17.79123,0,0,0,-23.09653,4.950127,17.80984
131.5494,-22.97904,5.113331,17.78585,0,0,0,-23.09653,4.950127,17.80984
131.5612,-22.97602,5.113253,17.78366,0,0,0,-23.09653,4.950127,17.80984
131.5695,-22.97602,5.113253,17.78366,0,0,0,-23.09653,4.950127,17.80984
131.5767,-22.97602,5.113253,17.78366,0,0,0,-23.09653,4.950127,17.80984
131.5836,-22.97338,5.113297,17.78098,0,0,0,-23.09653,4.950127,17.80984
131.5924,-22.97338,5.113297,17.78098,0,0,0,-23.09653,4.950127,17.80984
131.6021,-22.9683,5.113156,17.78035,0,0,0,-23.09653,4.950127,17.80984
131.6126,-22.9683,5.113156,17.78035,0,0,0,-23.09653,4.950127,17.80984
131.6198,-22.9683,5.113156,17.78035,0,0,0,-23.09653,4.950127,17.80984
131.6271,-22.96135,5.11356,17.77809,0,0,0,-23.09653,4.950127,17.80984
131.6372,-22.96135,5.11356,17.77809,0,0,0,-23.09653,4.950127,17.80984
131.6455,-22.95653,5.112911,17.78051,0,0,0,-23.09653,4.950127,17.80984
131.6537,-22.95653,5.112911,17.78051,0,0,0,-23.09653,4.950127,17.80984
131.6619,-22.95351,5.113259,17.77963,0,0,0,-23.09653,4.950127,17.80984
131.6703,-22.95351,5.113259,17.77963,0,0,0,-23.09653,4.950127,17.80984
131.6803,-22.94956,5.113114,17.78139,0,0,0,-23.09653,4.950127,17.80984
131.6889,-22.94956,5.113114,17.78139,0,0,0,-23.09653,4.950127,17.80984
131.6958,-22.94956,5.113114,17.78139,0,0,0,-23.09653,4.950127,17.80984
131.7027,-22.94706,5.11364,17.78215,0,0,0,-23.09653,4.950127,17.80984
131.711,-22.94706,5.11364,17.78215,0,0,0,-23.09653,4.950127,17.80984
131.718,-22.94706,5.11364,17.78215,0,0,0,-23.09653,4.950127,17.80984
131.7256,-22.94392,5.114082,17.78157,0,0,0,-23.09653,4.950127,17.80984
131.734,-22.94392,5.114082,17.78157,0,0,0,-23.09653,4.950127,17.80984
131.7413,-22.94233,5.115092,17.78108,0,0,0,-23.09653,4.950127,17.80984
131.7495,-22.94233,5.115092,17.78108,0,0,0,-23.09653,4.950127,17.80984
131.7573,-22.94233,5.115092,17.78108,0,0,0,-23.09653,4.950127,17.80984
131.7653,-22.94921,5.116481,17.78163,0,0,0,-23.09653,4.950127,17.80984
131.7744,-22.94921,5.116481,17.78163,0,0,0,-23.09653,4.950127,17.80984
131.7814,-22.95277,5.118359,17.77968,0,0,0,-23.09653,4.950127,17.80984
131.79,-22.95277,5.118359,17.77968,0,0,0,-23.09653,4.950127,17.80984
131.7993,-22.95277,5.118359,17.77968,0,0,0,-23.09653,4.950127,17.80984
131.8068,-22.96041,5.121518,17.77621,0,0,0,-23.09653,4.950127,17.80984
131.8161,-22.96041,5.121518,17.77621,0,0,0,-23.09653,4.950127,17.80984
131.8257,-22.96829,5.124551,17.77207,0,0,0,-23.09653,4.950127,17.80984
131.8339,-22.96829,5.124551,17.77207,0,0,0,-23.09653,4.950127,17.80984
131.8412,-22.97257,5.126962,17.76814,0,0,0,-23.09653,4.950127,17.80984
131.8494,-22.97257,5.126962,17.76814,0,0,0,-23.09653,4.950127,17.80984
131.8566,-22.97257,5.126962,17.76814,0,0,0,-23.09653,4.950127,17.80984
131.8646,-22.9818,5.131421,17.76025,0,0,0,-23.09653,4.950127,17.80984
131.8736,-22.9818,5.131421,17.76025,0,0,0,-23.09653,4.950127,17.80984
131.8813,-22.98711,5.134789,17.75344,0,0,0,-23.09653,4.950127,17.80984
131.8895,-22.98711,5.134789,17.75344,0,0,0,-23.09653,4.950127,17.80984
131.8972,-22.98711,5.134789,17.75344,0,0,0,-23.09653,4.950127,17.80984
131.9059,-22.99777,5.137755,17.73798,0,0,0,-23.09653,4.950127,17.80984
131.9151,-22.99777,5.137755,17.73798,0,0,0,-23.09653,4.950127,17.80984
131.9225,-23.00251,5.138328,17.72787,0,0,0,-23.09653,4.950127,17.80984
131.9306,-23.00251,5.138328,17.72787,0,0,0,-23.09653,4.950127,17.80984
131.9375,-23.00251,5.138328,17.72787,0,0,0,-23.09653,4.950127,17.80984
131.9463,-23.00926,5.139243,17.71362,0,0,0,-23.09653,4.950127,17.80984
131.9552,-23.00926,5.139243,17.71362,0,0,0,-23.09653,4.950127,17.80984
131.9633,-23.01173,5.139491,17.70993,0,0,0,-23.09653,4.950127,17.80984
131.9753,-23.01173,5.139491,17.70993,0,0,0,-23.09653,4.950127,17.80984
131.9831,-23.01536,5.139933,17.70444,0,0,0,-23.09653,4.950127,17.80984
131.9926,-23.01536,5.139933,17.70444,0,0,0,-23.09653,4.950127,17.80984
132.0026,-23.01736,5.139889,17.69863,0,0,0,-23.09653,4.950127,17.80984
132.0125,-23.01736,5.139889,17.69863,0,0,0,-23.09653,4.950127,17.80984
132.0211,-23.01883,5.140167,17.69258,0,0,0,-23.09653,4.950127,17.80984
132.0304,-23.01883,5.140167,17.69258,0,0,0,-23.09653,4.950127,17.80984
132.0389,-23.01883,5.140167,17.69258,0,0,0,-23.09653,4.950127,17.80984
132.0462,-23.01966,5.139592,17.68348,0,0,0,-23.09653,4.950127,17.80984
132.0543,-23.01966,5.139592,17.68348,0,0,0,-23.09653,4.950127,17.80984
132.0615,-23.02073,5.138626,17.67887,0,0,0,-23.09653,4.950127,17.80984
132.0696,-23.02073,5.138626,17.67887,0,0,0,-23.09653,4.950127,17.80984
132.0768,-23.02073,5.138626,17.67887,0,0,0,-23.09653,4.950127,17.80984
132.0842,-23.023,5.135582,17.66935,0,0,0,-23.09653,4.950127,17.80984
132.0926,-23.023,5.135582,17.66935,0,0,0,-23.09653,4.950127,17.80984
132.0996,-23.023,5.135582,17.66935,0,0,0,-23.09653,4.950127,17.80984
132.1074,-23.02176,5.129178,17.65956,0,0,0,-23.09653,4.950127,17.80984
132.1156,-23.02176,5.129178,17.65956,0,0,0,-23.09653,4.950127,17.80984
132.123,-23.0193,5.125795,17.65482,0,0,0,-23.09653,4.950127,17.80984
132.1313,-23.0193,5.125795,17.65482,0,0,0,-23.09653,4.950127,17.80984
132.1405,-23.01298,5.122748,17.65418,0,0,0,-23.09653,4.950127,17.80984
132.1502,-23.01298,5.122748,17.65418,0,0,0,-23.09653,4.950127,17.80984
132.1607,-23.00816,5.120661,17.65426,0,0,0,-23.09653,4.950127,17.80984
132.1697,-23.00816,5.120661,17.65426,0,0,0,-23.09653,4.950127,17.80984
132.1774,-23.00816,5.120661,17.65426,0,0,0,-23.09653,4.950127,17.80984
132.1846,-23.00282,5.119902,17.65573,0,0,0,-23.09653,4.950127,17.80984
132.1939,-23.00282,5.119902,17.65573,0,0,0,-23.09653,4.950127,17.80984
132.2027,-22.99961,5.119529,17.65626,0,0,0,-23.09653,4.950127,17.80984
132.2142,-22.99961,5.119529,17.65626,0,0,0,-23.09653,4.950127,17.80984
132.222,-22.9964,5.11916,17.65678,0,0,0,-23.09653,4.950127,17.80984
132.2312,-22.9964,5.11916,17.65678,0,0,0,-23.09653,4.950127,17.80984
132.2414,-22.99377,5.119174,17.65578,0,0,0,-23.09653,4.950127,17.80984
132.2502,-22.99377,5.119174,17.65578,0,0,0,-23.09653,4.950127,17.80984
132.2606,-22.99089,5.116689,17.65687,0,0,0,-23.09653,4.950127,17.80984
132.2699,-22.99089,5.116689,17.65687,0,0,0,-23.09653,4.950127,17.80984
132.2776,-22.99089,5.116689,17.65687,0,0,0,-23.09653,4.950127,17.80984
132.2875,-22.98432,5.113251,17.65664,0,0,0,-23.09653,4.950127,17.80984
132.2998,-22.98432,5.113251,17.65664,0,0,0,-23.09653,4.950127,17.80984
132.3078,-22.97773,5.112087,17.65644,0,0,0,-23.09653,4.950127,17.80984
132.3159,-22.97773,5.112087,17.65644,0,0,0,-23.09653,4.950127,17.80984
132.3235,-22.97143,5.110937,17.65705,0,0,0,-23.09653,4.950127,17.80984
132.3318,-22.97143,5.110937,17.65705,0,0,0,-23.09653,4.950127,17.80984
132.3395,-22.97143,5.110937,17.65705,0,0,0,-23.09653,4.950127,17.80984
132.3469,-22.96269,5.109416,17.65772,0,0,0,-23.09653,4.950127,17.80984
132.3549,-22.96269,5.109416,17.65772,0,0,0,-23.09653,4.950127,17.80984
132.3644,-22.9576,5.108441,17.66002,0,0,0,-23.09653,4.950127,17.80984
132.3737,-22.9576,5.108441,17.66002,0,0,0,-23.09653,4.950127,17.80984
132.3813,-22.95338,5.107874,17.66165,0,0,0,-23.09653,4.950127,17.80984
132.392,-22.95338,5.107874,17.66165,0,0,0,-23.09653,4.950127,17.80984
132.3992,-22.95338,5.107874,17.66165,0,0,0,-23.09653,4.950127,17.80984
132.4071,-22.94528,5.106529,17.66871,0,0,0,-23.09653,4.950127,17.80984
132.417,-22.94528,5.106529,17.66871,0,0,0,-23.09653,4.950127,17.80984
132.425,-22.94312,5.106254,17.67426,0,0,0,-23.09653,4.950127,17.80984
132.4331,-22.94312,5.106254,17.67426,0,0,0,-23.09653,4.950127,17.80984
132.4405,-22.93969,5.107369,17.67849,0,0,0,-23.09653,4.950127,17.80984
132.4507,-22.93969,5.107369,17.67849,0,0,0,-23.09653,4.950127,17.80984
132.4586,-22.93969,5.107369,17.67849,0,0,0,-23.09653,4.950127,17.80984
132.4657,-22.93629,5.10944,17.678,0,0,0,-23.09653,4.950127,17.80984
132.4739,-22.93629,5.10944,17.678,0,0,0,-23.09653,4.950127,17.80984
132.4807,-22.9341,5.110377,17.67904,0,0,0,-23.09653,4.950127,17.80984
132.4888,-22.9341,5.110377,17.67904,0,0,0,-23.09653,4.950127,17.80984
132.4956,-22.9341,5.110377,17.67904,0,0,0,-23.09653,4.950127,17.80984
132.5022,-22.93077,5.11187,17.67837,0,0,0,-23.09653,4.950127,17.80984
132.5105,-22.93077,5.11187,17.67837,0,0,0,-23.09653,4.950127,17.80984
132.5199,-22.93077,5.11187,17.67837,0,0,0,-23.09653,4.950127,17.80984
132.5292,-22.92721,5.114699,17.67533,0,0,0,-23.09653,4.950127,17.80984
132.5398,-22.92721,5.114699,17.67533,0,0,0,-23.09653,4.950127,17.80984
132.5465,-22.92453,5.115683,17.67302,0,0,0,-23.09653,4.950127,17.80984
132.5551,-22.92453,5.115683,17.67302,0,0,0,-23.09653,4.950127,17.80984
132.5622,-22.92358,5.117188,17.66623,0,0,0,-23.09653,4.950127,17.80984
132.5701,-22.92358,5.117188,17.66623,0,0,0,-23.09653,4.950127,17.80984
132.5771,-22.92358,5.117188,17.66623,0,0,0,-23.09653,4.950127,17.80984
132.5842,-22.92261,5.117661,17.66414,0,0,0,-23.09653,4.950127,17.80984
132.5949,-22.92261,5.117661,17.66414,0,0,0,-23.09653,4.950127,17.80984
132.6015,-22.92104,5.117739,17.66356,0,0,0,-23.09653,4.950127,17.80984
132.6095,-22.92104,5.117739,17.66356,0,0,0,-23.09653,4.950127,17.80984
132.6162,-22.92104,5.117739,17.66356,0,0,0,-23.09653,4.950127,17.80984
132.6237,-22.91992,5.117341,17.66483,0,0,0,-23.09653,4.950127,17.80984
132.6336,-22.91992,5.117341,17.66483,0,0,0,-23.09653,4.950127,17.80984
132.642,-22.91707,5.116157,17.66888,0,0,0,-23.09653,4.950127,17.80984
132.6521,-22.91707,5.116157,17.66888,0,0,0,-23.09653,4.950127,17.80984
132.6609,-22.91594,5.115767,17.67016,0,0,0,-23.09653,4.950127,17.80984
132.6732,-22.91594,5.115767,17.67016,0,0,0,-23.09653,4.950127,17.80984
132.6807,-22.91582,5.115302,17.67178,0,0,0,-23.09653,4.950127,17.80984
132.69,-22.91582,5.115302,17.67178,0,0,0,-23.09653,4.950127,17.80984
132.6986,-22.91582,5.115302,17.67178,0,0,0,-23.09653,4.950127,17.80984
132.7094,-22.91306,5.114916,17.67233,0,0,0,-23.09653,4.950127,17.80984
132.7177,-22.91306,5.114916,17.67233,0,0,0,-23.09653,4.950127,17.80984
132.7254,-22.91143,5.114916,17.6716,0,0,0,-23.09653,4.950127,17.80984
132.7339,-22.91143,5.114916,17.6716,0,0,0,-23.09653,4.950127,17.80984
132.7407,-22.91034,5.114916,17.67112,0,0,0,-23.09653,4.950127,17.80984
132.7483,-22.91034,5.114916,17.67112,0,0,0,-23.09653,4.950127,17.80984
132.7551,-22.91034,5.114916,17.67112,0,0,0,-23.09653,4.950127,17.80984
132.764,-22.91027,5.114841,17.67099,0,0,0,-23.09653,4.950127,17.80984
132.7722,-22.91027,5.114841,17.67099,0,0,0,-23.09653,4.950127,17.80984
132.7789,-22.91027,5.114841,17.67099,0,0,0,-23.09653,4.950127,17.80984
132.7865,-22.90978,5.115227,17.66899,0,0,0,-23.09653,4.950127,17.80984
132.7949,-22.90978,5.115227,17.66899,0,0,0,-23.09653,4.950127,17.80984
132.8017,-22.90762,5.114916,17.6699,0,0,0,-23.09653,4.950127,17.80984
132.8106,-22.90762,5.114916,17.6699,0,0,0,-23.09653,4.950127,17.80984
132.8187,-22.90762,5.114916,17.6699,0,0,0,-23.09653,4.950127,17.80984
132.8255,-22.90732,5.114539,17.66906,0,0,0,-23.09653,4.950127,17.80984
132.8338,-22.90732,5.114539,17.66906,0,0,0,-23.09653,4.950127,17.80984
132.8418,-22.90732,5.114539,17.66906,0,0,0,-23.09653,4.950127,17.80984
132.8496,-22.90732,5.114539,17.66906,0,0,0,-23.09653,4.950127,17.80984
132.8566,-22.90732,5.114539,17.66906,0,0,0,-23.09653,4.950127,17.80984
132.8636,-22.90732,5.11454,17.66906,0,0,0,-23.09653,4.950127,17.80984
132.8718,-22.90732,5.11454,17.66906,0,0,0,-23.09653,4.950127,17.80984
132.8785,-22.90732,5.11454,17.66906,0,0,0,-23.09653,4.950127,17.80984
132.8856,-22.90947,5.114851,17.66815,0,0,0,-23.09653,4.950127,17.80984
132.8946,-22.90947,5.114851,17.66815,0,0,0,-23.09653,4.950127,17.80984
132.9018,-22.9093,5.114637,17.66858,0,0,0,-23.09653,4.950127,17.80984
132.9108,-22.9093,5.114637,17.66858,0,0,0,-23.09653,4.950127,17.80984
132.9176,-22.9093,5.114637,17.66858,0,0,0,-23.09653,4.950127,17.80984
132.9252,-22.9099,5.115026,17.66708,0,0,0,-23.09653,4.950127,17.80984
132.934,-22.9099,5.115026,17.66708,0,0,0,-23.09653,4.950127,17.80984
132.9408,-22.9105,5.115417,17.66557,0,0,0,-23.09653,4.950127,17.80984
132.9489,-22.9105,5.115417,17.66557,0,0,0,-23.09653,4.950127,17.80984
132.9569,-22.9105,5.115417,17.66557,0,0,0,-23.09653,4.950127,17.80984
132.9653,-22.91164,5.11581,17.6643,0,0,0,-23.09653,4.950127,17.80984
132.9752,-22.91164,5.11581,17.6643,0,0,0,-23.09653,4.950127,17.80984
132.9832,-22.91008,5.115886,17.6637,0,0,0,-23.09653,4.950127,17.80984
132.9923,-22.91008,5.115886,17.6637,0,0,0,-23.09653,4.950127,17.80984
133.003,-22.91218,5.11581,17.66454,0,0,0,-23.09653,4.950127,17.80984
133.013,-22.91218,5.11581,17.66454,0,0,0,-23.09653,4.950127,17.80984
133.0209,-22.91062,5.115886,17.66395,0,0,0,-23.09653,4.950127,17.80984
133.0298,-22.91062,5.115886,17.66395,0,0,0,-23.09653,4.950127,17.80984
133.0369,-22.91062,5.115886,17.66395,0,0,0,-23.09653,4.950127,17.80984
133.0455,-22.9123,5.116281,17.66292,0,0,0,-23.09653,4.950127,17.80984
133.0543,-22.9123,5.116281,17.66292,0,0,0,-23.09653,4.950127,17.80984
133.0639,-22.91128,5.116357,17.66257,0,0,0,-23.09653,4.950127,17.80984
133.0726,-22.91128,5.116357,17.66257,0,0,0,-23.09653,4.950127,17.80984
133.0816,-22.912,5.116571,17.66238,0,0,0,-23.09653,4.950127,17.80984
133.094,-22.912,5.116571,17.66238,0,0,0,-23.09653,4.950127,17.80984
133.1034,-22.91044,5.116651,17.66178,0,0,0,-23.09653,4.950127,17.80984
133.1116,-22.91044,5.116651,17.66178,0,0,0,-23.09653,4.950127,17.80984
133.1187,-22.91044,5.116651,17.66178,0,0,0,-23.09653,4.950127,17.80984
133.1269,-22.90996,5.116733,17.66167,0,0,0,-23.09653,4.950127,17.80984
133.1351,-22.90996,5.116733,17.66167,0,0,0,-23.09653,4.950127,17.80984
133.1423,-22.909,5.117214,17.65957,0,0,0,-23.09653,4.950127,17.80984
133.1508,-22.909,5.117214,17.65957,0,0,0,-23.09653,4.950127,17.80984
133.1593,-22.909,5.117214,17.65957,0,0,0,-23.09653,4.950127,17.80984
133.1669,-22.90798,5.1173,17.65923,0,0,0,-23.09653,4.950127,17.80984
133.1749,-22.90798,5.1173,17.65923,0,0,0,-23.09653,4.950127,17.80984
133.1818,-22.90738,5.116902,17.66073,0,0,0,-23.09653,4.950127,17.80984
133.1896,-22.90738,5.116902,17.66073,0,0,0,-23.09653,4.950127,17.80984
133.1973,-22.90738,5.116902,17.66073,0,0,0,-23.09653,4.950127,17.80984
133.2048,-22.90695,5.117388,17.65888,0,0,0,-23.09653,4.950127,17.80984
133.2135,-22.90695,5.117388,17.65888,0,0,0,-23.09653,4.950127,17.80984
133.2201,-22.9048,5.11708,17.6598,0,0,0,-23.09653,4.950127,17.80984
133.2281,-22.9048,5.11708,17.6598,0,0,0,-23.09653,4.950127,17.80984
133.2351,-22.9048,5.11708,17.6598,0,0,0,-23.09653,4.950127,17.80984
133.2422,-22.90534,5.11708,17.66005,0,0,0,-23.09653,4.950127,17.80984
133.2499,-22.90534,5.11708,17.66005,0,0,0,-23.09653,4.950127,17.80984
133.2567,-22.90534,5.11708,17.66005,0,0,0,-23.09653,4.950127,17.80984
133.2635,-22.90355,5.117545,17.66006,0,0,0,-23.09653,4.950127,17.80984
133.271,-22.90355,5.117545,17.66006,0,0,0,-23.09653,4.950127,17.80984
133.2778,-22.90355,5.117545,17.66006,0,0,0,-23.09653,4.950127,17.80984
133.2844,-22.90355,5.117545,17.66006,0,0,0,-23.09653,4.950127,17.80984
133.2955,-22.90355,5.117545,17.66006,0,0,0,-23.09653,4.950127,17.80984
133.3023,-22.90414,5.117941,17.65855,0,0,0,-23.09653,4.950127,17.80984
133.3129,-22.90414,5.117941,17.65855,0,0,0,-23.09653,4.950127,17.80984
133.3197,-22.90414,5.117941,17.65855,0,0,0,-23.09653,4.950127,17.80984
133.327,-22.90414,5.11794,17.65855,0,0,0,-23.09653,4.950127,17.80984
133.335,-22.90414,5.11794,17.65855,0,0,0,-23.09653,4.950127,17.80984
133.3424,-22.90355,5.117544,17.66006,0,0,0,-23.09653,4.950127,17.80984
133.3505,-22.90355,5.117544,17.66006,0,0,0,-23.09653,4.950127,17.80984
133.358,-22.90355,5.117544,17.66006,0,0,0,-23.09653,4.950127,17.80984
133.3652,-22.90355,5.117545,17.66006,0,0,0,-23.09653,4.950127,17.80984
133.3738,-22.90355,5.117545,17.66006,0,0,0,-23.09653,4.950127,17.80984
133.3804,-22.90258,5.118035,17.65797,0,0,0,-23.09653,4.950127,17.80984
133.3891,-22.90258,5.118035,17.65797,0,0,0,-23.09653,4.950127,17.80984
133.3955,-22.90258,5.118035,17.65797,0,0,0,-23.09653,4.950127,17.80984
133.4039,-22.90414,5.117941,17.65855,0,0,0,-23.09653,4.950127,17.80984
133.4121,-22.90414,5.117941,17.65855,0,0,0,-23.09653,4.950127,17.80984
133.4191,-22.90414,5.117941,17.65855,0,0,0,-23.09653,4.950127,17.80984
133.4258,-22.90199,5.117639,17.65948,0,0,0,-23.09653,4.950127,17.80984
133.4337,-22.90199,5.117639,17.65948,0,0,0,-23.09653,4.950127,17.80984
133.4408,-22.90258,5.118035,17.65797,0,0,0,-23.09653,4.950127,17.80984
133.4485,-22.90258,5.118035,17.65797,0,0,0,-23.09653,4.950127,17.80984
133.4555,-22.90258,5.118035,17.65797,0,0,0,-23.09653,4.950127,17.80984
133.462,-22.90258,5.118035,17.65797,0,0,0,-23.09653,4.950127,17.80984
133.4695,-22.90258,5.118035,17.65797,0,0,0,-23.09653,4.950127,17.80984
133.4761,-22.90258,5.118035,17.65797,0,0,0,-23.09653,4.950127,17.80984
133.4851,-22.90258,5.118035,17.65797,0,0,0,-23.09653,4.950127,17.80984
133.493,-22.90258,5.118035,17.65797,0,0,0,-23.09653,4.950127,17.80984
133.4996,-22.90258,5.118035,17.65797,0,0,0,-23.09653,4.950127,17.80984
133.5065,-22.90199,5.117639,17.65948,0,0,0,-23.09653,4.950127,17.80984
133.5139,-22.90199,5.117639,17.65948,0,0,0,-23.09653,4.950127,17.80984
133.5204,-22.90199,5.117639,17.65948,0,0,0,-23.09653,4.950127,17.80984
133.5287,-22.90199,5.117639,17.65948,0,0,0,-23.09653,4.950127,17.80984
133.5361,-22.90199,5.117639,17.65948,0,0,0,-23.09653,4.950127,17.80984
133.5435,-22.90043,5.117735,17.65889,0,0,0,-23.09653,4.950127,17.80984
133.5511,-22.90043,5.117735,17.65889,0,0,0,-23.09653,4.950127,17.80984
133.5579,-22.90043,5.117735,17.65889,0,0,0,-23.09653,4.950127,17.80984
133.565,-22.89887,5.117833,17.6583,0,0,0,-23.09653,4.950127,17.80984
133.5732,-22.89887,5.117833,17.6583,0,0,0,-23.09653,4.950127,17.80984
133.5825,-22.8994,5.117834,17.65855,0,0,0,-23.09653,4.950127,17.80984
133.5906,-22.8994,5.117834,17.65855,0,0,0,-23.09653,4.950127,17.80984
133.5972,-22.8994,5.117834,17.65855,0,0,0,-23.09653,4.950127,17.80984
133.6037,-22.89881,5.117439,17.66006,0,0,0,-23.09653,4.950127,17.80984
133.6113,-22.89881,5.117439,17.66006,0,0,0,-23.09653,4.950127,17.80984
133.6199,-22.89881,5.117439,17.66006,0,0,0,-23.09653,4.950127,17.80984
133.6275,-22.89935,5.117439,17.66031,0,0,0,-23.09653,4.950127,17.80984
133.635,-22.89935,5.117439,17.66031,0,0,0,-23.09653,4.950127,17.80984
133.6423,-22.89833,5.117539,17.65997,0,0,0,-23.09653,4.950127,17.80984
133.6523,-22.89833,5.117539,17.65997,0,0,0,-23.09653,4.950127,17.80984
133.6595,-22.89833,5.117539,17.65997,0,0,0,-23.09653,4.950127,17.80984
133.666,-22.89866,5.116268,17.66534,0,0,0,-23.09653,4.950127,17.80984
133.6743,-22.89866,5.116268,17.66534,0,0,0,-23.09653,4.950127,17.80984
133.6809,-22.8971,5.116368,17.66476,0,0,0,-23.09653,4.950127,17.80984
133.6889,-22.8971,5.116368,17.66476,0,0,0,-23.09653,4.950127,17.80984
133.6956,-22.8971,5.116368,17.66476,0,0,0,-23.09653,4.950127,17.80984
133.7028,-22.89706,5.115982,17.66652,0,0,0,-23.09653,4.950127,17.80984
133.711,-22.89706,5.115982,17.66652,0,0,0,-23.09653,4.950127,17.80984
133.7173,-22.89706,5.115982,17.66652,0,0,0,-23.09653,4.950127,17.80984
133.7241,-22.8976,5.115982,17.66677,0,0,0,-23.09653,4.950127,17.80984
133.7317,-22.8976,5.115982,17.66677,0,0,0,-23.09653,4.950127,17.80984
133.7389,-22.8976,5.115982,17.66677,0,0,0,-23.09653,4.950127,17.80984
133.7459,-22.89814,5.115982,17.66701,0,0,0,-23.09653,4.950127,17.80984
133.7548,-22.89814,5.115982,17.66701,0,0,0,-23.09653,4.950127,17.80984
133.7616,-22.89712,5.116084,17.66668,0,0,0,-23.09653,4.950127,17.80984
133.771,-22.89712,5.116084,17.66668,0,0,0,-23.09653,4.950127,17.80984
133.7777,-22.89712,5.116084,17.66668,0,0,0,-23.09653,4.950127,17.80984
133.7846,-22.89766,5.116084,17.66693,0,0,0,-23.09653,4.950127,17.80984
133.7923,-22.89766,5.116084,17.66693,0,0,0,-23.09653,4.950127,17.80984
133.801,-22.89844,5.115708,17.66657,0,0,0,-23.09653,4.950127,17.80984
133.8096,-22.89844,5.115708,17.66657,0,0,0,-23.09653,4.950127,17.80984
133.816,-22.89844,5.115708,17.66657,0,0,0,-23.09653,4.950127,17.80984
133.8224,-22.89881,5.115494,17.66726,0,0,0,-23.09653,4.950127,17.80984
133.83,-22.89881,5.115494,17.66726,0,0,0,-23.09653,4.950127,17.80984
133.8385,-22.89881,5.115494,17.66726,0,0,0,-23.09653,4.950127,17.80984
133.8454,-22.89881,5.115494,17.66726,0,0,0,-23.09653,4.950127,17.80984
133.853,-22.89881,5.115494,17.66726,0,0,0,-23.09653,4.950127,17.80984
133.862,-22.89935,5.115494,17.6675,0,0,0,-23.09653,4.950127,17.80984
133.8698,-22.89935,5.115494,17.6675,0,0,0,-23.09653,4.950127,17.80984
133.8777,-22.89935,5.115494,17.6675,0,0,0,-23.09653,4.950127,17.80984
133.8865,-22.89935,5.115494,17.6675,0,0,0,-23.09653,4.950127,17.80984
133.8972,-22.89935,5.115494,17.6675,0,0,0,-23.09653,4.950127,17.80984
133.9064,-22.89989,5.115494,17.66775,0,0,0,-23.09653,4.950127,17.80984
133.917,-22.89989,5.115494,17.66775,0,0,0,-23.09653,4.950127,17.80984
133.9252,-22.89989,5.115494,17.66775,0,0,0,-23.09653,4.950127,17.80984
133.9328,-22.89989,5.115494,17.66775,0,0,0,-23.09653,4.950127,17.80984
133.9397,-22.89989,5.115494,17.66775,0,0,0,-23.09653,4.950127,17.80984
133.9477,-22.90044,5.115495,17.668,0,0,0,-23.09653,4.950127,17.80984
133.9562,-22.90044,5.115495,17.668,0,0,0,-23.09653,4.950127,17.80984
133.9641,-22.90044,5.115495,17.668,0,0,0,-23.09653,4.950127,17.80984
133.9724,-22.90044,5.115495,17.668,0,0,0,-23.09653,4.950127,17.80984
133.9807,-22.90254,5.115391,17.66882,0,0,0,-23.09653,4.950127,17.80984
133.9886,-22.90254,5.115391,17.66882,0,0,0,-23.09653,4.950127,17.80984
133.9964,-22.90254,5.115391,17.66882,0,0,0,-23.09653,4.950127,17.80984
134.0041,-22.90312,5.115778,17.6673,0,0,0,-23.09653,4.950127,17.80984
134.0135,-22.90312,5.115778,17.6673,0,0,0,-23.09653,4.950127,17.80984
134.0225,-22.90237,5.115179,17.66926,0,0,0,-23.09653,4.950127,17.80984
134.0314,-22.90237,5.115179,17.66926,0,0,0,-23.09653,4.950127,17.80984
134.0394,-22.90237,5.115179,17.66926,0,0,0,-23.09653,4.950127,17.80984
134.0468,-22.90118,5.115067,17.66936,0,0,0,-23.09653,4.950127,17.80984
134.0547,-22.90118,5.115067,17.66936,0,0,0,-23.09653,4.950127,17.80984
134.0617,-22.90258,5.11475,17.67038,0,0,0,-23.09653,4.950127,17.80984
134.0696,-22.90258,5.11475,17.67038,0,0,0,-23.09653,4.950127,17.80984
134.0765,-22.90258,5.11475,17.67038,0,0,0,-23.09653,4.950127,17.80984
134.0831,-22.90084,5.114638,17.67024,0,0,0,-23.09653,4.950127,17.80984
134.092,-22.90084,5.114638,17.67024,0,0,0,-23.09653,4.950127,17.80984
134.0991,-22.90084,5.114638,17.67024,0,0,0,-23.09653,4.950127,17.80984
134.1068,-22.90034,5.113994,17.67156,0,0,0,-23.09653,4.950127,17.80984
134.1147,-22.90034,5.113994,17.67156,0,0,0,-23.09653,4.950127,17.80984
134.1238,-22.90177,5.11303,17.67413,0,0,0,-23.09653,4.950127,17.80984
134.1347,-22.90177,5.11303,17.67413,0,0,0,-23.09653,4.950127,17.80984
134.1439,-22.8997,5.112484,17.67487,0,0,0,-23.09653,4.950127,17.80984
134.1528,-22.8997,5.112484,17.67487,0,0,0,-23.09653,4.950127,17.80984
134.1602,-22.8982,5.111283,17.67878,0,0,0,-23.09653,4.950127,17.80984
134.1695,-22.8982,5.111283,17.67878,0,0,0,-23.09653,4.950127,17.80984
134.1781,-22.8982,5.111283,17.67878,0,0,0,-23.09653,4.950127,17.80984
134.1858,-22.89882,5.109989,17.68351,0,0,0,-23.09653,4.950127,17.80984
134.1962,-22.89882,5.109989,17.68351,0,0,0,-23.09653,4.950127,17.80984
134.2034,-22.89807,5.109395,17.68546,0,0,0,-23.09653,4.950127,17.80984
134.2133,-22.89807,5.109395,17.68546,0,0,0,-23.09653,4.950127,17.80984
134.2213,-22.89647,5.109123,17.68666,0,0,0,-23.09653,4.950127,17.80984
134.2323,-22.89647,5.109123,17.68666,0,0,0,-23.09653,4.950127,17.80984
134.243,-22.8963,5.108905,17.6871,0,0,0,-23.09653,4.950127,17.80984
134.2514,-22.8963,5.108905,17.6871,0,0,0,-23.09653,4.950127,17.80984
134.2598,-22.8963,5.108905,17.6871,0,0,0,-23.09653,4.950127,17.80984
134.271,-22.8961,5.108315,17.6893,0,0,0,-23.09653,4.950127,17.80984
134.2803,-22.89594,5.108098,17.68974,0,0,0,-23.09653,4.950127,17.80984
134.2894,-22.89594,5.108098,17.68974,0,0,0,-23.09653,4.950127,17.80984
134.2986,-22.89594,5.108098,17.68974,0,0,0,-23.09653,4.950127,17.80984
134.306,-22.8956,5.107661,17.69061,0,0,0,-23.09653,4.950127,17.80984
134.3145,-22.8956,5.107661,17.69061,0,0,0,-23.09653,4.950127,17.80984
134.3225,-22.89582,5.107224,17.69173,0,0,0,-23.09653,4.950127,17.80984
134.3306,-22.89582,5.107224,17.69173,0,0,0,-23.09653,4.950127,17.80984
134.3384,-22.89582,5.107224,17.69173,0,0,0,-23.09653,4.950127,17.80984
134.3492,-22.89743,5.106466,17.69386,0,0,0,-23.09653,4.950127,17.80984
134.3596,-22.89743,5.106466,17.69386,0,0,0,-23.09653,4.950127,17.80984
134.3674,-22.89687,5.106406,17.69534,0,0,0,-23.09653,4.950127,17.80984
134.3759,-22.89687,5.106406,17.69534,0,0,0,-23.09653,4.950127,17.80984
134.3828,-22.89552,5.106069,17.69589,0,0,0,-23.09653,4.950127,17.80984
134.3913,-22.89552,5.106069,17.69589,0,0,0,-23.09653,4.950127,17.80984
134.4001,-22.89642,5.105084,17.69821,0,0,0,-23.09653,4.950127,17.80984
134.4085,-22.89642,5.105084,17.69821,0,0,0,-23.09653,4.950127,17.80984
134.4154,-22.89642,5.105084,17.69821,0,0,0,-23.09653,4.950127,17.80984
134.423,-22.89495,5.104212,17.70208,0,0,0,-23.09653,4.950127,17.80984
134.4312,-22.89495,5.104212,17.70208,0,0,0,-23.09653,4.950127,17.80984
134.4383,-22.89495,5.104212,17.70208,0,0,0,-23.09653,4.950127,17.80984
134.4482,-22.89232,5.103586,17.70429,0,0,0,-23.09653,4.950127,17.80984
134.4582,-22.89232,5.103586,17.70429,0,0,0,-23.09653,4.950127,17.80984
134.466,-22.89107,5.10233,17.70756,0,0,0,-23.09653,4.950127,17.80984
134.4771,-22.89107,5.10233,17.70756,0,0,0,-23.09653,4.950127,17.80984
134.4857,-22.8892,5.101615,17.71247,0,0,0,-23.09653,4.950127,17.80984
134.4953,-22.8892,5.101615,17.71247,0,0,0,-23.09653,4.950127,17.80984
134.5033,-22.88916,5.101794,17.71897,0,0,0,-23.09653,4.950127,17.80984
134.5161,-22.88916,5.101794,17.71897,0,0,0,-23.09653,4.950127,17.80984
134.5253,-22.8882,5.101758,17.72494,0,0,0,-23.09653,4.950127,17.80984
134.5356,-22.8882,5.101758,17.72494,0,0,0,-23.09653,4.950127,17.80984
134.5471,-22.88588,5.101409,17.73455,0,0,0,-23.09653,4.950127,17.80984
134.5572,-22.88588,5.101409,17.73455,0,0,0,-23.09653,4.950127,17.80984
134.5656,-22.88692,5.101453,17.73826,0,0,0,-23.09653,4.950127,17.80984
134.5757,-22.88692,5.101453,17.73826,0,0,0,-23.09653,4.950127,17.80984
134.5841,-22.88584,5.100626,17.74758,0,0,0,-23.09653,4.950127,17.80984
134.5953,-22.88584,5.100626,17.74758,0,0,0,-23.09653,4.950127,17.80984
134.6027,-22.88417,5.100082,17.75377,0,0,0,-23.09653,4.950127,17.80984
134.6138,-22.88417,5.100082,17.75377,0,0,0,-23.09653,4.950127,17.80984
134.6216,-22.88367,5.099872,17.75868,0,0,0,-23.09653,4.950127,17.80984
134.6318,-22.88367,5.099872,17.75868,0,0,0,-23.09653,4.950127,17.80984
134.6393,-22.88367,5.099872,17.75868,0,0,0,-23.09653,4.950127,17.80984
134.6483,-22.88423,5.098602,17.76551,0,0,0,-23.09653,4.950127,17.80984
134.6569,-22.88423,5.098602,17.76551,0,0,0,-23.09653,4.950127,17.80984
134.665,-22.88566,5.098201,17.76822,0,0,0,-23.09653,4.950127,17.80984
134.6733,-22.88566,5.098201,17.76822,0,0,0,-23.09653,4.950127,17.80984
134.6813,-22.88801,5.09827,17.77033,0,0,0,-23.09653,4.950127,17.80984
134.6898,-22.88801,5.09827,17.77033,0,0,0,-23.09653,4.950127,17.80984
134.6969,-22.88801,5.09827,17.77033,0,0,0,-23.09653,4.950127,17.80984
134.704,-22.88955,5.098736,17.77278,0,0,0,-23.09653,4.950127,17.80984
134.713,-22.88955,5.098736,17.77278,0,0,0,-23.09653,4.950127,17.80984
134.7201,-22.88956,5.098411,17.77457,0,0,0,-23.09653,4.950127,17.80984
134.7293,-22.88956,5.098411,17.77457,0,0,0,-23.09653,4.950127,17.80984
134.7372,-22.88956,5.098411,17.77457,0,0,0,-23.09653,4.950127,17.80984
134.7466,-22.89206,5.099046,17.77445,0,0,0,-23.09653,4.950127,17.80984
134.7552,-22.89206,5.099046,17.77445,0,0,0,-23.09653,4.950127,17.80984
134.7631,-22.89264,5.099046,17.7747,0,0,0,-23.09653,4.950127,17.80984
134.7713,-22.89264,5.099046,17.7747,0,0,0,-23.09653,4.950127,17.80984
134.779,-22.89264,5.099046,17.7747,0,0,0,-23.09653,4.950127,17.80984
134.7865,-22.89496,5.099195,17.77508,0,0,0,-23.09653,4.950127,17.80984
134.7956,-22.89496,5.099195,17.77508,0,0,0,-23.09653,4.950127,17.80984
134.803,-22.89611,5.099522,17.77379,0,0,0,-23.09653,4.950127,17.80984
134.8136,-22.89611,5.099522,17.77379,0,0,0,-23.09653,4.950127,17.80984
134.8208,-22.89627,5.099756,17.77336,0,0,0,-23.09653,4.950127,17.80984
134.8292,-22.89627,5.099756,17.77336,0,0,0,-23.09653,4.950127,17.80984
134.836,-22.89627,5.099756,17.77336,0,0,0,-23.09653,4.950127,17.80984
134.8427,-22.89839,5.102083,17.76764,0,0,0,-23.09653,4.950127,17.80984
134.8507,-22.89839,5.102083,17.76764,0,0,0,-23.09653,4.950127,17.80984
134.8585,-22.89839,5.102083,17.76764,0,0,0,-23.09653,4.950127,17.80984
134.8659,-22.90101,5.103034,17.76537,0,0,0,-23.09653,4.950127,17.80984
134.875,-22.90101,5.103034,17.76537,0,0,0,-23.09653,4.950127,17.80984
134.8838,-22.90231,5.103945,17.76187,0,0,0,-23.09653,4.950127,17.80984
134.8928,-22.90231,5.103945,17.76187,0,0,0,-23.09653,4.950127,17.80984
134.9012,-22.90203,5.104948,17.75781,0,0,0,-23.09653,4.950127,17.80984
134.9117,-22.90203,5.104948,17.75781,0,0,0,-23.09653,4.950127,17.80984
134.9192,-22.90203,5.104948,17.75781,0,0,0,-23.09653,4.950127,17.80984
134.9283,-22.9049,5.105792,17.75488,0,0,0,-23.09653,4.950127,17.80984
134.9372,-22.9049,5.105792,17.75488,0,0,0,-23.09653,4.950127,17.80984
134.9455,-22.90428,5.10607,17.75175,0,0,0,-23.09653,4.950127,17.80984
134.9546,-22.90428,5.10607,17.75175,0,0,0,-23.09653,4.950127,17.80984
134.9625,-22.90585,5.105985,17.75232,0,0,0,-23.09653,4.950127,17.80984
134.9724,-22.90585,5.105985,17.75232,0,0,0,-23.09653,4.950127,17.80984
134.9807,-22.90585,5.105985,17.75232,0,0,0,-23.09653,4.950127,17.80984
134.9929,-22.90585,5.105985,17.75232,0,0,0,-23.09653,4.950127,17.80984
135.0028,-22.90494,5.104896,17.75477,0,0,0,-23.09653,4.950127,17.80984
135.0117,-22.90494,5.104896,17.75477,0,0,0,-23.09653,4.950127,17.80984
135.0199,-22.90494,5.104896,17.75477,0,0,0,-23.09653,4.950127,17.80984
135.0273,-22.90445,5.10358,17.75791,0,0,0,-23.09653,4.950127,17.80984
135.0366,-22.90445,5.10358,17.75791,0,0,0,-23.09653,4.950127,17.80984
135.0439,-22.90312,5.102928,17.75852,0,0,0,-23.09653,4.950127,17.80984
135.052,-22.90312,5.102928,17.75852,0,0,0,-23.09653,4.950127,17.80984
135.0606,-22.9047,5.102501,17.76086,0,0,0,-23.09653,4.950127,17.80984
135.0688,-22.9047,5.102501,17.76086,0,0,0,-23.09653,4.950127,17.80984
135.0761,-22.9047,5.102501,17.76086,0,0,0,-23.09653,4.950127,17.80984
135.0841,-22.90282,5.101176,17.76479,0,0,0,-23.09653,4.950127,17.80984
135.0925,-22.90282,5.101176,17.76479,0,0,0,-23.09653,4.950127,17.80984
135.0997,-22.90282,5.101176,17.76479,0,0,0,-23.09653,4.950127,17.80984
135.1071,-22.90544,5.09997,17.76616,0,0,0,-23.09653,4.950127,17.80984
135.1155,-22.90544,5.09997,17.76616,0,0,0,-23.09653,4.950127,17.80984
135.1238,-22.90333,5.099387,17.76892,0,0,0,-23.09653,4.950127,17.80984
135.1321,-22.90333,5.099387,17.76892,0,0,0,-23.09653,4.950127,17.80984
135.1402,-22.90394,5.099057,17.77095,0,0,0,-23.09653,4.950127,17.80984
135.1488,-22.90394,5.099057,17.77095,0,0,0,-23.09653,4.950127,17.80984
135.1592,-22.90394,5.099057,17.77095,0,0,0,-23.09653,4.950127,17.80984
135.1661,-22.90634,5.098249,17.77292,0,0,0,-23.09653,4.950127,17.80984
135.1745,-22.90634,5.098249,17.77292,0,0,0,-23.09653,4.950127,17.80984
135.1825,-22.90637,5.097923,17.7747,0,0,0,-23.09653,4.950127,17.80984
135.1908,-22.90637,5.097923,17.7747,0,0,0,-23.09653,4.950127,17.80984
135.1983,-22.90637,5.097923,17.7747,0,0,0,-23.09653,4.950127,17.80984
135.2063,-22.90597,5.098007,17.77464,0,0,0,-23.09653,4.950127,17.80984
135.2154,-22.90597,5.098007,17.77464,0,0,0,-23.09653,4.950127,17.80984
135.2226,-22.90754,5.097922,17.77519,0,0,0,-23.09653,4.950127,17.80984
135.2315,-22.90754,5.097922,17.77519,0,0,0,-23.09653,4.950127,17.80984
135.2388,-22.90754,5.097922,17.77519,0,0,0,-23.09653,4.950127,17.80984
135.246,-22.90698,5.097597,17.77673,0,0,0,-23.09653,4.950127,17.80984
135.2555,-22.90698,5.097597,17.77673,0,0,0,-23.09653,4.950127,17.80984
135.2632,-22.90698,5.097598,17.77673,0,0,0,-23.09653,4.950127,17.80984
135.2715,-22.90698,5.097598,17.77673,0,0,0,-23.09653,4.950127,17.80984
135.2788,-22.90698,5.097598,17.77673,0,0,0,-23.09653,4.950127,17.80984
135.2865,-22.90541,5.097681,17.77618,0,0,0,-23.09653,4.950127,17.80984
135.2954,-22.90541,5.097681,17.77618,0,0,0,-23.09653,4.950127,17.80984
135.3027,-22.90754,5.097921,17.77519,0,0,0,-23.09653,4.950127,17.80984
135.3141,-22.90754,5.097921,17.77519,0,0,0,-23.09653,4.950127,17.80984
135.3213,-22.90754,5.097922,17.77519,0,0,0,-23.09653,4.950127,17.80984
135.33,-22.90754,5.097922,17.77519,0,0,0,-23.09653,4.950127,17.80984
135.337,-22.90754,5.097922,17.77519,0,0,0,-23.09653,4.950127,17.80984
135.3463,-22.90754,5.097922,17.77519,0,0,0,-23.09653,4.950127,17.80984
135.3554,-22.90754,5.097922,17.77519,0,0,0,-23.09653,4.950127,17.80984
135.3633,-22.9081,5.098249,17.77365,0,0,0,-23.09653,4.950127,17.80984
135.3757,-22.9081,5.098249,17.77365,0,0,0,-23.09653,4.950127,17.80984
135.3832,-22.90754,5.097922,17.77519,0,0,0,-23.09653,4.950127,17.80984
135.3935,-22.90754,5.097922,17.77519,0,0,0,-23.09653,4.950127,17.80984
135.4012,-22.90868,5.098249,17.7739,0,0,0,-23.09653,4.950127,17.80984
135.4124,-22.90868,5.098249,17.7739,0,0,0,-23.09653,4.950127,17.80984
135.4208,-22.90924,5.098578,17.77236,0,0,0,-23.09653,4.950127,17.80984
135.4304,-22.90924,5.098578,17.77236,0,0,0,-23.09653,4.950127,17.80984
135.4384,-22.90924,5.098578,17.77236,0,0,0,-23.09653,4.950127,17.80984
135.4467,-22.90924,5.098578,17.77236,0,0,0,-23.09653,4.950127,17.80984
135.4564,-22.90924,5.098578,17.77236,0,0,0,-23.09653,4.950127,17.80984
135.4651,-22.90924,5.098578,17.77236,0,0,0,-23.09653,4.950127,17.80984
135.4762,-22.90924,5.098578,17.77236,0,0,0,-23.09653,4.950127,17.80984
135.4839,-22.90924,5.098578,17.77236,0,0,0,-23.09653,4.950127,17.80984
135.4925,-22.90924,5.098578,17.77236,0,0,0,-23.09653,4.950127,17.80984
135.4999,-22.90924,5.098578,17.77236,0,0,0,-23.09653,4.950127,17.80984
135.5081,-22.9098,5.098908,17.77082,0,0,0,-23.09653,4.950127,17.80984
135.5192,-22.9098,5.098908,17.77082,0,0,0,-23.09653,4.950127,17.80984
135.5268,-22.90996,5.099141,17.77039,0,0,0,-23.09653,4.950127,17.80984
135.5354,-22.90996,5.099141,17.77039,0,0,0,-23.09653,4.950127,17.80984
135.5426,-22.90956,5.099042,17.77149,0,0,0,-23.09653,4.950127,17.80984
135.5511,-22.90956,5.099042,17.77149,0,0,0,-23.09653,4.950127,17.80984
135.5591,-22.90956,5.099042,17.77149,0,0,0,-23.09653,4.950127,17.80984
135.5665,-22.90756,5.099358,17.77026,0,0,0,-23.09653,4.950127,17.80984
135.5751,-22.90756,5.099358,17.77026,0,0,0,-23.09653,4.950127,17.80984
135.5827,-22.90812,5.099688,17.76872,0,0,0,-23.09653,4.950127,17.80984
135.5908,-22.90812,5.099688,17.76872,0,0,0,-23.09653,4.950127,17.80984
135.5979,-22.90812,5.099688,17.76872,0,0,0,-23.09653,4.950127,17.80984
135.605,-22.90812,5.099689,17.76872,0,0,0,-23.09653,4.950127,17.80984
135.6134,-22.90812,5.099689,17.76872,0,0,0,-23.09653,4.950127,17.80984
135.6204,-22.90828,5.09992,17.76829,0,0,0,-23.09653,4.950127,17.80984
135.6293,-22.90828,5.09992,17.76829,0,0,0,-23.09653,4.950127,17.80984
135.6379,-22.90828,5.09992,17.76829,0,0,0,-23.09653,4.950127,17.80984
135.6465,-22.90886,5.099737,17.7697,0,0,0,-23.09653,4.950127,17.80984
135.6554,-22.90886,5.099737,17.7697,0,0,0,-23.09653,4.950127,17.80984
135.6639,-22.90884,5.100067,17.76792,0,0,0,-23.09653,4.950127,17.80984
135.6735,-22.90884,5.100067,17.76792,0,0,0,-23.09653,4.950127,17.80984
135.6806,-22.90828,5.099737,17.76946,0,0,0,-23.09653,4.950127,17.80984
135.6886,-22.90828,5.099737,17.76946,0,0,0,-23.09653,4.950127,17.80984
135.6958,-22.90828,5.099737,17.76946,0,0,0,-23.09653,4.950127,17.80984
135.7027,-22.90828,5.099737,17.76946,0,0,0,-23.09653,4.950127,17.80984
135.711,-22.90828,5.099737,17.76946,0,0,0,-23.09653,4.950127,17.80984
135.7183,-22.90828,5.099737,17.76946,0,0,0,-23.09653,4.950127,17.80984
135.7268,-22.90668,5.100152,17.76713,0,0,0,-23.09653,4.950127,17.80984
135.738,-22.90668,5.100152,17.76713,0,0,0,-23.09653,4.950127,17.80984
135.7452,-22.90825,5.100068,17.76768,0,0,0,-23.09653,4.950127,17.80984
135.7559,-22.90825,5.100068,17.76768,0,0,0,-23.09653,4.950127,17.80984
135.7636,-22.90684,5.100383,17.7667,0,0,0,-23.09653,4.950127,17.80984
135.7727,-22.90684,5.100383,17.7667,0,0,0,-23.09653,4.950127,17.80984
135.7798,-22.90684,5.100383,17.7667,0,0,0,-23.09653,4.950127,17.80984
135.7871,-22.90783,5.100299,17.767,0,0,0,-23.09653,4.950127,17.80984
135.796,-22.90783,5.100299,17.767,0,0,0,-23.09653,4.950127,17.80984
135.803,-22.9057,5.100052,17.76799,0,0,0,-23.09653,4.950127,17.80984
135.8112,-22.9057,5.100052,17.76799,0,0,0,-23.09653,4.950127,17.80984
135.818,-22.9057,5.100052,17.76799,0,0,0,-23.09653,4.950127,17.80984
135.825,-22.90759,5.10043,17.76767,0,0,0,-23.09653,4.950127,17.80984
135.8334,-22.90759,5.10043,17.76767,0,0,0,-23.09653,4.950127,17.80984
135.8411,-22.90815,5.100761,17.76614,0,0,0,-23.09653,4.950127,17.80984
135.8498,-22.90815,5.100761,17.76614,0,0,0,-23.09653,4.950127,17.80984
135.8572,-22.90815,5.100761,17.76614,0,0,0,-23.09653,4.950127,17.80984
135.8645,-22.90674,5.101076,17.76515,0,0,0,-23.09653,4.950127,17.80984
135.8725,-22.90674,5.101076,17.76515,0,0,0,-23.09653,4.950127,17.80984
135.8797,-22.90674,5.101076,17.76515,0,0,0,-23.09653,4.950127,17.80984
135.8898,-22.90775,5.100661,17.76724,0,0,0,-23.09653,4.950127,17.80984
135.8988,-22.90775,5.100661,17.76724,0,0,0,-23.09653,4.950127,17.80984
135.9062,-22.90847,5.101222,17.76527,0,0,0,-23.09653,4.950127,17.80984
135.9144,-22.90847,5.101222,17.76527,0,0,0,-23.09653,4.950127,17.80984
135.9242,-22.90706,5.101537,17.76428,0,0,0,-23.09653,4.950127,17.80984
135.9327,-22.90706,5.101537,17.76428,0,0,0,-23.09653,4.950127,17.80984
135.9417,-22.90895,5.101912,17.76397,0,0,0,-23.09653,4.950127,17.80984
135.9509,-22.90895,5.101912,17.76397,0,0,0,-23.09653,4.950127,17.80984
135.9585,-22.90895,5.101912,17.76397,0,0,0,-23.09653,4.950127,17.80984
135.9667,-22.90785,5.102685,17.76211,0,0,0,-23.09653,4.950127,17.80984
135.9805,-22.9084,5.102748,17.76064,0,0,0,-23.09653,4.950127,17.80984
135.9891,-22.9084,5.102748,17.76064,0,0,0,-23.09653,4.950127,17.80984
135.9966,-22.9084,5.102748,17.76064,0,0,0,-23.09653,4.950127,17.80984
136.0045,-22.90887,5.103433,17.75933,0,0,0,-23.09653,4.950127,17.80984
136.018,-22.90887,5.103433,17.75933,0,0,0,-23.09653,4.950127,17.80984
136.0272,-22.91047,5.104787,17.75496,0,0,0,-23.09653,4.950127,17.80984
136.0358,-22.91047,5.104787,17.75496,0,0,0,-23.09653,4.950127,17.80984
136.046,-22.91102,5.104851,17.75348,0,0,0,-23.09653,4.950127,17.80984
136.0546,-22.91102,5.104851,17.75348,0,0,0,-23.09653,4.950127,17.80984
136.064,-22.91156,5.104913,17.752,0,0,0,-23.09653,4.950127,17.80984
136.0735,-22.91156,5.104913,17.752,0,0,0,-23.09653,4.950127,17.80984
136.0813,-22.91156,5.104913,17.752,0,0,0,-23.09653,4.950127,17.80984
136.0912,-22.91156,5.104913,17.752,0,0,0,-23.09653,4.950127,17.80984
136.0991,-22.91156,5.104913,17.752,0,0,0,-23.09653,4.950127,17.80984
136.1073,-22.9125,5.105086,17.74942,0,0,0,-23.09653,4.950127,17.80984
136.1168,-22.9125,5.105086,17.74942,0,0,0,-23.09653,4.950127,17.80984
136.1248,-22.91322,5.105654,17.74745,0,0,0,-23.09653,4.950127,17.80984
136.1339,-22.91322,5.105654,17.74745,0,0,0,-23.09653,4.950127,17.80984
136.1423,-22.91165,5.105741,17.7469,0,0,0,-23.09653,4.950127,17.80984
136.1521,-22.91165,5.105741,17.7469,0,0,0,-23.09653,4.950127,17.80984
136.1602,-22.91202,5.105922,17.74408,0,0,0,-23.09653,4.950127,17.80984
136.1692,-22.91202,5.105922,17.74408,0,0,0,-23.09653,4.950127,17.80984
136.1801,-22.91215,5.106209,17.74192,0,0,0,-23.09653,4.950127,17.80984
136.191,-22.91215,5.106209,17.74192,0,0,0,-23.09653,4.950127,17.80984
136.2009,-22.91235,5.105882,17.7396,0,0,0,-23.09653,4.950127,17.80984
136.2116,-22.91235,5.105882,17.7396,0,0,0,-23.09653,4.950127,17.80984
136.2198,-22.91235,5.105882,17.7396,0,0,0,-23.09653,4.950127,17.80984
136.2272,-22.91256,5.105843,17.73722,0,0,0,-23.09653,4.950127,17.80984
136.2358,-22.91256,5.105843,17.73722,0,0,0,-23.09653,4.950127,17.80984
136.244,-22.91199,5.105843,17.73698,0,0,0,-23.09653,4.950127,17.80984
136.2554,-22.91199,5.105843,17.73698,0,0,0,-23.09653,4.950127,17.80984
136.2631,-22.91108,5.105104,17.73766,0,0,0,-23.09653,4.950127,17.80984
136.2723,-22.91108,5.105104,17.73766,0,0,0,-23.09653,4.950127,17.80984
136.2802,-22.9113,5.104716,17.73705,0,0,0,-23.09653,4.950127,17.80984
136.2893,-22.9113,5.104716,17.73705,0,0,0,-23.09653,4.950127,17.80984
136.2967,-22.9113,5.104716,17.73705,0,0,0,-23.09653,4.950127,17.80984
136.3043,-22.90916,5.104804,17.73625,0,0,0,-23.09653,4.950127,17.80984
136.3142,-22.90916,5.104804,17.73625,0,0,0,-23.09653,4.950127,17.80984
136.3225,-22.90709,5.103931,17.73706,0,0,0,-23.09653,4.950127,17.80984
136.3314,-22.90709,5.103931,17.73706,0,0,0,-23.09653,4.950127,17.80984
136.3388,-22.90709,5.103931,17.73706,0,0,0,-23.09653,4.950127,17.80984
136.3459,-22.90609,5.104373,17.73497,0,0,0,-23.09653,4.950127,17.80984
136.3542,-22.90609,5.104373,17.73497,0,0,0,-23.09653,4.950127,17.80984
136.3615,-22.90593,5.104146,17.7354,0,0,0,-23.09653,4.950127,17.80984
136.3698,-22.90593,5.104146,17.7354,0,0,0,-23.09653,4.950127,17.80984
136.3774,-22.90593,5.104146,17.7354,0,0,0,-23.09653,4.950127,17.80984
136.3848,-22.90633,5.104272,17.73431,0,0,0,-23.09653,4.950127,17.80984
136.3938,-22.90633,5.104272,17.73431,0,0,0,-23.09653,4.950127,17.80984
136.4011,-22.90516,5.104493,17.73266,0,0,0,-23.09653,4.950127,17.80984
136.4115,-22.90516,5.104493,17.73266,0,0,0,-23.09653,4.950127,17.80984
136.4187,-22.90516,5.104493,17.73266,0,0,0,-23.09653,4.950127,17.80984
136.4268,-22.90484,5.10404,17.73353,0,0,0,-23.09653,4.950127,17.80984
136.435,-22.90484,5.10404,17.73353,0,0,0,-23.09653,4.950127,17.80984
136.4422,-22.90327,5.104136,17.73297,0,0,0,-23.09653,4.950127,17.80984
136.4499,-22.90327,5.104136,17.73297,0,0,0,-23.09653,4.950127,17.80984
136.4572,-22.90327,5.104136,17.73297,0,0,0,-23.09653,4.950127,17.80984
136.4646,-22.90311,5.103909,17.7334,0,0,0,-23.09653,4.950127,17.80984
136.474,-22.90311,5.103909,17.7334,0,0,0,-23.09653,4.950127,17.80984
136.481,-22.90424,5.104265,17.73212,0,0,0,-23.09653,4.950127,17.80984
136.489,-22.90424,5.104265,17.73212,0,0,0,-23.09653,4.950127,17.80984
136.4968,-22.90424,5.104265,17.73212,0,0,0,-23.09653,4.950127,17.80984
136.5037,-22.90408,5.104038,17.73256,0,0,0,-23.09653,4.950127,17.80984
136.5118,-22.90408,5.104038,17.73256,0,0,0,-23.09653,4.950127,17.80984
136.5186,-22.90408,5.104038,17.73256,0,0,0,-23.09653,4.950127,17.80984
136.5257,-22.90376,5.103584,17.73343,0,0,0,-23.09653,4.950127,17.80984
136.5336,-22.90376,5.103584,17.73343,0,0,0,-23.09653,4.950127,17.80984
136.5406,-22.90219,5.103682,17.73287,0,0,0,-23.09653,4.950127,17.80984
136.5495,-22.90219,5.103682,17.73287,0,0,0,-23.09653,4.950127,17.80984
136.5576,-22.90219,5.103682,17.73287,0,0,0,-23.09653,4.950127,17.80984
136.5653,-22.90187,5.103226,17.73374,0,0,0,-23.09653,4.950127,17.80984
136.575,-22.90187,5.103226,17.73374,0,0,0,-23.09653,4.950127,17.80984
136.5823,-22.9003,5.103327,17.73319,0,0,0,-23.09653,4.950127,17.80984
136.5908,-22.9003,5.103327,17.73319,0,0,0,-23.09653,4.950127,17.80984
136.5983,-22.9003,5.103327,17.73319,0,0,0,-23.09653,4.950127,17.80984
136.6096,-22.90054,5.103229,17.73253,0,0,0,-23.09653,4.950127,17.80984
136.6178,-22.90054,5.103229,17.73253,0,0,0,-23.09653,4.950127,17.80984
136.6254,-22.89881,5.103103,17.73241,0,0,0,-23.09653,4.950127,17.80984
136.6373,-22.89881,5.103103,17.73241,0,0,0,-23.09653,4.950127,17.80984
136.6455,-22.89981,5.102643,17.73449,0,0,0,-23.09653,4.950127,17.80984
136.6538,-22.89981,5.102643,17.73449,0,0,0,-23.09653,4.950127,17.80984
136.6665,-22.89864,5.102874,17.73284,0,0,0,-23.09653,4.950127,17.80984
136.6789,-22.89864,5.102874,17.73284,0,0,0,-23.09653,4.950127,17.80984
136.6872,-22.89965,5.102415,17.73492,0,0,0,-23.09653,4.950127,17.80984
136.6968,-22.89965,5.102415,17.73492,0,0,0,-23.09653,4.950127,17.80984
136.7041,-22.89848,5.102646,17.73328,0,0,0,-23.09653,4.950127,17.80984
136.7147,-22.89848,5.102646,17.73328,0,0,0,-23.09653,4.950127,17.80984
136.7235,-22.89832,5.102417,17.73371,0,0,0,-23.09653,4.950127,17.80984
136.732,-22.89832,5.102417,17.73371,0,0,0,-23.09653,4.950127,17.80984
136.7396,-22.89832,5.102417,17.73371,0,0,0,-23.09653,4.950127,17.80984
136.7481,-22.89699,5.102423,17.73249,0,0,0,-23.09653,4.950127,17.80984
136.7563,-22.89699,5.102423,17.73249,0,0,0,-23.09653,4.950127,17.80984
136.7631,-22.8984,5.102089,17.73348,0,0,0,-23.09653,4.950127,17.80984
136.7713,-22.8984,5.102089,17.73348,0,0,0,-23.09653,4.950127,17.80984
136.7789,-22.8984,5.102089,17.73348,0,0,0,-23.09653,4.950127,17.80984
136.7858,-22.89824,5.101859,17.73391,0,0,0,-23.09653,4.950127,17.80984
136.7944,-22.89824,5.101859,17.73391,0,0,0,-23.09653,4.950127,17.80984
136.8013,-22.89808,5.10163,17.73435,0,0,0,-23.09653,4.950127,17.80984
136.8092,-22.89808,5.10163,17.73435,0,0,0,-23.09653,4.950127,17.80984
136.817,-22.89808,5.10163,17.73435,0,0,0,-23.09653,4.950127,17.80984
136.8244,-22.89849,5.101761,17.73325,0,0,0,-23.09653,4.950127,17.80984
136.8323,-22.89849,5.101761,17.73325,0,0,0,-23.09653,4.950127,17.80984
136.8398,-22.89849,5.101761,17.73325,0,0,0,-23.09653,4.950127,17.80984
136.8467,-22.89619,5.101274,17.73466,0,0,0,-23.09653,4.950127,17.80984
136.8543,-22.89619,5.101274,17.73466,0,0,0,-23.09653,4.950127,17.80984
136.8617,-22.8972,5.10081,17.73675,0,0,0,-23.09653,4.950127,17.80984
136.8697,-22.8972,5.10081,17.73675,0,0,0,-23.09653,4.950127,17.80984
136.8767,-22.8972,5.10081,17.73675,0,0,0,-23.09653,4.950127,17.80984
136.8842,-22.89547,5.100684,17.73663,0,0,0,-23.09653,4.950127,17.80984
136.8942,-22.89547,5.100684,17.73663,0,0,0,-23.09653,4.950127,17.80984
136.902,-22.89625,5.100609,17.73932,0,0,0,-23.09653,4.950127,17.80984
136.9097,-22.89625,5.100609,17.73932,0,0,0,-23.09653,4.950127,17.80984
136.918,-22.89625,5.100609,17.73932,0,0,0,-23.09653,4.950127,17.80984
136.9255,-22.89726,5.100151,17.7414,0,0,0,-23.09653,4.950127,17.80984
136.9335,-22.89726,5.100151,17.7414,0,0,0,-23.09653,4.950127,17.80984
136.9404,-22.89513,5.099901,17.74238,0,0,0,-23.09653,4.950127,17.80984
136.9482,-22.89513,5.099901,17.74238,0,0,0,-23.09653,4.950127,17.80984
136.9552,-22.89513,5.099901,17.74238,0,0,0,-23.09653,4.950127,17.80984
136.9623,-22.89456,5.09955,17.74391,0,0,0,-23.09653,4.950127,17.80984
136.97,-22.89456,5.09955,17.74391,0,0,0,-23.09653,4.950127,17.80984
136.9772,-22.89456,5.09955,17.74391,0,0,0,-23.09653,4.950127,17.80984
136.9839,-22.89456,5.09955,17.74391,0,0,0,-23.09653,4.950127,17.80984
136.9914,-22.89456,5.09955,17.74391,0,0,0,-23.09653,4.950127,17.80984
136.9977,-22.89456,5.09955,17.74391,0,0,0,-23.09653,4.950127,17.80984
137.0043,-22.89456,5.09955,17.74391,0,0,0,-23.09653,4.950127,17.80984
137.0122,-22.89456,5.09955,17.74391,0,0,0,-23.09653,4.950127,17.80984
137.0193,-22.89456,5.09955,17.74391,0,0,0,-23.09653,4.950127,17.80984
137.0258,-22.89456,5.09955,17.74391,0,0,0,-23.09653,4.950127,17.80984
137.0336,-22.89456,5.09955,17.74391,0,0,0,-23.09653,4.950127,17.80984
137.0401,-22.89343,5.099201,17.74519,0,0,0,-23.09653,4.950127,17.80984
137.0482,-22.89343,5.099201,17.74519,0,0,0,-23.09653,4.950127,17.80984
137.0549,-22.89343,5.099201,17.74519,0,0,0,-23.09653,4.950127,17.80984
137.0614,-22.89285,5.099201,17.74494,0,0,0,-23.09653,4.950127,17.80984
137.0689,-22.89285,5.099201,17.74494,0,0,0,-23.09653,4.950127,17.80984
137.0756,-22.89285,5.099201,17.74494,0,0,0,-23.09653,4.950127,17.80984
137.0824,-22.89285,5.099201,17.74494,0,0,0,-23.09653,4.950127,17.80984
137.0903,-22.89285,5.099201,17.74494,0,0,0,-23.09653,4.950127,17.80984
137.0975,-22.89285,5.099201,17.74494,0,0,0,-23.09653,4.950127,17.80984
137.1041,-22.89285,5.099201,17.74494,0,0,0,-23.09653,4.950127,17.80984
137.1117,-22.89285,5.099201,17.74494,0,0,0,-23.09653,4.950127,17.80984
137.1183,-22.89285,5.099201,17.74494,0,0,0,-23.09653,4.950127,17.80984
137.1248,-22.89285,5.099201,17.74494,0,0,0,-23.09653,4.950127,17.80984
137.1322,-22.89285,5.099201,17.74494,0,0,0,-23.09653,4.950127,17.80984
137.1387,-22.89285,5.099201,17.74494,0,0,0,-23.09653,4.950127,17.80984
137.1453,-22.89285,5.099201,17.74494,0,0,0,-23.09653,4.950127,17.80984
137.1526,-22.89285,5.099201,17.74494,0,0,0,-23.09653,4.950127,17.80984
137.1594,-22.89285,5.099201,17.74494,0,0,0,-23.09653,4.950127,17.80984
137.166,-22.89128,5.099306,17.74439,0,0,0,-23.09653,4.950127,17.80984
137.1756,-22.89128,5.099306,17.74439,0,0,0,-23.09653,4.950127,17.80984
137.1826,-22.89228,5.099202,17.74469,0,0,0,-23.09653,4.950127,17.80984
137.1912,-22.89228,5.099202,17.74469,0,0,0,-23.09653,4.950127,17.80984
137.1977,-22.89228,5.099202,17.74469,0,0,0,-23.09653,4.950127,17.80984
137.2044,-22.89341,5.099901,17.74163,0,0,0,-23.09653,4.950127,17.80984
137.2126,-22.89341,5.099901,17.74163,0,0,0,-23.09653,4.950127,17.80984
137.2202,-22.89397,5.100254,17.7401,0,0,0,-23.09653,4.950127,17.80984
137.2279,-22.89397,5.100254,17.7401,0,0,0,-23.09653,4.950127,17.80984
137.2345,-22.89397,5.100254,17.7401,0,0,0,-23.09653,4.950127,17.80984
137.2413,-22.89437,5.100378,17.739,0,0,0,-23.09653,4.950127,17.80984
137.2487,-22.89437,5.100378,17.739,0,0,0,-23.09653,4.950127,17.80984
137.2556,-22.89437,5.100378,17.739,0,0,0,-23.09653,4.950127,17.80984
137.2623,-22.89494,5.100735,17.73747,0,0,0,-23.09653,4.950127,17.80984
137.27,-22.89494,5.100735,17.73747,0,0,0,-23.09653,4.950127,17.80984
137.2772,-22.89494,5.100735,17.73747,0,0,0,-23.09653,4.950127,17.80984
137.2838,-22.89394,5.101199,17.73539,0,0,0,-23.09653,4.950127,17.80984
137.2919,-22.89394,5.101199,17.73539,0,0,0,-23.09653,4.950127,17.80984
137.2983,-22.89394,5.101199,17.73539,0,0,0,-23.09653,4.950127,17.80984
137.3052,-22.89394,5.101199,17.73539,0,0,0,-23.09653,4.950127,17.80984
137.3142,-22.89394,5.101199,17.73539,0,0,0,-23.09653,4.950127,17.80984
137.3212,-22.89378,5.100968,17.73582,0,0,0,-23.09653,4.950127,17.80984
137.3293,-22.89378,5.100968,17.73582,0,0,0,-23.09653,4.950127,17.80984
137.3394,-22.89378,5.100968,17.73582,0,0,0,-23.09653,4.950127,17.80984
137.3482,-22.89434,5.101329,17.73429,0,0,0,-23.09653,4.950127,17.80984
137.3577,-22.89434,5.101329,17.73429,0,0,0,-23.09653,4.950127,17.80984
137.3649,-22.89434,5.101329,17.73429,0,0,0,-23.09653,4.950127,17.80984
137.3752,-22.89434,5.101329,17.73429,0,0,0,-23.09653,4.950127,17.80984
137.3819,-22.8949,5.101691,17.73276,0,0,0,-23.09653,4.950127,17.80984
137.3899,-22.8949,5.101691,17.73276,0,0,0,-23.09653,4.950127,17.80984
137.3969,-22.8949,5.101691,17.73276,0,0,0,-23.09653,4.950127,17.80984
137.4053,-22.8949,5.101691,17.73276,0,0,0,-23.09653,4.950127,17.80984
137.4136,-22.8949,5.101691,17.73276,0,0,0,-23.09653,4.950127,17.80984
137.4205,-22.8949,5.101691,17.73276,0,0,0,-23.09653,4.950127,17.80984
137.4292,-22.8949,5.101691,17.73276,0,0,0,-23.09653,4.950127,17.80984
137.4362,-22.8949,5.101691,17.73276,0,0,0,-23.09653,4.950127,17.80984
137.4437,-22.89547,5.102057,17.73124,0,0,0,-23.09653,4.950127,17.80984
137.452,-22.89547,5.102057,17.73124,0,0,0,-23.09653,4.950127,17.80984
137.4606,-22.89547,5.102056,17.73123,0,0,0,-23.09653,4.950127,17.80984
137.4685,-22.89547,5.102056,17.73123,0,0,0,-23.09653,4.950127,17.80984
137.476,-22.89547,5.102056,17.73123,0,0,0,-23.09653,4.950127,17.80984
137.4833,-22.89547,5.102056,17.73123,0,0,0,-23.09653,4.950127,17.80984
137.4909,-22.89547,5.102056,17.73123,0,0,0,-23.09653,4.950127,17.80984
137.4976,-22.89547,5.102056,17.73123,0,0,0,-23.09653,4.950127,17.80984
137.5042,-22.89547,5.102056,17.73123,0,0,0,-23.09653,4.950127,17.80984
137.5121,-22.89547,5.102056,17.73123,0,0,0,-23.09653,4.950127,17.80984
137.5191,-22.89547,5.102056,17.73123,0,0,0,-23.09653,4.950127,17.80984
137.5258,-22.89603,5.102424,17.72971,0,0,0,-23.09653,4.950127,17.80984
137.5334,-22.89603,5.102424,17.72971,0,0,0,-23.09653,4.950127,17.80984
137.5403,-22.89446,5.102531,17.72915,0,0,0,-23.09653,4.950127,17.80984
137.5479,-22.89446,5.102531,17.72915,0,0,0,-23.09653,4.950127,17.80984
137.555,-22.89446,5.102531,17.72915,0,0,0,-23.09653,4.950127,17.80984
137.5619,-22.8943,5.1023,17.72959,0,0,0,-23.09653,4.950127,17.80984
137.5704,-22.8943,5.1023,17.72959,0,0,0,-23.09653,4.950127,17.80984
137.5772,-22.8943,5.1023,17.72959,0,0,0,-23.09653,4.950127,17.80984
137.584,-22.8943,5.1023,17.72959,0,0,0,-23.09653,4.950127,17.80984
137.592,-22.8943,5.1023,17.72959,0,0,0,-23.09653,4.950127,17.80984
137.5986,-22.8943,5.1023,17.72959,0,0,0,-23.09653,4.950127,17.80984
137.6063,-22.89571,5.101963,17.73057,0,0,0,-23.09653,4.950127,17.80984
137.6139,-22.89571,5.101963,17.73057,0,0,0,-23.09653,4.950127,17.80984
137.6206,-22.89571,5.101963,17.73057,0,0,0,-23.09653,4.950127,17.80984
137.6282,-22.89571,5.101963,17.73057,0,0,0,-23.09653,4.950127,17.80984
137.6352,-22.89571,5.101963,17.73057,0,0,0,-23.09653,4.950127,17.80984
137.6432,-22.89382,5.101606,17.73088,0,0,0,-23.09653,4.950127,17.80984
137.6527,-22.89382,5.101606,17.73088,0,0,0,-23.09653,4.950127,17.80984
137.66,-22.89523,5.1009,17.73365,0,0,0,-23.09653,4.950127,17.80984
137.6679,-22.89523,5.1009,17.73365,0,0,0,-23.09653,4.950127,17.80984
137.6766,-22.89523,5.1009,17.73365,0,0,0,-23.09653,4.950127,17.80984
137.6835,-22.89222,5.099814,17.73702,0,0,0,-23.09653,4.950127,17.80984
137.6922,-22.89222,5.099814,17.73702,0,0,0,-23.09653,4.950127,17.80984
137.6993,-22.89222,5.099814,17.73702,0,0,0,-23.09653,4.950127,17.80984
137.7071,-22.89267,5.098631,17.74241,0,0,0,-23.09653,4.950127,17.80984
137.7156,-22.89267,5.098631,17.74241,0,0,0,-23.09653,4.950127,17.80984
137.7234,-22.89194,5.098044,17.74437,0,0,0,-23.09653,4.950127,17.80984
137.7317,-22.89194,5.098044,17.74437,0,0,0,-23.09653,4.950127,17.80984
137.7395,-22.89194,5.098044,17.74437,0,0,0,-23.09653,4.950127,17.80984
137.7466,-22.89066,5.097108,17.74787,0,0,0,-23.09653,4.950127,17.80984
137.7563,-22.89066,5.097108,17.74787,0,0,0,-23.09653,4.950127,17.80984
137.7646,-22.89011,5.096413,17.75118,0,0,0,-23.09653,4.950127,17.80984
137.7741,-22.89011,5.096413,17.75118,0,0,0,-23.09653,4.950127,17.80984
137.7816,-22.89011,5.096413,17.75118,0,0,0,-23.09653,4.950127,17.80984
137.7896,-22.89011,5.096413,17.75118,0,0,0,-23.09653,4.950127,17.80984
137.7986,-22.89011,5.096413,17.75118,0,0,0,-23.09653,4.950127,17.80984
137.8061,-22.88955,5.096069,17.75272,0,0,0,-23.09653,4.950127,17.80984
137.816,-22.88955,5.096069,17.75272,0,0,0,-23.09653,4.950127,17.80984
137.8235,-22.88826,5.095153,17.75622,0,0,0,-23.09653,4.950127,17.80984
137.8327,-22.88826,5.095153,17.75622,0,0,0,-23.09653,4.950127,17.80984
137.8412,-22.88882,5.095494,17.75468,0,0,0,-23.09653,4.950127,17.80984
137.852,-22.88882,5.095494,17.75468,0,0,0,-23.09653,4.950127,17.80984
137.8629,-22.88882,5.095494,17.75468,0,0,0,-23.09653,4.950127,17.80984
137.8744,-22.88882,5.095494,17.75468,0,0,0,-23.09653,4.950127,17.80984
137.8847,-22.88866,5.095262,17.75511,0,0,0,-23.09653,4.950127,17.80984
137.8961,-22.88866,5.095262,17.75511,0,0,0,-23.09653,4.950127,17.80984
137.9056,-22.8881,5.094921,17.75665,0,0,0,-23.09653,4.950127,17.80984
137.915,-22.8881,5.094921,17.75665,0,0,0,-23.09653,4.950127,17.80984
137.9249,-22.88794,5.094688,17.75708,0,0,0,-23.09653,4.950127,17.80984
137.9341,-22.88794,5.094688,17.75708,0,0,0,-23.09653,4.950127,17.80984
137.9431,-22.88794,5.094688,17.75708,0,0,0,-23.09653,4.950127,17.80984
137.9519,-22.88794,5.094688,17.75708,0,0,0,-23.09653,4.950127,17.80984
137.9659,-22.88852,5.094688,17.75733,0,0,0,-23.09653,4.950127,17.80984
137.9771,-22.88852,5.094688,17.75733,0,0,0,-23.09653,4.950127,17.80984
137.9854,-22.88852,5.094688,17.75733,0,0,0,-23.09653,4.950127,17.80984
137.9954,-22.88852,5.094688,17.75733,0,0,0,-23.09653,4.950127,17.80984
138.0039,-22.8891,5.094688,17.75758,0,0,0,-23.09653,4.950127,17.80984
138.0163,-22.8891,5.094688,17.75758,0,0,0,-23.09653,4.950127,17.80984
138.0239,-22.8891,5.094688,17.75758,0,0,0,-23.09653,4.950127,17.80984
138.0329,-22.8891,5.094688,17.75758,0,0,0,-23.09653,4.950127,17.80984
138.0405,-22.8891,5.094688,17.75758,0,0,0,-23.09653,4.950127,17.80984
138.0503,-22.8891,5.094688,17.75758,0,0,0,-23.09653,4.950127,17.80984
138.0588,-22.8891,5.094688,17.75758,0,0,0,-23.09653,4.950127,17.80984
138.0666,-22.88854,5.09435,17.75912,0,0,0,-23.09653,4.950127,17.80984
138.0754,-22.88854,5.09435,17.75912,0,0,0,-23.09653,4.950127,17.80984
138.083,-22.88697,5.094457,17.75857,0,0,0,-23.09653,4.950127,17.80984
138.0919,-22.88697,5.094457,17.75857,0,0,0,-23.09653,4.950127,17.80984
138.0991,-22.88697,5.094457,17.75857,0,0,0,-23.09653,4.950127,17.80984
138.107,-22.88854,5.09435,17.75912,0,0,0,-23.09653,4.950127,17.80984
138.1154,-22.88854,5.09435,17.75912,0,0,0,-23.09653,4.950127,17.80984
138.123,-22.88697,5.094457,17.75857,0,0,0,-23.09653,4.950127,17.80984
138.1318,-22.88697,5.094457,17.75857,0,0,0,-23.09653,4.950127,17.80984
138.1399,-22.88697,5.094457,17.75857,0,0,0,-23.09653,4.950127,17.80984
138.1474,-22.88741,5.093679,17.76219,0,0,0,-23.09653,4.950127,17.80984
138.1583,-22.88741,5.093679,17.76219,0,0,0,-23.09653,4.950127,17.80984
138.1685,-22.88584,5.093786,17.76164,0,0,0,-23.09653,4.950127,17.80984
138.1817,-22.88799,5.093679,17.76244,0,0,0,-23.09653,4.950127,17.80984
138.1907,-22.88799,5.093679,17.76244,0,0,0,-23.09653,4.950127,17.80984
138.1991,-22.88799,5.093679,17.76244,0,0,0,-23.09653,4.950127,17.80984
138.2076,-22.88799,5.093678,17.76244,0,0,0,-23.09653,4.950127,17.80984
138.2165,-22.88799,5.093678,17.76244,0,0,0,-23.09653,4.950127,17.80984
138.2246,-22.88799,5.093678,17.76244,0,0,0,-23.09653,4.950127,17.80984
138.2329,-22.88799,5.093678,17.76244,0,0,0,-23.09653,4.950127,17.80984
138.242,-22.88799,5.093678,17.76244,0,0,0,-23.09653,4.950127,17.80984
138.2529,-22.88799,5.093678,17.76244,0,0,0,-23.09653,4.950127,17.80984
138.2629,-22.88799,5.093678,17.76244,0,0,0,-23.09653,4.950127,17.80984
138.273,-22.88799,5.093678,17.76244,0,0,0,-23.09653,4.950127,17.80984
138.282,-22.88799,5.093678,17.76244,0,0,0,-23.09653,4.950127,17.80984
138.2954,-22.88799,5.093678,17.76244,0,0,0,-23.09653,4.950127,17.80984
138.307,-22.88586,5.093454,17.76343,0,0,0,-23.09653,4.950127,17.80984
138.3164,-22.88586,5.093454,17.76343,0,0,0,-23.09653,4.950127,17.80984
138.3261,-22.88799,5.093679,17.76244,0,0,0,-23.09653,4.950127,17.80984
138.3351,-22.88799,5.093679,17.76244,0,0,0,-23.09653,4.950127,17.80984
138.3425,-22.88858,5.093678,17.76269,0,0,0,-23.09653,4.950127,17.80984
138.3505,-22.88858,5.093678,17.76269,0,0,0,-23.09653,4.950127,17.80984
138.3579,-22.88858,5.093678,17.76269,0,0,0,-23.09653,4.950127,17.80984
138.3649,-22.88858,5.093678,17.76269,0,0,0,-23.09653,4.950127,17.80984
138.3731,-22.88858,5.093678,17.76269,0,0,0,-23.09653,4.950127,17.80984
138.3803,-22.88858,5.093678,17.76269,0,0,0,-23.09653,4.950127,17.80984
138.3886,-22.88858,5.093678,17.76269,0,0,0,-23.09653,4.950127,17.80984
138.3958,-22.88858,5.093678,17.76269,0,0,0,-23.09653,4.950127,17.80984
138.4032,-22.88858,5.093678,17.76269,0,0,0,-23.09653,4.950127,17.80984
138.4114,-22.88858,5.093678,17.76269,0,0,0,-23.09653,4.950127,17.80984
138.4184,-22.88858,5.093678,17.76269,0,0,0,-23.09653,4.950127,17.80984
138.426,-22.887,5.093786,17.76215,0,0,0,-23.09653,4.950127,17.80984
138.4344,-22.887,5.093786,17.76215,0,0,0,-23.09653,4.950127,17.80984
138.4417,-22.88858,5.093679,17.76269,0,0,0,-23.09653,4.950127,17.80984
138.4502,-22.88858,5.093679,17.76269,0,0,0,-23.09653,4.950127,17.80984
138.4597,-22.88858,5.093679,17.76269,0,0,0,-23.09653,4.950127,17.80984
138.4677,-22.88858,5.093678,17.76269,0,0,0,-23.09653,4.950127,17.80984
138.4777,-22.88858,5.093678,17.76269,0,0,0,-23.09653,4.950127,17.80984
138.4859,-22.88858,5.093678,17.76269,0,0,0,-23.09653,4.950127,17.80984
138.4943,-22.88858,5.093678,17.76269,0,0,0,-23.09653,4.950127,17.80984
138.5016,-22.88858,5.093678,17.76269,0,0,0,-23.09653,4.950127,17.80984
138.5103,-22.88858,5.093678,17.76269,0,0,0,-23.09653,4.950127,17.80984
138.5178,-22.88858,5.093678,17.76269,0,0,0,-23.09653,4.950127,17.80984
138.5256,-22.88858,5.093678,17.76269,0,0,0,-23.09653,4.950127,17.80984
138.5353,-22.88858,5.093678,17.76269,0,0,0,-23.09653,4.950127,17.80984
138.5446,-22.88858,5.093678,17.76269,0,0,0,-23.09653,4.950127,17.80984
138.5538,-22.88858,5.093678,17.76269,0,0,0,-23.09653,4.950127,17.80984
138.564,-22.88802,5.093348,17.76423,0,0,0,-23.09653,4.950127,17.80984
138.573,-22.88802,5.093348,17.76423,0,0,0,-23.09653,4.950127,17.80984
138.5804,-22.88802,5.093348,17.76423,0,0,0,-23.09653,4.950127,17.80984
138.5892,-22.88802,5.093348,17.76423,0,0,0,-23.09653,4.950127,17.80984
138.5964,-22.88802,5.093348,17.76423,0,0,0,-23.09653,4.950127,17.80984
138.6049,-22.88802,5.093348,17.76423,0,0,0,-23.09653,4.950127,17.80984
138.6132,-22.88802,5.093348,17.76423,0,0,0,-23.09653,4.950127,17.80984
138.6206,-22.88802,5.093348,17.76423,0,0,0,-23.09653,4.950127,17.80984
138.6292,-22.88802,5.093348,17.76423,0,0,0,-23.09653,4.950127,17.80984
138.6381,-22.88802,5.093348,17.76423,0,0,0,-23.09653,4.950127,17.80984
138.6458,-22.88743,5.093348,17.76398,0,0,0,-23.09653,4.950127,17.80984
138.6545,-22.88743,5.093348,17.76398,0,0,0,-23.09653,4.950127,17.80984
138.6622,-22.88685,5.093348,17.76373,0,0,0,-23.09653,4.950127,17.80984
138.6707,-22.88685,5.093348,17.76373,0,0,0,-23.09653,4.950127,17.80984
138.678,-22.88685,5.093348,17.76373,0,0,0,-23.09653,4.950127,17.80984
138.6866,-22.88627,5.093348,17.76348,0,0,0,-23.09653,4.950127,17.80984
138.6952,-22.88627,5.093348,17.76348,0,0,0,-23.09653,4.950127,17.80984
138.7025,-22.88569,5.093349,17.76322,0,0,0,-23.09653,4.950127,17.80984
138.7122,-22.88569,5.093349,17.76322,0,0,0,-23.09653,4.950127,17.80984
138.7193,-22.88569,5.093349,17.76322,0,0,0,-23.09653,4.950127,17.80984
138.7268,-22.88511,5.093348,17.76297,0,0,0,-23.09653,4.950127,17.80984
138.7349,-22.88511,5.093348,17.76297,0,0,0,-23.09653,4.950127,17.80984
138.7424,-22.88511,5.093348,17.76297,0,0,0,-23.09653,4.950127,17.80984
138.7505,-22.88511,5.093348,17.76297,0,0,0,-23.09653,4.950127,17.80984
138.7581,-22.88511,5.093348,17.76297,0,0,0,-23.09653,4.950127,17.80984
138.7657,-22.88511,5.093348,17.76297,0,0,0,-23.09653,4.950127,17.80984
138.7747,-22.88511,5.093348,17.76297,0,0,0,-23.09653,4.950127,17.80984
138.7822,-22.88454,5.093018,17.76451,0,0,0,-23.09653,4.950127,17.80984
138.7906,-22.88454,5.093018,17.76451,0,0,0,-23.09653,4.950127,17.80984
138.8002,-22.88513,5.093018,17.76476,0,0,0,-23.09653,4.950127,17.80984
138.8084,-22.88513,5.093018,17.76476,0,0,0,-23.09653,4.950127,17.80984
138.8154,-22.88513,5.093018,17.76476,0,0,0,-23.09653,4.950127,17.80984
138.8226,-22.88629,5.093018,17.76526,0,0,0,-23.09653,4.950127,17.80984
138.831,-22.88629,5.093018,17.76526,0,0,0,-23.09653,4.950127,17.80984
138.8394,-22.88629,5.093018,17.76526,0,0,0,-23.09653,4.950127,17.80984
138.8478,-22.88689,5.092689,17.76731,0,0,0,-23.09653,4.950127,17.80984
138.861,-22.88689,5.092689,17.76731,0,0,0,-23.09653,4.950127,17.80984
138.8755,-22.88689,5.092689,17.76731,0,0,0,-23.09653,4.950127,17.80984
138.8883,-22.88748,5.092689,17.76756,0,0,0,-23.09653,4.950127,17.80984
138.901,-22.88862,5.093018,17.76627,0,0,0,-23.09653,4.950127,17.80984
138.912,-22.88862,5.093018,17.76627,0,0,0,-23.09653,4.950127,17.80984
138.9214,-22.8892,5.093018,17.76652,0,0,0,-23.09653,4.950127,17.80984
138.9336,-22.8892,5.093018,17.76652,0,0,0,-23.09653,4.950127,17.80984
138.9431,-22.89077,5.092913,17.76707,0,0,0,-23.09653,4.950127,17.80984
138.9525,-22.89077,5.092913,17.76707,0,0,0,-23.09653,4.950127,17.80984
138.9617,-22.89136,5.092914,17.76732,0,0,0,-23.09653,4.950127,17.80984
138.9745,-22.89136,5.092914,17.76732,0,0,0,-23.09653,4.950127,17.80984
138.9871,-22.89191,5.093244,17.76578,0,0,0,-23.09653,4.950127,17.80984
138.9979,-22.89191,5.093244,17.76578,0,0,0,-23.09653,4.950127,17.80984
139.0064,-22.8925,5.093244,17.76603,0,0,0,-23.09653,4.950127,17.80984
139.0163,-22.8925,5.093244,17.76603,0,0,0,-23.09653,4.950127,17.80984
139.0248,-22.89536,5.093706,17.76486,0,0,0,-23.09653,4.950127,17.80984
139.0347,-22.89536,5.093706,17.76486,0,0,0,-23.09653,4.950127,17.80984
139.0446,-22.89573,5.0941,17.76571,0,0,0,-23.09653,4.950127,17.80984
139.0562,-22.89573,5.0941,17.76571,0,0,0,-23.09653,4.950127,17.80984
139.0657,-22.8996,5.094333,17.76546,0,0,0,-23.09653,4.950127,17.80984
139.0769,-22.8996,5.094333,17.76546,0,0,0,-23.09653,4.950127,17.80984
139.0856,-22.90247,5.094803,17.76428,0,0,0,-23.09653,4.950127,17.80984
139.096,-22.90247,5.094803,17.76428,0,0,0,-23.09653,4.950127,17.80984
139.1062,-22.90675,5.094951,17.76408,0,0,0,-23.09653,4.950127,17.80984
139.1188,-22.90675,5.094951,17.76408,0,0,0,-23.09653,4.950127,17.80984
139.1288,-22.90733,5.094951,17.76432,0,0,0,-23.09653,4.950127,17.80984
139.1402,-22.90948,5.094858,17.76511,0,0,0,-23.09653,4.950127,17.80984
139.1518,-22.90948,5.094858,17.76511,0,0,0,-23.09653,4.950127,17.80984
139.1627,-22.90948,5.094858,17.76511,0,0,0,-23.09653,4.950127,17.80984
139.1751,-22.90948,5.094858,17.76511,0,0,0,-23.09653,4.950127,17.80984
139.1871,-22.9112,5.095198,17.76406,0,0,0,-23.09653,4.950127,17.80984
139.1983,-22.9112,5.095198,17.76406,0,0,0,-23.09653,4.950127,17.80984
139.2077,-22.91493,5.09502,17.76538,0,0,0,-23.09653,4.950127,17.80984
139.2176,-22.91493,5.09502,17.76538,0,0,0,-23.09653,4.950127,17.80984
139.2263,-22.91493,5.09502,17.76538,0,0,0,-23.09653,4.950127,17.80984
139.2358,-22.91493,5.09502,17.76538,0,0,0,-23.09653,4.950127,17.80984
139.244,-22.91475,5.095073,17.76777,0,0,0,-23.09653,4.950127,17.80984
139.2556,-22.91475,5.095073,17.76777,0,0,0,-23.09653,4.950127,17.80984
139.2636,-22.91687,5.095325,17.76678,0,0,0,-23.09653,4.950127,17.80984
139.2727,-22.91687,5.095325,17.76678,0,0,0,-23.09653,4.950127,17.80984
139.2802,-22.91632,5.094986,17.76832,0,0,0,-23.09653,4.950127,17.80984
139.2894,-22.91632,5.094986,17.76832,0,0,0,-23.09653,4.950127,17.80984
139.2976,-22.91632,5.094986,17.76832,0,0,0,-23.09653,4.950127,17.80984
139.3055,-22.91734,5.094566,17.7704,0,0,0,-23.09653,4.950127,17.80984
139.3194,-22.91734,5.094566,17.7704,0,0,0,-23.09653,4.950127,17.80984
139.328,-22.91947,5.09482,17.76941,0,0,0,-23.09653,4.950127,17.80984
139.339,-22.91947,5.09482,17.76941,0,0,0,-23.09653,4.950127,17.80984
139.3469,-22.91947,5.09482,17.76941,0,0,0,-23.09653,4.950127,17.80984
139.3575,-22.91947,5.09482,17.76941,0,0,0,-23.09653,4.950127,17.80984
139.3655,-22.91947,5.09482,17.76941,0,0,0,-23.09653,4.950127,17.80984
139.3754,-22.91947,5.09482,17.76941,0,0,0,-23.09653,4.950127,17.80984
139.3829,-22.91947,5.09482,17.76941,0,0,0,-23.09653,4.950127,17.80984
139.3925,-22.91947,5.09482,17.76941,0,0,0,-23.09653,4.950127,17.80984
139.4022,-22.92159,5.095079,17.76841,0,0,0,-23.09653,4.950127,17.80984
139.4151,-22.92159,5.095079,17.76841,0,0,0,-23.09653,4.950127,17.80984
139.4238,-22.92159,5.095079,17.76841,0,0,0,-23.09653,4.950127,17.80984
139.4327,-22.92159,5.095079,17.76841,0,0,0,-23.09653,4.950127,17.80984
139.4405,-22.92159,5.095079,17.76841,0,0,0,-23.09653,4.950127,17.80984
139.4533,-22.92159,5.095079,17.76841,0,0,0,-23.09653,4.950127,17.80984
139.4636,-22.92159,5.095079,17.76841,0,0,0,-23.09653,4.950127,17.80984
139.4721,-22.92159,5.095079,17.76841,0,0,0,-23.09653,4.950127,17.80984
139.4796,-22.92159,5.095079,17.76841,0,0,0,-23.09653,4.950127,17.80984
139.4881,-22.92214,5.095421,17.76687,0,0,0,-23.09653,4.950127,17.80984
139.4968,-22.92214,5.095421,17.76687,0,0,0,-23.09653,4.950127,17.80984
139.5046,-22.92214,5.095421,17.76687,0,0,0,-23.09653,4.950127,17.80984
139.5153,-22.92214,5.095421,17.76687,0,0,0,-23.09653,4.950127,17.80984
139.5226,-22.92214,5.095421,17.76687,0,0,0,-23.09653,4.950127,17.80984
139.5315,-22.92214,5.095421,17.76687,0,0,0,-23.09653,4.950127,17.80984
139.5415,-22.92214,5.095421,17.76687,0,0,0,-23.09653,4.950127,17.80984
139.5502,-22.92214,5.095421,17.76687,0,0,0,-23.09653,4.950127,17.80984
139.5573,-22.92214,5.095421,17.76687,0,0,0,-23.09653,4.950127,17.80984
139.5644,-22.92214,5.095421,17.76687,0,0,0,-23.09653,4.950127,17.80984
139.5731,-22.92214,5.095421,17.76687,0,0,0,-23.09653,4.950127,17.80984
139.5812,-22.92214,5.095422,17.76687,0,0,0,-23.09653,4.950127,17.80984
139.5898,-22.92214,5.095422,17.76687,0,0,0,-23.09653,4.950127,17.80984
139.597,-22.92214,5.095422,17.76687,0,0,0,-23.09653,4.950127,17.80984
139.6045,-22.92214,5.095421,17.76687,0,0,0,-23.09653,4.950127,17.80984
139.6129,-22.92214,5.095421,17.76687,0,0,0,-23.09653,4.950127,17.80984
139.6204,-22.92214,5.095421,17.76687,0,0,0,-23.09653,4.950127,17.80984
139.6289,-22.92214,5.095421,17.76687,0,0,0,-23.09653,4.950127,17.80984
139.6365,-22.92214,5.095421,17.76687,0,0,0,-23.09653,4.950127,17.80984
139.6444,-22.92214,5.095421,17.76687,0,0,0,-23.09653,4.950127,17.80984
139.6529,-22.92214,5.095421,17.76687,0,0,0,-23.09653,4.950127,17.80984
139.6638,-22.92372,5.095343,17.76742,0,0,0,-23.09653,4.950127,17.80984
139.6731,-22.92372,5.095343,17.76742,0,0,0,-23.09653,4.950127,17.80984
139.6853,-22.92214,5.095421,17.76687,0,0,0,-23.09653,4.950127,17.80984
139.6944,-22.92214,5.095421,17.76687,0,0,0,-23.09653,4.950127,17.80984
139.7018,-22.92214,5.095421,17.76687,0,0,0,-23.09653,4.950127,17.80984
139.7122,-22.92214,5.095421,17.76687,0,0,0,-23.09653,4.950127,17.80984
139.7199,-22.92214,5.095421,17.76687,0,0,0,-23.09653,4.950127,17.80984
139.7274,-22.92214,5.095421,17.76687,0,0,0,-23.09653,4.950127,17.80984
139.7382,-22.92214,5.095421,17.76687,0,0,0,-23.09653,4.950127,17.80984
139.7466,-22.92214,5.095421,17.76687,0,0,0,-23.09653,4.950127,17.80984
139.7562,-22.92214,5.095421,17.76687,0,0,0,-23.09653,4.950127,17.80984
139.7642,-22.92214,5.095421,17.76687,0,0,0,-23.09653,4.950127,17.80984
139.774,-22.92214,5.095421,17.76687,0,0,0,-23.09653,4.950127,17.80984
139.7831,-22.92372,5.095343,17.76742,0,0,0,-23.09653,4.950127,17.80984
139.7963,-22.92372,5.095343,17.76742,0,0,0,-23.09653,4.950127,17.80984
139.8042,-22.92269,5.095764,17.76534,0,0,0,-23.09653,4.950127,17.80984
139.813,-22.92269,5.095764,17.76534,0,0,0,-23.09653,4.950127,17.80984
139.822,-22.92426,5.095686,17.76588,0,0,0,-23.09653,4.950127,17.80984
139.8311,-22.92426,5.095686,17.76588,0,0,0,-23.09653,4.950127,17.80984
139.8388,-22.92426,5.095686,17.76588,0,0,0,-23.09653,4.950127,17.80984
139.8476,-22.92584,5.095612,17.76643,0,0,0,-23.09653,4.950127,17.80984
139.8578,-22.92584,5.095612,17.76643,0,0,0,-23.09653,4.950127,17.80984
139.8651,-22.92686,5.095194,17.76851,0,0,0,-23.09653,4.950127,17.80984
139.8734,-22.92686,5.095194,17.76851,0,0,0,-23.09653,4.950127,17.80984
139.8807,-22.92789,5.094782,17.7706,0,0,0,-23.09653,4.950127,17.80984
139.8892,-22.92789,5.094782,17.7706,0,0,0,-23.09653,4.950127,17.80984
139.8975,-22.92789,5.094782,17.7706,0,0,0,-23.09653,4.950127,17.80984
139.9053,-22.92891,5.094374,17.77268,0,0,0,-23.09653,4.950127,17.80984
139.9134,-22.92891,5.094374,17.77268,0,0,0,-23.09653,4.950127,17.80984
139.9208,-22.93052,5.093969,17.77501,0,0,0,-23.09653,4.950127,17.80984
139.9298,-22.93052,5.093969,17.77501,0,0,0,-23.09653,4.950127,17.80984
139.938,-22.93052,5.093969,17.77501,0,0,0,-23.09653,4.950127,17.80984
139.9474,-22.93272,5.09357,17.77756,0,0,0,-23.09653,4.950127,17.80984
139.9566,-22.93272,5.09357,17.77756,0,0,0,-23.09653,4.950127,17.80984
139.9644,-22.93276,5.093237,17.77934,0,0,0,-23.09653,4.950127,17.80984
139.9734,-22.93276,5.093237,17.77934,0,0,0,-23.09653,4.950127,17.80984
139.9803,-22.93492,5.093173,17.78011,0,0,0,-23.09653,4.950127,17.80984
139.9887,-22.93492,5.093173,17.78011,0,0,0,-23.09653,4.950127,17.80984
139.9962,-22.93492,5.093173,17.78011,0,0,0,-23.09653,4.950127,17.80984
140.004,-22.93496,5.092844,17.78189,0,0,0,-23.09653,4.950127,17.80984
140.0134,-22.93496,5.092844,17.78189,0,0,0,-23.09653,4.950127,17.80984
140.0229,-22.93653,5.092783,17.78243,0,0,0,-23.09653,4.950127,17.80984
140.0312,-22.93653,5.092783,17.78243,0,0,0,-23.09653,4.950127,17.80984
140.0386,-22.93653,5.092783,17.78243,0,0,0,-23.09653,4.950127,17.80984
140.0466,-22.93609,5.093174,17.78058,0,0,0,-23.09653,4.950127,17.80984
140.057,-22.93609,5.093174,17.78058,0,0,0,-23.09653,4.950127,17.80984
140.0681,-22.93712,5.092783,17.78266,0,0,0,-23.09653,4.950127,17.80984
140.0772,-22.93712,5.092783,17.78266,0,0,0,-23.09653,4.950127,17.80984
140.0846,-22.93609,5.093174,17.78058,0,0,0,-23.09653,4.950127,17.80984
140.0956,-22.93609,5.093174,17.78058,0,0,0,-23.09653,4.950127,17.80984
140.1038,-22.93712,5.092783,17.78266,0,0,0,-23.09653,4.950127,17.80984
140.1136,-22.93712,5.092783,17.78266,0,0,0,-23.09653,4.950127,17.80984
140.122,-22.93924,5.093053,17.78167,0,0,0,-23.09653,4.950127,17.80984
140.1305,-22.93924,5.093053,17.78167,0,0,0,-23.09653,4.950127,17.80984
140.1384,-22.93924,5.093053,17.78167,0,0,0,-23.09653,4.950127,17.80984
140.1471,-22.93924,5.093052,17.78167,0,0,0,-23.09653,4.950127,17.80984
140.156,-22.93924,5.093052,17.78167,0,0,0,-23.09653,4.950127,17.80984
140.1647,-22.93924,5.093052,17.78167,0,0,0,-23.09653,4.950127,17.80984
140.175,-22.93924,5.093052,17.78167,0,0,0,-23.09653,4.950127,17.80984
140.1834,-22.93924,5.093052,17.78167,0,0,0,-23.09653,4.950127,17.80984
140.1928,-22.93924,5.093052,17.78167,0,0,0,-23.09653,4.950127,17.80984
140.2048,-22.93979,5.093385,17.78012,0,0,0,-23.09653,4.950127,17.80984
140.2133,-22.93979,5.093385,17.78012,0,0,0,-23.09653,4.950127,17.80984
140.2227,-22.93979,5.093385,17.78012,0,0,0,-23.09653,4.950127,17.80984
140.2308,-22.93979,5.093385,17.78012,0,0,0,-23.09653,4.950127,17.80984
140.2383,-22.93979,5.093385,17.78012,0,0,0,-23.09653,4.950127,17.80984
140.2453,-22.93979,5.093385,17.78012,0,0,0,-23.09653,4.950127,17.80984
140.2537,-22.93979,5.093385,17.78012,0,0,0,-23.09653,4.950127,17.80984
140.2608,-22.93979,5.093385,17.78012,0,0,0,-23.09653,4.950127,17.80984
140.2692,-22.93979,5.093385,17.78012,0,0,0,-23.09653,4.950127,17.80984
140.2774,-22.93979,5.093385,17.78012,0,0,0,-23.09653,4.950127,17.80984
140.2869,-22.93979,5.093385,17.78012,0,0,0,-23.09653,4.950127,17.80984
140.2955,-22.93979,5.093385,17.78012,0,0,0,-23.09653,4.950127,17.80984
140.3034,-22.93979,5.093385,17.78012,0,0,0,-23.09653,4.950127,17.80984
140.3138,-22.93979,5.093385,17.78012,0,0,0,-23.09653,4.950127,17.80984
140.3222,-22.94034,5.093721,17.77858,0,0,0,-23.09653,4.950127,17.80984
140.3309,-22.94034,5.093721,17.77858,0,0,0,-23.09653,4.950127,17.80984
140.3401,-22.94034,5.093721,17.77858,0,0,0,-23.09653,4.950127,17.80984
140.3484,-22.94034,5.093721,17.77858,0,0,0,-23.09653,4.950127,17.80984
140.3555,-22.94034,5.093721,17.77858,0,0,0,-23.09653,4.950127,17.80984
140.3626,-22.93975,5.093722,17.77835,0,0,0,-23.09653,4.950127,17.80984
140.3712,-22.93975,5.093722,17.77835,0,0,0,-23.09653,4.950127,17.80984
140.3809,-22.9403,5.094057,17.77681,0,0,0,-23.09653,4.950127,17.80984
140.3893,-22.9403,5.094057,17.77681,0,0,0,-23.09653,4.950127,17.80984
140.3967,-22.9403,5.094057,17.77681,0,0,0,-23.09653,4.950127,17.80984
140.4048,-22.94084,5.094397,17.77527,0,0,0,-23.09653,4.950127,17.80984
140.4134,-22.94084,5.094397,17.77527,0,0,0,-23.09653,4.950127,17.80984
140.4207,-22.94084,5.094397,17.77527,0,0,0,-23.09653,4.950127,17.80984
140.4313,-22.94084,5.094397,17.77527,0,0,0,-23.09653,4.950127,17.80984
140.4386,-22.94084,5.094397,17.77527,0,0,0,-23.09653,4.950127,17.80984
140.4461,-22.94139,5.094738,17.77373,0,0,0,-23.09653,4.950127,17.80984
140.4574,-22.94139,5.094738,17.77373,0,0,0,-23.09653,4.950127,17.80984
140.4646,-22.94183,5.09434,17.77559,0,0,0,-23.09653,4.950127,17.80984
140.474,-22.94183,5.09434,17.77559,0,0,0,-23.09653,4.950127,17.80984
140.4811,-22.94183,5.09434,17.77559,0,0,0,-23.09653,4.950127,17.80984
140.4892,-22.94183,5.09434,17.77559,0,0,0,-23.09653,4.950127,17.80984
140.4961,-22.94183,5.09434,17.77559,0,0,0,-23.09653,4.950127,17.80984
140.5033,-22.94081,5.094737,17.7735,0,0,0,-23.09653,4.950127,17.80984
140.5116,-22.94081,5.094737,17.7735,0,0,0,-23.09653,4.950127,17.80984
140.5192,-22.94081,5.094737,17.7735,0,0,0,-23.09653,4.950127,17.80984
140.5278,-22.94081,5.094737,17.7735,0,0,0,-23.09653,4.950127,17.80984
140.538,-22.94081,5.094737,17.7735,0,0,0,-23.09653,4.950127,17.80984
140.5466,-22.9419,5.095426,17.77042,0,0,0,-23.09653,4.950127,17.80984
140.5591,-22.9419,5.095426,17.77042,0,0,0,-23.09653,4.950127,17.80984
140.5686,-22.9419,5.095426,17.77042,0,0,0,-23.09653,4.950127,17.80984
140.5788,-22.9419,5.095426,17.77042,0,0,0,-23.09653,4.950127,17.80984
140.5879,-22.9419,5.095426,17.77042,0,0,0,-23.09653,4.950127,17.80984
140.5977,-22.9419,5.095426,17.77042,0,0,0,-23.09653,4.950127,17.80984
140.6073,-22.94245,5.095773,17.76889,0,0,0,-23.09653,4.950127,17.80984
140.6185,-22.94245,5.095773,17.76889,0,0,0,-23.09653,4.950127,17.80984
140.6301,-22.94245,5.095773,17.76889,0,0,0,-23.09653,4.950127,17.80984
140.6414,-22.94245,5.095773,17.76889,0,0,0,-23.09653,4.950127,17.80984
140.6532,-22.94245,5.095773,17.76889,0,0,0,-23.09653,4.950127,17.80984
140.6623,-22.943,5.096122,17.76735,0,0,0,-23.09653,4.950127,17.80984
140.6738,-22.943,5.096122,17.76735,0,0,0,-23.09653,4.950127,17.80984
140.6843,-22.94354,5.096473,17.76581,0,0,0,-23.09653,4.950127,17.80984
140.6946,-22.94354,5.096473,17.76581,0,0,0,-23.09653,4.950127,17.80984
140.7064,-22.94354,5.096473,17.76581,0,0,0,-23.09653,4.950127,17.80984
140.7157,-22.94354,5.096473,17.76581,0,0,0,-23.09653,4.950127,17.80984
140.725,-22.94409,5.096827,17.76427,0,0,0,-23.09653,4.950127,17.80984
140.7363,-22.94409,5.096827,17.76427,0,0,0,-23.09653,4.950127,17.80984
140.745,-22.94409,5.096827,17.76427,0,0,0,-23.09653,4.950127,17.80984
140.7548,-22.94409,5.096827,17.76427,0,0,0,-23.09653,4.950127,17.80984
140.7646,-22.94387,5.097214,17.76488,0,0,0,-23.09653,4.950127,17.80984
140.776,-22.94387,5.097214,17.76488,0,0,0,-23.09653,4.950127,17.80984
140.7858,-22.94442,5.097568,17.76335,0,0,0,-23.09653,4.950127,17.80984
140.7957,-22.94442,5.097568,17.76335,0,0,0,-23.09653,4.950127,17.80984
140.8049,-22.94442,5.097568,17.76335,0,0,0,-23.09653,4.950127,17.80984
140.8144,-22.94442,5.097568,17.76335,0,0,0,-23.09653,4.950127,17.80984
140.8236,-22.94497,5.097924,17.76181,0,0,0,-23.09653,4.950127,17.80984
140.8335,-22.94497,5.097924,17.76181,0,0,0,-23.09653,4.950127,17.80984
140.8417,-22.94551,5.098285,17.76027,0,0,0,-23.09653,4.950127,17.80984
140.8547,-22.94551,5.098285,17.76027,0,0,0,-23.09653,4.950127,17.80984
140.8632,-22.94497,5.097925,17.76181,0,0,0,-23.09653,4.950127,17.80984
140.8773,-22.94497,5.097925,17.76181,0,0,0,-23.09653,4.950127,17.80984
140.8893,-22.94551,5.098285,17.76027,0,0,0,-23.09653,4.950127,17.80984
140.9014,-22.94551,5.098285,17.76027,0,0,0,-23.09653,4.950127,17.80984
140.9139,-22.94551,5.098285,17.76027,0,0,0,-23.09653,4.950127,17.80984
140.9232,-22.94551,5.098285,17.76027,0,0,0,-23.09653,4.950127,17.80984
140.9335,-22.94551,5.098285,17.76027,0,0,0,-23.09653,4.950127,17.80984
140.9439,-22.94606,5.098646,17.75874,0,0,0,-23.09653,4.950127,17.80984
140.9561,-22.94606,5.098646,17.75874,0,0,0,-23.09653,4.950127,17.80984
140.9661,-22.94606,5.098646,17.75874,0,0,0,-23.09653,4.950127,17.80984
140.9763,-22.94606,5.098646,17.75874,0,0,0,-23.09653,4.950127,17.80984
140.9881,-22.94606,5.098646,17.75874,0,0,0,-23.09653,4.950127,17.80984
140.9969,-22.94606,5.098646,17.75874,0,0,0,-23.09653,4.950127,17.80984
141.0053,-22.94606,5.098646,17.75874,0,0,0,-23.09653,4.950127,17.80984
141.0139,-22.94606,5.098646,17.75874,0,0,0,-23.09653,4.950127,17.80984
141.0238,-22.94763,5.098589,17.75929,0,0,0,-23.09653,4.950127,17.80984
141.0324,-22.94763,5.098589,17.75929,0,0,0,-23.09653,4.950127,17.80984
141.0402,-22.94606,5.098646,17.75874,0,0,0,-23.09653,4.950127,17.80984
141.0535,-22.94606,5.098646,17.75874,0,0,0,-23.09653,4.950127,17.80984
141.0658,-22.94606,5.098646,17.75874,0,0,0,-23.09653,4.950127,17.80984
141.0773,-22.94606,5.098646,17.75874,0,0,0,-23.09653,4.950127,17.80984
141.0879,-22.94606,5.098646,17.75874,0,0,0,-23.09653,4.950127,17.80984
141.0984,-22.94606,5.098646,17.75874,0,0,0,-23.09653,4.950127,17.80984
141.1074,-22.94664,5.098646,17.75897,0,0,0,-23.09653,4.950127,17.80984
141.1202,-22.94719,5.099009,17.75743,0,0,0,-23.09653,4.950127,17.80984
141.1316,-22.94719,5.099009,17.75743,0,0,0,-23.09653,4.950127,17.80984
141.1415,-22.94719,5.099009,17.75743,0,0,0,-23.09653,4.950127,17.80984
141.1531,-22.94719,5.099009,17.75743,0,0,0,-23.09653,4.950127,17.80984
141.1658,-22.94719,5.099009,17.75743,0,0,0,-23.09653,4.950127,17.80984
141.1771,-22.94719,5.099009,17.75743,0,0,0,-23.09653,4.950127,17.80984
141.1895,-22.94664,5.098646,17.75897,0,0,0,-23.09653,4.950127,17.80984
141.2005,-22.94664,5.098646,17.75897,0,0,0,-23.09653,4.950127,17.80984
141.2136,-22.94664,5.098646,17.75897,0,0,0,-23.09653,4.950127,17.80984
141.2255,-22.94555,5.097925,17.76204,0,0,0,-23.09653,4.950127,17.80984
141.2391,-22.94555,5.097925,17.76204,0,0,0,-23.09653,4.950127,17.80984
141.254,-22.94445,5.097214,17.76511,0,0,0,-23.09653,4.950127,17.80984
141.2672,-22.94445,5.097214,17.76511,0,0,0,-23.09653,4.950127,17.80984
141.2806,-22.94445,5.097214,17.76511,0,0,0,-23.09653,4.950127,17.80984
141.2915,-22.94445,5.097214,17.76511,0,0,0,-23.09653,4.950127,17.80984
141.2999,-22.94445,5.097214,17.76511,0,0,0,-23.09653,4.950127,17.80984
141.3122,-22.94391,5.09686,17.76664,0,0,0,-23.09653,4.950127,17.80984
141.3235,-22.94336,5.096511,17.76818,0,0,0,-23.09653,4.950127,17.80984
141.3326,-22.94336,5.096511,17.76818,0,0,0,-23.09653,4.950127,17.80984
141.3407,-22.94391,5.09686,17.76664,0,0,0,-23.09653,4.950127,17.80984
141.3499,-22.94391,5.09686,17.76664,0,0,0,-23.09653,4.950127,17.80984
141.36,-22.94336,5.096511,17.76818,0,0,0,-23.09653,4.950127,17.80984
141.3704,-22.94336,5.096511,17.76818,0,0,0,-23.09653,4.950127,17.80984
141.3804,-22.94391,5.09686,17.76664,0,0,0,-23.09653,4.950127,17.80984
141.3926,-22.94391,5.09686,17.76664,0,0,0,-23.09653,4.950127,17.80984
141.4007,-22.94336,5.096511,17.76818,0,0,0,-23.09653,4.950127,17.80984
141.4108,-22.94336,5.096511,17.76818,0,0,0,-23.09653,4.950127,17.80984
141.4219,-22.94336,5.096511,17.76818,0,0,0,-23.09653,4.950127,17.80984
141.4309,-22.94336,5.096511,17.76818,0,0,0,-23.09653,4.950127,17.80984
141.4398,-22.94336,5.096511,17.76818,0,0,0,-23.09653,4.950127,17.80984
141.4478,-22.94336,5.096511,17.76818,0,0,0,-23.09653,4.950127,17.80984
141.4581,-22.94336,5.096511,17.76818,0,0,0,-23.09653,4.950127,17.80984
141.4668,-22.94336,5.096511,17.76818,0,0,0,-23.09653,4.950127,17.80984
141.476,-22.94336,5.096511,17.76818,0,0,0,-23.09653,4.950127,17.80984
141.4876,-22.94493,5.096454,17.76873,0,0,0,-23.09653,4.950127,17.80984
141.4977,-22.94493,5.096454,17.76873,0,0,0,-23.09653,4.950127,17.80984
141.507,-22.94493,5.096454,17.76873,0,0,0,-23.09653,4.950127,17.80984
141.5186,-22.94493,5.096454,17.76873,0,0,0,-23.09653,4.950127,17.80984
141.5262,-22.94651,5.096398,17.76928,0,0,0,-23.09653,4.950127,17.80984
141.5349,-22.94651,5.096398,17.76928,0,0,0,-23.09653,4.950127,17.80984
141.5431,-22.94808,5.096345,17.76983,0,0,0,-23.09653,4.950127,17.80984
141.5521,-22.94808,5.096345,17.76983,0,0,0,-23.09653,4.950127,17.80984
141.5604,-22.94863,5.096696,17.76829,0,0,0,-23.09653,4.950127,17.80984
141.5718,-22.94863,5.096696,17.76829,0,0,0,-23.09653,4.950127,17.80984
141.5793,-22.94863,5.096696,17.76829,0,0,0,-23.09653,4.950127,17.80984
141.5865,-22.94966,5.096295,17.77038,0,0,0,-23.09653,4.950127,17.80984
141.5955,-22.94966,5.096295,17.77038,0,0,0,-23.09653,4.950127,17.80984
141.6029,-22.94966,5.096295,17.77038,0,0,0,-23.09653,4.950127,17.80984
141.6116,-22.94966,5.096295,17.77038,0,0,0,-23.09653,4.950127,17.80984
141.6194,-22.94966,5.096295,17.77038,0,0,0,-23.09653,4.950127,17.80984
141.6267,-22.95069,5.095898,17.77246,0,0,0,-23.09653,4.950127,17.80984
141.6351,-22.95069,5.095898,17.77246,0,0,0,-23.09653,4.950127,17.80984
141.6434,-22.95014,5.095551,17.774,0,0,0,-23.09653,4.950127,17.80984
141.6516,-22.95014,5.095551,17.774,0,0,0,-23.09653,4.950127,17.80984
141.6595,-22.95014,5.095551,17.774,0,0,0,-23.09653,4.950127,17.80984
141.6664,-22.94959,5.095207,17.77554,0,0,0,-23.09653,4.950127,17.80984
141.6764,-22.94959,5.095207,17.77554,0,0,0,-23.09653,4.950127,17.80984
141.6836,-22.94905,5.094865,17.77708,0,0,0,-23.09653,4.950127,17.80984
141.6926,-22.94905,5.094865,17.77708,0,0,0,-23.09653,4.950127,17.80984
141.7,-22.94905,5.094865,17.77708,0,0,0,-23.09653,4.950127,17.80984
141.7072,-22.94795,5.094186,17.78016,0,0,0,-23.09653,4.950127,17.80984
141.7154,-22.94795,5.094186,17.78016,0,0,0,-23.09653,4.950127,17.80984
141.7245,-22.94795,5.094186,17.78016,0,0,0,-23.09653,4.950127,17.80984
141.7326,-22.94795,5.094186,17.78016,0,0,0,-23.09653,4.950127,17.80984
141.74,-22.94583,5.093899,17.78115,0,0,0,-23.09653,4.950127,17.80984
141.7494,-22.94583,5.093899,17.78115,0,0,0,-23.09653,4.950127,17.80984
141.7568,-22.94583,5.093899,17.78115,0,0,0,-23.09653,4.950127,17.80984
141.7643,-22.9474,5.093849,17.7817,0,0,0,-23.09653,4.950127,17.80984
141.7729,-22.9474,5.093849,17.7817,0,0,0,-23.09653,4.950127,17.80984
141.7806,-22.9474,5.093849,17.7817,0,0,0,-23.09653,4.950127,17.80984
141.79,-22.9474,5.093849,17.7817,0,0,0,-23.09653,4.950127,17.80984
141.7984,-22.9474,5.093849,17.7817,0,0,0,-23.09653,4.950127,17.80984
141.8062,-22.94528,5.093565,17.78269,0,0,0,-23.09653,4.950127,17.80984
141.816,-22.94528,5.093565,17.78269,0,0,0,-23.09653,4.950127,17.80984
141.8241,-22.94528,5.093565,17.78269,0,0,0,-23.09653,4.950127,17.80984
141.8335,-22.94528,5.093565,17.78269,0,0,0,-23.09653,4.950127,17.80984
141.8421,-22.94631,5.093184,17.78478,0,0,0,-23.09653,4.950127,17.80984
141.8515,-22.94631,5.093184,17.78478,0,0,0,-23.09653,4.950127,17.80984
141.8625,-22.94685,5.093515,17.78324,0,0,0,-23.09653,4.950127,17.80984
141.8719,-22.94685,5.093515,17.78324,0,0,0,-23.09653,4.950127,17.80984
141.8816,-22.94473,5.093233,17.78424,0,0,0,-23.09653,4.950127,17.80984
141.892,-22.94473,5.093233,17.78424,0,0,0,-23.09653,4.950127,17.80984
141.901,-22.94631,5.093184,17.78478,0,0,0,-23.09653,4.950127,17.80984
141.9109,-22.94631,5.093184,17.78478,0,0,0,-23.09653,4.950127,17.80984
141.9192,-22.94631,5.093184,17.78478,0,0,0,-23.09653,4.950127,17.80984
141.9271,-22.94495,5.092839,17.78363,0,0,0,-23.09653,4.950127,17.80984
141.9361,-22.94495,5.092839,17.78363,0,0,0,-23.09653,4.950127,17.80984
141.9448,-22.94652,5.09279,17.78417,0,0,0,-23.09653,4.950127,17.80984
141.9534,-22.94652,5.09279,17.78417,0,0,0,-23.09653,4.950127,17.80984
141.9607,-22.94495,5.092839,17.78363,0,0,0,-23.09653,4.950127,17.80984
141.9724,-22.94495,5.092839,17.78363,0,0,0,-23.09653,4.950127,17.80984
141.9803,-22.94495,5.092839,17.78363,0,0,0,-23.09653,4.950127,17.80984
141.9917,-22.94495,5.092839,17.78363,0,0,0,-23.09653,4.950127,17.80984
141.9993,-22.94495,5.092839,17.78363,0,0,0,-23.09653,4.950127,17.80984
142.0082,-22.94283,5.092559,17.78462,0,0,0,-23.09653,4.950127,17.80984
142.0175,-22.94283,5.092559,17.78462,0,0,0,-23.09653,4.950127,17.80984
142.0252,-22.9444,5.092508,17.78517,0,0,0,-23.09653,4.950127,17.80984
142.0357,-22.9444,5.092508,17.78517,0,0,0,-23.09653,4.950127,17.80984
142.043,-22.94495,5.092839,17.78363,0,0,0,-23.09653,4.950127,17.80984
142.0516,-22.94495,5.092839,17.78363,0,0,0,-23.09653,4.950127,17.80984
142.0607,-22.9444,5.092508,17.78517,0,0,0,-23.09653,4.950127,17.80984
142.0697,-22.9444,5.092508,17.78517,0,0,0,-23.09653,4.950127,17.80984
142.0777,-22.9444,5.092508,17.78517,0,0,0,-23.09653,4.950127,17.80984
142.0858,-22.94338,5.09289,17.78308,0,0,0,-23.09653,4.950127,17.80984
142.0981,-22.94338,5.09289,17.78308,0,0,0,-23.09653,4.950127,17.80984
142.1067,-22.94495,5.092839,17.78363,0,0,0,-23.09653,4.950127,17.80984
142.1163,-22.94495,5.092839,17.78363,0,0,0,-23.09653,4.950127,17.80984
142.1248,-22.94338,5.09289,17.78308,0,0,0,-23.09653,4.950127,17.80984
142.1339,-22.94338,5.09289,17.78308,0,0,0,-23.09653,4.950127,17.80984
142.1418,-22.94338,5.09289,17.78308,0,0,0,-23.09653,4.950127,17.80984
142.1507,-22.94338,5.09289,17.78308,0,0,0,-23.09653,4.950127,17.80984
142.1587,-22.94338,5.09289,17.78308,0,0,0,-23.09653,4.950127,17.80984
142.1658,-22.94338,5.09289,17.78308,0,0,0,-23.09653,4.950127,17.80984
142.1748,-22.94338,5.09289,17.78308,0,0,0,-23.09653,4.950127,17.80984
142.1826,-22.94338,5.09289,17.78308,0,0,0,-23.09653,4.950127,17.80984
142.1936,-22.94338,5.09289,17.78308,0,0,0,-23.09653,4.950127,17.80984
142.2011,-22.94392,5.093222,17.78154,0,0,0,-23.09653,4.950127,17.80984
142.2097,-22.94392,5.093222,17.78154,0,0,0,-23.09653,4.950127,17.80984
142.217,-22.94392,5.093222,17.78154,0,0,0,-23.09653,4.950127,17.80984
142.2245,-22.94338,5.09289,17.78308,0,0,0,-23.09653,4.950127,17.80984
142.2334,-22.94338,5.09289,17.78308,0,0,0,-23.09653,4.950127,17.80984
142.2406,-22.94338,5.09289,17.78308,0,0,0,-23.09653,4.950127,17.80984
142.2503,-22.94338,5.09289,17.78308,0,0,0,-23.09653,4.950127,17.80984
142.2597,-22.94338,5.09289,17.78308,0,0,0,-23.09653,4.950127,17.80984
142.2685,-22.94235,5.093275,17.78099,0,0,0,-23.09653,4.950127,17.80984
142.2773,-22.94235,5.093275,17.78099,0,0,0,-23.09653,4.950127,17.80984
142.2844,-22.94392,5.093222,17.78154,0,0,0,-23.09653,4.950127,17.80984
142.2931,-22.94392,5.093222,17.78154,0,0,0,-23.09653,4.950127,17.80984
142.3011,-22.94235,5.093275,17.78099,0,0,0,-23.09653,4.950127,17.80984
142.3121,-22.94235,5.093275,17.78099,0,0,0,-23.09653,4.950127,17.80984
142.3197,-22.94235,5.093275,17.78099,0,0,0,-23.09653,4.950127,17.80984
142.3271,-22.94235,5.093275,17.78099,0,0,0,-23.09653,4.950127,17.80984
142.3362,-22.94235,5.093275,17.78099,0,0,0,-23.09653,4.950127,17.80984
142.3442,-22.94235,5.093275,17.78099,0,0,0,-23.09653,4.950127,17.80984
142.3532,-22.94235,5.093275,17.78099,0,0,0,-23.09653,4.950127,17.80984
142.3611,-22.94235,5.093275,17.78099,0,0,0,-23.09653,4.950127,17.80984
142.3696,-22.94235,5.093275,17.78099,0,0,0,-23.09653,4.950127,17.80984
142.3795,-22.94235,5.093275,17.78099,0,0,0,-23.09653,4.950127,17.80984
142.3875,-22.94235,5.093275,17.78099,0,0,0,-23.09653,4.950127,17.80984
142.3969,-22.94235,5.093275,17.78099,0,0,0,-23.09653,4.950127,17.80984
142.4041,-22.94235,5.093275,17.78099,0,0,0,-23.09653,4.950127,17.80984
142.4122,-22.94235,5.093275,17.78099,0,0,0,-23.09653,4.950127,17.80984
142.4194,-22.94235,5.093275,17.78099,0,0,0,-23.09653,4.950127,17.80984
142.4294,-22.94077,5.09333,17.78044,0,0,0,-23.09653,4.950127,17.80984
142.4392,-22.94077,5.09333,17.78044,0,0,0,-23.09653,4.950127,17.80984
142.4469,-22.9392,5.093386,17.77989,0,0,0,-23.09653,4.950127,17.80984
142.4553,-22.9392,5.093386,17.77989,0,0,0,-23.09653,4.950127,17.80984
142.4646,-22.94077,5.093329,17.78044,0,0,0,-23.09653,4.950127,17.80984
142.473,-22.94077,5.093329,17.78044,0,0,0,-23.09653,4.950127,17.80984
142.4801,-22.94132,5.093665,17.7789,0,0,0,-23.09653,4.950127,17.80984
142.4884,-22.94132,5.093665,17.7789,0,0,0,-23.09653,4.950127,17.80984
142.4956,-22.94132,5.093665,17.7789,0,0,0,-23.09653,4.950127,17.80984
142.5031,-22.9392,5.093386,17.77989,0,0,0,-23.09653,4.950127,17.80984
142.5134,-22.9392,5.093386,17.77989,0,0,0,-23.09653,4.950127,17.80984
142.5215,-22.94077,5.093329,17.78044,0,0,0,-23.09653,4.950127,17.80984
142.5301,-22.94077,5.093329,17.78044,0,0,0,-23.09653,4.950127,17.80984
142.5383,-22.94077,5.093329,17.78044,0,0,0,-23.09653,4.950127,17.80984
142.5484,-22.93763,5.093446,17.77935,0,0,0,-23.09653,4.950127,17.80984
142.5599,-22.93763,5.093446,17.77935,0,0,0,-23.09653,4.950127,17.80984
142.5697,-22.93975,5.093722,17.77835,0,0,0,-23.09653,4.950127,17.80984
142.5815,-22.93763,5.093446,17.77935,0,0,0,-23.09653,4.950127,17.80984
142.5919,-22.93763,5.093446,17.77935,0,0,0,-23.09653,4.950127,17.80984
142.6025,-22.93785,5.093053,17.77874,0,0,0,-23.09653,4.950127,17.80984
142.6127,-22.93785,5.093053,17.77874,0,0,0,-23.09653,4.950127,17.80984
142.6218,-22.93839,5.093387,17.7772,0,0,0,-23.09653,4.950127,17.80984
142.6341,-22.93839,5.093387,17.7772,0,0,0,-23.09653,4.950127,17.80984
142.6468,-22.93839,5.093386,17.7772,0,0,0,-23.09653,4.950127,17.80984
142.6583,-22.93839,5.093386,17.7772,0,0,0,-23.09653,4.950127,17.80984
142.6664,-22.93627,5.093113,17.77819,0,0,0,-23.09653,4.950127,17.80984
142.6763,-22.93627,5.093113,17.77819,0,0,0,-23.09653,4.950127,17.80984
142.6843,-22.93682,5.093449,17.77665,0,0,0,-23.09653,4.950127,17.80984
142.6931,-22.93682,5.093449,17.77665,0,0,0,-23.09653,4.950127,17.80984
142.7035,-22.93509,5.093279,17.77654,0,0,0,-23.09653,4.950127,17.80984
142.712,-22.93509,5.093279,17.77654,0,0,0,-23.09653,4.950127,17.80984
142.7203,-22.93509,5.093279,17.77654,0,0,0,-23.09653,4.950127,17.80984
142.7296,-22.93509,5.093279,17.77654,0,0,0,-23.09653,4.950127,17.80984
142.7381,-22.93509,5.093279,17.77654,0,0,0,-23.09653,4.950127,17.80984
142.7469,-22.93509,5.093279,17.77654,0,0,0,-23.09653,4.950127,17.80984
142.7578,-22.93509,5.093279,17.77654,0,0,0,-23.09653,4.950127,17.80984
142.7663,-22.93509,5.093279,17.77654,0,0,0,-23.09653,4.950127,17.80984
142.778,-22.93509,5.093279,17.77654,0,0,0,-23.09653,4.950127,17.80984
142.7865,-22.93509,5.093279,17.77654,0,0,0,-23.09653,4.950127,17.80984
142.7965,-22.93509,5.093279,17.77654,0,0,0,-23.09653,4.950127,17.80984
142.8046,-22.93454,5.092944,17.77808,0,0,0,-23.09653,4.950127,17.80984
142.8142,-22.93454,5.092944,17.77808,0,0,0,-23.09653,4.950127,17.80984
142.8229,-22.93352,5.093343,17.77599,0,0,0,-23.09653,4.950127,17.80984
142.8324,-22.93352,5.093343,17.77599,0,0,0,-23.09653,4.950127,17.80984
142.8412,-22.93352,5.093343,17.77599,0,0,0,-23.09653,4.950127,17.80984
142.8497,-22.93352,5.093343,17.77599,0,0,0,-23.09653,4.950127,17.80984
142.8578,-22.93352,5.093343,17.77599,0,0,0,-23.09653,4.950127,17.80984
142.8655,-22.93352,5.093343,17.77599,0,0,0,-23.09653,4.950127,17.80984
142.8746,-22.93352,5.093343,17.77599,0,0,0,-23.09653,4.950127,17.80984
142.8828,-22.93352,5.093343,17.77599,0,0,0,-23.09653,4.950127,17.80984
142.8935,-22.93352,5.093343,17.77599,0,0,0,-23.09653,4.950127,17.80984
142.9018,-22.93352,5.093343,17.77599,0,0,0,-23.09653,4.950127,17.80984
142.912,-22.93352,5.093343,17.77599,0,0,0,-23.09653,4.950127,17.80984
142.9196,-22.93352,5.093343,17.77599,0,0,0,-23.09653,4.950127,17.80984
142.9279,-22.93297,5.093009,17.77753,0,0,0,-23.09653,4.950127,17.80984
142.9374,-22.93297,5.093009,17.77753,0,0,0,-23.09653,4.950127,17.80984
142.9474,-22.93297,5.093009,17.77753,0,0,0,-23.09653,4.950127,17.80984
142.957,-22.93297,5.093009,17.77753,0,0,0,-23.09653,4.950127,17.80984
142.9645,-22.93352,5.093343,17.77599,0,0,0,-23.09653,4.950127,17.80984
142.9737,-22.93352,5.093343,17.77599,0,0,0,-23.09653,4.950127,17.80984
142.9811,-22.93352,5.093343,17.77599,0,0,0,-23.09653,4.950127,17.80984
142.9908,-22.93352,5.093343,17.77599,0,0,0,-23.09653,4.950127,17.80984
142.9982,-22.93352,5.093343,17.77599,0,0,0,-23.09653,4.950127,17.80984
143.0059,-22.93297,5.093009,17.77753,0,0,0,-23.09653,4.950127,17.80984
143.0144,-22.93297,5.093009,17.77753,0,0,0,-23.09653,4.950127,17.80984
143.0232,-22.93297,5.093009,17.77753,0,0,0,-23.09653,4.950127,17.80984
143.0335,-22.93297,5.093009,17.77753,0,0,0,-23.09653,4.950127,17.80984
143.0412,-22.93297,5.093009,17.77753,0,0,0,-23.09653,4.950127,17.80984
143.0507,-22.93297,5.093009,17.77753,0,0,0,-23.09653,4.950127,17.80984
143.0588,-22.93297,5.093009,17.77753,0,0,0,-23.09653,4.950127,17.80984
143.0672,-22.93297,5.093009,17.77753,0,0,0,-23.09653,4.950127,17.80984
143.076,-22.93297,5.093009,17.77753,0,0,0,-23.09653,4.950127,17.80984
143.0833,-22.93297,5.093009,17.77753,0,0,0,-23.09653,4.950127,17.80984
143.0926,-22.93297,5.093009,17.77753,0,0,0,-23.09653,4.950127,17.80984
143.0999,-22.93297,5.093009,17.77753,0,0,0,-23.09653,4.950127,17.80984
143.1082,-22.93297,5.093009,17.77753,0,0,0,-23.09653,4.950127,17.80984
143.1176,-22.93297,5.093009,17.77753,0,0,0,-23.09653,4.950127,17.80984
143.1256,-22.93281,5.092776,17.77797,0,0,0,-23.09653,4.950127,17.80984
143.1356,-22.93281,5.092776,17.77797,0,0,0,-23.09653,4.950127,17.80984
143.1437,-22.93281,5.092776,17.77797,0,0,0,-23.09653,4.950127,17.80984
143.1519,-22.93281,5.092776,17.77797,0,0,0,-23.09653,4.950127,17.80984
143.1621,-22.93281,5.092776,17.77797,0,0,0,-23.09653,4.950127,17.80984
143.1712,-22.93281,5.092776,17.77797,0,0,0,-23.09653,4.950127,17.80984
143.1803,-22.93266,5.092543,17.7784,0,0,0,-23.09653,4.950127,17.80984
143.192,-22.93266,5.092543,17.7784,0,0,0,-23.09653,4.950127,17.80984
143.1995,-22.93266,5.092543,17.7784,0,0,0,-23.09653,4.950127,17.80984
143.2068,-22.93266,5.092543,17.7784,0,0,0,-23.09653,4.950127,17.80984
143.215,-22.93266,5.092543,17.7784,0,0,0,-23.09653,4.950127,17.80984
143.2225,-22.93266,5.092543,17.7784,0,0,0,-23.09653,4.950127,17.80984
143.231,-22.93266,5.092543,17.7784,0,0,0,-23.09653,4.950127,17.80984
143.2391,-22.93266,5.092543,17.7784,0,0,0,-23.09653,4.950127,17.80984
143.2467,-22.93266,5.092543,17.7784,0,0,0,-23.09653,4.950127,17.80984
143.2569,-22.93266,5.092543,17.7784,0,0,0,-23.09653,4.950127,17.80984
143.2644,-22.93288,5.092151,17.77779,0,0,0,-23.09653,4.950127,17.80984
143.2728,-22.93288,5.092151,17.77779,0,0,0,-23.09653,4.950127,17.80984
143.2799,-22.93288,5.092151,17.77779,0,0,0,-23.09653,4.950127,17.80984
143.2873,-22.93309,5.091757,17.77718,0,0,0,-23.09653,4.950127,17.80984
143.2982,-22.93309,5.091757,17.77718,0,0,0,-23.09653,4.950127,17.80984
143.3062,-22.93217,5.090648,17.77481,0,0,0,-23.09653,4.950127,17.80984
143.3152,-22.93217,5.090648,17.77481,0,0,0,-23.09653,4.950127,17.80984
143.3256,-22.93104,5.089933,17.77304,0,0,0,-22.93654,4.938949,17.74311
143.3371,-22.93104,5.089933,17.77304,0,0,0,-22.93654,4.938949,17.74311
143.3472,-22.92832,5.089296,17.77073,0,0,0,-22.93654,4.938949,17.74311
143.3584,-22.92832,5.089296,17.77073,0,0,0,-22.93654,4.938949,17.74311
143.3669,-22.92539,5.089058,17.76904,0,0,0,-22.93654,4.938949,17.74311
143.3781,-22.92539,5.089058,17.76904,0,0,0,-22.93654,4.938949,17.74311
143.3868,-22.92382,5.089138,17.7685,0,0,0,-22.93654,4.938949,17.74311
143.3974,-22.92382,5.089138,17.7685,0,0,0,-22.93654,4.938949,17.74311
143.4067,-22.9217,5.088879,17.7695,0,0,0,-22.93654,4.938949,17.74311
143.4173,-22.9217,5.088879,17.7695,0,0,0,-22.93654,4.938949,17.74311
143.4267,-22.92067,5.089303,17.76742,0,0,0,-22.93654,4.938949,17.74311
143.44,-22.91854,5.089049,17.76842,0,0,0,-22.93654,4.938949,17.74311
143.4539,-22.91854,5.089049,17.76842,0,0,0,-22.93654,4.938949,17.74311
143.464,-22.91909,5.089388,17.76688,0,0,0,-22.93654,4.938949,17.74311
143.4741,-22.91909,5.089388,17.76688,0,0,0,-22.93654,4.938949,17.74311
143.4833,-22.91854,5.089048,17.76842,0,0,0,-22.93654,4.938949,17.74311
143.4928,-22.91854,5.089048,17.76842,0,0,0,-22.93654,4.938949,17.74311
143.5006,-22.91865,5.090171,17.7681,0,0,0,-22.93654,4.938949,17.74311
143.5096,-22.91865,5.090171,17.7681,0,0,0,-22.93654,4.938949,17.74311
143.517,-22.91865,5.090171,17.7681,0,0,0,-22.93654,4.938949,17.74311
143.5248,-22.91821,5.090954,17.76932,0,0,0,-22.93654,4.938949,17.74311
143.5335,-22.91821,5.090954,17.76932,0,0,0,-22.93654,4.938949,17.74311
143.541,-22.91833,5.092076,17.769,0,0,0,-22.93654,4.938949,17.74311
143.5494,-22.91833,5.092076,17.769,0,0,0,-22.93654,4.938949,17.74311
143.5578,-22.91833,5.092076,17.769,0,0,0,-22.93654,4.938949,17.74311
143.5666,-22.91887,5.092415,17.76746,0,0,0,-22.93654,4.938949,17.74311
143.5751,-22.91887,5.092415,17.76746,0,0,0,-22.93654,4.938949,17.74311
143.5824,-22.9192,5.093148,17.76653,0,0,0,-22.93654,4.938949,17.74311
143.593,-22.9192,5.093148,17.76653,0,0,0,-22.93654,4.938949,17.74311
143.6029,-22.92187,5.093751,17.76399,0,0,0,-22.93654,4.938949,17.74311
143.613,-22.92187,5.093751,17.76399,0,0,0,-22.93654,4.938949,17.74311
143.6237,-22.92241,5.094099,17.76246,0,0,0,-22.93654,4.938949,17.74311
143.6327,-22.92241,5.094099,17.76246,0,0,0,-22.93654,4.938949,17.74311
143.6405,-22.92138,5.094535,17.76038,0,0,0,-22.93654,4.938949,17.74311
143.649,-22.92138,5.094535,17.76038,0,0,0,-22.93654,4.938949,17.74311
143.6574,-22.92138,5.094535,17.76038,0,0,0,-22.93654,4.938949,17.74311
143.6672,-22.92405,5.095155,17.75784,0,0,0,-22.93654,4.938949,17.74311
143.6784,-22.92405,5.095155,17.75784,0,0,0,-22.93654,4.938949,17.74311
143.6882,-22.92405,5.095155,17.75784,0,0,0,-22.93654,4.938949,17.74311
143.6968,-22.92405,5.095155,17.75784,0,0,0,-22.93654,4.938949,17.74311
143.7052,-22.92247,5.095241,17.7573,0,0,0,-22.93654,4.938949,17.74311
143.7142,-22.92247,5.095241,17.7573,0,0,0,-22.93654,4.938949,17.74311
143.7237,-22.92247,5.095241,17.7573,0,0,0,-22.93654,4.938949,17.74311
143.7345,-22.92247,5.095241,17.7573,0,0,0,-22.93654,4.938949,17.74311
143.7437,-22.92302,5.095597,17.75576,0,0,0,-22.93654,4.938949,17.74311
143.7526,-22.92302,5.095597,17.75576,0,0,0,-22.93654,4.938949,17.74311
143.761,-22.92302,5.095597,17.75576,0,0,0,-22.93654,4.938949,17.74311
143.7703,-22.92302,5.095597,17.75576,0,0,0,-22.93654,4.938949,17.74311
143.7783,-22.92302,5.095597,17.75576,0,0,0,-22.93654,4.938949,17.74311
143.7863,-22.92253,5.096403,17.75215,0,0,0,-22.93654,4.938949,17.74311
143.7958,-22.92253,5.096403,17.75215,0,0,0,-22.93654,4.938949,17.74311
143.8043,-22.92356,5.095955,17.75423,0,0,0,-22.93654,4.938949,17.74311
143.8127,-22.92356,5.095955,17.75423,0,0,0,-22.93654,4.938949,17.74311
143.8205,-22.92199,5.096044,17.75369,0,0,0,-22.93654,4.938949,17.74311
143.8288,-22.92199,5.096044,17.75369,0,0,0,-22.93654,4.938949,17.74311
143.8366,-22.92199,5.096044,17.75369,0,0,0,-22.93654,4.938949,17.74311
143.8442,-22.92253,5.096403,17.75216,0,0,0,-22.93654,4.938949,17.74311
143.8539,-22.92253,5.096403,17.75216,0,0,0,-22.93654,4.938949,17.74311
143.8645,-22.9208,5.09626,17.75205,0,0,0,-22.93654,4.938949,17.74311
143.8732,-22.9208,5.09626,17.75205,0,0,0,-22.93654,4.938949,17.74311
143.8807,-22.91922,5.096353,17.75151,0,0,0,-22.93654,4.938949,17.74311
143.8896,-22.91922,5.096353,17.75151,0,0,0,-22.93654,4.938949,17.74311
143.8999,-22.91922,5.096353,17.75151,0,0,0,-22.93654,4.938949,17.74311
143.9115,-22.91891,5.095885,17.75238,0,0,0,-22.93654,4.938949,17.74311
143.9216,-22.91834,5.095885,17.75214,0,0,0,-22.93654,4.938949,17.74311
143.9304,-22.91834,5.095885,17.75214,0,0,0,-22.93654,4.938949,17.74311
143.9385,-22.91834,5.095885,17.75214,0,0,0,-22.93654,4.938949,17.74311
143.9464,-22.91572,5.095277,17.75266,0,0,0,-22.93654,4.938949,17.74311
143.9554,-22.91572,5.095277,17.75266,0,0,0,-22.93654,4.938949,17.74311
143.9647,-22.91228,5.094779,17.75361,0,0,0,-22.93654,4.938949,17.74311
143.9767,-22.91228,5.094779,17.75361,0,0,0,-22.93654,4.938949,17.74311
143.9848,-22.90943,5.094284,17.7548,0,0,0,-22.93654,4.938949,17.74311
143.9953,-22.90943,5.094284,17.7548,0,0,0,-22.93654,4.938949,17.74311
144.0042,-22.90657,5.093793,17.75598,0,0,0,-22.93654,4.938949,17.74311
144.014,-22.90657,5.093793,17.75598,0,0,0,-22.93654,4.938949,17.74311
144.022,-22.90449,5.093592,17.75807,0,0,0,-22.93654,4.938949,17.74311
144.031,-22.90449,5.093592,17.75807,0,0,0,-22.93654,4.938949,17.74311
144.0392,-22.90449,5.093592,17.75807,0,0,0,-22.93654,4.938949,17.74311
144.0493,-22.90028,5.093147,17.76115,0,0,0,-22.93654,4.938949,17.74311
144.0583,-22.90028,5.093147,17.76115,0,0,0,-22.93654,4.938949,17.74311
144.0664,-22.89717,5.093405,17.76116,0,0,0,-22.93654,4.938949,17.74311
144.0785,-22.89717,5.093405,17.76116,0,0,0,-22.93654,4.938949,17.74311
144.087,-22.89621,5.093559,17.76195,0,0,0,-22.93654,4.938949,17.74311
144.0969,-22.89621,5.093559,17.76195,0,0,0,-22.93654,4.938949,17.74311
144.105,-22.8937,5.093475,17.76398,0,0,0,-22.93654,4.938949,17.74311
144.1141,-22.8937,5.093475,17.76398,0,0,0,-22.93654,4.938949,17.74311
144.1234,-22.8947,5.093369,17.76428,0,0,0,-22.93654,4.938949,17.74311
144.1327,-22.8947,5.093369,17.76428,0,0,0,-22.93654,4.938949,17.74311
144.1406,-22.89281,5.093003,17.7646,0,0,0,-22.93654,4.938949,17.74311
144.1521,-22.89281,5.093003,17.7646,0,0,0,-22.93654,4.938949,17.74311
144.1595,-22.89281,5.093003,17.7646,0,0,0,-22.93654,4.938949,17.74311
144.1666,-22.89003,5.091951,17.76668,0,0,0,-22.93654,4.938949,17.74311
144.1751,-22.89003,5.091951,17.76668,0,0,0,-22.93654,4.938949,17.74311
144.184,-22.8882,5.091292,17.76986,0,0,0,-22.93654,4.938949,17.74311
144.1926,-22.8882,5.091292,17.76986,0,0,0,-22.93654,4.938949,17.74311
144.2004,-22.88578,5.090634,17.77279,0,0,0,-22.93654,4.938949,17.74311
144.2098,-22.88578,5.090634,17.77279,0,0,0,-22.93654,4.938949,17.74311
144.2174,-22.88578,5.090634,17.77279,0,0,0,-22.93654,4.938949,17.74311
144.2258,-22.88205,5.090205,17.77926,0,0,0,-22.93654,4.938949,17.74311
144.2349,-22.88205,5.090205,17.77926,0,0,0,-22.93654,4.938949,17.74311
144.2455,-22.87946,5.089915,17.78559,0,0,0,-22.93654,4.938949,17.74311
144.2544,-22.87946,5.089915,17.78559,0,0,0,-22.93654,4.938949,17.74311
144.2624,-22.87552,5.089574,17.79067,0,0,0,-22.93654,4.938949,17.74311
144.2714,-22.87552,5.089574,17.79067,0,0,0,-22.93654,4.938949,17.74311
144.28,-22.87552,5.089574,17.79067,0,0,0,-22.93654,4.938949,17.74311
144.2908,-22.86923,5.089693,17.79831,0,0,0,-22.93654,4.938949,17.74311
144.2997,-22.86923,5.089693,17.79831,0,0,0,-22.93654,4.938949,17.74311
144.3073,-22.8677,5.089811,17.8016,0,0,0,-22.93654,4.938949,17.74311
144.3157,-22.8677,5.089811,17.8016,0,0,0,-22.93654,4.938949,17.74311
144.3271,-22.86479,5.089948,17.80193,0,0,0,-22.93654,4.938949,17.74311
144.3369,-22.86479,5.089948,17.80193,0,0,0,-22.93654,4.938949,17.74311
144.3458,-22.86207,5.090012,17.80362,0,0,0,-22.93654,4.938949,17.74311
144.3572,-22.86207,5.090012,17.80362,0,0,0,-22.93654,4.938949,17.74311
144.3682,-22.85959,5.089663,17.80094,0,0,0,-22.93654,4.938949,17.74311
144.3792,-22.85959,5.089663,17.80094,0,0,0,-22.93654,4.938949,17.74311
144.3898,-22.8567,5.089244,17.79935,0,0,0,-22.93654,4.938949,17.74311
144.3989,-22.8567,5.089244,17.79935,0,0,0,-22.93654,4.938949,17.74311
144.4076,-22.85516,5.089398,17.79608,0,0,0,-22.93654,4.938949,17.74311
144.4187,-22.85516,5.089398,17.79608,0,0,0,-22.93654,4.938949,17.74311
144.4272,-22.85207,5.089336,17.79403,0,0,0,-22.93654,4.938949,17.74311
144.4404,-22.85107,5.089814,17.79299,0,0,0,-22.93654,4.938949,17.74311
144.4513,-22.85107,5.089814,17.79299,0,0,0,-22.93654,4.938949,17.74311
144.4625,-22.84996,5.089443,17.79325,0,0,0,-22.93654,4.938949,17.74311
144.472,-22.84996,5.089443,17.79325,0,0,0,-22.93654,4.938949,17.74311
144.4805,-22.84589,5.089527,17.79194,0,0,0,-22.93654,4.938949,17.74311
144.4915,-22.84589,5.089527,17.79194,0,0,0,-22.93654,4.938949,17.74311
144.5031,-22.84421,5.089112,17.79087,0,0,0,-22.93654,4.938949,17.74311
144.5121,-22.84421,5.089112,17.79087,0,0,0,-22.93654,4.938949,17.74311
144.5199,-22.84421,5.089112,17.79087,0,0,0,-22.93654,4.938949,17.74311
144.5284,-22.84227,5.089198,17.78869,0,0,0,-22.93654,4.938949,17.74311
144.5374,-22.84227,5.089198,17.78869,0,0,0,-22.93654,4.938949,17.74311
144.545,-22.84167,5.0892,17.78842,0,0,0,-22.93654,4.938949,17.74311
144.554,-22.84167,5.0892,17.78842,0,0,0,-22.93654,4.938949,17.74311
144.5619,-22.84109,5.089539,17.78635,0,0,0,-22.93654,4.938949,17.74311
144.5711,-22.84109,5.089539,17.78635,0,0,0,-22.93654,4.938949,17.74311
144.579,-22.84109,5.089539,17.78635,0,0,0,-22.93654,4.938949,17.74311
144.5871,-22.8366,5.088028,17.79067,0,0,0,-22.93654,4.938949,17.74311
144.5959,-22.8366,5.088028,17.79067,0,0,0,-22.93654,4.938949,17.74311
144.6037,-22.83329,5.087194,17.79194,0,0,0,-22.93654,4.938949,17.74311
144.6125,-22.83329,5.087194,17.79194,0,0,0,-22.93654,4.938949,17.74311
144.621,-22.82981,5.086111,17.79362,0,0,0,-22.93654,4.938949,17.74311
144.6301,-22.82981,5.086111,17.79362,0,0,0,-22.93654,4.938949,17.74311
144.6379,-22.82981,5.086111,17.79362,0,0,0,-22.93654,4.938949,17.74311
144.6456,-22.82557,5.08384,17.79811,0,0,0,-22.93654,4.938949,17.74311
144.6548,-22.82557,5.08384,17.79811,0,0,0,-22.93654,4.938949,17.74311
144.6623,-22.82052,5.082862,17.79917,0,0,0,-22.93654,4.938949,17.74311
144.671,-22.82052,5.082862,17.79917,0,0,0,-22.93654,4.938949,17.74311
144.6785,-22.82052,5.082862,17.79917,0,0,0,-22.93654,4.938949,17.74311
144.6857,-22.81515,5.080764,17.80192,0,0,0,-22.93654,4.938949,17.74311
144.6942,-22.81515,5.080764,17.80192,0,0,0,-22.93654,4.938949,17.74311
144.7016,-22.8119,5.07949,17.80287,0,0,0,-22.93654,4.938949,17.74311
144.7119,-22.8119,5.07949,17.80287,0,0,0,-22.93654,4.938949,17.74311
144.7196,-22.8119,5.07949,17.80287,0,0,0,-22.93654,4.938949,17.74311
144.7278,-22.80419,5.076608,17.80597,0,0,0,-22.93654,4.938949,17.74311
144.7371,-22.80419,5.076608,17.80597,0,0,0,-22.93654,4.938949,17.74311
144.7451,-22.79827,5.074652,17.80722,0,0,0,-22.93654,4.938949,17.74311
144.7543,-22.79827,5.074652,17.80722,0,0,0,-22.93654,4.938949,17.74311
144.7616,-22.79306,5.073486,17.81022,0,0,0,-22.93654,4.938949,17.74311
144.7709,-22.79306,5.073486,17.81022,0,0,0,-22.93654,4.938949,17.74311
144.7784,-22.79306,5.073486,17.81022,0,0,0,-22.93654,4.938949,17.74311
144.7867,-22.7864,5.072592,17.81491,0,0,0,-22.93654,4.938949,17.74311
144.7957,-22.7864,5.072592,17.81491,0,0,0,-22.93654,4.938949,17.74311
144.807,-22.78281,5.072222,17.81825,0,0,0,-22.93654,4.938949,17.74311
144.8156,-22.78281,5.072222,17.81825,0,0,0,-22.93654,4.938949,17.74311
144.828,-22.77889,5.072798,17.82406,0,0,0,-22.93654,4.938949,17.74311
144.8372,-22.77889,5.072798,17.82406,0,0,0,-22.93654,4.938949,17.74311
144.8457,-22.77584,5.073736,17.82702,0,0,0,-22.93654,4.938949,17.74311
144.856,-22.77584,5.073736,17.82702,0,0,0,-22.93654,4.938949,17.74311
144.8651,-22.77425,5.075234,17.83078,0,0,0,-22.93654,4.938949,17.74311
144.8752,-22.77425,5.075234,17.83078,0,0,0,-22.93654,4.938949,17.74311
144.8852,-22.77334,5.076189,17.83294,0,0,0,-22.93654,4.938949,17.74311
144.896,-22.77334,5.076189,17.83294,0,0,0,-22.93654,4.938949,17.74311
144.9083,-22.77337,5.078827,17.83285,0,0,0,-22.93654,4.938949,17.74311
144.9192,-22.77337,5.078827,17.83285,0,0,0,-22.93654,4.938949,17.74311
144.9299,-22.77414,5.080245,17.83099,0,0,0,-22.93654,4.938949,17.74311
144.9397,-22.77414,5.080245,17.83099,0,0,0,-22.93654,4.938949,17.74311
144.9497,-22.77453,5.080957,17.83006,0,0,0,-22.93654,4.938949,17.74311
144.9588,-22.77453,5.080957,17.83006,0,0,0,-22.93654,4.938949,17.74311
144.9668,-22.77486,5.081689,17.82671,0,0,0,-22.93654,4.938949,17.74311
144.976,-22.77486,5.081689,17.82671,0,0,0,-22.93654,4.938949,17.74311
144.9881,-22.7774,5.082288,17.82671,0,0,0,-22.93654,4.938949,17.74311
144.998,-22.7774,5.082288,17.82671,0,0,0,-22.93654,4.938949,17.74311
145.0069,-22.77709,5.082716,17.82487,0,0,0,-22.93654,4.938949,17.74311
145.0157,-22.77709,5.082716,17.82487,0,0,0,-22.93654,4.938949,17.74311
145.0233,-22.7798,5.083583,17.82445,0,0,0,-22.93654,4.938949,17.74311
145.0332,-22.7798,5.083583,17.82445,0,0,0,-22.93654,4.938949,17.74311
145.0413,-22.77923,5.084102,17.82501,0,0,0,-22.93654,4.938949,17.74311
145.0505,-22.77923,5.084102,17.82501,0,0,0,-22.93654,4.938949,17.74311
145.0584,-22.77923,5.084102,17.82501,0,0,0,-22.93654,4.938949,17.74311
145.0672,-22.78046,5.084417,17.82379,0,0,0,-22.93654,4.938949,17.74311
145.076,-22.78046,5.084417,17.82379,0,0,0,-22.93654,4.938949,17.74311
145.0835,-22.78146,5.085136,17.82316,0,0,0,-22.93654,4.938949,17.74311
145.0925,-22.78146,5.085136,17.82316,0,0,0,-22.93654,4.938949,17.74311
145.1002,-22.78146,5.085136,17.82316,0,0,0,-22.93654,4.938949,17.74311
145.1095,-22.78146,5.085136,17.82316,0,0,0,-22.93654,4.938949,17.74311
145.1173,-22.78146,5.085136,17.82316,0,0,0,-22.93654,4.938949,17.74311
145.1254,-22.78206,5.085136,17.82345,0,0,0,-22.93654,4.938949,17.74311
145.1351,-22.78206,5.085136,17.82345,0,0,0,-22.93654,4.938949,17.74311
145.1434,-22.78484,5.08534,17.82285,0,0,0,-22.93654,4.938949,17.74311
145.1556,-22.78484,5.08534,17.82285,0,0,0,-22.93654,4.938949,17.74311
145.1631,-22.78305,5.085856,17.82282,0,0,0,-22.93654,4.938949,17.74311
145.1719,-22.78305,5.085856,17.82282,0,0,0,-22.93654,4.938949,17.74311
145.1797,-22.78305,5.085856,17.82282,0,0,0,-22.93654,4.938949,17.74311
145.1881,-22.78426,5.085856,17.82341,0,0,0,-22.93654,4.938949,17.74311
145.1967,-22.78426,5.085856,17.82341,0,0,0,-22.93654,4.938949,17.74311
145.2041,-22.78426,5.085856,17.82341,0,0,0,-22.93654,4.938949,17.74311
145.2123,-22.78426,5.085856,17.82341,0,0,0,-22.93654,4.938949,17.74311
145.2204,-22.78424,5.085537,17.82522,0,0,0,-22.93654,4.938949,17.74311
145.2285,-22.78424,5.085537,17.82522,0,0,0,-22.93654,4.938949,17.74311
145.2372,-22.78424,5.085537,17.82522,0,0,0,-22.93654,4.938949,17.74311
145.2467,-22.78638,5.085106,17.82793,0,0,0,-22.93654,4.938949,17.74311
145.2564,-22.78638,5.085106,17.82793,0,0,0,-22.93654,4.938949,17.74311
145.2648,-22.78575,5.084793,17.82945,0,0,0,-22.93654,4.938949,17.74311
145.2761,-22.78575,5.084793,17.82945,0,0,0,-22.93654,4.938949,17.74311
145.2835,-22.78574,5.084481,17.83126,0,0,0,-22.93654,4.938949,17.74311
145.2918,-22.78574,5.084481,17.83126,0,0,0,-22.93654,4.938949,17.74311
145.2995,-22.78574,5.084481,17.83126,0,0,0,-22.93654,4.938949,17.74311
145.3073,-22.7851,5.083864,17.83459,0,0,0,-22.93654,4.938949,17.74311
145.3162,-22.7851,5.083864,17.83459,0,0,0,-22.93654,4.938949,17.74311
145.3261,-22.78571,5.083864,17.83488,0,0,0,-22.93654,4.938949,17.74311
145.335,-22.78571,5.083864,17.83488,0,0,0,-22.93654,4.938949,17.74311
145.3425,-22.78693,5.083864,17.83547,0,0,0,-22.93654,4.938949,17.74311
145.3523,-22.78693,5.083864,17.83547,0,0,0,-22.93654,4.938949,17.74311
145.3613,-22.7863,5.083254,17.8388,0,0,0,-22.93654,4.938949,17.74311
145.3709,-22.7863,5.083254,17.8388,0,0,0,-22.93654,4.938949,17.74311
145.3784,-22.7863,5.083254,17.8388,0,0,0,-22.93654,4.938949,17.74311
145.3862,-22.78614,5.083333,17.84018,0,0,0,-22.93654,4.938949,17.74311
145.395,-22.78614,5.083333,17.84018,0,0,0,-22.93654,4.938949,17.74311
145.4054,-22.78708,5.083565,17.84147,0,0,0,-22.93654,4.938949,17.74311
145.4142,-22.78708,5.083565,17.84147,0,0,0,-22.93654,4.938949,17.74311
145.4218,-22.78864,5.084094,17.84123,0,0,0,-22.93654,4.938949,17.74311
145.4328,-22.78864,5.084094,17.84123,0,0,0,-22.93654,4.938949,17.74311
145.444,-22.79114,5.084209,17.84312,0,0,0,-22.93654,4.938949,17.74311
145.4537,-22.79114,5.084209,17.84312,0,0,0,-22.93654,4.938949,17.74311
145.4615,-22.78914,5.084292,17.84363,0,0,0,-22.93654,4.938949,17.74311
145.4726,-22.78914,5.084292,17.84363,0,0,0,-22.93654,4.938949,17.74311
145.4803,-22.79165,5.084999,17.84189,0,0,0,-22.93654,4.938949,17.74311
145.4902,-22.79165,5.084999,17.84189,0,0,0,-22.93654,4.938949,17.74311
145.4985,-22.79165,5.084999,17.84189,0,0,0,-22.93654,4.938949,17.74311
145.5065,-22.79043,5.085642,17.84046,0,0,0,-22.93654,4.938949,17.74311
145.5185,-22.79043,5.085642,17.84046,0,0,0,-22.93654,4.938949,17.74311
145.53,-22.79176,5.08717,17.83718,0,0,0,-22.93654,4.938949,17.74311
145.5408,-22.79193,5.087434,17.83677,0,0,0,-22.93654,4.938949,17.74311
145.5506,-22.79193,5.087434,17.83677,0,0,0,-22.93654,4.938949,17.74311
145.5597,-22.79193,5.087434,17.83677,0,0,0,-22.93654,4.938949,17.74311
145.5678,-22.79288,5.088562,17.83261,0,0,0,-22.93654,4.938949,17.74311
145.5775,-22.79288,5.088562,17.83261,0,0,0,-22.93654,4.938949,17.74311
145.5867,-22.7932,5.090247,17.83004,0,0,0,-22.93654,4.938949,17.74311
145.5957,-22.7932,5.090247,17.83004,0,0,0,-22.93654,4.938949,17.74311
145.6034,-22.79337,5.090509,17.82963,0,0,0,-22.93654,4.938949,17.74311
145.612,-22.79337,5.090509,17.82963,0,0,0,-22.93654,4.938949,17.74311
145.6199,-22.79337,5.090509,17.82963,0,0,0,-22.93654,4.938949,17.74311
145.6308,-22.79384,5.09215,17.82845,0,0,0,-22.93654,4.938949,17.74311
145.6397,-22.79384,5.09215,17.82845,0,0,0,-22.93654,4.938949,17.74311
145.6473,-22.79439,5.093125,17.82711,0,0,0,-22.93654,4.938949,17.74311
145.6561,-22.79439,5.093125,17.82711,0,0,0,-22.93654,4.938949,17.74311
145.6636,-22.79587,5.093677,17.82789,0,0,0,-22.93654,4.938949,17.74311
145.6729,-22.79587,5.093677,17.82789,0,0,0,-22.93654,4.938949,17.74311
145.6805,-22.79527,5.094624,17.82494,0,0,0,-22.93654,4.938949,17.74311
145.6909,-22.79527,5.094624,17.82494,0,0,0,-22.93654,4.938949,17.74311
145.6984,-22.79527,5.094624,17.82494,0,0,0,-22.93654,4.938949,17.74311
145.7065,-22.79787,5.096264,17.82296,0,0,0,-22.93654,4.938949,17.74311
145.7149,-22.79787,5.096264,17.82296,0,0,0,-22.93654,4.938949,17.74311
145.7224,-22.79866,5.096837,17.82103,0,0,0,-22.93654,4.938949,17.74311
145.7313,-22.79866,5.096837,17.82103,0,0,0,-22.93654,4.938949,17.74311
145.7391,-22.79866,5.096837,17.82103,0,0,0,-22.93654,4.938949,17.74311
145.7467,-22.79904,5.097555,17.82009,0,0,0,-22.93654,4.938949,17.74311
145.7572,-22.79904,5.097555,17.82009,0,0,0,-22.93654,4.938949,17.74311
145.7649,-22.79983,5.09813,17.81816,0,0,0,-22.93654,4.938949,17.74311
145.7737,-22.79983,5.09813,17.81816,0,0,0,-22.93654,4.938949,17.74311
145.7811,-22.79959,5.098534,17.81875,0,0,0,-22.93654,4.938949,17.74311
145.7896,-22.79959,5.098534,17.81875,0,0,0,-22.93654,4.938949,17.74311
145.7976,-22.79959,5.098534,17.81875,0,0,0,-22.93654,4.938949,17.74311
145.8055,-22.80058,5.099573,17.8163,0,0,0,-22.93654,4.938949,17.74311
145.8145,-22.80058,5.099573,17.8163,0,0,0,-22.93654,4.938949,17.74311
145.8219,-22.80182,5.100217,17.81326,0,0,0,-22.93654,4.938949,17.74311
145.8331,-22.80182,5.100217,17.81326,0,0,0,-22.93654,4.938949,17.74311
145.8405,-22.80322,5.101129,17.80982,0,0,0,-22.93654,4.938949,17.74311
145.8489,-22.80322,5.101129,17.80982,0,0,0,-22.93654,4.938949,17.74311
145.8563,-22.80322,5.101129,17.80982,0,0,0,-22.93654,4.938949,17.74311
145.864,-22.80446,5.10179,17.80679,0,0,0,-22.93654,4.938949,17.74311
145.8724,-22.80446,5.10179,17.80679,0,0,0,-22.93654,4.938949,17.74311
145.8809,-22.80484,5.102521,17.80585,0,0,0,-22.93654,4.938949,17.74311
145.8895,-22.80484,5.102521,17.80585,0,0,0,-22.93654,4.938949,17.74311
145.897,-22.80484,5.102521,17.80585,0,0,0,-22.93654,4.938949,17.74311
145.9049,-22.80762,5.10308,17.80343,0,0,0,-22.93654,4.938949,17.74311
145.9143,-22.80762,5.10308,17.80343,0,0,0,-22.93654,4.938949,17.74311
145.9259,-22.80669,5.103533,17.80131,0,0,0,-22.93654,4.938949,17.74311
145.9356,-22.80669,5.103533,17.80131,0,0,0,-22.93654,4.938949,17.74311
145.9431,-22.80731,5.103874,17.7998,0,0,0,-22.93654,4.938949,17.74311
145.952,-22.80731,5.103874,17.7998,0,0,0,-22.93654,4.938949,17.74311
145.96,-22.80792,5.104218,17.79829,0,0,0,-22.93654,4.938949,17.74311
145.9687,-22.80792,5.104218,17.79829,0,0,0,-22.93654,4.938949,17.74311
145.9767,-22.80792,5.104218,17.79829,0,0,0,-22.93654,4.938949,17.74311
145.985,-22.80854,5.104563,17.79678,0,0,0,-22.93654,4.938949,17.74311
145.9938,-22.80854,5.104563,17.79678,0,0,0,-22.93654,4.938949,17.74311
146.0022,-22.80854,5.104563,17.79678,0,0,0,-22.93654,4.938949,17.74311
146.0107,-22.80854,5.104563,17.79678,0,0,0,-22.93654,4.938949,17.74311
146.0182,-22.80854,5.104563,17.79678,0,0,0,-22.93654,4.938949,17.74311
146.0285,-22.80916,5.104911,17.79527,0,0,0,-22.93654,4.938949,17.74311
146.0369,-22.80916,5.104911,17.79527,0,0,0,-22.93654,4.938949,17.74311
146.0443,-22.80916,5.104911,17.79527,0,0,0,-22.93654,4.938949,17.74311
146.0527,-22.80916,5.104911,17.79527,0,0,0,-22.93654,4.938949,17.74311
146.0607,-22.80761,5.105027,17.79466,0,0,0,-22.93654,4.938949,17.74311
146.0704,-22.80761,5.105027,17.79466,0,0,0,-22.93654,4.938949,17.74311
146.0784,-22.80761,5.105027,17.79466,0,0,0,-22.93654,4.938949,17.74311
146.0889,-22.80916,5.104911,17.79526,0,0,0,-22.93654,4.938949,17.74311
146.0986,-22.80916,5.104911,17.79526,0,0,0,-22.93654,4.938949,17.74311
146.1069,-22.80916,5.104911,17.79527,0,0,0,-22.93654,4.938949,17.74311
146.116,-22.80916,5.104911,17.79527,0,0,0,-22.93654,4.938949,17.74311
146.1256,-22.80899,5.104651,17.79568,0,0,0,-22.93654,4.938949,17.74311
146.1355,-22.80899,5.104651,17.79568,0,0,0,-22.93654,4.938949,17.74311
146.1435,-22.80899,5.104651,17.79568,0,0,0,-22.93654,4.938949,17.74311
146.1525,-22.80899,5.104651,17.79568,0,0,0,-22.93654,4.938949,17.74311
146.1615,-22.80899,5.104651,17.79568,0,0,0,-22.93654,4.938949,17.74311
146.1722,-22.80899,5.104651,17.79568,0,0,0,-22.93654,4.938949,17.74311
146.1803,-22.80899,5.104651,17.79568,0,0,0,-22.93654,4.938949,17.74311
146.1908,-22.80899,5.104651,17.79568,0,0,0,-22.93654,4.938949,17.74311
146.1991,-22.80899,5.104651,17.79568,0,0,0,-22.93654,4.938949,17.74311
146.2075,-22.80744,5.104768,17.79507,0,0,0,-22.93654,4.938949,17.74311
146.2179,-22.80744,5.104768,17.79507,0,0,0,-22.93654,4.938949,17.74311
146.2261,-22.80744,5.104768,17.79507,0,0,0,-22.93654,4.938949,17.74311
146.2357,-22.80744,5.104768,17.79507,0,0,0,-22.93654,4.938949,17.74311
146.2447,-22.80744,5.104768,17.79507,0,0,0,-22.93654,4.938949,17.74311
146.2536,-22.80744,5.104768,17.79507,0,0,0,-22.93654,4.938949,17.74311
146.2626,-22.80744,5.104768,17.79507,0,0,0,-22.93654,4.938949,17.74311
146.2717,-22.80744,5.104768,17.79507,0,0,0,-22.93654,4.938949,17.74311
146.2793,-22.80744,5.104768,17.79507,0,0,0,-22.93654,4.938949,17.74311
146.2875,-22.80961,5.105001,17.79417,0,0,0,-22.93654,4.938949,17.74311
146.2961,-22.80961,5.105001,17.79417,0,0,0,-22.93654,4.938949,17.74311
146.3049,-22.80744,5.104768,17.79507,0,0,0,-22.93654,4.938949,17.74311
146.3175,-22.80744,5.104768,17.79507,0,0,0,-22.93654,4.938949,17.74311
146.3276,-22.80806,5.105116,17.79356,0,0,0,-22.93654,4.938949,17.74311
146.3378,-22.80806,5.105116,17.79356,0,0,0,-22.93654,4.938949,17.74311
146.348,-22.80744,5.104767,17.79507,0,0,0,-22.93654,4.938949,17.74311
146.3572,-22.80744,5.104767,17.79507,0,0,0,-22.93654,4.938949,17.74311
146.3651,-22.80806,5.105116,17.79356,0,0,0,-22.93654,4.938949,17.74311
146.3741,-22.80806,5.105116,17.79356,0,0,0,-22.93654,4.938949,17.74311
146.3869,-22.80806,5.105116,17.79356,0,0,0,-22.93654,4.938949,17.74311
146.3956,-22.80806,5.105116,17.79356,0,0,0,-22.93654,4.938949,17.74311
146.404,-22.80806,5.105117,17.79356,0,0,0,-22.93654,4.938949,17.74311
146.4158,-22.80806,5.105117,17.79356,0,0,0,-22.93654,4.938949,17.74311
146.4237,-22.80806,5.105116,17.79356,0,0,0,-22.93654,4.938949,17.74311
146.4326,-22.80806,5.105116,17.79356,0,0,0,-22.93654,4.938949,17.74311
146.4403,-22.80806,5.105116,17.79356,0,0,0,-22.93654,4.938949,17.74311
146.4501,-22.80806,5.105116,17.79356,0,0,0,-22.93654,4.938949,17.74311
146.4581,-22.80806,5.105116,17.79356,0,0,0,-22.93654,4.938949,17.74311
146.4668,-22.80806,5.105116,17.79356,0,0,0,-22.93654,4.938949,17.74311
146.4756,-22.80806,5.105116,17.79356,0,0,0,-22.93654,4.938949,17.74311
146.4832,-22.80651,5.105234,17.79296,0,0,0,-22.93654,4.938949,17.74311
146.4922,-22.80651,5.105234,17.79296,0,0,0,-22.93654,4.938949,17.74311
146.503,-22.80651,5.105235,17.79296,0,0,0,-22.93654,4.938949,17.74311
146.5117,-22.80651,5.105235,17.79296,0,0,0,-22.93654,4.938949,17.74311
146.5225,-22.80651,5.105235,17.79296,0,0,0,-22.93654,4.938949,17.74311
146.5315,-22.80651,5.105235,17.79296,0,0,0,-22.93654,4.938949,17.74311
146.5435,-22.80651,5.105235,17.79296,0,0,0,-22.93654,4.938949,17.74311
146.5539,-22.80651,5.105235,17.79296,0,0,0,-22.93654,4.938949,17.74311
146.5643,-22.80651,5.105235,17.79296,0,0,0,-22.93654,4.938949,17.74311
146.5738,-22.80651,5.105235,17.79296,0,0,0,-22.93654,4.938949,17.74311
146.5814,-22.80712,5.105587,17.79144,0,0,0,-22.93654,4.938949,17.74311
146.5902,-22.80712,5.105587,17.79144,0,0,0,-22.93654,4.938949,17.74311
146.5976,-22.80712,5.105587,17.79144,0,0,0,-22.93654,4.938949,17.74311
146.6084,-22.80634,5.104976,17.79337,0,0,0,-22.93654,4.938949,17.74311
146.6171,-22.80634,5.104976,17.79337,0,0,0,-22.93654,4.938949,17.74311
146.6265,-22.80478,5.105094,17.79276,0,0,0,-22.93654,4.938949,17.74311
146.6353,-22.80478,5.105094,17.79276,0,0,0,-22.93654,4.938949,17.74311
146.6439,-22.80634,5.104975,17.79337,0,0,0,-22.93654,4.938949,17.74311
146.6563,-22.80634,5.104975,17.79337,0,0,0,-22.93654,4.938949,17.74311
146.6647,-22.80462,5.104835,17.79317,0,0,0,-22.93654,4.938949,17.74311
146.6742,-22.80462,5.104835,17.79317,0,0,0,-22.93654,4.938949,17.74311
146.6817,-22.80523,5.105187,17.79166,0,0,0,-22.93654,4.938949,17.74311
146.6914,-22.80523,5.105187,17.79166,0,0,0,-22.93654,4.938949,17.74311
146.6997,-22.80523,5.105187,17.79166,0,0,0,-22.93654,4.938949,17.74311
146.7081,-22.80523,5.105187,17.79166,0,0,0,-22.93654,4.938949,17.74311
146.7202,-22.80445,5.104576,17.79359,0,0,0,-22.93654,4.938949,17.74311
146.7299,-22.80445,5.104576,17.79359,0,0,0,-22.93654,4.938949,17.74311
146.7382,-22.80445,5.104576,17.79359,0,0,0,-22.93654,4.938949,17.74311
146.7458,-22.80428,5.104315,17.794,0,0,0,-22.93654,4.938949,17.74311
146.7545,-22.80428,5.104315,17.794,0,0,0,-22.93654,4.938949,17.74311
146.7625,-22.80428,5.104314,17.794,0,0,0,-22.93654,4.938949,17.74311
146.7716,-22.80428,5.104314,17.794,0,0,0,-22.93654,4.938949,17.74311
146.7793,-22.80428,5.104314,17.794,0,0,0,-22.93654,4.938949,17.74311
146.787,-22.80532,5.104406,17.79319,0,0,0,-22.93654,4.938949,17.74311
146.7958,-22.80532,5.104406,17.79319,0,0,0,-22.93654,4.938949,17.74311
146.8077,-22.80515,5.104146,17.7936,0,0,0,-22.93654,4.938949,17.74311
146.8183,-22.80515,5.104146,17.7936,0,0,0,-22.93654,4.938949,17.74311
146.8314,-22.80575,5.104146,17.79388,0,0,0,-22.93654,4.938949,17.74311
146.8409,-22.80575,5.104146,17.79388,0,0,0,-22.93654,4.938949,17.74311
146.8553,-22.80575,5.104146,17.79388,0,0,0,-22.93654,4.938949,17.74311
146.8677,-22.80575,5.104146,17.79388,0,0,0,-22.93654,4.938949,17.74311
146.8776,-22.80575,5.104146,17.79388,0,0,0,-22.93654,4.938949,17.74311
146.8905,-22.80634,5.104146,17.79417,0,0,0,-22.93654,4.938949,17.74311
146.9023,-22.80634,5.104146,17.79417,0,0,0,-22.93654,4.938949,17.74311
146.9129,-22.80634,5.104146,17.79417,0,0,0,-22.93654,4.938949,17.74311
146.9236,-22.80677,5.103886,17.79487,0,0,0,-22.93654,4.938949,17.74311
146.9328,-22.80677,5.103886,17.79487,0,0,0,-22.93654,4.938949,17.74311
146.9413,-22.80677,5.103885,17.79487,0,0,0,-22.93654,4.938949,17.74311
146.9504,-22.80677,5.103885,17.79487,0,0,0,-22.93654,4.938949,17.74311
146.9589,-22.80677,5.103885,17.79487,0,0,0,-22.93654,4.938949,17.74311
146.9668,-22.80736,5.103885,17.79515,0,0,0,-22.93654,4.938949,17.74311
146.9767,-22.80736,5.103885,17.79515,0,0,0,-22.93654,4.938949,17.74311
146.9844,-22.80736,5.103885,17.79515,0,0,0,-22.93654,4.938949,17.74311
146.9935,-22.80736,5.103885,17.79515,0,0,0,-22.93654,4.938949,17.74311
147.0026,-22.80736,5.103885,17.79515,0,0,0,-22.93654,4.938949,17.74311
147.0141,-22.80736,5.103885,17.79515,0,0,0,-22.93654,4.938949,17.74311
147.0219,-22.80736,5.103885,17.79515,0,0,0,-22.93654,4.938949,17.74311
147.0307,-22.80736,5.103885,17.79515,0,0,0,-22.93654,4.938949,17.74311
147.0395,-22.80736,5.103885,17.79515,0,0,0,-22.93654,4.938949,17.74311
147.0471,-22.80736,5.103885,17.79515,0,0,0,-22.93654,4.938949,17.74311
147.056,-22.80736,5.103885,17.79515,0,0,0,-22.93654,4.938949,17.74311
147.0645,-22.80613,5.103184,17.79818,0,0,0,-22.93654,4.938949,17.74311
147.0768,-22.80613,5.103184,17.79818,0,0,0,-22.93654,4.938949,17.74311
147.0847,-22.80613,5.103184,17.79818,0,0,0,-22.93654,4.938949,17.74311
147.0937,-22.80613,5.103184,17.79818,0,0,0,-22.93654,4.938949,17.74311
147.1045,-22.80613,5.103184,17.79818,0,0,0,-22.93654,4.938949,17.74311
147.1135,-22.80613,5.103184,17.79818,0,0,0,-22.93654,4.938949,17.74311
147.1217,-22.80535,5.102576,17.8001,0,0,0,-22.93654,4.938949,17.74311
147.1305,-22.80535,5.102576,17.8001,0,0,0,-22.93654,4.938949,17.74311
147.1385,-22.80535,5.102576,17.8001,0,0,0,-22.93654,4.938949,17.74311
147.1462,-22.80535,5.102576,17.8001,0,0,0,-22.93654,4.938949,17.74311
147.155,-22.80535,5.102576,17.8001,0,0,0,-22.93654,4.938949,17.74311
147.1623,-22.8058,5.102662,17.79901,0,0,0,-22.93654,4.938949,17.74311
147.1731,-22.8058,5.102662,17.79901,0,0,0,-22.93654,4.938949,17.74311
147.1807,-22.80363,5.102437,17.79992,0,0,0,-22.93654,4.938949,17.74311
147.1895,-22.80363,5.102437,17.79992,0,0,0,-22.93654,4.938949,17.74311
147.1973,-22.80363,5.102437,17.79992,0,0,0,-22.93654,4.938949,17.74311
147.2056,-22.80518,5.102314,17.80052,0,0,0,-22.93654,4.938949,17.74311
147.2143,-22.80518,5.102314,17.80052,0,0,0,-22.93654,4.938949,17.74311
147.222,-22.80518,5.102314,17.80052,0,0,0,-22.93654,4.938949,17.74311
147.2316,-22.80518,5.102314,17.80052,0,0,0,-22.93654,4.938949,17.74311
147.2392,-22.80518,5.102314,17.80052,0,0,0,-22.93654,4.938949,17.74311
147.2466,-22.80484,5.102784,17.79869,0,0,0,-22.93654,4.938949,17.74311
147.2555,-22.80484,5.102784,17.79869,0,0,0,-22.93654,4.938949,17.74311
147.2625,-22.80578,5.102314,17.8008,0,0,0,-22.93654,4.938949,17.74311
147.2717,-22.80578,5.102314,17.8008,0,0,0,-22.93654,4.938949,17.74311
147.2793,-22.80578,5.102314,17.8008,0,0,0,-22.93654,4.938949,17.74311
147.2878,-22.80638,5.102314,17.80109,0,0,0,-22.93654,4.938949,17.74311
147.2962,-22.80638,5.102314,17.80109,0,0,0,-22.93654,4.938949,17.74311
147.3038,-22.80697,5.102314,17.80137,0,0,0,-22.93654,4.938949,17.74311
147.3126,-22.80697,5.102314,17.80137,0,0,0,-22.93654,4.938949,17.74311
147.3204,-22.80697,5.102314,17.80137,0,0,0,-22.93654,4.938949,17.74311
147.3318,-22.80697,5.102314,17.80137,0,0,0,-22.93654,4.938949,17.74311
147.3394,-22.80697,5.102314,17.80137,0,0,0,-22.93654,4.938949,17.74311
147.3496,-22.80878,5.102662,17.80043,0,0,0,-22.93654,4.938949,17.74311
147.3598,-22.80878,5.102662,17.80043,0,0,0,-22.93654,4.938949,17.74311
147.3671,-22.80877,5.102314,17.80223,0,0,0,-22.93654,4.938949,17.74311
147.3763,-22.80877,5.102314,17.80223,0,0,0,-22.93654,4.938949,17.74311
147.3868,-22.80996,5.102314,17.80279,0,0,0,-22.93654,4.938949,17.74311
147.3953,-22.80996,5.102314,17.80279,0,0,0,-22.93654,4.938949,17.74311
147.4026,-22.81056,5.102314,17.80308,0,0,0,-22.93654,4.938949,17.74311
147.4111,-22.81056,5.102314,17.80308,0,0,0,-22.93654,4.938949,17.74311
147.4189,-22.81056,5.102314,17.80308,0,0,0,-22.93654,4.938949,17.74311
147.4303,-22.81175,5.102314,17.80364,0,0,0,-22.93654,4.938949,17.74311
147.4388,-22.81175,5.102314,17.80364,0,0,0,-22.93654,4.938949,17.74311
147.4487,-22.81235,5.102315,17.80392,0,0,0,-22.93654,4.938949,17.74311
147.4578,-22.81235,5.102315,17.80392,0,0,0,-22.93654,4.938949,17.74311
147.4678,-22.81234,5.101968,17.80573,0,0,0,-22.93654,4.938949,17.74311
147.477,-22.81234,5.101968,17.80573,0,0,0,-22.93654,4.938949,17.74311
147.4858,-22.81234,5.101625,17.80753,0,0,0,-22.93654,4.938949,17.74311
147.4941,-22.81234,5.101625,17.80753,0,0,0,-22.93654,4.938949,17.74311
147.5018,-22.81234,5.101625,17.80753,0,0,0,-22.93654,4.938949,17.74311
147.5109,-22.81234,5.101625,17.80753,0,0,0,-22.93654,4.938949,17.74311
147.5197,-22.81234,5.101625,17.80753,0,0,0,-22.93654,4.938949,17.74311
147.5272,-22.81234,5.101625,17.80753,0,0,0,-22.93654,4.938949,17.74311
147.5385,-22.81234,5.101625,17.80753,0,0,0,-22.93654,4.938949,17.74311
147.5469,-22.81173,5.101284,17.80904,0,0,0,-22.93654,4.938949,17.74311
147.5553,-22.81173,5.101284,17.80904,0,0,0,-22.93654,4.938949,17.74311
147.5626,-22.81173,5.101284,17.80904,0,0,0,-22.93654,4.938949,17.74311
147.5726,-22.81173,5.101284,17.80904,0,0,0,-22.93654,4.938949,17.74311
147.58,-22.81173,5.101284,17.80904,0,0,0,-22.93654,4.938949,17.74311
147.5896,-22.81173,5.101284,17.80904,0,0,0,-22.93654,4.938949,17.74311
147.5975,-22.81173,5.101284,17.80904,0,0,0,-22.93654,4.938949,17.74311
147.6056,-22.81113,5.100945,17.81056,0,0,0,-22.93654,4.938949,17.74311
147.616,-22.81113,5.100945,17.81056,0,0,0,-22.93654,4.938949,17.74311
147.6252,-22.81113,5.100945,17.81056,0,0,0,-22.93654,4.938949,17.74311
147.6344,-22.81113,5.100945,17.81056,0,0,0,-22.93654,4.938949,17.74311
147.6432,-22.81113,5.100945,17.81056,0,0,0,-22.93654,4.938949,17.74311
147.6534,-22.81113,5.100945,17.81056,0,0,0,-22.93654,4.938949,17.74311
147.661,-22.81113,5.100945,17.81056,0,0,0,-22.93654,4.938949,17.74311
147.6714,-22.81113,5.100945,17.81056,0,0,0,-22.93654,4.938949,17.74311
147.6804,-22.81113,5.100945,17.81056,0,0,0,-22.93654,4.938949,17.74311
147.6909,-22.81113,5.100945,17.81056,0,0,0,-22.93654,4.938949,17.74311
147.6995,-22.81113,5.100945,17.81056,0,0,0,-22.93654,4.938949,17.74311
147.7085,-22.81052,5.100608,17.81208,0,0,0,-22.93654,4.938949,17.74311
147.7182,-22.81052,5.100608,17.81208,0,0,0,-22.93654,4.938949,17.74311
147.727,-22.81113,5.100945,17.81056,0,0,0,-22.93654,4.938949,17.74311
147.7368,-22.81113,5.100945,17.81056,0,0,0,-22.93654,4.938949,17.74311
147.746,-22.81052,5.100608,17.81208,0,0,0,-22.93654,4.938949,17.74311
147.7552,-22.81052,5.100608,17.81208,0,0,0,-22.93654,4.938949,17.74311
147.7627,-22.81052,5.100608,17.81208,0,0,0,-22.93654,4.938949,17.74311
147.7719,-22.81052,5.100608,17.81208,0,0,0,-22.93654,4.938949,17.74311
147.7839,-22.80992,5.100273,17.8136,0,0,0,-22.93654,4.938949,17.74311
147.7942,-22.80992,5.100273,17.8136,0,0,0,-22.93654,4.938949,17.74311
147.8017,-22.81052,5.100608,17.81208,0,0,0,-22.93654,4.938949,17.74311
147.8106,-22.81052,5.100608,17.81208,0,0,0,-22.93654,4.938949,17.74311
147.8185,-22.81052,5.100608,17.81208,0,0,0,-22.93654,4.938949,17.74311
147.8261,-22.81052,5.100608,17.81208,0,0,0,-22.93654,4.938949,17.74311
147.8347,-22.81052,5.100608,17.81208,0,0,0,-22.93654,4.938949,17.74311
147.8424,-22.80931,5.100273,17.81331,0,0,0,-22.93654,4.938949,17.74311
147.8514,-22.80931,5.100273,17.81331,0,0,0,-22.93654,4.938949,17.74311
147.8595,-22.80931,5.100273,17.81331,0,0,0,-22.93654,4.938949,17.74311
147.8712,-22.80955,5.099874,17.81273,0,0,0,-22.93654,4.938949,17.74311
147.8811,-22.81016,5.100211,17.81121,0,0,0,-22.93654,4.938949,17.74311
147.8904,-22.81016,5.100211,17.81121,0,0,0,-22.93654,4.938949,17.74311
147.8985,-22.81016,5.100211,17.81121,0,0,0,-22.93654,4.938949,17.74311
147.9061,-22.81016,5.100211,17.81121,0,0,0,-22.93654,4.938949,17.74311
147.9148,-22.81016,5.100211,17.81121,0,0,0,-22.93654,4.938949,17.74311
147.9231,-22.81016,5.100211,17.81121,0,0,0,-22.93654,4.938949,17.74311
147.9326,-22.81016,5.100211,17.81121,0,0,0,-22.93654,4.938949,17.74311
147.9403,-22.81171,5.100091,17.81181,0,0,0,-22.93654,4.938949,17.74311
147.9485,-22.81171,5.100091,17.81181,0,0,0,-22.93654,4.938949,17.74311
147.9568,-22.81171,5.100091,17.81181,0,0,0,-22.93654,4.938949,17.74311
147.9642,-22.80955,5.100211,17.81093,0,0,0,-22.93654,4.938949,17.74311
147.9726,-22.80955,5.100211,17.81093,0,0,0,-22.93654,4.938949,17.74311
147.9801,-22.80955,5.100211,17.81093,0,0,0,-22.93654,4.938949,17.74311
147.9893,-22.80955,5.100211,17.81093,0,0,0,-22.93654,4.938949,17.74311
148.0024,-22.80955,5.100211,17.81093,0,0,0,-22.93654,4.938949,17.74311
148.0107,-22.80955,5.100211,17.81093,0,0,0,-22.93654,4.938949,17.74311
148.0183,-22.80955,5.100211,17.81093,0,0,0,-22.93654,4.938949,17.74311
148.027,-22.80955,5.100211,17.81093,0,0,0,-22.93654,4.938949,17.74311
148.0371,-22.80955,5.100211,17.81093,0,0,0,-22.93654,4.938949,17.74311
148.047,-22.80955,5.100211,17.81093,0,0,0,-22.93654,4.938949,17.74311
148.0556,-22.80955,5.100211,17.81093,0,0,0,-22.93654,4.938949,17.74311
148.0628,-22.81111,5.100091,17.81152,0,0,0,-22.93654,4.938949,17.74311
148.0715,-22.81111,5.100091,17.81152,0,0,0,-22.93654,4.938949,17.74311
148.0803,-22.80955,5.100211,17.81093,0,0,0,-22.93654,4.938949,17.74311
148.0901,-22.80955,5.100211,17.81093,0,0,0,-22.93654,4.938949,17.74311
148.0975,-22.80955,5.100211,17.81093,0,0,0,-22.93654,4.938949,17.74311
148.1048,-22.81016,5.100549,17.80941,0,0,0,-22.93654,4.938949,17.74311
148.114,-22.81016,5.100549,17.80941,0,0,0,-22.93654,4.938949,17.74311
148.1238,-22.80955,5.100211,17.81093,0,0,0,-22.93654,4.938949,17.74311
148.1321,-22.80955,5.100211,17.81093,0,0,0,-22.93654,4.938949,17.74311
148.1394,-22.80955,5.100211,17.81093,0,0,0,-22.93654,4.938949,17.74311
148.1467,-22.80955,5.100211,17.81093,0,0,0,-22.93654,4.938949,17.74311
148.1579,-22.80955,5.100211,17.81093,0,0,0,-22.93654,4.938949,17.74311
148.1668,-22.81111,5.100091,17.81152,0,0,0,-22.93654,4.938949,17.74311
148.1761,-22.81111,5.100091,17.81152,0,0,0,-22.93654,4.938949,17.74311
148.1852,-22.80955,5.100211,17.81093,0,0,0,-22.93654,4.938949,17.74311
148.1936,-22.80955,5.100211,17.81093,0,0,0,-22.93654,4.938949,17.74311
148.201,-22.81111,5.100091,17.81152,0,0,0,-22.93654,4.938949,17.74311
148.2102,-22.81111,5.100091,17.81152,0,0,0,-22.93654,4.938949,17.74311
148.2178,-22.81111,5.100091,17.81152,0,0,0,-22.93654,4.938949,17.74311
148.2282,-22.80955,5.100211,17.81093,0,0,0,-22.93654,4.938949,17.74311
148.2379,-22.80955,5.100211,17.81093,0,0,0,-22.93654,4.938949,17.74311
148.2453,-22.81111,5.100091,17.81152,0,0,0,-22.93654,4.938949,17.74311
148.2538,-22.81111,5.100091,17.81152,0,0,0,-22.93654,4.938949,17.74311
148.2611,-22.81111,5.100091,17.81152,0,0,0,-22.93654,4.938949,17.74311
148.2703,-22.81111,5.100091,17.81152,0,0,0,-22.93654,4.938949,17.74311
148.2776,-22.81111,5.100091,17.81152,0,0,0,-22.93654,4.938949,17.74311
148.2848,-22.81111,5.100091,17.81152,0,0,0,-22.93654,4.938949,17.74311
148.2928,-22.81111,5.100091,17.81152,0,0,0,-22.93654,4.938949,17.74311
148.2998,-22.81111,5.100091,17.81152,0,0,0,-22.93654,4.938949,17.74311
148.307,-22.81111,5.100091,17.81152,0,0,0,-22.93654,4.938949,17.74311
148.3176,-22.81111,5.100091,17.81152,0,0,0,-22.93654,4.938949,17.74311
148.3294,-22.80955,5.100211,17.81093,0,0,0,-22.93654,4.938949,17.74311
148.3391,-22.80955,5.100211,17.81093,0,0,0,-22.93654,4.938949,17.74311
148.3475,-22.80955,5.100211,17.81093,0,0,0,-22.93654,4.938949,17.74311
148.3585,-22.80955,5.100211,17.81093,0,0,0,-22.93654,4.938949,17.74311
148.3669,-22.80955,5.100211,17.81093,0,0,0,-22.93654,4.938949,17.74311
148.3759,-22.80955,5.100211,17.81093,0,0,0,-22.93654,4.938949,17.74311
148.3834,-22.80955,5.100211,17.81093,0,0,0,-22.93654,4.938949,17.74311
148.3919,-22.80955,5.100211,17.81093,0,0,0,-22.93654,4.938949,17.74311
148.399,-22.80955,5.100211,17.81093,0,0,0,-22.93654,4.938949,17.74311
148.407,-22.80955,5.100211,17.81093,0,0,0,-22.93654,4.938949,17.74311
148.416,-22.80955,5.100211,17.81093,0,0,0,-22.93654,4.938949,17.74311
148.4235,-22.80955,5.100211,17.81093,0,0,0,-22.93654,4.938949,17.74311
148.433,-22.80955,5.100211,17.81093,0,0,0,-22.93654,4.938949,17.74311
148.4402,-22.80955,5.100211,17.81093,0,0,0,-22.93654,4.938949,17.74311
148.4482,-22.80955,5.100211,17.81093,0,0,0,-22.93654,4.938949,17.74311
148.4558,-22.80955,5.100211,17.81093,0,0,0,-22.93654,4.938949,17.74311
148.4635,-22.80955,5.100211,17.81093,0,0,0,-22.93654,4.938949,17.74311
148.4726,-22.80955,5.100211,17.81093,0,0,0,-22.93654,4.938949,17.74311
148.4823,-22.80955,5.100211,17.81093,0,0,0,-22.93654,4.938949,17.74311
148.4907,-22.80955,5.100211,17.81093,0,0,0,-22.93654,4.938949,17.74311
148.4983,-22.80955,5.100211,17.81093,0,0,0,-22.93654,4.938949,17.74311
148.5064,-22.80955,5.100211,17.81093,0,0,0,-22.93654,4.938949,17.74311
148.5148,-22.80955,5.100211,17.81093,0,0,0,-22.93654,4.938949,17.74311
148.5221,-22.80955,5.100211,17.81093,0,0,0,-22.93654,4.938949,17.74311
148.5313,-22.80955,5.100211,17.81093,0,0,0,-22.93654,4.938949,17.74311
148.5407,-22.81016,5.100549,17.80941,0,0,0,-22.93654,4.938949,17.74311
148.5511,-22.81016,5.100549,17.80941,0,0,0,-22.93654,4.938949,17.74311
148.5605,-22.80955,5.100211,17.81093,0,0,0,-22.93654,4.938949,17.74311
148.5719,-22.80955,5.100211,17.81093,0,0,0,-22.93654,4.938949,17.74311
148.5798,-22.80955,5.100211,17.81093,0,0,0,-22.93654,4.938949,17.74311
148.5912,-22.80955,5.100211,17.81093,0,0,0,-22.93654,4.938949,17.74311
148.6001,-22.80895,5.099874,17.81244,0,0,0,-22.93654,4.938949,17.74311
148.6098,-22.80895,5.099874,17.81244,0,0,0,-22.93654,4.938949,17.74311
148.6172,-22.80895,5.099874,17.81244,0,0,0,-22.93654,4.938949,17.74311
148.625,-22.80773,5.09921,17.81548,0,0,0,-22.93654,4.938949,17.74311
148.634,-22.80773,5.09921,17.81548,0,0,0,-22.93654,4.938949,17.74311
148.6418,-22.80834,5.099541,17.81396,0,0,0,-22.93654,4.938949,17.74311
148.6529,-22.80834,5.099541,17.81396,0,0,0,-22.93654,4.938949,17.74311
148.6607,-22.80773,5.09921,17.81548,0,0,0,-22.93654,4.938949,17.74311
148.6699,-22.80773,5.09921,17.81548,0,0,0,-22.93654,4.938949,17.74311
148.6781,-22.80773,5.09921,17.81548,0,0,0,-22.93654,4.938949,17.74311
148.6869,-22.80773,5.09921,17.81548,0,0,0,-22.93654,4.938949,17.74311
148.6953,-22.80773,5.09921,17.81548,0,0,0,-22.93654,4.938949,17.74311
148.704,-22.80868,5.098761,17.8176,0,0,0,-22.93654,4.938949,17.74311
148.7125,-22.80868,5.098761,17.8176,0,0,0,-22.93654,4.938949,17.74311
148.7205,-22.80713,5.09888,17.817,0,0,0,-22.93654,4.938949,17.74311
148.7291,-22.80713,5.09888,17.817,0,0,0,-22.93654,4.938949,17.74311
148.7377,-22.80713,5.09888,17.817,0,0,0,-22.93654,4.938949,17.74311
148.7464,-22.80892,5.098362,17.81701,0,0,0,-22.93654,4.938949,17.74311
148.7553,-22.80892,5.098362,17.81701,0,0,0,-22.93654,4.938949,17.74311
148.7629,-22.80736,5.098481,17.81642,0,0,0,-22.93654,4.938949,17.74311
148.7723,-22.80736,5.098481,17.81642,0,0,0,-22.93654,4.938949,17.74311
148.7847,-22.80676,5.098153,17.81794,0,0,0,-22.93654,4.938949,17.74311
148.7973,-22.80676,5.098153,17.81794,0,0,0,-22.93654,4.938949,17.74311
148.8046,-22.80676,5.098153,17.81794,0,0,0,-22.93654,4.938949,17.74311
148.8128,-22.80676,5.098153,17.81794,0,0,0,-22.93654,4.938949,17.74311
148.8217,-22.80631,5.098088,17.81904,0,0,0,-22.93654,4.938949,17.74311
148.8307,-22.80631,5.098088,17.81904,0,0,0,-22.93654,4.938949,17.74311
148.8407,-22.80692,5.098414,17.81753,0,0,0,-22.93654,4.938949,17.74311
148.8497,-22.80692,5.098414,17.81753,0,0,0,-22.93654,4.938949,17.74311
148.859,-22.80692,5.098414,17.81753,0,0,0,-22.93654,4.938949,17.74311
148.8681,-22.80692,5.098414,17.81753,0,0,0,-22.93654,4.938949,17.74311
148.8793,-22.80692,5.098414,17.81753,0,0,0,-22.93654,4.938949,17.74311
148.8876,-22.80692,5.098414,17.81753,0,0,0,-22.93654,4.938949,17.74311
148.8967,-22.80692,5.098414,17.81753,0,0,0,-22.93654,4.938949,17.74311
148.9082,-22.80692,5.098414,17.81753,0,0,0,-22.93654,4.938949,17.74311
148.9189,-22.80692,5.098414,17.81753,0,0,0,-22.93654,4.938949,17.74311
148.9288,-22.80692,5.098414,17.81753,0,0,0,-22.93654,4.938949,17.74311
148.9385,-22.80692,5.098414,17.81753,0,0,0,-22.93654,4.938949,17.74311
148.9459,-22.80692,5.098414,17.81753,0,0,0,-22.93654,4.938949,17.74311
148.9551,-22.80692,5.098414,17.81753,0,0,0,-22.93654,4.938949,17.74311
148.9628,-22.80752,5.098413,17.81781,0,0,0,-22.93654,4.938949,17.74311
148.9725,-22.80752,5.098413,17.81781,0,0,0,-22.93654,4.938949,17.74311
148.9802,-22.80752,5.098413,17.81781,0,0,0,-22.93654,4.938949,17.74311
148.9893,-22.80752,5.098413,17.81781,0,0,0,-22.93654,4.938949,17.74311
148.9969,-22.80752,5.098413,17.81781,0,0,0,-22.93654,4.938949,17.74311
149.0056,-22.80752,5.098413,17.81781,0,0,0,-22.93654,4.938949,17.74311
149.014,-22.80752,5.098413,17.81781,0,0,0,-22.93654,4.938949,17.74311
149.0218,-22.80752,5.098413,17.81781,0,0,0,-22.93654,4.938949,17.74311
149.0301,-22.80752,5.098413,17.81781,0,0,0,-22.93654,4.938949,17.74311
149.0377,-22.80752,5.098413,17.81781,0,0,0,-22.93654,4.938949,17.74311
149.0456,-22.80796,5.098481,17.8167,0,0,0,-22.93654,4.938949,17.74311
149.0556,-22.80796,5.098481,17.8167,0,0,0,-22.93654,4.938949,17.74311
149.0633,-22.80796,5.098481,17.8167,0,0,0,-22.93654,4.938949,17.74311
149.0718,-22.80796,5.098481,17.8167,0,0,0,-22.93654,4.938949,17.74311
149.0793,-22.80796,5.098481,17.8167,0,0,0,-22.93654,4.938949,17.74311
149.0871,-22.80796,5.098152,17.81851,0,0,0,-22.93654,4.938949,17.74311
149.0983,-22.80796,5.098152,17.81851,0,0,0,-22.93654,4.938949,17.74311
149.1059,-22.8084,5.09822,17.8174,0,0,0,-22.93654,4.938949,17.74311
149.115,-22.8084,5.09822,17.8174,0,0,0,-22.93654,4.938949,17.74311
149.1256,-22.8084,5.09822,17.8174,0,0,0,-22.93654,4.938949,17.74311
149.1353,-22.8084,5.09822,17.8174,0,0,0,-22.93654,4.938949,17.74311
149.1439,-22.80884,5.097959,17.8181,0,0,0,-22.93654,4.938949,17.74311
149.1534,-22.80884,5.097959,17.8181,0,0,0,-22.93654,4.938949,17.74311
149.1611,-22.80729,5.098081,17.81751,0,0,0,-22.93654,4.938949,17.74311
149.1722,-22.80729,5.098081,17.81751,0,0,0,-22.93654,4.938949,17.74311
149.1806,-22.80988,5.098026,17.81728,0,0,0,-22.93654,4.938949,17.74311
149.1932,-22.80988,5.098026,17.81728,0,0,0,-22.93654,4.938949,17.74311
149.2007,-22.80816,5.097887,17.81709,0,0,0,-22.93654,4.938949,17.74311
149.2106,-22.80816,5.097887,17.81709,0,0,0,-22.93654,4.938949,17.74311
149.2183,-22.80816,5.097887,17.81709,0,0,0,-22.93654,4.938949,17.74311
149.2278,-22.81155,5.097122,17.81939,0,0,0,-22.93654,4.938949,17.74311
149.2377,-22.81155,5.097122,17.81939,0,0,0,-22.93654,4.938949,17.74311
149.2474,-22.8096,5.097377,17.8198,0,0,0,-22.93654,4.938949,17.74311
149.2568,-22.8096,5.097377,17.8198,0,0,0,-22.93654,4.938949,17.74311
149.2671,-22.80943,5.096786,17.82202,0,0,0,-22.93654,4.938949,17.74311
149.2761,-22.80943,5.096786,17.82202,0,0,0,-22.93654,4.938949,17.74311
149.2838,-22.80971,5.096589,17.82132,0,0,0,-22.93654,4.938949,17.74311
149.2928,-22.80971,5.096589,17.82132,0,0,0,-22.93654,4.938949,17.74311
149.3006,-22.80877,5.095734,17.82367,0,0,0,-22.93654,4.938949,17.74311
149.3095,-22.80877,5.095734,17.82367,0,0,0,-22.93654,4.938949,17.74311
149.3171,-22.80877,5.095734,17.82367,0,0,0,-22.93654,4.938949,17.74311
149.3242,-22.8095,5.094943,17.82547,0,0,0,-22.93654,4.938949,17.74311
149.3329,-22.8095,5.094943,17.82547,0,0,0,-22.93654,4.938949,17.74311
149.3426,-22.80911,5.094751,17.82828,0,0,0,-22.93654,4.938949,17.74311
149.3521,-22.80911,5.094751,17.82828,0,0,0,-22.93654,4.938949,17.74311
149.3602,-22.8088,5.093575,17.83272,0,0,0,-22.93654,4.938949,17.74311
149.3698,-22.8088,5.093575,17.83272,0,0,0,-22.93654,4.938949,17.74311
149.3772,-22.8088,5.093575,17.83272,0,0,0,-22.93654,4.938949,17.74311
149.3848,-22.81136,5.093537,17.83627,0,0,0,-22.93654,4.938949,17.74311
149.3937,-22.81136,5.093537,17.83627,0,0,0,-22.93654,4.938949,17.74311
149.401,-22.81121,5.092955,17.83849,0,0,0,-22.93654,4.938949,17.74311
149.4104,-22.81121,5.092955,17.83849,0,0,0,-22.93654,4.938949,17.74311
149.4203,-22.8145,5.092446,17.84203,0,0,0,-22.93654,4.938949,17.74311
149.4293,-22.8145,5.092446,17.84203,0,0,0,-22.93654,4.938949,17.74311
149.4374,-22.8145,5.092446,17.84203,0,0,0,-22.93654,4.938949,17.74311
149.4445,-22.81838,5.091648,17.84867,0,0,0,-22.93654,4.938949,17.74311
149.4534,-22.81838,5.091648,17.84867,0,0,0,-22.93654,4.938949,17.74311
149.4636,-22.82288,5.091172,17.85377,0,0,0,-22.93654,4.938949,17.74311
149.4737,-22.82288,5.091172,17.85377,0,0,0,-22.93654,4.938949,17.74311
149.4814,-22.82416,5.091311,17.86072,0,0,0,-22.93654,4.938949,17.74311
149.4901,-22.82416,5.091311,17.86072,0,0,0,-22.93654,4.938949,17.74311
149.5002,-22.82792,5.091125,17.8678,0,0,0,-22.93654,4.938949,17.74311
149.5087,-22.82792,5.091125,17.8678,0,0,0,-22.93654,4.938949,17.74311
149.5165,-22.82792,5.091125,17.8678,0,0,0,-22.93654,4.938949,17.74311
149.5243,-22.83248,5.091213,17.87474,0,0,0,-22.93654,4.938949,17.74311
149.5336,-22.83248,5.091213,17.87474,0,0,0,-22.93654,4.938949,17.74311
149.5419,-22.83586,5.091011,17.88293,0,0,0,-22.93654,4.938949,17.74311
149.5516,-22.83586,5.091011,17.88293,0,0,0,-22.93654,4.938949,17.74311
149.5605,-22.84029,5.090296,17.88839,0,0,0,-22.93654,4.938949,17.74311
149.5731,-22.84029,5.090296,17.88839,0,0,0,-22.93654,4.938949,17.74311
149.5816,-22.84685,5.088934,17.8969,0,0,0,-22.93654,4.938949,17.74311
149.5925,-22.84685,5.088934,17.8969,0,0,0,-22.93654,4.938949,17.74311
149.6048,-22.85348,5.088397,17.90529,0,0,0,-22.93654,4.938949,17.74311
149.6164,-22.85348,5.088397,17.90529,0,0,0,-22.93654,4.938949,17.74311
149.6245,-22.86109,5.088032,17.91111,0,0,0,-22.93654,4.938949,17.74311
149.6332,-22.86109,5.088032,17.91111,0,0,0,-22.93654,4.938949,17.74311
149.6426,-22.86999,5.088321,17.91626,0,0,0,-22.93654,4.938949,17.74311
149.6542,-22.86999,5.088321,17.91626,0,0,0,-22.93654,4.938949,17.74311
149.6627,-22.87771,5.088558,17.91982,0,0,0,-22.93654,4.938949,17.74311
149.6721,-22.87771,5.088558,17.91982,0,0,0,-22.93654,4.938949,17.74311
149.6794,-22.87771,5.088558,17.91982,0,0,0,-22.93654,4.938949,17.74311
149.6871,-22.88854,5.089341,17.9197,0,0,0,-22.93654,4.938949,17.74311
149.6957,-22.88854,5.089341,17.9197,0,0,0,-22.93654,4.938949,17.74311
149.7039,-22.89261,5.08939,17.92232,0,0,0,-22.93654,4.938949,17.74311
149.7121,-22.89261,5.08939,17.92232,0,0,0,-22.93654,4.938949,17.74311
149.7198,-22.89261,5.08939,17.92232,0,0,0,-22.93654,4.938949,17.74311
149.7274,-22.89853,5.089554,17.9227,0,0,0,-22.93654,4.938949,17.74311
149.7369,-22.89853,5.089554,17.9227,0,0,0,-22.93654,4.938949,17.74311
149.7441,-22.90223,5.089772,17.92228,0,0,0,-22.93654,4.938949,17.74311
149.7533,-22.90223,5.089772,17.92228,0,0,0,-22.93654,4.938949,17.74311
149.7619,-22.90436,5.09003,17.92129,0,0,0,-22.93654,4.938949,17.74311
149.7706,-22.90436,5.09003,17.92129,0,0,0,-22.93654,4.938949,17.74311
149.7786,-22.90436,5.09003,17.92129,0,0,0,-22.93654,4.938949,17.74311
149.7863,-22.90963,5.090239,17.92143,0,0,0,-22.93654,4.938949,17.74311
149.7969,-22.90963,5.090239,17.92143,0,0,0,-22.93654,4.938949,17.74311
149.8044,-22.90978,5.090512,17.92102,0,0,0,-22.93654,4.938949,17.74311
149.8129,-22.90978,5.090512,17.92102,0,0,0,-22.93654,4.938949,17.74311
149.8206,-22.9115,5.090761,17.92117,0,0,0,-22.93654,4.938949,17.74311
149.8292,-22.9115,5.090761,17.92117,0,0,0,-22.93654,4.938949,17.74311
149.841,-22.91045,5.090741,17.92206,0,0,0,-22.93654,4.938949,17.74311
149.8498,-22.91045,5.090741,17.92206,0,0,0,-22.93654,4.938949,17.74311
149.8583,-22.91045,5.090741,17.92206,0,0,0,-22.93654,4.938949,17.74311
149.8672,-22.91094,5.091557,17.91953,0,0,0,-22.93654,4.938949,17.74311
149.8781,-22.91094,5.091557,17.91953,0,0,0,-22.93654,4.938949,17.74311
149.8855,-22.90965,5.091558,17.91905,0,0,0,-22.93654,4.938949,17.74311
149.894,-22.90965,5.091558,17.91905,0,0,0,-22.93654,4.938949,17.74311
149.9024,-22.90971,5.092125,17.91685,0,0,0,-22.93654,4.938949,17.74311
149.9117,-22.90971,5.092125,17.91685,0,0,0,-22.93654,4.938949,17.74311
149.9207,-22.90479,5.092443,17.91457,0,0,0,-22.93654,4.938949,17.74311
149.9303,-22.90479,5.092443,17.91457,0,0,0,-22.93654,4.938949,17.74311
149.9386,-22.90479,5.092443,17.91457,0,0,0,-22.93654,4.938949,17.74311
149.9466,-22.90309,5.093285,17.91122,0,0,0,-22.93654,4.938949,17.74311
149.9564,-22.90309,5.093285,17.91122,0,0,0,-22.93654,4.938949,17.74311
149.9642,-22.89875,5.093909,17.90738,0,0,0,-22.93654,4.938949,17.74311
149.9728,-22.89875,5.093909,17.90738,0,0,0,-22.93654,4.938949,17.74311
149.9801,-22.89526,5.093941,17.90607,0,0,0,-22.93654,4.938949,17.74311
149.9893,-22.89526,5.093941,17.90607,0,0,0,-22.93654,4.938949,17.74311
149.997,-22.89526,5.093941,17.90607,0,0,0,-22.93654,4.938949,17.74311
150.0065,-22.88858,5.093299,17.90462,0,0,0,-22.93654,4.938949,17.74311
150.0168,-22.88858,5.093299,17.90462,0,0,0,-22.93654,4.938949,17.74311
150.0265,-22.88225,5.093374,17.9022,0,0,0,-22.93654,4.938949,17.74311
150.0406,-22.87755,5.093117,17.90214,0,0,0,-22.93654,4.938949,17.74311
150.0497,-22.87755,5.093117,17.90214,0,0,0,-22.93654,4.938949,17.74311
150.0574,-22.87755,5.093117,17.90214,0,0,0,-22.93654,4.938949,17.74311
150.0655,-22.86689,5.093005,17.8998,0,0,0,-22.93654,4.938949,17.74311
150.0781,-22.86689,5.093005,17.8998,0,0,0,-22.93654,4.938949,17.74311
150.0871,-22.85847,5.093084,17.89542,0,0,0,-22.93654,4.938949,17.74311
150.0977,-22.85847,5.093084,17.89542,0,0,0,-22.93654,4.938949,17.74311
150.1076,-22.85055,5.092925,17.8917,0,0,0,-22.93654,4.938949,17.74311
150.1176,-22.85055,5.092925,17.8917,0,0,0,-22.93654,4.938949,17.74311
150.1296,-22.84523,5.093135,17.88968,0,0,0,-22.93654,4.938949,17.74311
150.1388,-22.84523,5.093135,17.88968,0,0,0,-22.93654,4.938949,17.74311
150.1474,-22.84089,5.09299,17.88978,0,0,0,-22.93654,4.938949,17.74311
150.1566,-22.84089,5.09299,17.88978,0,0,0,-22.93654,4.938949,17.74311
150.1694,-22.83772,5.093445,17.8868,0,0,0,-22.93654,4.938949,17.74311
150.181,-22.83772,5.093445,17.8868,0,0,0,-22.93654,4.938949,17.74311
150.19,-22.83772,5.093445,17.8868,0,0,0,-22.93654,4.938949,17.74311
150.1973,-22.83772,5.093445,17.8868,0,0,0,-22.93654,4.938949,17.74311
150.2055,-22.83713,5.093149,17.88834,0,0,0,-22.93654,4.938949,17.74311
150.2149,-22.83713,5.093149,17.88834,0,0,0,-22.93654,4.938949,17.74311
150.2225,-22.83572,5.093502,17.88734,0,0,0,-22.93654,4.938949,17.74311
150.2317,-22.83572,5.093502,17.88734,0,0,0,-22.93654,4.938949,17.74311
150.239,-22.83572,5.093502,17.88734,0,0,0,-22.93654,4.938949,17.74311
150.2464,-22.83588,5.093773,17.88693,0,0,0,-22.93654,4.938949,17.74311
150.2552,-22.83588,5.093773,17.88693,0,0,0,-22.93654,4.938949,17.74311
150.2626,-22.83491,5.094154,17.88482,0,0,0,-22.93654,4.938949,17.74311
150.2737,-22.83491,5.094154,17.88482,0,0,0,-22.93654,4.938949,17.74311
150.2807,-22.83491,5.094154,17.88482,0,0,0,-22.93654,4.938949,17.74311
150.2892,-22.83491,5.094154,17.88482,0,0,0,-22.93654,4.938949,17.74311
150.2967,-22.83491,5.094154,17.88482,0,0,0,-22.93654,4.938949,17.74311
150.3049,-22.8355,5.094452,17.88328,0,0,0,-22.93654,4.938949,17.74311
150.3135,-22.8355,5.094452,17.88328,0,0,0,-22.93654,4.938949,17.74311
150.3219,-22.83554,5.094154,17.88509,0,0,0,-22.93654,4.938949,17.74311
150.3309,-22.83554,5.094154,17.88509,0,0,0,-22.93654,4.938949,17.74311
150.3401,-22.83629,5.094723,17.88314,0,0,0,-22.93654,4.938949,17.74311
150.3487,-22.83629,5.094723,17.88314,0,0,0,-22.93654,4.938949,17.74311
150.3566,-22.83629,5.094723,17.88314,0,0,0,-22.93654,4.938949,17.74311
150.3645,-22.83472,5.09481,17.88256,0,0,0,-22.93654,4.938949,17.74311
150.3752,-22.83472,5.09481,17.88256,0,0,0,-22.93654,4.938949,17.74311
150.3825,-22.83488,5.095079,17.88215,0,0,0,-22.93654,4.938949,17.74311
150.3919,-22.83488,5.095079,17.88215,0,0,0,-22.93654,4.938949,17.74311
150.3993,-22.83488,5.095079,17.88215,0,0,0,-22.93654,4.938949,17.74311
150.4073,-22.83644,5.094993,17.88273,0,0,0,-22.93654,4.938949,17.74311
150.4173,-22.83644,5.094993,17.88273,0,0,0,-22.93654,4.938949,17.74311
150.4265,-22.83703,5.095293,17.8812,0,0,0,-22.93654,4.938949,17.74311
150.4353,-22.83703,5.095293,17.8812,0,0,0,-22.93654,4.938949,17.74311
150.4427,-22.83703,5.095293,17.8812,0,0,0,-22.93654,4.938949,17.74311
150.4535,-22.83703,5.095293,17.8812,0,0,0,-22.93654,4.938949,17.74311
150.4623,-22.83622,5.095953,17.87868,0,0,0,-22.93654,4.938949,17.74311
150.4737,-22.83622,5.095953,17.87868,0,0,0,-22.93654,4.938949,17.74311
150.4811,-22.83696,5.096527,17.87674,0,0,0,-22.93654,4.938949,17.74311
150.4895,-22.83696,5.096527,17.87674,0,0,0,-22.93654,4.938949,17.74311
150.4998,-22.83696,5.096527,17.87674,0,0,0,-22.93654,4.938949,17.74311
150.5075,-22.84092,5.098444,17.87108,0,0,0,-22.93654,4.938949,17.74311
150.5186,-22.84092,5.098444,17.87108,0,0,0,-22.93654,4.938949,17.74311
150.527,-22.83954,5.098438,17.86811,0,0,0,-22.93654,4.938949,17.74311
150.5384,-22.83954,5.098438,17.86811,0,0,0,-22.93654,4.938949,17.74311
150.5479,-22.84131,5.099389,17.86352,0,0,0,-22.93654,4.938949,17.74311
150.5571,-22.84131,5.099389,17.86352,0,0,0,-22.93654,4.938949,17.74311
150.5653,-22.84033,5.0998,17.86141,0,0,0,-22.93654,4.938949,17.74311
150.574,-22.84033,5.0998,17.86141,0,0,0,-22.93654,4.938949,17.74311
150.5852,-22.84115,5.099721,17.8593,0,0,0,-22.93654,4.938949,17.74311
150.5945,-22.84115,5.099721,17.8593,0,0,0,-22.93654,4.938949,17.74311
150.6028,-22.84174,5.100048,17.85777,0,0,0,-22.93654,4.938949,17.74311
150.6119,-22.84174,5.100048,17.85777,0,0,0,-22.93654,4.938949,17.74311
150.623,-22.84076,5.100467,17.85566,0,0,0,-22.93654,4.938949,17.74311
150.6327,-22.84076,5.100467,17.85566,0,0,0,-22.93654,4.938949,17.74311
150.6413,-22.84076,5.100467,17.85566,0,0,0,-22.93654,4.938949,17.74311
150.6502,-22.84076,5.100467,17.85566,0,0,0,-22.93654,4.938949,17.74311
150.6608,-22.84063,5.10049,17.85324,0,0,0,-22.93654,4.938949,17.74311
150.6706,-22.84063,5.10049,17.85324,0,0,0,-22.93654,4.938949,17.74311
150.6809,-22.84063,5.10049,17.85324,0,0,0,-22.93654,4.938949,17.74311
150.6913,-22.84063,5.10049,17.85324,0,0,0,-22.93654,4.938949,17.74311
150.7018,-22.84125,5.10049,17.85351,0,0,0,-22.93654,4.938949,17.74311
150.7113,-22.84125,5.10049,17.85351,0,0,0,-22.93654,4.938949,17.74311
150.7223,-22.84125,5.10049,17.85351,0,0,0,-22.93654,4.938949,17.74311
150.732,-22.84125,5.10049,17.85351,0,0,0,-22.93654,4.938949,17.74311
150.7445,-22.83978,5.099585,17.85456,0,0,0,-22.93654,4.938949,17.74311
150.7554,-22.83978,5.099585,17.85456,0,0,0,-22.93654,4.938949,17.74311
150.7648,-22.8404,5.099584,17.85483,0,0,0,-22.93654,4.938949,17.74311
150.7747,-22.8404,5.099584,17.85483,0,0,0,-22.93654,4.938949,17.74311
150.7826,-22.84125,5.099185,17.85452,0,0,0,-22.93654,4.938949,17.74311
150.7929,-22.84125,5.099185,17.85452,0,0,0,-22.93654,4.938949,17.74311
150.8013,-22.83978,5.098283,17.85557,0,0,0,-22.93654,4.938949,17.74311
150.8134,-22.83978,5.098283,17.85557,0,0,0,-22.93654,4.938949,17.74311
150.821,-22.84025,5.098013,17.85625,0,0,0,-22.93654,4.938949,17.74311
150.8296,-22.84025,5.098013,17.85625,0,0,0,-22.93654,4.938949,17.74311
150.8375,-22.84025,5.098013,17.85625,0,0,0,-22.93654,4.938949,17.74311
150.8458,-22.84031,5.097343,17.85608,0,0,0,-22.93654,4.938949,17.74311
150.8542,-22.84031,5.097343,17.85608,0,0,0,-22.93654,4.938949,17.74311
150.8617,-22.84089,5.097674,17.85455,0,0,0,-22.93654,4.938949,17.74311
150.8715,-22.84089,5.097674,17.85455,0,0,0,-22.93654,4.938949,17.74311
150.8796,-22.84089,5.097674,17.85455,0,0,0,-22.93654,4.938949,17.74311
150.8907,-22.84089,5.097674,17.85455,0,0,0,-22.93654,4.938949,17.74311
150.8993,-22.84089,5.097674,17.85455,0,0,0,-22.93654,4.938949,17.74311
150.9073,-22.83973,5.097013,17.8576,0,0,0,-22.93654,4.938949,17.74311
150.9154,-22.83973,5.097013,17.8576,0,0,0,-22.93654,4.938949,17.74311
150.9232,-22.83856,5.09636,17.86066,0,0,0,-22.93654,4.938949,17.74311
150.9315,-22.83856,5.09636,17.86066,0,0,0,-22.93654,4.938949,17.74311
150.94,-22.83739,5.095715,17.86373,0,0,0,-22.93654,4.938949,17.74311
150.95,-22.83739,5.095715,17.86373,0,0,0,-22.93654,4.938949,17.74311
150.9573,-22.83739,5.095715,17.86373,0,0,0,-22.93654,4.938949,17.74311
150.9671,-22.83506,5.094452,17.86985,0,0,0,-22.93654,4.938949,17.74311
150.9755,-22.83506,5.094452,17.86985,0,0,0,-22.93654,4.938949,17.74311
150.9855,-22.8339,5.093833,17.87292,0,0,0,-22.93654,4.938949,17.74311
150.9936,-22.8339,5.093833,17.87292,0,0,0,-22.93654,4.938949,17.74311
151.0011,-22.83331,5.093526,17.87445,0,0,0,-22.93654,4.938949,17.74311
151.0098,-22.83331,5.093526,17.87445,0,0,0,-22.93654,4.938949,17.74311
151.0174,-22.83331,5.093526,17.87445,0,0,0,-22.93654,4.938949,17.74311
151.025,-22.83273,5.093221,17.87599,0,0,0,-22.93654,4.938949,17.74311
151.0333,-22.83273,5.093221,17.87599,0,0,0,-22.93654,4.938949,17.74311
151.0419,-22.83215,5.092919,17.87752,0,0,0,-22.93654,4.938949,17.74311
151.0504,-22.83215,5.092919,17.87752,0,0,0,-22.93654,4.938949,17.74311
151.0577,-22.83215,5.092919,17.87752,0,0,0,-22.93654,4.938949,17.74311
151.0671,-22.83156,5.092618,17.87906,0,0,0,-22.93654,4.938949,17.74311
151.076,-22.83156,5.092618,17.87906,0,0,0,-22.93654,4.938949,17.74311
151.084,-22.83313,5.092522,17.87963,0,0,0,-22.93654,4.938949,17.74311
151.0924,-22.83313,5.092522,17.87963,0,0,0,-22.93654,4.938949,17.74311
151.0992,-22.83313,5.092522,17.87963,0,0,0,-22.93654,4.938949,17.74311
151.1066,-22.83313,5.092522,17.87963,0,0,0,-22.93654,4.938949,17.74311
151.1174,-22.83313,5.092522,17.87963,0,0,0,-22.93654,4.938949,17.74311
151.1264,-22.83313,5.092522,17.87963,0,0,0,-22.93654,4.938949,17.74311
151.1351,-22.83313,5.092522,17.87963,0,0,0,-22.93654,4.938949,17.74311
151.1443,-22.83313,5.092522,17.87963,0,0,0,-22.93654,4.938949,17.74311
151.1531,-22.83313,5.092522,17.87963,0,0,0,-22.93654,4.938949,17.74311
151.1608,-22.83156,5.092618,17.87906,0,0,0,-22.93654,4.938949,17.74311
151.1695,-22.83156,5.092618,17.87906,0,0,0,-22.93654,4.938949,17.74311
151.177,-22.83156,5.092618,17.87906,0,0,0,-22.93654,4.938949,17.74311
151.1851,-22.83313,5.092522,17.87963,0,0,0,-22.93654,4.938949,17.74311
151.1934,-22.83313,5.092522,17.87963,0,0,0,-22.93654,4.938949,17.74311
151.2029,-22.83313,5.092522,17.87963,0,0,0,-22.93654,4.938949,17.74311
151.2116,-22.83313,5.092522,17.87963,0,0,0,-22.93654,4.938949,17.74311
151.219,-22.83313,5.092522,17.87963,0,0,0,-22.93654,4.938949,17.74311
151.2264,-22.83429,5.093125,17.87656,0,0,0,-22.93654,4.938949,17.74311
151.2352,-22.83429,5.093125,17.87656,0,0,0,-22.93654,4.938949,17.74311
151.2431,-22.83546,5.093736,17.87349,0,0,0,-22.93654,4.938949,17.74311
151.2535,-22.83546,5.093736,17.87349,0,0,0,-22.93654,4.938949,17.74311
151.2618,-22.83663,5.094355,17.87043,0,0,0,-22.93654,4.938949,17.74311
151.2716,-22.83663,5.094355,17.87043,0,0,0,-22.93654,4.938949,17.74311
151.2791,-22.83663,5.094355,17.87043,0,0,0,-22.93654,4.938949,17.74311
151.2886,-22.83838,5.095299,17.86583,0,0,0,-22.93654,4.938949,17.74311
151.2974,-22.83838,5.095299,17.86583,0,0,0,-22.93654,4.938949,17.74311
151.3054,-22.83954,5.09594,17.86277,0,0,0,-22.93654,4.938949,17.74311
151.3166,-22.83954,5.09594,17.86277,0,0,0,-22.93654,4.938949,17.74311
151.3249,-22.84013,5.096263,17.86124,0,0,0,-22.93654,4.938949,17.74311
151.3399,-22.84013,5.096263,17.86124,0,0,0,-22.93654,4.938949,17.74311
151.3489,-22.84071,5.096589,17.85971,0,0,0,-22.93654,4.938949,17.74311
151.3583,-22.84071,5.096589,17.85971,0,0,0,-22.93654,4.938949,17.74311
151.3667,-22.84129,5.096916,17.85818,0,0,0,-22.93654,4.938949,17.74311
151.3751,-22.84129,5.096916,17.85818,0,0,0,-22.93654,4.938949,17.74311
151.3849,-22.84188,5.097246,17.85665,0,0,0,-22.93654,4.938949,17.74311
151.3939,-22.84188,5.097246,17.85665,0,0,0,-22.93654,4.938949,17.74311
151.4045,-22.84246,5.097577,17.85512,0,0,0,-22.93654,4.938949,17.74311
151.416,-22.84246,5.097577,17.85512,0,0,0,-22.93654,4.938949,17.74311
151.4234,-22.84246,5.097577,17.85512,0,0,0,-22.93654,4.938949,17.74311
151.4319,-22.84246,5.097577,17.85512,0,0,0,-22.93654,4.938949,17.74311
151.4402,-22.84246,5.097577,17.85512,0,0,0,-22.93654,4.938949,17.74311
151.4486,-22.84246,5.097577,17.85512,0,0,0,-22.93654,4.938949,17.74311
151.4562,-22.84246,5.097577,17.85512,0,0,0,-22.93654,4.938949,17.74311
151.4635,-22.84246,5.097577,17.85512,0,0,0,-22.93654,4.938949,17.74311
151.472,-22.84246,5.097577,17.85512,0,0,0,-22.93654,4.938949,17.74311
151.4792,-22.84246,5.097577,17.85512,0,0,0,-22.93654,4.938949,17.74311
151.4868,-22.84304,5.097911,17.8536,0,0,0,-22.93654,4.938949,17.74311
151.4954,-22.84304,5.097911,17.8536,0,0,0,-22.93654,4.938949,17.74311
151.5026,-22.84246,5.097577,17.85512,0,0,0,-22.93654,4.938949,17.74311
151.5123,-22.84246,5.097577,17.85512,0,0,0,-22.93654,4.938949,17.74311
151.5225,-22.84304,5.097911,17.8536,0,0,0,-22.93654,4.938949,17.74311
151.5308,-22.84304,5.097911,17.8536,0,0,0,-22.93654,4.938949,17.74311
151.5385,-22.84304,5.097911,17.8536,0,0,0,-22.93654,4.938949,17.74311
151.5463,-22.84148,5.098008,17.85302,0,0,0,-22.93654,4.938949,17.74311
151.5554,-22.84148,5.098008,17.85302,0,0,0,-22.93654,4.938949,17.74311
151.5626,-22.84246,5.097577,17.85512,0,0,0,-22.93654,4.938949,17.74311
151.5726,-22.84246,5.097577,17.85512,0,0,0,-22.93654,4.938949,17.74311
151.58,-22.84304,5.097911,17.8536,0,0,0,-22.93654,4.938949,17.74311
151.5889,-22.84304,5.097911,17.8536,0,0,0,-22.93654,4.938949,17.74311
151.5968,-22.84304,5.097911,17.8536,0,0,0,-22.93654,4.938949,17.74311
151.6047,-22.84366,5.097911,17.85386,0,0,0,-22.93654,4.938949,17.74311
151.6132,-22.84366,5.097911,17.85386,0,0,0,-22.93654,4.938949,17.74311
151.6235,-22.84424,5.098247,17.85234,0,0,0,-22.93654,4.938949,17.74311
151.6318,-22.84424,5.098247,17.85234,0,0,0,-22.93654,4.938949,17.74311
151.6393,-22.84424,5.098247,17.85234,0,0,0,-22.93654,4.938949,17.74311
151.6473,-22.84366,5.097911,17.85386,0,0,0,-22.93654,4.938949,17.74311
151.658,-22.84366,5.097911,17.85386,0,0,0,-22.93654,4.938949,17.74311
151.6649,-22.84366,5.097911,17.85386,0,0,0,-22.93654,4.938949,17.74311
151.6736,-22.84366,5.097911,17.85386,0,0,0,-22.93654,4.938949,17.74311
151.6808,-22.84424,5.098246,17.85234,0,0,0,-22.93654,4.938949,17.74311
151.6902,-22.84424,5.098246,17.85234,0,0,0,-22.93654,4.938949,17.74311
151.6972,-22.84424,5.098246,17.85234,0,0,0,-22.93654,4.938949,17.74311
151.7054,-22.84424,5.098246,17.85234,0,0,0,-22.93654,4.938949,17.74311
151.7145,-22.84424,5.098246,17.85234,0,0,0,-22.93654,4.938949,17.74311
151.7219,-22.84424,5.098246,17.85234,0,0,0,-22.93654,4.938949,17.74311
151.73,-22.84424,5.098246,17.85234,0,0,0,-22.93654,4.938949,17.74311
151.7376,-22.84424,5.098246,17.85234,0,0,0,-22.93654,4.938949,17.74311
151.7449,-22.8421,5.098008,17.85329,0,0,0,-22.93654,4.938949,17.74311
151.7538,-22.8421,5.098008,17.85329,0,0,0,-22.93654,4.938949,17.74311
151.7612,-22.84366,5.097911,17.85386,0,0,0,-22.93654,4.938949,17.74311
151.7704,-22.84366,5.097911,17.85386,0,0,0,-22.93654,4.938949,17.74311
151.7776,-22.84366,5.097911,17.85386,0,0,0,-22.93654,4.938949,17.74311
151.7858,-22.84366,5.097911,17.85386,0,0,0,-22.93654,4.938949,17.74311
151.7938,-22.84366,5.097911,17.85386,0,0,0,-22.93654,4.938949,17.74311
151.8012,-22.84366,5.097911,17.85386,0,0,0,-22.93654,4.938949,17.74311
151.8095,-22.84366,5.097911,17.85386,0,0,0,-22.93654,4.938949,17.74311
151.8173,-22.84366,5.097911,17.85386,0,0,0,-22.93654,4.938949,17.74311
151.8245,-22.84308,5.097577,17.85539,0,0,0,-22.93654,4.938949,17.74311
151.8356,-22.84308,5.097577,17.85539,0,0,0,-22.93654,4.938949,17.74311
151.8438,-22.84366,5.097911,17.85386,0,0,0,-22.93654,4.938949,17.74311
151.8524,-22.84366,5.097911,17.85386,0,0,0,-22.93654,4.938949,17.74311
151.8602,-22.84366,5.097911,17.85386,0,0,0,-22.93654,4.938949,17.74311
151.8693,-22.84366,5.097911,17.85386,0,0,0,-22.93654,4.938949,17.74311
151.8762,-22.84366,5.097911,17.85386,0,0,0,-22.93654,4.938949,17.74311
151.8831,-22.84366,5.097911,17.85386,0,0,0,-22.93654,4.938949,17.74311
151.8917,-22.84366,5.097911,17.85386,0,0,0,-22.93654,4.938949,17.74311
151.9003,-22.84308,5.097577,17.85539,0,0,0,-22.93654,4.938949,17.74311
151.9085,-22.84308,5.097577,17.85539,0,0,0,-22.93654,4.938949,17.74311
151.9162,-22.84308,5.097577,17.85539,0,0,0,-22.93654,4.938949,17.74311
151.9251,-22.84366,5.097911,17.85386,0,0,0,-22.93654,4.938949,17.74311
151.9333,-22.84366,5.097911,17.85386,0,0,0,-22.93654,4.938949,17.74311
151.9441,-22.84366,5.097911,17.85386,0,0,0,-22.93654,4.938949,17.74311
151.9525,-22.84366,5.097911,17.85386,0,0,0,-22.93654,4.938949,17.74311
151.9598,-22.84366,5.097911,17.85386,0,0,0,-22.93654,4.938949,17.74311
151.9684,-22.84366,5.097911,17.85386,0,0,0,-22.93654,4.938949,17.74311
151.9792,-22.84366,5.097911,17.85386,0,0,0,-22.93654,4.938949,17.74311
151.9871,-22.84366,5.097911,17.85386,0,0,0,-22.93654,4.938949,17.74311
151.996,-22.84366,5.097911,17.85386,0,0,0,-22.93654,4.938949,17.74311
152.0072,-22.84308,5.097577,17.85539,0,0,0,-22.93654,4.938949,17.74311
152.0161,-22.84308,5.097577,17.85539,0,0,0,-22.93654,4.938949,17.74311
152.0264,-22.84366,5.097911,17.85386,0,0,0,-22.93654,4.938949,17.74311
152.0377,-22.84366,5.097911,17.85386,0,0,0,-22.93654,4.938949,17.74311
152.0454,-22.84366,5.097911,17.85386,0,0,0,-22.93654,4.938949,17.74311
152.0565,-22.84366,5.097911,17.85386,0,0,0,-22.93654,4.938949,17.74311
152.0653,-22.84366,5.097911,17.85386,0,0,0,-22.93654,4.938949,17.74311
152.0742,-22.84366,5.097911,17.85386,0,0,0,-22.93654,4.938949,17.74311
152.0949,-22.84366,5.097911,17.85386,0,0,0,-22.93654,4.938949,17.74311
152.1041,-22.84366,5.097911,17.85386,0,0,0,-22.93654,4.938949,17.74311
152.1172,-22.84366,5.097911,17.85386,0,0,0,-22.93654,4.938949,17.74311
152.1252,-22.84366,5.097911,17.85386,0,0,0,-22.93654,4.938949,17.74311
152.1343,-22.84366,5.097911,17.85386,0,0,0,-22.93654,4.938949,17.74311
152.1431,-22.84366,5.097911,17.85386,0,0,0,-22.93654,4.938949,17.74311
152.1516,-22.84366,5.097911,17.85386,0,0,0,-22.93654,4.938949,17.74311
152.1628,-22.84308,5.097577,17.85539,0,0,0,-22.93654,4.938949,17.74311
152.1752,-22.84308,5.097577,17.85539,0,0,0,-22.93654,4.938949,17.74311
152.1844,-22.84249,5.097245,17.85692,0,0,0,-22.93654,4.938949,17.74311
152.1941,-22.84249,5.097245,17.85692,0,0,0,-22.93654,4.938949,17.74311
152.2041,-22.84093,5.097343,17.85635,0,0,0,-22.93654,4.938949,17.74311
152.215,-22.84093,5.097343,17.85635,0,0,0,-22.93654,4.938949,17.74311
152.2242,-22.84249,5.097246,17.85692,0,0,0,-22.93654,4.938949,17.74311
152.2374,-22.84249,5.097246,17.85692,0,0,0,-22.93654,4.938949,17.74311
152.2464,-22.84249,5.097246,17.85692,0,0,0,-22.93654,4.938949,17.74311
152.2555,-22.84249,5.097246,17.85692,0,0,0,-22.93654,4.938949,17.74311
152.2638,-22.84191,5.096916,17.85845,0,0,0,-22.93654,4.938949,17.74311
152.2724,-22.84191,5.096916,17.85845,0,0,0,-22.93654,4.938949,17.74311
152.2799,-22.84191,5.096916,17.85845,0,0,0,-22.93654,4.938949,17.74311
152.2876,-22.84249,5.097246,17.85692,0,0,0,-22.93654,4.938949,17.74311
152.297,-22.84249,5.097246,17.85692,0,0,0,-22.93654,4.938949,17.74311
152.3051,-22.84191,5.096916,17.85845,0,0,0,-22.93654,4.938949,17.74311
152.3155,-22.84191,5.096916,17.85845,0,0,0,-22.93654,4.938949,17.74311
152.3264,-22.84191,5.096916,17.85845,0,0,0,-22.93654,4.938949,17.74311
152.3361,-22.84191,5.096916,17.85845,0,0,0,-22.93654,4.938949,17.74311
152.3462,-22.84249,5.097246,17.85692,0,0,0,-22.93654,4.938949,17.74311
152.3554,-22.84249,5.097246,17.85692,0,0,0,-22.93654,4.938949,17.74311
152.3643,-22.84191,5.096916,17.85845,0,0,0,-22.93654,4.938949,17.74311
152.3747,-22.84191,5.096916,17.85845,0,0,0,-22.93654,4.938949,17.74311
152.383,-22.84191,5.096916,17.85845,0,0,0,-22.93654,4.938949,17.74311
152.3918,-22.84191,5.096916,17.85845,0,0,0,-22.93654,4.938949,17.74311
152.3993,-22.84191,5.096916,17.85845,0,0,0,-22.93654,4.938949,17.74311
152.4068,-22.84249,5.097246,17.85692,0,0,0,-22.93654,4.938949,17.74311
152.4159,-22.84249,5.097246,17.85692,0,0,0,-22.93654,4.938949,17.74311
152.4248,-22.84249,5.097246,17.85692,0,0,0,-22.93654,4.938949,17.74311
152.4344,-22.84249,5.097246,17.85692,0,0,0,-22.93654,4.938949,17.74311
152.4422,-22.84093,5.097343,17.85635,0,0,0,-22.93654,4.938949,17.74311
152.4522,-22.84093,5.097343,17.85635,0,0,0,-22.93654,4.938949,17.74311
152.4599,-22.84093,5.097343,17.85635,0,0,0,-22.93654,4.938949,17.74311
152.4679,-22.84249,5.097246,17.85692,0,0,0,-22.93654,4.938949,17.74311
152.4769,-22.84249,5.097246,17.85692,0,0,0,-22.93654,4.938949,17.74311
152.4847,-22.84249,5.097246,17.85692,0,0,0,-22.93654,4.938949,17.74311
152.4938,-22.84249,5.097246,17.85692,0,0,0,-22.93654,4.938949,17.74311
152.5022,-22.84308,5.097577,17.85539,0,0,0,-22.93654,4.938949,17.74311
152.5108,-22.84308,5.097577,17.85539,0,0,0,-22.93654,4.938949,17.74311
152.5184,-22.84308,5.097577,17.85539,0,0,0,-22.93654,4.938949,17.74311
152.526,-22.84249,5.097246,17.85692,0,0,0,-22.93654,4.938949,17.74311
152.5347,-22.84249,5.097246,17.85692,0,0,0,-22.93654,4.938949,17.74311
152.5428,-22.84249,5.097246,17.85692,0,0,0,-22.93654,4.938949,17.74311
152.5529,-22.84249,5.097246,17.85692,0,0,0,-22.93654,4.938949,17.74311
152.5605,-22.84308,5.097577,17.85539,0,0,0,-22.93654,4.938949,17.74311
152.5693,-22.84308,5.097577,17.85539,0,0,0,-22.93654,4.938949,17.74311
152.5768,-22.84308,5.097577,17.85539,0,0,0,-22.93654,4.938949,17.74311
152.5857,-22.84188,5.097246,17.85665,0,0,0,-22.93654,4.938949,17.74311
152.5941,-22.84188,5.097246,17.85665,0,0,0,-22.93654,4.938949,17.74311
152.6015,-22.84188,5.097246,17.85665,0,0,0,-22.93654,4.938949,17.74311
152.6099,-22.84188,5.097246,17.85665,0,0,0,-22.93654,4.938949,17.74311
152.6175,-22.84188,5.097246,17.85665,0,0,0,-22.93654,4.938949,17.74311
152.6252,-22.84246,5.097577,17.85512,0,0,0,-22.93654,4.938949,17.74311
152.6338,-22.84246,5.097577,17.85512,0,0,0,-22.93654,4.938949,17.74311
152.642,-22.84246,5.097577,17.85512,0,0,0,-22.93654,4.938949,17.74311
152.6518,-22.84246,5.097577,17.85512,0,0,0,-22.93654,4.938949,17.74311
152.6593,-22.84246,5.097577,17.85512,0,0,0,-22.93654,4.938949,17.74311
152.6696,-22.84089,5.097674,17.85455,0,0,0,-22.93654,4.938949,17.74311
152.678,-22.84089,5.097674,17.85455,0,0,0,-22.93654,4.938949,17.74311
152.6856,-22.84246,5.097577,17.85512,0,0,0,-22.93654,4.938949,17.74311
152.6937,-22.84246,5.097577,17.85512,0,0,0,-22.93654,4.938949,17.74311
152.7015,-22.84246,5.097577,17.85512,0,0,0,-22.93654,4.938949,17.74311
152.71,-22.84246,5.097577,17.85512,0,0,0,-22.93654,4.938949,17.74311
152.7178,-22.84246,5.097577,17.85512,0,0,0,-22.93654,4.938949,17.74311
152.7267,-22.84184,5.097577,17.85485,0,0,0,-22.93654,4.938949,17.74311
152.7362,-22.84184,5.097577,17.85485,0,0,0,-22.93654,4.938949,17.74311
152.7433,-22.84027,5.097675,17.85428,0,0,0,-22.93654,4.938949,17.74311
152.7523,-22.84027,5.097675,17.85428,0,0,0,-22.93654,4.938949,17.74311
152.7623,-22.84184,5.097577,17.85485,0,0,0,-22.93654,4.938949,17.74311
152.7722,-22.84184,5.097577,17.85485,0,0,0,-22.93654,4.938949,17.74311
152.7803,-22.84126,5.097246,17.85638,0,0,0,-22.93654,4.938949,17.74311
152.789,-22.84126,5.097246,17.85638,0,0,0,-22.93654,4.938949,17.74311
152.7964,-22.84126,5.097246,17.85638,0,0,0,-22.93654,4.938949,17.74311
152.8043,-22.84067,5.096916,17.85791,0,0,0,-22.93654,4.938949,17.74311
152.8131,-22.84067,5.096916,17.85791,0,0,0,-22.93654,4.938949,17.74311
152.8209,-22.84009,5.096589,17.85944,0,0,0,-22.93654,4.938949,17.74311
152.8319,-22.84009,5.096589,17.85944,0,0,0,-22.93654,4.938949,17.74311
152.8416,-22.8395,5.096263,17.86097,0,0,0,-22.93654,4.938949,17.74311
152.8539,-22.8395,5.096263,17.86097,0,0,0,-22.93654,4.938949,17.74311
152.8628,-22.83856,5.095216,17.86344,0,0,0,-22.93654,4.938949,17.74311
152.8742,-22.83856,5.095216,17.86344,0,0,0,-22.93654,4.938949,17.74311
152.8844,-22.83681,5.094263,17.86804,0,0,0,-22.93654,4.938949,17.74311
152.8985,-22.83681,5.094263,17.86804,0,0,0,-22.93654,4.938949,17.74311
152.909,-22.83466,5.094047,17.86899,0,0,0,-22.93654,4.938949,17.74311
152.9184,-22.83466,5.094047,17.86899,0,0,0,-22.93654,4.938949,17.74311
152.9274,-22.83564,5.093638,17.8711,0,0,0,-22.93654,4.938949,17.74311
152.9381,-22.83564,5.093638,17.8711,0,0,0,-22.93654,4.938949,17.74311
152.9469,-22.83447,5.09302,17.87417,0,0,0,-22.93654,4.938949,17.74311
152.9562,-22.83447,5.09302,17.87417,0,0,0,-22.93654,4.938949,17.74311
152.9644,-22.83313,5.092711,17.87301,0,0,0,-22.93654,4.938949,17.74311
152.9736,-22.83313,5.092711,17.87301,0,0,0,-22.93654,4.938949,17.74311
152.9812,-22.83255,5.092406,17.87454,0,0,0,-22.93654,4.938949,17.74311
152.99,-22.83255,5.092406,17.87454,0,0,0,-22.93654,4.938949,17.74311
152.9975,-22.83255,5.092406,17.87454,0,0,0,-22.93654,4.938949,17.74311
153.0054,-22.83411,5.092309,17.87512,0,0,0,-22.93654,4.938949,17.74311
153.0155,-22.83411,5.092309,17.87512,0,0,0,-22.93654,4.938949,17.74311
153.0245,-22.83438,5.091597,17.87634,0,0,0,-22.93654,4.938949,17.74311
153.0334,-22.83438,5.091597,17.87634,0,0,0,-22.93654,4.938949,17.74311
153.0412,-22.8338,5.091295,17.87787,0,0,0,-22.93654,4.938949,17.74311
153.0502,-22.8338,5.091295,17.87787,0,0,0,-22.93654,4.938949,17.74311
153.0581,-22.8338,5.091295,17.87787,0,0,0,-22.93654,4.938949,17.74311
153.0675,-22.8338,5.091295,17.87787,0,0,0,-22.93654,4.938949,17.74311
153.076,-22.8338,5.091295,17.87787,0,0,0,-22.93654,4.938949,17.74311
153.0837,-22.83321,5.090993,17.87941,0,0,0,-22.93654,4.938949,17.74311
153.0928,-22.83321,5.090993,17.87941,0,0,0,-22.93654,4.938949,17.74311
153.1026,-22.83402,5.090886,17.87728,0,0,0,-22.93654,4.938949,17.74311
153.1113,-22.83402,5.090886,17.87728,0,0,0,-22.93654,4.938949,17.74311
153.1189,-22.83402,5.090886,17.87728,0,0,0,-22.93654,4.938949,17.74311
153.127,-22.83402,5.090886,17.87728,0,0,0,-22.93654,4.938949,17.74311
153.1362,-22.83402,5.090886,17.87728,0,0,0,-22.93654,4.938949,17.74311
153.1463,-22.83246,5.090983,17.87671,0,0,0,-22.93654,4.938949,17.74311
153.1553,-22.83246,5.090983,17.87671,0,0,0,-22.93654,4.938949,17.74311
153.1629,-22.83402,5.090886,17.87728,0,0,0,-22.93654,4.938949,17.74311
153.1717,-22.83402,5.090886,17.87728,0,0,0,-22.93654,4.938949,17.74311
153.182,-22.83461,5.091189,17.87575,0,0,0,-22.93654,4.938949,17.74311
153.191,-22.83461,5.091189,17.87575,0,0,0,-22.93654,4.938949,17.74311
153.1985,-22.83461,5.091189,17.87575,0,0,0,-22.93654,4.938949,17.74311
153.2061,-22.83304,5.091285,17.87518,0,0,0,-22.93654,4.938949,17.74311
153.2146,-22.83304,5.091285,17.87518,0,0,0,-22.93654,4.938949,17.74311
153.2232,-22.83304,5.091285,17.87518,0,0,0,-22.93654,4.938949,17.74311
153.2326,-22.83304,5.091285,17.87518,0,0,0,-22.93654,4.938949,17.74311
153.2404,-22.83483,5.09078,17.87516,0,0,0,-22.93654,4.938949,17.74311
153.2489,-22.83483,5.09078,17.87516,0,0,0,-22.93654,4.938949,17.74311
153.2571,-22.83483,5.09078,17.87516,0,0,0,-22.93654,4.938949,17.74311
153.2647,-22.83483,5.090781,17.87516,0,0,0,-22.93654,4.938949,17.74311
153.2735,-22.83483,5.090781,17.87516,0,0,0,-22.93654,4.938949,17.74311
153.2817,-22.83407,5.090776,17.87247,0,0,0,-22.93654,4.938949,17.74311
153.2926,-22.83407,5.090776,17.87247,0,0,0,-22.93654,4.938949,17.74311
153.301,-22.83349,5.09047,17.874,0,0,0,-22.93654,4.938949,17.74311
153.3096,-22.83349,5.09047,17.874,0,0,0,-22.93654,4.938949,17.74311
153.3203,-22.83349,5.09047,17.874,0,0,0,-22.93654,4.938949,17.74311
153.3302,-22.83349,5.09047,17.874,0,0,0,-22.93654,4.938949,17.74311
153.34,-22.83349,5.09047,17.874,0,0,0,-22.93654,4.938949,17.74311
153.3486,-22.83349,5.09047,17.874,0,0,0,-22.93654,4.938949,17.74311
153.3562,-22.83349,5.09047,17.874,0,0,0,-22.93654,4.938949,17.74311
153.3637,-22.83349,5.09047,17.874,0,0,0,-22.93654,4.938949,17.74311
153.3721,-22.83349,5.09047,17.874,0,0,0,-22.93654,4.938949,17.74311
153.3795,-22.83349,5.09047,17.874,0,0,0,-22.93654,4.938949,17.74311
153.3871,-22.83372,5.090063,17.87341,0,0,0,-22.93654,4.938949,17.74311
153.3958,-22.83372,5.090063,17.87341,0,0,0,-22.93654,4.938949,17.74311
153.4033,-22.83372,5.090063,17.87341,0,0,0,-22.93654,4.938949,17.74311
153.4117,-22.83372,5.090063,17.87341,0,0,0,-22.93654,4.938949,17.74311
153.4212,-22.8347,5.089661,17.87552,0,0,0,-22.93654,4.938949,17.74311
153.4296,-22.8347,5.089661,17.87552,0,0,0,-22.93654,4.938949,17.74311
153.4367,-22.8347,5.089661,17.87552,0,0,0,-22.93654,4.938949,17.74311
153.445,-22.83255,5.089455,17.87648,0,0,0,-22.93654,4.938949,17.74311
153.4541,-22.83255,5.089455,17.87648,0,0,0,-22.93654,4.938949,17.74311
153.4619,-22.83411,5.089358,17.87706,0,0,0,-22.93654,4.938949,17.74311
153.4709,-22.83411,5.089358,17.87706,0,0,0,-22.93654,4.938949,17.74311
153.4799,-22.83411,5.089358,17.87706,0,0,0,-22.93654,4.938949,17.74311
153.4889,-22.83255,5.089455,17.87648,0,0,0,-22.93654,4.938949,17.74311
153.4977,-22.83255,5.089455,17.87648,0,0,0,-22.93654,4.938949,17.74311
153.5051,-22.83255,5.089455,17.87648,0,0,0,-22.93654,4.938949,17.74311
153.5133,-22.83255,5.089455,17.87648,0,0,0,-22.93654,4.938949,17.74311
153.5217,-22.83219,5.088745,17.87743,0,0,0,-22.93654,4.938949,17.74311
153.5309,-22.83219,5.088745,17.87743,0,0,0,-22.93654,4.938949,17.74311
153.5397,-22.83219,5.088745,17.87743,0,0,0,-22.93654,4.938949,17.74311
153.5473,-22.83063,5.088845,17.87685,0,0,0,-22.93654,4.938949,17.74311
153.5577,-22.83063,5.088845,17.87685,0,0,0,-22.93654,4.938949,17.74311
153.5657,-22.83219,5.088746,17.87743,0,0,0,-22.93654,4.938949,17.74311
153.575,-22.83219,5.088746,17.87743,0,0,0,-22.93654,4.938949,17.74311
153.5822,-22.83219,5.088746,17.87743,0,0,0,-22.93654,4.938949,17.74311
153.591,-22.83219,5.088746,17.87743,0,0,0,-22.93654,4.938949,17.74311
153.5986,-22.83219,5.088746,17.87743,0,0,0,-22.93654,4.938949,17.74311
153.6062,-22.83219,5.088746,17.87743,0,0,0,-22.93654,4.938949,17.74311
153.6145,-22.83219,5.088746,17.87743,0,0,0,-22.93654,4.938949,17.74311
153.6221,-22.83219,5.088746,17.87743,0,0,0,-22.93654,4.938949,17.74311
153.6304,-22.83219,5.088746,17.87743,0,0,0,-22.93654,4.938949,17.74311
153.6405,-22.83203,5.088475,17.87784,0,0,0,-22.93654,4.938949,17.74311
153.6487,-22.83203,5.088475,17.87784,0,0,0,-22.93654,4.938949,17.74311
153.6567,-22.83203,5.088475,17.87784,0,0,0,-22.93654,4.938949,17.74311
153.6652,-22.83261,5.088777,17.8763,0,0,0,-22.93654,4.938949,17.74311
153.6752,-22.83261,5.088777,17.8763,0,0,0,-22.93654,4.938949,17.74311
153.6829,-22.83261,5.088777,17.8763,0,0,0,-22.93654,4.938949,17.74311
153.6915,-22.83261,5.088777,17.8763,0,0,0,-22.93654,4.938949,17.74311
153.7,-22.8332,5.08908,17.87477,0,0,0,-22.93654,4.938949,17.74311
153.7093,-22.8332,5.08908,17.87477,0,0,0,-22.93654,4.938949,17.74311
153.7184,-22.8332,5.08908,17.87477,0,0,0,-22.93654,4.938949,17.74311
153.7274,-22.8332,5.08908,17.87477,0,0,0,-22.93654,4.938949,17.74311
153.7383,-22.8332,5.08908,17.87477,0,0,0,-22.93654,4.938949,17.74311
153.7461,-22.83378,5.089386,17.87324,0,0,0,-22.93654,4.938949,17.74311
153.7555,-22.83378,5.089386,17.87324,0,0,0,-22.93654,4.938949,17.74311
153.7666,-22.83378,5.089386,17.87324,0,0,0,-22.93654,4.938949,17.74311
153.7776,-22.83378,5.089386,17.87324,0,0,0,-22.93654,4.938949,17.74311
153.7858,-22.83436,5.089694,17.8717,0,0,0,-22.93654,4.938949,17.74311
153.8002,-22.83436,5.089694,17.8717,0,0,0,-22.93654,4.938949,17.74311
153.8125,-22.83436,5.089694,17.8717,0,0,0,-22.93654,4.938949,17.74311
153.8217,-22.83436,5.089694,17.8717,0,0,0,-22.93654,4.938949,17.74311
153.8361,-22.83436,5.089694,17.8717,0,0,0,-22.93654,4.938949,17.74311
153.8475,-22.83338,5.090102,17.86959,0,0,0,-22.93654,4.938949,17.74311
153.8586,-22.83338,5.090102,17.86959,0,0,0,-22.93654,4.938949,17.74311
153.8696,-22.83338,5.090102,17.86959,0,0,0,-22.93654,4.938949,17.74311
153.8817,-22.83553,5.090315,17.86864,0,0,0,-22.93654,4.938949,17.74311
153.8909,-22.83553,5.090315,17.86864,0,0,0,-22.93654,4.938949,17.74311
153.8997,-22.83553,5.090315,17.86864,0,0,0,-22.93654,4.938949,17.74311
153.9086,-22.83495,5.090003,17.87017,0,0,0,-22.93654,4.938949,17.74311
153.9173,-22.83495,5.090003,17.87017,0,0,0,-22.93654,4.938949,17.74311
153.9254,-22.83553,5.090315,17.86864,0,0,0,-22.93654,4.938949,17.74311
153.9339,-22.83553,5.090315,17.86864,0,0,0,-22.93654,4.938949,17.74311
153.9445,-22.83397,5.090414,17.86806,0,0,0,-22.93654,4.938949,17.74311
153.9531,-22.83397,5.090414,17.86806,0,0,0,-22.93654,4.938949,17.74311
153.9604,-22.83338,5.090102,17.86959,0,0,0,-22.93654,4.938949,17.74311
153.97,-22.83338,5.090102,17.86959,0,0,0,-22.93654,4.938949,17.74311
153.9777,-22.83338,5.090102,17.86959,0,0,0,-22.93654,4.938949,17.74311
153.9879,-22.83338,5.090101,17.86959,0,0,0,-22.93654,4.938949,17.74311
153.9981,-22.83338,5.090101,17.86959,0,0,0,-22.93654,4.938949,17.74311
154.0076,-22.83397,5.090414,17.86806,0,0,0,-22.93654,4.938949,17.74311
154.0185,-22.83397,5.090414,17.86806,0,0,0,-22.93654,4.938949,17.74311
154.0273,-22.83397,5.090414,17.86806,0,0,0,-22.93654,4.938949,17.74311
154.0382,-22.83397,5.090414,17.86806,0,0,0,-22.93654,4.938949,17.74311
154.0473,-22.83397,5.090414,17.86806,0,0,0,-22.93654,4.938949,17.74311
154.0581,-22.83397,5.090414,17.86806,0,0,0,-22.93654,4.938949,17.74311
154.0672,-22.83338,5.090101,17.86959,0,0,0,-22.93654,4.938949,17.74311
154.077,-22.83338,5.090101,17.86959,0,0,0,-22.93654,4.938949,17.74311
154.0856,-22.83553,5.090315,17.86864,0,0,0,-22.93654,4.938949,17.74311
154.0989,-22.83553,5.090315,17.86864,0,0,0,-22.93654,4.938949,17.74311
154.1079,-22.83553,5.090315,17.86864,0,0,0,-22.93654,4.938949,17.74311
154.1173,-22.83553,5.090315,17.86864,0,0,0,-22.93654,4.938949,17.74311
154.1252,-22.83397,5.090414,17.86806,0,0,0,-22.93654,4.938949,17.74311
154.1351,-22.83397,5.090414,17.86806,0,0,0,-22.93654,4.938949,17.74311
154.1431,-22.83553,5.090315,17.86863,0,0,0,-22.93654,4.938949,17.74311
154.1518,-22.83553,5.090315,17.86863,0,0,0,-22.93654,4.938949,17.74311
154.1594,-22.83553,5.090315,17.86863,0,0,0,-22.93654,4.938949,17.74311
154.168,-22.83397,5.090414,17.86806,0,0,0,-22.93654,4.938949,17.74311
154.1768,-22.83397,5.090414,17.86806,0,0,0,-22.93654,4.938949,17.74311
154.1843,-22.83397,5.090414,17.86806,0,0,0,-22.93654,4.938949,17.74311
154.1937,-22.83397,5.090414,17.86806,0,0,0,-22.93654,4.938949,17.74311
154.2046,-22.83397,5.090414,17.86806,0,0,0,-22.93654,4.938949,17.74311
154.2135,-22.83397,5.090414,17.86806,0,0,0,-22.93654,4.938949,17.74311
154.2218,-22.83397,5.090414,17.86806,0,0,0,-22.93654,4.938949,17.74311
154.2305,-22.83397,5.090414,17.86806,0,0,0,-22.93654,4.938949,17.74311
154.2382,-22.83397,5.090414,17.86806,0,0,0,-22.93654,4.938949,17.74311
154.2461,-22.83381,5.090144,17.86847,0,0,0,-22.93654,4.938949,17.74311
154.2551,-22.83381,5.090144,17.86847,0,0,0,-22.93654,4.938949,17.74311
154.263,-22.83381,5.090144,17.86847,0,0,0,-22.93654,4.938949,17.74311
154.2723,-22.83381,5.090144,17.86847,0,0,0,-22.93654,4.938949,17.74311
154.2809,-22.83323,5.08983,17.87,0,0,0,-22.93654,4.938949,17.74311
154.29,-22.83323,5.08983,17.87,0,0,0,-22.93654,4.938949,17.74311
154.2995,-22.83323,5.08983,17.87,0,0,0,-22.93654,4.938949,17.74311
154.3118,-22.83439,5.090457,17.86694,0,0,0,-22.93654,4.938949,17.74311
154.3213,-22.83439,5.090457,17.86694,0,0,0,-22.93654,4.938949,17.74311
154.3316,-22.83439,5.090457,17.86694,0,0,0,-22.93654,4.938949,17.74311
154.3453,-22.83381,5.090144,17.86847,0,0,0,-22.93654,4.938949,17.74311
154.3558,-22.83381,5.090144,17.86847,0,0,0,-22.93654,4.938949,17.74311
154.3647,-22.83381,5.090144,17.86847,0,0,0,-22.93654,4.938949,17.74311
154.377,-22.83381,5.090144,17.86847,0,0,0,-22.93654,4.938949,17.74311
154.3853,-22.83381,5.090144,17.86847,0,0,0,-22.93654,4.938949,17.74311
154.3973,-22.83381,5.090144,17.86847,0,0,0,-22.93654,4.938949,17.74311
154.4052,-22.83537,5.090045,17.86905,0,0,0,-22.93654,4.938949,17.74311
154.4151,-22.83537,5.090045,17.86905,0,0,0,-22.93654,4.938949,17.74311
154.425,-22.83439,5.090457,17.86694,0,0,0,-22.93654,4.938949,17.74311
154.4355,-22.83439,5.090457,17.86694,0,0,0,-22.93654,4.938949,17.74311
154.4445,-22.83381,5.090144,17.86847,0,0,0,-22.93654,4.938949,17.74311
154.4562,-22.83381,5.090144,17.86847,0,0,0,-22.93654,4.938949,17.74311
154.4636,-22.83381,5.090144,17.86847,0,0,0,-22.93654,4.938949,17.74311
154.4725,-22.83381,5.090144,17.86847,0,0,0,-22.93654,4.938949,17.74311
154.4804,-22.83439,5.090457,17.86694,0,0,0,-22.93654,4.938949,17.74311
154.4896,-22.83439,5.090457,17.86694,0,0,0,-22.93654,4.938949,17.74311
154.4979,-22.83439,5.090457,17.86694,0,0,0,-22.93654,4.938949,17.74311
154.5087,-22.83381,5.090144,17.86847,0,0,0,-22.93654,4.938949,17.74311
154.5175,-22.83381,5.090144,17.86847,0,0,0,-22.93654,4.938949,17.74311
154.5251,-22.83381,5.090144,17.86847,0,0,0,-22.93654,4.938949,17.74311
154.5345,-22.83381,5.090144,17.86847,0,0,0,-22.93654,4.938949,17.74311
154.5421,-22.83381,5.090144,17.86847,0,0,0,-22.93654,4.938949,17.74311
154.5514,-22.83381,5.090144,17.86847,0,0,0,-22.93654,4.938949,17.74311
154.56,-22.83381,5.090144,17.86847,0,0,0,-22.93654,4.938949,17.74311
154.5694,-22.83381,5.090144,17.86847,0,0,0,-22.93654,4.938949,17.74311
154.5774,-22.83381,5.090144,17.86847,0,0,0,-22.93654,4.938949,17.74311
154.5857,-22.83381,5.090144,17.86847,0,0,0,-22.93654,4.938949,17.74311
154.5949,-22.83381,5.090144,17.86847,0,0,0,-22.93654,4.938949,17.74311
154.6029,-22.83381,5.090144,17.86847,0,0,0,-22.93654,4.938949,17.74311
154.6114,-22.83381,5.090144,17.86847,0,0,0,-22.93654,4.938949,17.74311
154.619,-22.83381,5.090144,17.86847,0,0,0,-22.93654,4.938949,17.74311
154.6299,-22.83381,5.090144,17.86847,0,0,0,-22.93654,4.938949,17.74311
154.6388,-22.83381,5.090144,17.86847,0,0,0,-22.93654,4.938949,17.74311
154.6465,-22.83319,5.090144,17.8682,0,0,0,-22.93654,4.938949,17.74311
154.6552,-22.83319,5.090144,17.8682,0,0,0,-22.93654,4.938949,17.74311
154.6629,-22.83319,5.090144,17.8682,0,0,0,-22.93654,4.938949,17.74311
154.6718,-22.83319,5.090144,17.8682,0,0,0,-22.93654,4.938949,17.74311
154.6794,-22.83319,5.090144,17.8682,0,0,0,-22.93654,4.938949,17.74311
154.6874,-22.83319,5.090144,17.8682,0,0,0,-22.93654,4.938949,17.74311
154.6963,-22.83319,5.090144,17.8682,0,0,0,-22.93654,4.938949,17.74311
154.7046,-22.83319,5.090144,17.8682,0,0,0,-22.93654,4.938949,17.74311
154.7164,-22.83319,5.090144,17.8682,0,0,0,-22.93654,4.938949,17.74311
154.7267,-22.83319,5.090144,17.8682,0,0,0,-22.93654,4.938949,17.74311
154.7361,-22.83319,5.090144,17.8682,0,0,0,-22.93654,4.938949,17.74311
154.747,-22.83475,5.090045,17.86877,0,0,0,-22.93654,4.938949,17.74311
154.7563,-22.83475,5.090045,17.86877,0,0,0,-22.93654,4.938949,17.74311
154.7648,-22.83377,5.090457,17.86667,0,0,0,-22.93654,4.938949,17.74311
154.7742,-22.83377,5.090457,17.86667,0,0,0,-22.93654,4.938949,17.74311
154.7826,-22.83377,5.090456,17.86667,0,0,0,-22.93654,4.938949,17.74311
154.7919,-22.83377,5.090456,17.86667,0,0,0,-22.93654,4.938949,17.74311
154.8003,-22.83319,5.090143,17.8682,0,0,0,-22.93654,4.938949,17.74311
154.8124,-22.83319,5.090143,17.8682,0,0,0,-22.93654,4.938949,17.74311
154.8228,-22.83319,5.090144,17.8682,0,0,0,-22.93654,4.938949,17.74311
154.8326,-22.83319,5.090144,17.8682,0,0,0,-22.93654,4.938949,17.74311
154.8428,-22.83319,5.090144,17.8682,0,0,0,-22.93654,4.938949,17.74311
154.8527,-22.83319,5.090144,17.8682,0,0,0,-22.93654,4.938949,17.74311
154.8611,-22.83319,5.090144,17.8682,0,0,0,-22.93654,4.938949,17.74311
154.8708,-22.83319,5.090144,17.8682,0,0,0,-22.93654,4.938949,17.74311
154.8802,-22.83377,5.090457,17.86667,0,0,0,-22.93654,4.938949,17.74311
154.8906,-22.83377,5.090457,17.86667,0,0,0,-22.93654,4.938949,17.74311
154.9014,-22.83377,5.090456,17.86667,0,0,0,-22.93654,4.938949,17.74311
154.9102,-22.83377,5.090456,17.86667,0,0,0,-22.93654,4.938949,17.74311
154.9184,-22.83377,5.090456,17.86667,0,0,0,-22.93654,4.938949,17.74311
154.9263,-22.83319,5.090143,17.8682,0,0,0,-22.93654,4.938949,17.74311
154.9354,-22.83319,5.090143,17.8682,0,0,0,-22.93654,4.938949,17.74311
154.9431,-22.83319,5.090144,17.8682,0,0,0,-22.93654,4.938949,17.74311
154.952,-22.83319,5.090144,17.8682,0,0,0,-22.93654,4.938949,17.74311
154.9595,-22.83319,5.090144,17.8682,0,0,0,-22.93654,4.938949,17.74311
154.9672,-22.83319,5.090144,17.8682,0,0,0,-22.93654,4.938949,17.74311
154.9757,-22.83319,5.090144,17.8682,0,0,0,-22.93654,4.938949,17.74311
154.9832,-22.83303,5.089873,17.86861,0,0,0,-22.93654,4.938949,17.74311
154.9925,-22.83303,5.089873,17.86861,0,0,0,-22.93654,4.938949,17.74311
155.0006,-22.83303,5.089873,17.86861,0,0,0,-22.93654,4.938949,17.74311
155.0093,-22.83303,5.089873,17.86861,0,0,0,-22.93654,4.938949,17.74311
155.017,-22.83303,5.089873,17.86861,0,0,0,-22.93654,4.938949,17.74311
155.0257,-22.83303,5.089873,17.86861,0,0,0,-22.93654,4.938949,17.74311
155.0347,-22.83303,5.089873,17.86861,0,0,0,-22.93654,4.938949,17.74311
155.0433,-22.83303,5.089873,17.86861,0,0,0,-22.93654,4.938949,17.74311
155.0528,-22.83303,5.089873,17.86861,0,0,0,-22.93654,4.938949,17.74311
155.0631,-22.83303,5.089873,17.86861,0,0,0,-22.93654,4.938949,17.74311
155.0716,-22.83303,5.089873,17.86861,0,0,0,-22.93654,4.938949,17.74311
155.079,-22.83303,5.089873,17.86861,0,0,0,-22.93654,4.938949,17.74311
155.0867,-22.83303,5.089873,17.86861,0,0,0,-22.93654,4.938949,17.74311
155.0967,-22.83303,5.089873,17.86861,0,0,0,-22.93654,4.938949,17.74311
155.1042,-22.83303,5.089873,17.86861,0,0,0,-22.93654,4.938949,17.74311
155.1154,-22.83303,5.089873,17.86861,0,0,0,-22.93654,4.938949,17.74311
155.1227,-22.83245,5.08956,17.87014,0,0,0,-22.93654,4.938949,17.74311
155.1311,-22.83245,5.08956,17.87014,0,0,0,-22.93654,4.938949,17.74311
155.1398,-22.83245,5.08956,17.87014,0,0,0,-22.93654,4.938949,17.74311
155.147,-22.83401,5.089461,17.87072,0,0,0,-22.93654,4.938949,17.74311
155.1555,-22.83401,5.089461,17.87072,0,0,0,-22.93654,4.938949,17.74311
155.1629,-22.83186,5.089252,17.87168,0,0,0,-22.93654,4.938949,17.74311
155.1711,-22.83186,5.089252,17.87168,0,0,0,-22.93654,4.938949,17.74311
155.1783,-22.83186,5.089252,17.87168,0,0,0,-22.93654,4.938949,17.74311
155.186,-22.83186,5.089252,17.87168,0,0,0,-22.93654,4.938949,17.74311
155.1965,-22.83186,5.089252,17.87168,0,0,0,-22.93654,4.938949,17.74311
155.2053,-22.83186,5.089252,17.87168,0,0,0,-22.93654,4.938949,17.74311
155.215,-22.83186,5.089252,17.87168,0,0,0,-22.93654,4.938949,17.74311
155.2267,-22.83146,5.088846,17.87081,0,0,0,-22.93654,4.938949,17.74311
155.2369,-22.83146,5.088846,17.87081,0,0,0,-22.93654,4.938949,17.74311
155.2503,-22.83088,5.088537,17.87235,0,0,0,-22.93654,4.938949,17.74311
155.2598,-22.83088,5.088537,17.87235,0,0,0,-22.93654,4.938949,17.74311
155.2703,-22.83088,5.088537,17.87235,0,0,0,-22.93654,4.938949,17.74311
155.2795,-22.83088,5.088537,17.87235,0,0,0,-22.93654,4.938949,17.74311
155.2874,-22.83088,5.088537,17.87235,0,0,0,-22.93654,4.938949,17.74311
155.2972,-22.83088,5.088537,17.87235,0,0,0,-22.93654,4.938949,17.74311
155.3054,-22.83088,5.088537,17.87235,0,0,0,-22.93654,4.938949,17.74311
155.315,-22.83088,5.088537,17.87235,0,0,0,-22.93654,4.938949,17.74311
155.3241,-22.83088,5.088537,17.87235,0,0,0,-22.93654,4.938949,17.74311
155.3342,-22.83088,5.088537,17.87235,0,0,0,-22.93654,4.938949,17.74311
155.3456,-22.83029,5.088231,17.87388,0,0,0,-22.93654,4.938949,17.74311
155.3569,-22.83029,5.088231,17.87388,0,0,0,-22.93654,4.938949,17.74311
155.3652,-22.83088,5.088537,17.87235,0,0,0,-22.93654,4.938949,17.74311
155.3741,-22.83088,5.088537,17.87235,0,0,0,-22.93654,4.938949,17.74311
155.3817,-22.83088,5.088537,17.87235,0,0,0,-22.93654,4.938949,17.74311
155.3911,-22.83088,5.088537,17.87235,0,0,0,-22.93654,4.938949,17.74311
155.399,-22.83088,5.088537,17.87235,0,0,0,-22.93654,4.938949,17.74311
155.4079,-22.83088,5.088537,17.87235,0,0,0,-22.93654,4.938949,17.74311
155.4173,-22.83088,5.088537,17.87235,0,0,0,-22.93654,4.938949,17.74311
155.4251,-22.83029,5.088231,17.87388,0,0,0,-22.93654,4.938949,17.74311
155.4348,-22.83029,5.088231,17.87388,0,0,0,-22.93654,4.938949,17.74311
155.4426,-22.83088,5.088537,17.87235,0,0,0,-22.93654,4.938949,17.74311
155.4513,-22.83088,5.088537,17.87235,0,0,0,-22.93654,4.938949,17.74311
155.4614,-22.83088,5.088537,17.87235,0,0,0,-22.93654,4.938949,17.74311
155.4701,-22.83088,5.088537,17.87235,0,0,0,-22.93654,4.938949,17.74311
155.4786,-22.83088,5.088537,17.87235,0,0,0,-22.93654,4.938949,17.74311
155.4868,-22.83029,5.088231,17.87388,0,0,0,-22.93654,4.938949,17.74311
155.4953,-22.83029,5.088231,17.87388,0,0,0,-22.93654,4.938949,17.74311
155.5038,-22.83208,5.087725,17.87387,0,0,0,-22.93654,4.938949,17.74311
155.5126,-22.83208,5.087725,17.87387,0,0,0,-22.93654,4.938949,17.74311
155.5202,-22.83074,5.087416,17.87271,0,0,0,-22.93654,4.938949,17.74311
155.5313,-22.83074,5.087416,17.87271,0,0,0,-22.93654,4.938949,17.74311
155.5389,-22.83074,5.087416,17.87271,0,0,0,-22.93654,4.938949,17.74311
155.5461,-22.83155,5.087318,17.87058,0,0,0,-22.93654,4.938949,17.74311
155.5546,-22.83155,5.087318,17.87058,0,0,0,-22.93654,4.938949,17.74311
155.5621,-22.83178,5.086913,17.86999,0,0,0,-22.8329,4.936451,17.84065
155.5714,-22.83178,5.086913,17.86999,0,0,0,-22.8329,4.936451,17.84065
155.579,-22.83178,5.086913,17.86999,0,0,0,-22.8329,4.936451,17.84065
155.5872,-22.82865,5.087117,17.86884,0,0,0,-22.8329,4.936451,17.84065
155.5957,-22.82865,5.087117,17.86884,0,0,0,-22.8329,4.936451,17.84065
155.6035,-22.82865,5.087117,17.86885,0,0,0,-22.8329,4.936451,17.84065
155.612,-22.82865,5.087117,17.86885,0,0,0,-22.8329,4.936451,17.84065
155.6197,-22.82865,5.087117,17.86885,0,0,0,-22.8329,4.936451,17.84065
155.6273,-22.82552,5.08733,17.8677,0,0,0,-22.8329,4.936451,17.84065
155.636,-22.82552,5.08733,17.8677,0,0,0,-22.8329,4.936451,17.84065
155.644,-22.82552,5.08733,17.8677,0,0,0,-22.8329,4.936451,17.84065
155.6526,-22.82552,5.08733,17.8677,0,0,0,-22.8329,4.936451,17.84065
155.6609,-22.82396,5.08744,17.86712,0,0,0,-22.8329,4.936451,17.84065
155.6694,-22.82396,5.08744,17.86712,0,0,0,-22.8329,4.936451,17.84065
155.6769,-22.82396,5.08744,17.86712,0,0,0,-22.8329,4.936451,17.84065
155.6841,-22.82458,5.08744,17.8674,0,0,0,-22.8329,4.936451,17.84065
155.6928,-22.82458,5.08744,17.8674,0,0,0,-22.8329,4.936451,17.84065
155.7015,-22.82517,5.087751,17.86587,0,0,0,-22.8329,4.936451,17.84065
155.711,-22.82517,5.087751,17.86587,0,0,0,-22.8329,4.936451,17.84065
155.721,-22.82575,5.088064,17.86434,0,0,0,-22.8329,4.936451,17.84065
155.7297,-22.82575,5.088064,17.86434,0,0,0,-22.8329,4.936451,17.84065
155.7378,-22.82575,5.088064,17.86434,0,0,0,-22.8329,4.936451,17.84065
155.7452,-22.82611,5.088783,17.86339,0,0,0,-22.8329,4.936451,17.84065
155.7537,-22.82611,5.088783,17.86339,0,0,0,-22.8329,4.936451,17.84065
155.761,-22.82669,5.089099,17.86186,0,0,0,-22.8329,4.936451,17.84065
155.7697,-22.82669,5.089099,17.86186,0,0,0,-22.8329,4.936451,17.84065
155.778,-22.82669,5.089099,17.86186,0,0,0,-22.8329,4.936451,17.84065
155.7869,-22.82884,5.089309,17.8609,0,0,0,-22.8329,4.936451,17.84065
155.796,-22.82884,5.089309,17.8609,0,0,0,-22.8329,4.936451,17.84065
155.8049,-22.82712,5.089147,17.86074,0,0,0,-22.8329,4.936451,17.84065
155.8137,-22.82712,5.089147,17.86074,0,0,0,-22.8329,4.936451,17.84065
155.8219,-22.82712,5.089147,17.86074,0,0,0,-22.8329,4.936451,17.84065
155.833,-22.82712,5.089147,17.86074,0,0,0,-22.8329,4.936451,17.84065
155.8418,-22.82927,5.089357,17.85978,0,0,0,-22.8329,4.936451,17.84065
155.8535,-22.82927,5.089357,17.85978,0,0,0,-22.8329,4.936451,17.84065
155.8614,-22.82927,5.089357,17.85978,0,0,0,-22.8329,4.936451,17.84065
155.8706,-22.82927,5.089357,17.85978,0,0,0,-22.8329,4.936451,17.84065
155.8788,-22.82927,5.089357,17.85978,0,0,0,-22.8329,4.936451,17.84065
155.8879,-22.82927,5.089357,17.85978,0,0,0,-22.8329,4.936451,17.84065
155.8979,-22.82927,5.089357,17.85978,0,0,0,-22.8329,4.936451,17.84065
155.909,-22.82755,5.089196,17.85962,0,0,0,-22.8329,4.936451,17.84065
155.9201,-22.82739,5.088926,17.86003,0,0,0,-22.8329,4.936451,17.84065
155.9308,-22.82739,5.088926,17.86003,0,0,0,-22.8329,4.936451,17.84065
155.939,-22.82739,5.088926,17.86003,0,0,0,-22.8329,4.936451,17.84065
155.9481,-22.82665,5.088333,17.86197,0,0,0,-22.8329,4.936451,17.84065
155.9568,-22.82665,5.088333,17.86197,0,0,0,-22.8329,4.936451,17.84065
155.9646,-22.82591,5.087743,17.86391,0,0,0,-22.8329,4.936451,17.84065
155.9736,-22.82591,5.087743,17.86391,0,0,0,-22.8329,4.936451,17.84065
155.9814,-22.82599,5.086459,17.86837,0,0,0,-22.8329,4.936451,17.84065
155.99,-22.82599,5.086459,17.86837,0,0,0,-22.8329,4.936451,17.84065
155.9974,-22.82599,5.086459,17.86837,0,0,0,-22.8329,4.936451,17.84065
156.0048,-22.82393,5.084983,17.87379,0,0,0,-22.8329,4.936451,17.84065
156.0128,-22.82393,5.084983,17.87379,0,0,0,-22.8329,4.936451,17.84065
156.0203,-22.82162,5.084513,17.87516,0,0,0,-22.8329,4.936451,17.84065
156.0287,-22.82162,5.084513,17.87516,0,0,0,-22.8329,4.936451,17.84065
156.0367,-22.82162,5.084513,17.87516,0,0,0,-22.8329,4.936451,17.84065
156.0446,-22.81952,5.083363,17.87877,0,0,0,-22.8329,4.936451,17.84065
156.0537,-22.81952,5.083363,17.87877,0,0,0,-22.8329,4.936451,17.84065
156.0626,-22.81912,5.082383,17.88254,0,0,0,-22.8329,4.936451,17.84065
156.0714,-22.81912,5.082383,17.88254,0,0,0,-22.8329,4.936451,17.84065
156.0793,-22.81912,5.082383,17.88254,0,0,0,-22.8329,4.936451,17.84065
156.0871,-22.81545,5.081357,17.88557,0,0,0,-22.8329,4.936451,17.84065
156.0958,-22.81545,5.081357,17.88557,0,0,0,-22.8329,4.936451,17.84065
156.1063,-22.81548,5.080408,17.88822,0,0,0,-22.8329,4.936451,17.84065
156.1151,-22.81548,5.080408,17.88822,0,0,0,-22.8329,4.936451,17.84065
156.1229,-22.81379,5.079297,17.8907,0,0,0,-22.8329,4.936451,17.84065
156.1317,-22.81379,5.079297,17.8907,0,0,0,-22.8329,4.936451,17.84065
156.1396,-22.81379,5.079297,17.8907,0,0,0,-22.8329,4.936451,17.84065
156.1475,-22.81182,5.07845,17.8939,0,0,0,-22.8329,4.936451,17.84065
156.1604,-22.80952,5.078002,17.89527,0,0,0,-22.8329,4.936451,17.84065
156.1701,-22.80952,5.078002,17.89527,0,0,0,-22.8329,4.936451,17.84065
156.1809,-22.81044,5.077892,17.89556,0,0,0,-22.8329,4.936451,17.84065
156.1896,-22.81044,5.077892,17.89556,0,0,0,-22.8329,4.936451,17.84065
156.197,-22.81044,5.077892,17.89556,0,0,0,-22.8329,4.936451,17.84065
156.205,-22.80947,5.078285,17.89345,0,0,0,-22.8329,4.936451,17.84065
156.214,-22.80947,5.078285,17.89345,0,0,0,-22.8329,4.936451,17.84065
156.2217,-22.81039,5.078175,17.89374,0,0,0,-22.8329,4.936451,17.84065
156.2312,-22.81039,5.078175,17.89374,0,0,0,-22.8329,4.936451,17.84065
156.2388,-22.81039,5.078175,17.89374,0,0,0,-22.8329,4.936451,17.84065
156.247,-22.81024,5.0779,17.89415,0,0,0,-22.8329,4.936451,17.84065
156.2553,-22.81024,5.0779,17.89415,0,0,0,-22.8329,4.936451,17.84065
156.2635,-22.80804,5.07801,17.89329,0,0,0,-22.8329,4.936451,17.84065
156.2721,-22.80804,5.07801,17.89329,0,0,0,-22.8329,4.936451,17.84065
156.2811,-22.8096,5.0779,17.89387,0,0,0,-22.8329,4.936451,17.84065
156.2919,-22.8096,5.0779,17.89387,0,0,0,-22.8329,4.936451,17.84065
156.3006,-22.80804,5.07801,17.89329,0,0,0,-22.8329,4.936451,17.84065
156.3091,-22.80804,5.07801,17.89329,0,0,0,-22.8329,4.936451,17.84065
156.3166,-22.80804,5.07801,17.89329,0,0,0,-22.8329,4.936451,17.84065
156.3247,-22.80804,5.07801,17.89329,0,0,0,-22.8329,4.936451,17.84065
156.338,-22.80804,5.07801,17.89329,0,0,0,-22.8329,4.936451,17.84065
156.3459,-22.8096,5.0779,17.89386,0,0,0,-22.8329,4.936451,17.84065
156.3575,-22.8096,5.0779,17.89386,0,0,0,-22.8329,4.936451,17.84065
156.3653,-22.80956,5.078186,17.89205,0,0,0,-22.8329,4.936451,17.84065
156.3767,-22.80956,5.078186,17.89205,0,0,0,-22.8329,4.936451,17.84065
156.3882,-22.80897,5.0779,17.89358,0,0,0,-22.8329,4.936451,17.84065
156.3968,-22.80897,5.0779,17.89358,0,0,0,-22.8329,4.936451,17.84065
156.4043,-22.80956,5.078186,17.89205,0,0,0,-22.8329,4.936451,17.84065
156.4128,-22.80956,5.078186,17.89205,0,0,0,-22.8329,4.936451,17.84065
156.4213,-22.80897,5.0779,17.89358,0,0,0,-22.8329,4.936451,17.84065
156.431,-22.80897,5.0779,17.89358,0,0,0,-22.8329,4.936451,17.84065
156.4406,-22.80956,5.078186,17.89205,0,0,0,-22.8329,4.936451,17.84065
156.4499,-22.80956,5.078186,17.89205,0,0,0,-22.8329,4.936451,17.84065
156.4584,-22.80956,5.078186,17.89205,0,0,0,-22.8329,4.936451,17.84065
156.4669,-22.80924,5.077636,17.89286,0,0,0,-22.8329,4.936451,17.84065
156.4772,-22.80924,5.077636,17.89286,0,0,0,-22.8329,4.936451,17.84065
156.4901,-22.80908,5.077361,17.89327,0,0,0,-22.8329,4.936451,17.84065
156.5023,-22.80951,5.077373,17.89214,0,0,0,-22.8329,4.936451,17.84065
156.5124,-22.80951,5.077373,17.89214,0,0,0,-22.8329,4.936451,17.84065
156.5201,-22.80877,5.076809,17.89408,0,0,0,-22.8329,4.936451,17.84065
156.529,-22.80877,5.076809,17.89408,0,0,0,-22.8329,4.936451,17.84065
156.5374,-22.80877,5.076809,17.89408,0,0,0,-22.8329,4.936451,17.84065
156.5457,-22.8078,5.077206,17.89197,0,0,0,-22.8329,4.936451,17.84065
156.5565,-22.8078,5.077206,17.89197,0,0,0,-22.8329,4.936451,17.84065
156.5655,-22.80764,5.07693,17.89238,0,0,0,-22.8329,4.936451,17.84065
156.5748,-22.80764,5.07693,17.89238,0,0,0,-22.8329,4.936451,17.84065
156.5834,-22.80689,5.076366,17.89432,0,0,0,-22.8329,4.936451,17.84065
156.5924,-22.80689,5.076366,17.89432,0,0,0,-22.8329,4.936451,17.84065
156.6012,-22.80786,5.075971,17.89643,0,0,0,-22.8329,4.936451,17.84065
156.6102,-22.80786,5.075971,17.89643,0,0,0,-22.8329,4.936451,17.84065
156.6188,-22.80786,5.075971,17.89643,0,0,0,-22.8329,4.936451,17.84065
156.6265,-22.8063,5.076081,17.89585,0,0,0,-22.8329,4.936451,17.84065
156.6358,-22.8063,5.076081,17.89585,0,0,0,-22.8329,4.936451,17.84065
156.644,-22.80571,5.075798,17.89739,0,0,0,-22.8329,4.936451,17.84065
156.6531,-22.80571,5.075798,17.89739,0,0,0,-22.8329,4.936451,17.84065
156.6606,-22.80727,5.075688,17.89796,0,0,0,-22.8329,4.936451,17.84065
156.6693,-22.80727,5.075688,17.89796,0,0,0,-22.8329,4.936451,17.84065
156.6769,-22.80727,5.075688,17.89796,0,0,0,-22.8329,4.936451,17.84065
156.6846,-22.80556,5.075521,17.89779,0,0,0,-22.8329,4.936451,17.84065
156.6934,-22.80556,5.075521,17.89779,0,0,0,-22.8329,4.936451,17.84065
156.7011,-22.80433,5.075241,17.89904,0,0,0,-22.8329,4.936451,17.84065
156.7101,-22.80433,5.075241,17.89904,0,0,0,-22.8329,4.936451,17.84065
156.7179,-22.80433,5.075241,17.89904,0,0,0,-22.8329,4.936451,17.84065
156.7256,-22.80338,5.074688,17.89957,0,0,0,-22.8329,4.936451,17.84065
156.7345,-22.80338,5.074688,17.89957,0,0,0,-22.8329,4.936451,17.84065
156.7422,-22.80279,5.074409,17.90111,0,0,0,-22.8329,4.936451,17.84065
156.7514,-22.80279,5.074409,17.90111,0,0,0,-22.8329,4.936451,17.84065
156.7592,-22.80279,5.074409,17.90111,0,0,0,-22.8329,4.936451,17.84065
156.767,-22.80215,5.074409,17.90082,0,0,0,-22.8329,4.936451,17.84065
156.7758,-22.80215,5.074409,17.90082,0,0,0,-22.8329,4.936451,17.84065
156.7843,-22.80215,5.074409,17.90082,0,0,0,-22.8329,4.936451,17.84065
156.795,-22.80215,5.074409,17.90082,0,0,0,-22.8329,4.936451,17.84065
156.8028,-22.80215,5.074409,17.90082,0,0,0,-22.8329,4.936451,17.84065
156.8117,-22.80215,5.074409,17.90082,0,0,0,-22.8329,4.936451,17.84065
156.8197,-22.80215,5.074409,17.90082,0,0,0,-22.8329,4.936451,17.84065
156.8276,-22.80092,5.074132,17.90207,0,0,0,-22.8329,4.936451,17.84065
156.8368,-22.80092,5.074132,17.90207,0,0,0,-22.8329,4.936451,17.84065
156.8443,-22.80092,5.074132,17.90207,0,0,0,-22.8329,4.936451,17.84065
156.8529,-22.80092,5.074132,17.90207,0,0,0,-22.8329,4.936451,17.84065
156.8602,-22.80092,5.074132,17.90207,0,0,0,-22.8329,4.936451,17.84065
156.8689,-22.80092,5.074132,17.90207,0,0,0,-22.8329,4.936451,17.84065
156.8764,-22.80092,5.074132,17.90207,0,0,0,-22.8329,4.936451,17.84065
156.8841,-22.80092,5.074132,17.90207,0,0,0,-22.8329,4.936451,17.84065
156.8926,-22.80092,5.074132,17.90207,0,0,0,-22.8329,4.936451,17.84065
156.9009,-22.79936,5.074244,17.90149,0,0,0,-22.8329,4.936451,17.84065
156.9095,-22.79936,5.074244,17.90149,0,0,0,-22.8329,4.936451,17.84065
156.9169,-22.79936,5.074244,17.90149,0,0,0,-22.8329,4.936451,17.84065
156.9259,-22.80092,5.074132,17.90207,0,0,0,-22.8329,4.936451,17.84065
156.935,-22.80092,5.074132,17.90207,0,0,0,-22.8329,4.936451,17.84065
156.9424,-22.80092,5.074132,17.90207,0,0,0,-22.8329,4.936451,17.84065
156.9513,-22.80092,5.074132,17.90207,0,0,0,-22.8329,4.936451,17.84065
156.9605,-22.79936,5.074244,17.90149,0,0,0,-22.8329,4.936451,17.84065
156.9699,-22.79936,5.074244,17.90149,0,0,0,-22.8329,4.936451,17.84065
156.9803,-22.79936,5.074244,17.90149,0,0,0,-22.8329,4.936451,17.84065
156.9902,-22.79936,5.074244,17.90149,0,0,0,-22.8329,4.936451,17.84065
156.9976,-22.79936,5.074244,17.90149,0,0,0,-22.8329,4.936451,17.84065
157.0053,-22.7978,5.074358,17.90091,0,0,0,-22.8329,4.936451,17.84065
157.0141,-22.7978,5.074358,17.90091,0,0,0,-22.8329,4.936451,17.84065
157.0231,-22.79624,5.074474,17.90033,0,0,0,-22.8329,4.936451,17.84065
157.0318,-22.79624,5.074474,17.90033,0,0,0,-22.8329,4.936451,17.84065
157.0392,-22.79624,5.074474,17.90033,0,0,0,-22.8329,4.936451,17.84065
157.0463,-22.7964,5.07475,17.89992,0,0,0,-22.8329,4.936451,17.84065
157.0556,-22.7964,5.07475,17.89992,0,0,0,-22.8329,4.936451,17.84065
157.0633,-22.7964,5.07475,17.89992,0,0,0,-22.8329,4.936451,17.84065
157.0718,-22.7964,5.07475,17.89992,0,0,0,-22.8329,4.936451,17.84065
157.0796,-22.7964,5.07475,17.89992,0,0,0,-22.8329,4.936451,17.84065
157.0871,-22.79699,5.075027,17.89839,0,0,0,-22.8329,4.936451,17.84065
157.0963,-22.79699,5.075027,17.89839,0,0,0,-22.8329,4.936451,17.84065
157.1044,-22.79543,5.075144,17.89781,0,0,0,-22.8329,4.936451,17.84065
157.1132,-22.79543,5.075144,17.89781,0,0,0,-22.8329,4.936451,17.84065
157.1207,-22.79543,5.075144,17.89781,0,0,0,-22.8329,4.936451,17.84065
157.1293,-22.79543,5.075144,17.89781,0,0,0,-22.8329,4.936451,17.84065
157.1368,-22.79543,5.075144,17.89781,0,0,0,-22.8329,4.936451,17.84065
157.1443,-22.79543,5.075144,17.89781,0,0,0,-22.8329,4.936451,17.84065
157.1531,-22.79543,5.075144,17.89781,0,0,0,-22.8329,4.936451,17.84065
157.161,-22.79484,5.074868,17.89934,0,0,0,-22.8329,4.936451,17.84065
157.1705,-22.79484,5.074868,17.89934,0,0,0,-22.8329,4.936451,17.84065
157.1797,-22.79484,5.074868,17.89934,0,0,0,-22.8329,4.936451,17.84065
157.1873,-22.79543,5.075144,17.89781,0,0,0,-22.8329,4.936451,17.84065
157.1967,-22.79543,5.075144,17.89781,0,0,0,-22.8329,4.936451,17.84065
157.2076,-22.79484,5.074868,17.89934,0,0,0,-22.8329,4.936451,17.84065
157.2165,-22.79484,5.074868,17.89934,0,0,0,-22.8329,4.936451,17.84065
157.2253,-22.79484,5.074868,17.89934,0,0,0,-22.8329,4.936451,17.84065
157.236,-22.79484,5.074868,17.89934,0,0,0,-22.8329,4.936451,17.84065
157.2485,-22.79284,5.074989,17.89989,0,0,0,-22.8329,4.936451,17.84065
157.259,-22.79284,5.074989,17.89989,0,0,0,-22.8329,4.936451,17.84065
157.2674,-22.79284,5.074989,17.89989,0,0,0,-22.8329,4.936451,17.84065
157.2777,-22.79284,5.074989,17.89989,0,0,0,-22.8329,4.936451,17.84065
157.2861,-22.79129,5.075111,17.89932,0,0,0,-22.8329,4.936451,17.84065
157.2954,-22.79129,5.075111,17.89932,0,0,0,-22.8329,4.936451,17.84065
157.3046,-22.78817,5.075362,17.89816,0,0,0,-22.8329,4.936451,17.84065
157.3169,-22.78817,5.075362,17.89816,0,0,0,-22.8329,4.936451,17.84065
157.3252,-22.78876,5.075636,17.89662,0,0,0,-22.8329,4.936451,17.84065
157.3359,-22.78876,5.075636,17.89662,0,0,0,-22.8329,4.936451,17.84065
157.3458,-22.78564,5.075895,17.89547,0,0,0,-22.8329,4.936451,17.84065
157.3587,-22.78564,5.075895,17.89547,0,0,0,-22.8329,4.936451,17.84065
157.3713,-22.78564,5.075895,17.89547,0,0,0,-22.8329,4.936451,17.84065
157.3809,-22.78408,5.076028,17.89489,0,0,0,-22.8329,4.936451,17.84065
157.3908,-22.78408,5.076028,17.89489,0,0,0,-22.8329,4.936451,17.84065
157.3998,-22.78408,5.076028,17.89489,0,0,0,-22.8329,4.936451,17.84065
157.4073,-22.78564,5.075895,17.89547,0,0,0,-22.8329,4.936451,17.84065
157.4172,-22.78564,5.075895,17.89547,0,0,0,-22.8329,4.936451,17.84065
157.4252,-22.78564,5.075895,17.89547,0,0,0,-22.8329,4.936451,17.84065
157.4338,-22.78564,5.075895,17.89547,0,0,0,-22.8329,4.936451,17.84065
157.4414,-22.78408,5.076028,17.89489,0,0,0,-22.8329,4.936451,17.84065
157.4504,-22.78408,5.076028,17.89489,0,0,0,-22.8329,4.936451,17.84065
157.4579,-22.78408,5.076028,17.89489,0,0,0,-22.8329,4.936451,17.84065
157.4667,-22.78408,5.076028,17.89489,0,0,0,-22.8329,4.936451,17.84065
157.476,-22.78408,5.076028,17.89489,0,0,0,-22.8329,4.936451,17.84065
157.484,-22.78564,5.075895,17.89547,0,0,0,-22.8329,4.936451,17.84065
157.4927,-22.78564,5.075895,17.89547,0,0,0,-22.8329,4.936451,17.84065
157.5014,-22.78349,5.075753,17.89643,0,0,0,-22.8329,4.936451,17.84065
157.5113,-22.78349,5.075753,17.89643,0,0,0,-22.8329,4.936451,17.84065
157.5196,-22.78349,5.075753,17.89643,0,0,0,-22.8329,4.936451,17.84065
157.527,-22.78505,5.075621,17.89701,0,0,0,-22.8329,4.936451,17.84065
157.5435,-22.78505,5.075621,17.89701,0,0,0,-22.8329,4.936451,17.84065
157.5521,-22.78505,5.075621,17.89701,0,0,0,-22.8329,4.936451,17.84065
157.5594,-22.78505,5.075621,17.89701,0,0,0,-22.8329,4.936451,17.84065
157.5673,-22.78505,5.075621,17.89701,0,0,0,-22.8329,4.936451,17.84065
157.5784,-22.78505,5.075621,17.89701,0,0,0,-22.8329,4.936451,17.84065
157.5895,-22.78505,5.075621,17.89701,0,0,0,-22.8329,4.936451,17.84065
157.5978,-22.78505,5.075621,17.89701,0,0,0,-22.8329,4.936451,17.84065
157.6056,-22.78505,5.075621,17.89701,0,0,0,-22.8329,4.936451,17.84065
157.617,-22.78505,5.075621,17.89701,0,0,0,-22.8329,4.936451,17.84065
157.6274,-22.78408,5.076028,17.89489,0,0,0,-22.8329,4.936451,17.84065
157.6372,-22.78408,5.076028,17.89489,0,0,0,-22.8329,4.936451,17.84065
157.6463,-22.78349,5.075753,17.89643,0,0,0,-22.8329,4.936451,17.84065
157.6555,-22.78349,5.075753,17.89643,0,0,0,-22.8329,4.936451,17.84065
157.6639,-22.78564,5.075895,17.89547,0,0,0,-22.8329,4.936451,17.84065
157.6735,-22.78564,5.075895,17.89547,0,0,0,-22.8329,4.936451,17.84065
157.6812,-22.78408,5.076028,17.89489,0,0,0,-22.8329,4.936451,17.84065
157.6903,-22.78408,5.076028,17.89489,0,0,0,-22.8329,4.936451,17.84065
157.6987,-22.78408,5.076028,17.89489,0,0,0,-22.8329,4.936451,17.84065
157.7064,-22.78408,5.076028,17.89489,0,0,0,-22.8329,4.936451,17.84065
157.7148,-22.78408,5.076028,17.89489,0,0,0,-22.8329,4.936451,17.84065
157.7222,-22.78564,5.075895,17.89547,0,0,0,-22.8329,4.936451,17.84065
157.7305,-22.78564,5.075895,17.89547,0,0,0,-22.8329,4.936451,17.84065
157.7381,-22.78564,5.075895,17.89547,0,0,0,-22.8329,4.936451,17.84065
157.7455,-22.78564,5.075895,17.89547,0,0,0,-22.8329,4.936451,17.84065
157.7563,-22.78564,5.075895,17.89547,0,0,0,-22.8329,4.936451,17.84065
157.7678,-22.78564,5.075895,17.89547,0,0,0,-22.8329,4.936451,17.84065
157.7772,-22.78564,5.075895,17.89547,0,0,0,-22.8329,4.936451,17.84065
157.7851,-22.78349,5.075753,17.89643,0,0,0,-22.8329,4.936451,17.84065
157.797,-22.78349,5.075753,17.89643,0,0,0,-22.8329,4.936451,17.84065
157.8054,-22.78564,5.075895,17.89547,0,0,0,-22.8329,4.936451,17.84065
157.8138,-22.78564,5.075895,17.89547,0,0,0,-22.8329,4.936451,17.84065
157.8213,-22.78424,5.076304,17.89449,0,0,0,-22.8329,4.936451,17.84065
157.8298,-22.78424,5.076304,17.89449,0,0,0,-22.8329,4.936451,17.84065
157.8389,-22.78424,5.076304,17.89449,0,0,0,-22.8329,4.936451,17.84065
157.8465,-22.78424,5.076304,17.89449,0,0,0,-22.8329,4.936451,17.84065
157.8554,-22.78424,5.076304,17.89449,0,0,0,-22.8329,4.936451,17.84065
157.8628,-22.78424,5.076304,17.89449,0,0,0,-22.8329,4.936451,17.84065
157.8724,-22.78424,5.076304,17.89449,0,0,0,-22.8329,4.936451,17.84065
157.8797,-22.78424,5.076304,17.89449,0,0,0,-22.8329,4.936451,17.84065
157.8885,-22.7836,5.076304,17.89419,0,0,0,-22.8329,4.936451,17.84065
157.8977,-22.7836,5.076304,17.89419,0,0,0,-22.8329,4.936451,17.84065
157.9052,-22.78356,5.076581,17.89236,0,0,0,-22.8329,4.936451,17.84065
157.9141,-22.78356,5.076581,17.89236,0,0,0,-22.8329,4.936451,17.84065
157.9229,-22.78297,5.076304,17.8939,0,0,0,-22.8329,4.936451,17.84065
157.9323,-22.78297,5.076304,17.8939,0,0,0,-22.8329,4.936451,17.84065
157.9396,-22.78297,5.076304,17.8939,0,0,0,-22.8329,4.936451,17.84065
157.9473,-22.7817,5.076304,17.89331,0,0,0,-22.8329,4.936451,17.84065
157.9557,-22.7817,5.076304,17.89331,0,0,0,-22.8329,4.936451,17.84065
157.9632,-22.7817,5.076304,17.89331,0,0,0,-22.8329,4.936451,17.84065
157.9734,-22.7817,5.076304,17.89331,0,0,0,-22.8329,4.936451,17.84065
157.9807,-22.7795,5.076438,17.89244,0,0,0,-22.8329,4.936451,17.84065
157.9896,-22.7795,5.076438,17.89244,0,0,0,-22.8329,4.936451,17.84065
157.9983,-22.7795,5.076438,17.89244,0,0,0,-22.8329,4.936451,17.84065
158.0073,-22.78006,5.076994,17.88907,0,0,0,-22.8329,4.936451,17.84065
158.0179,-22.78006,5.076994,17.88907,0,0,0,-22.8329,4.936451,17.84065
158.0263,-22.7791,5.077412,17.88696,0,0,0,-22.8329,4.936451,17.84065
158.0369,-22.7791,5.077412,17.88696,0,0,0,-22.8329,4.936451,17.84065
158.0449,-22.77754,5.077549,17.88638,0,0,0,-22.8329,4.936451,17.84065
158.0576,-22.77754,5.077549,17.88638,0,0,0,-22.8329,4.936451,17.84065
158.066,-22.77813,5.077834,17.88484,0,0,0,-22.8329,4.936451,17.84065
158.0748,-22.77813,5.077834,17.88484,0,0,0,-22.8329,4.936451,17.84065
158.0838,-22.77658,5.077975,17.88427,0,0,0,-22.8329,4.936451,17.84065
158.0932,-22.77658,5.077975,17.88427,0,0,0,-22.8329,4.936451,17.84065
158.1014,-22.77502,5.078117,17.88369,0,0,0,-22.8329,4.936451,17.84065
158.1106,-22.77502,5.078117,17.88369,0,0,0,-22.8329,4.936451,17.84065
158.1194,-22.77502,5.078117,17.88369,0,0,0,-22.8329,4.936451,17.84065
158.1304,-22.7725,5.078695,17.881,0,0,0,-22.8329,4.936451,17.84065
158.1403,-22.7725,5.078695,17.881,0,0,0,-22.8329,4.936451,17.84065
158.1551,-22.7725,5.078695,17.881,0,0,0,-22.8329,4.936451,17.84065
158.1657,-22.77153,5.07913,17.87889,0,0,0,-22.8329,4.936451,17.84065
158.1751,-22.77153,5.07913,17.87889,0,0,0,-22.8329,4.936451,17.84065
158.1831,-22.77212,5.079421,17.87736,0,0,0,-22.8329,4.936451,17.84065
158.1921,-22.77212,5.079421,17.87736,0,0,0,-22.8329,4.936451,17.84065
158.1998,-22.77212,5.079421,17.87736,0,0,0,-22.8329,4.936451,17.84065
158.2075,-22.77213,5.07942,17.87736,0,0,0,-22.8329,4.936451,17.84065
158.2192,-22.77213,5.07942,17.87736,0,0,0,-22.8329,4.936451,17.84065
158.2294,-22.77179,5.079864,17.87555,0,0,0,-22.8329,4.936451,17.84065
158.2385,-22.77179,5.079864,17.87555,0,0,0,-22.8329,4.936451,17.84065
158.2462,-22.77179,5.079864,17.87555,0,0,0,-22.8329,4.936451,17.84065
158.2567,-22.77179,5.079864,17.87555,0,0,0,-22.8329,4.936451,17.84065
158.2674,-22.77275,5.079421,17.87766,0,0,0,-22.8329,4.936451,17.84065
158.2783,-22.77275,5.079421,17.87766,0,0,0,-22.8329,4.936451,17.84065
158.2868,-22.77179,5.079864,17.87555,0,0,0,-22.8329,4.936451,17.84065
158.295,-22.77179,5.079864,17.87555,0,0,0,-22.8329,4.936451,17.84065
158.3052,-22.77179,5.079864,17.87555,0,0,0,-22.8329,4.936451,17.84065
158.3139,-22.77179,5.079864,17.87555,0,0,0,-22.8329,4.936451,17.84065
158.3224,-22.77179,5.079864,17.87555,0,0,0,-22.8329,4.936451,17.84065
158.3311,-22.77179,5.079864,17.87555,0,0,0,-22.8329,4.936451,17.84065
158.3389,-22.77179,5.079864,17.87555,0,0,0,-22.8329,4.936451,17.84065
158.3462,-22.77179,5.079864,17.87555,0,0,0,-22.8329,4.936451,17.84065
158.3569,-22.77179,5.079864,17.87555,0,0,0,-22.8329,4.936451,17.84065
158.3645,-22.77179,5.079864,17.87555,0,0,0,-22.8329,4.936451,17.84065
158.3732,-22.77179,5.079864,17.87555,0,0,0,-22.8329,4.936451,17.84065
158.3804,-22.77179,5.079864,17.87555,0,0,0,-22.8329,4.936451,17.84065
158.3886,-22.77179,5.079864,17.87555,0,0,0,-22.8329,4.936451,17.84065
158.3991,-22.77179,5.079864,17.87555,0,0,0,-22.8329,4.936451,17.84065
158.4065,-22.77023,5.080017,17.87498,0,0,0,-22.8329,4.936451,17.84065
158.4168,-22.77023,5.080017,17.87498,0,0,0,-22.8329,4.936451,17.84065
158.4243,-22.77119,5.079572,17.87708,0,0,0,-22.8329,4.936451,17.84065
158.4337,-22.77119,5.079572,17.87708,0,0,0,-22.8329,4.936451,17.84065
158.4426,-22.77179,5.079864,17.87555,0,0,0,-22.8329,4.936451,17.84065
158.4516,-22.77179,5.079864,17.87555,0,0,0,-22.8329,4.936451,17.84065
158.459,-22.77179,5.079864,17.87555,0,0,0,-22.8329,4.936451,17.84065
158.4682,-22.77179,5.079864,17.87555,0,0,0,-22.8329,4.936451,17.84065
158.4764,-22.77179,5.079864,17.87555,0,0,0,-22.8329,4.936451,17.84065
158.4844,-22.77119,5.079572,17.87708,0,0,0,-22.8329,4.936451,17.84065
158.4927,-22.77119,5.079572,17.87708,0,0,0,-22.8329,4.936451,17.84065
158.5002,-22.77182,5.079572,17.87738,0,0,0,-22.8329,4.936451,17.84065
158.5086,-22.77182,5.079572,17.87738,0,0,0,-22.8329,4.936451,17.84065
158.5167,-22.77182,5.079572,17.87738,0,0,0,-22.8329,4.936451,17.84065
158.5243,-22.77123,5.079281,17.87892,0,0,0,-22.8329,4.936451,17.84065
158.5336,-22.77123,5.079281,17.87892,0,0,0,-22.8329,4.936451,17.84065
158.541,-22.77064,5.078994,17.88045,0,0,0,-22.8329,4.936451,17.84065
158.5497,-22.77064,5.078994,17.88045,0,0,0,-22.8329,4.936451,17.84065
158.5571,-22.77064,5.078994,17.88045,0,0,0,-22.8329,4.936451,17.84065
158.5655,-22.7722,5.078843,17.88103,0,0,0,-22.8329,4.936451,17.84065
158.5751,-22.7722,5.078843,17.88103,0,0,0,-22.8329,4.936451,17.84065
158.5827,-22.77005,5.07871,17.88198,0,0,0,-22.8329,4.936451,17.84065
158.5908,-22.77005,5.07871,17.88198,0,0,0,-22.8329,4.936451,17.84065
158.5983,-22.77005,5.07871,17.88198,0,0,0,-22.8329,4.936451,17.84065
158.6077,-22.77101,5.078275,17.88409,0,0,0,-22.8329,4.936451,17.84065
158.6163,-22.77101,5.078275,17.88409,0,0,0,-22.8329,4.936451,17.84065
158.6245,-22.77198,5.077844,17.8862,0,0,0,-22.8329,4.936451,17.84065
158.6341,-22.77198,5.077844,17.8862,0,0,0,-22.8329,4.936451,17.84065
158.6421,-22.77198,5.077845,17.8862,0,0,0,-22.8329,4.936451,17.84065
158.6514,-22.77198,5.077845,17.8862,0,0,0,-22.8329,4.936451,17.84065
158.6589,-22.77198,5.077845,17.8862,0,0,0,-22.8329,4.936451,17.84065
158.667,-22.77079,5.077288,17.88927,0,0,0,-22.8329,4.936451,17.84065
158.6755,-22.77079,5.077288,17.88927,0,0,0,-22.8329,4.936451,17.84065
158.6834,-22.77079,5.077287,17.88927,0,0,0,-22.8329,4.936451,17.84065
158.6917,-22.77079,5.077287,17.88927,0,0,0,-22.8329,4.936451,17.84065
158.6995,-22.77079,5.077287,17.88927,0,0,0,-22.8329,4.936451,17.84065
158.7068,-22.77116,5.076594,17.89292,0,0,0,-22.8329,4.936451,17.84065
158.7152,-22.77116,5.076594,17.89292,0,0,0,-22.8329,4.936451,17.84065
158.7235,-22.7718,5.076594,17.89322,0,0,0,-22.8329,4.936451,17.84065
158.732,-22.7718,5.076594,17.89322,0,0,0,-22.8329,4.936451,17.84065
158.7398,-22.7718,5.076594,17.89322,0,0,0,-22.8329,4.936451,17.84065
158.7473,-22.7712,5.076324,17.89476,0,0,0,-22.8329,4.936451,17.84065
158.7561,-22.7712,5.076324,17.89476,0,0,0,-22.8329,4.936451,17.84065
158.7639,-22.7712,5.076324,17.89476,0,0,0,-22.8329,4.936451,17.84065
158.7729,-22.7712,5.076324,17.89476,0,0,0,-22.8329,4.936451,17.84065
158.7813,-22.7712,5.076324,17.89476,0,0,0,-22.8329,4.936451,17.84065
158.7902,-22.7712,5.076324,17.89476,0,0,0,-22.8329,4.936451,17.84065
158.7978,-22.7712,5.076324,17.89476,0,0,0,-22.8329,4.936451,17.84065
158.8056,-22.7712,5.076324,17.89476,0,0,0,-22.8329,4.936451,17.84065
158.8142,-22.7712,5.076324,17.89476,0,0,0,-22.8329,4.936451,17.84065
158.8219,-22.7712,5.076324,17.89476,0,0,0,-22.8329,4.936451,17.84065
158.8314,-22.7712,5.076324,17.89476,0,0,0,-22.8329,4.936451,17.84065
158.8426,-22.77276,5.076179,17.89533,0,0,0,-22.8329,4.936451,17.84065
158.8517,-22.77276,5.076179,17.89533,0,0,0,-22.8329,4.936451,17.84065
158.8591,-22.77276,5.076179,17.89533,0,0,0,-22.8329,4.936451,17.84065
158.8674,-22.7712,5.076324,17.89476,0,0,0,-22.8329,4.936451,17.84065
158.876,-22.7712,5.076324,17.89476,0,0,0,-22.8329,4.936451,17.84065
158.8837,-22.77276,5.076179,17.89533,0,0,0,-22.8329,4.936451,17.84065
158.8959,-22.77276,5.076179,17.89533,0,0,0,-22.8329,4.936451,17.84065
158.9041,-22.77276,5.076179,17.89533,0,0,0,-22.8329,4.936451,17.84065
158.9139,-22.77276,5.076179,17.89533,0,0,0,-22.8329,4.936451,17.84065
158.9222,-22.77336,5.076448,17.8938,0,0,0,-22.8329,4.936451,17.84065
158.9335,-22.77336,5.076448,17.8938,0,0,0,-22.8329,4.936451,17.84065
158.9415,-22.77336,5.076447,17.8938,0,0,0,-22.8329,4.936451,17.84065
158.9543,-22.77336,5.076447,17.8938,0,0,0,-22.8329,4.936451,17.84065
158.9672,-22.77336,5.076447,17.8938,0,0,0,-22.8329,4.936451,17.84065
158.9778,-22.77336,5.076447,17.8938,0,0,0,-22.8329,4.936451,17.84065
158.9894,-22.77432,5.076035,17.89591,0,0,0,-22.8329,4.936451,17.84065
159.0002,-22.77491,5.076307,17.89437,0,0,0,-22.8329,4.936451,17.84065
159.0105,-22.77491,5.076307,17.89437,0,0,0,-22.8329,4.936451,17.84065
159.0202,-22.77336,5.076447,17.8938,0,0,0,-22.8329,4.936451,17.84065
159.0334,-22.77336,5.076447,17.8938,0,0,0,-22.8329,4.936451,17.84065
159.0413,-22.77491,5.076306,17.89437,0,0,0,-22.8329,4.936451,17.84065
159.0518,-22.77491,5.076306,17.89437,0,0,0,-22.8329,4.936451,17.84065
159.0607,-22.77432,5.076035,17.89591,0,0,0,-22.8329,4.936451,17.84065
159.0707,-22.77432,5.076035,17.89591,0,0,0,-22.8329,4.936451,17.84065
159.0795,-22.77432,5.076035,17.89591,0,0,0,-22.8329,4.936451,17.84065
159.0876,-22.77432,5.076036,17.89591,0,0,0,-22.8329,4.936451,17.84065
159.0977,-22.77432,5.076036,17.89591,0,0,0,-22.8329,4.936451,17.84065
159.1078,-22.77491,5.076307,17.89437,0,0,0,-22.8329,4.936451,17.84065
159.1166,-22.77491,5.076307,17.89437,0,0,0,-22.8329,4.936451,17.84065
159.124,-22.77491,5.076306,17.89437,0,0,0,-22.8329,4.936451,17.84065
159.1328,-22.77491,5.076306,17.89437,0,0,0,-22.8329,4.936451,17.84065
159.1416,-22.77369,5.076035,17.89561,0,0,0,-22.8329,4.936451,17.84065
159.1506,-22.77369,5.076035,17.89561,0,0,0,-22.8329,4.936451,17.84065
159.1612,-22.77369,5.076036,17.89561,0,0,0,-22.8329,4.936451,17.84065
159.1703,-22.77369,5.076036,17.89561,0,0,0,-22.8329,4.936451,17.84065
159.1781,-22.77369,5.076036,17.89561,0,0,0,-22.8329,4.936451,17.84065
159.1867,-22.77369,5.076036,17.89561,0,0,0,-22.8329,4.936451,17.84065
159.1956,-22.77369,5.076036,17.89561,0,0,0,-22.8329,4.936451,17.84065
159.2071,-22.77369,5.076036,17.89561,0,0,0,-22.8329,4.936451,17.84065
159.2171,-22.77369,5.076036,17.89561,0,0,0,-22.8329,4.936451,17.84065
159.2267,-22.77584,5.076165,17.89465,0,0,0,-22.8329,4.936451,17.84065
159.2362,-22.77584,5.076165,17.89465,0,0,0,-22.8329,4.936451,17.84065
159.2439,-22.77428,5.076306,17.89407,0,0,0,-22.8329,4.936451,17.84065
159.2532,-22.77428,5.076306,17.89407,0,0,0,-22.8329,4.936451,17.84065
159.2628,-22.77428,5.076306,17.89407,0,0,0,-22.8329,4.936451,17.84065
159.2722,-22.77428,5.076306,17.89407,0,0,0,-22.8329,4.936451,17.84065
159.2812,-22.77428,5.076306,17.89407,0,0,0,-22.8329,4.936451,17.84065
159.2906,-22.77428,5.076306,17.89407,0,0,0,-22.8329,4.936451,17.84065
159.2989,-22.77428,5.076306,17.89407,0,0,0,-22.8329,4.936451,17.84065
159.3078,-22.77584,5.076165,17.89465,0,0,0,-22.8329,4.936451,17.84065
159.3174,-22.77584,5.076165,17.89465,0,0,0,-22.8329,4.936451,17.84065
159.3249,-22.77428,5.076306,17.89407,0,0,0,-22.8329,4.936451,17.84065
159.3338,-22.77428,5.076306,17.89407,0,0,0,-22.8329,4.936451,17.84065
159.3419,-22.77428,5.076306,17.89407,0,0,0,-22.8329,4.936451,17.84065
159.3541,-22.77428,5.076306,17.89407,0,0,0,-22.8329,4.936451,17.84065
159.3626,-22.77428,5.076306,17.89407,0,0,0,-22.8329,4.936451,17.84065
159.3717,-22.77428,5.076306,17.89407,0,0,0,-22.8329,4.936451,17.84065
159.3795,-22.77428,5.076306,17.89407,0,0,0,-22.8329,4.936451,17.84065
159.3874,-22.77428,5.076306,17.89407,0,0,0,-22.8329,4.936451,17.84065
159.3965,-22.77428,5.076306,17.89407,0,0,0,-22.8329,4.936451,17.84065
159.4052,-22.77428,5.076306,17.89407,0,0,0,-22.8329,4.936451,17.84065
159.414,-22.77428,5.076306,17.89407,0,0,0,-22.8329,4.936451,17.84065
159.4216,-22.77643,5.076438,17.89311,0,0,0,-22.8329,4.936451,17.84065
159.4299,-22.77643,5.076438,17.89311,0,0,0,-22.8329,4.936451,17.84065
159.4374,-22.77643,5.076438,17.89311,0,0,0,-22.8329,4.936451,17.84065
159.4454,-22.77487,5.076579,17.89254,0,0,0,-22.8329,4.936451,17.84065
159.4537,-22.77487,5.076579,17.89254,0,0,0,-22.8329,4.936451,17.84065
159.4611,-22.77487,5.076579,17.89254,0,0,0,-22.8329,4.936451,17.84065
159.4698,-22.77487,5.076579,17.89254,0,0,0,-22.8329,4.936451,17.84065
159.4779,-22.77487,5.076579,17.89254,0,0,0,-22.8329,4.936451,17.84065
159.4857,-22.77584,5.076165,17.89465,0,0,0,-22.8329,4.936451,17.84065
159.4956,-22.77584,5.076165,17.89465,0,0,0,-22.8329,4.936451,17.84065
159.5067,-22.77487,5.076579,17.89254,0,0,0,-22.8329,4.936451,17.84065
159.5182,-22.77487,5.076579,17.89254,0,0,0,-22.8329,4.936451,17.84065
159.5287,-22.77487,5.076579,17.89254,0,0,0,-22.8329,4.936451,17.84065
159.5396,-22.77487,5.076579,17.89254,0,0,0,-22.8329,4.936451,17.84065
159.5475,-22.77643,5.076438,17.89311,0,0,0,-22.8329,4.936451,17.84065
159.5578,-22.77643,5.076438,17.89311,0,0,0,-22.8329,4.936451,17.84065
159.5671,-22.77551,5.076579,17.89283,0,0,0,-22.8329,4.936451,17.84065
159.5762,-22.77551,5.076579,17.89283,0,0,0,-22.8329,4.936451,17.84065
159.5842,-22.77551,5.07658,17.89283,0,0,0,-22.8329,4.936451,17.84065
159.5936,-22.77551,5.07658,17.89283,0,0,0,-22.8329,4.936451,17.84065
159.6018,-22.77707,5.076437,17.89341,0,0,0,-22.8329,4.936451,17.84065
159.6108,-22.77707,5.076437,17.89341,0,0,0,-22.8329,4.936451,17.84065
159.6189,-22.77707,5.076437,17.89341,0,0,0,-22.8329,4.936451,17.84065
159.6268,-22.77551,5.076579,17.89283,0,0,0,-22.8329,4.936451,17.84065
159.6364,-22.77551,5.076579,17.89283,0,0,0,-22.8329,4.936451,17.84065
159.6452,-22.77707,5.076439,17.89341,0,0,0,-22.8329,4.936451,17.84065
159.654,-22.77707,5.076439,17.89341,0,0,0,-22.8329,4.936451,17.84065
159.6622,-22.77551,5.07658,17.89283,0,0,0,-22.8329,4.936451,17.84065
159.6714,-22.77551,5.07658,17.89283,0,0,0,-22.8329,4.936451,17.84065
159.6793,-22.77551,5.07658,17.89283,0,0,0,-22.8329,4.936451,17.84065
159.6878,-22.77551,5.07658,17.89283,0,0,0,-22.8329,4.936451,17.84065
159.6989,-22.77551,5.07658,17.89283,0,0,0,-22.8329,4.936451,17.84065
159.7062,-22.77707,5.076437,17.89341,0,0,0,-22.8329,4.936451,17.84065
159.7149,-22.77707,5.076437,17.89341,0,0,0,-22.8329,4.936451,17.84065
159.7227,-22.77551,5.076579,17.89283,0,0,0,-22.8329,4.936451,17.84065
159.735,-22.77551,5.076579,17.89283,0,0,0,-22.8329,4.936451,17.84065
159.7465,-22.77551,5.07658,17.89283,0,0,0,-22.8329,4.936451,17.84065
159.7566,-22.77551,5.07658,17.89283,0,0,0,-22.8329,4.936451,17.84065
159.7687,-22.77551,5.07658,17.89283,0,0,0,-22.8329,4.936451,17.84065
159.7787,-22.77551,5.07658,17.89283,0,0,0,-22.8329,4.936451,17.84065
159.7867,-22.77551,5.07658,17.89283,0,0,0,-22.8329,4.936451,17.84065
159.7957,-22.77551,5.07658,17.89283,0,0,0,-22.8329,4.936451,17.84065
159.8056,-22.77707,5.076437,17.89341,0,0,0,-22.8329,4.936451,17.84065
159.8184,-22.77707,5.076437,17.89341,0,0,0,-22.8329,4.936451,17.84065
159.8266,-22.77551,5.076579,17.89283,0,0,0,-22.8329,4.936451,17.84065
159.836,-22.77551,5.076579,17.89283,0,0,0,-22.8329,4.936451,17.84065
159.8444,-22.77707,5.076437,17.89341,0,0,0,-22.8329,4.936451,17.84065
159.8539,-22.77707,5.076437,17.89341,0,0,0,-22.8329,4.936451,17.84065
159.8618,-22.77643,5.076437,17.89311,0,0,0,-22.8329,4.936451,17.84065
159.8711,-22.77643,5.076437,17.89311,0,0,0,-22.8329,4.936451,17.84065
159.8826,-22.77547,5.076853,17.891,0,0,0,-22.8329,4.936451,17.84065
159.8923,-22.77547,5.076853,17.891,0,0,0,-22.8329,4.936451,17.84065
159.9007,-22.77487,5.076579,17.89254,0,0,0,-22.8329,4.936451,17.84065
159.9096,-22.77487,5.076579,17.89254,0,0,0,-22.8329,4.936451,17.84065
159.9173,-22.77487,5.076579,17.89254,0,0,0,-22.8329,4.936451,17.84065
159.9251,-22.77547,5.076854,17.891,0,0,0,-22.8329,4.936451,17.84065
159.9348,-22.77547,5.076854,17.891,0,0,0,-22.8329,4.936451,17.84065
159.9422,-22.77547,5.076854,17.891,0,0,0,-22.8329,4.936451,17.84065
159.9505,-22.77547,5.076854,17.891,0,0,0,-22.8329,4.936451,17.84065
159.9585,-22.77547,5.076854,17.891,0,0,0,-22.8329,4.936451,17.84065
159.9663,-22.7761,5.076853,17.8913,0,0,0,-22.8329,4.936451,17.84065
159.9751,-22.7761,5.076853,17.8913,0,0,0,-22.8329,4.936451,17.84065
159.9829,-22.7761,5.076853,17.8913,0,0,0,-22.8329,4.936451,17.84065
159.9913,-22.7761,5.076853,17.8913,0,0,0,-22.8329,4.936451,17.84065
159.9988,-22.7761,5.076853,17.8913,0,0,0,-22.8329,4.936451,17.84065
160.0063,-22.77673,5.076854,17.89159,0,0,0,-22.8329,4.936451,17.84065
160.0152,-22.77673,5.076854,17.89159,0,0,0,-22.8329,4.936451,17.84065
160.0235,-22.77673,5.076854,17.8916,0,0,0,-22.8329,4.936451,17.84065
160.0324,-22.77673,5.076854,17.8916,0,0,0,-22.8329,4.936451,17.84065
160.0404,-22.77673,5.076854,17.89159,0,0,0,-22.8329,4.936451,17.84065
160.049,-22.77673,5.076854,17.89159,0,0,0,-22.8329,4.936451,17.84065
160.0562,-22.77673,5.076854,17.89159,0,0,0,-22.8329,4.936451,17.84065
160.0681,-22.77673,5.076854,17.89159,0,0,0,-22.8329,4.936451,17.84065
160.0774,-22.77673,5.076854,17.89159,0,0,0,-22.8329,4.936451,17.84065
160.0855,-22.77673,5.076854,17.89159,0,0,0,-22.8329,4.936451,17.84065
160.0942,-22.77673,5.076854,17.89159,0,0,0,-22.8329,4.936451,17.84065
160.1026,-22.77673,5.076854,17.89159,0,0,0,-22.8329,4.936451,17.84065
160.1143,-22.77673,5.076854,17.89159,0,0,0,-22.8329,4.936451,17.84065
160.1227,-22.77614,5.076579,17.89313,0,0,0,-22.8329,4.936451,17.84065
160.1314,-22.77614,5.076579,17.89313,0,0,0,-22.8329,4.936451,17.84065
160.1391,-22.77614,5.076579,17.89313,0,0,0,-22.8329,4.936451,17.84065
160.1467,-22.77614,5.076579,17.89313,0,0,0,-22.8329,4.936451,17.84065
160.1552,-22.77614,5.076579,17.89313,0,0,0,-22.8329,4.936451,17.84065
160.1668,-22.77637,5.076162,17.89254,0,0,0,-22.8329,4.936451,17.84065
160.1762,-22.77637,5.076162,17.89254,0,0,0,-22.8329,4.936451,17.84065
160.1843,-22.77637,5.076162,17.89254,0,0,0,-22.8329,4.936451,17.84065
160.196,-22.77637,5.076162,17.89254,0,0,0,-22.8329,4.936451,17.84065
160.2041,-22.77578,5.075889,17.89408,0,0,0,-22.8329,4.936451,17.84065
160.2128,-22.77578,5.075889,17.89408,0,0,0,-22.8329,4.936451,17.84065
160.2207,-22.77519,5.075617,17.89562,0,0,0,-22.8329,4.936451,17.84065
160.2293,-22.77519,5.075617,17.89562,0,0,0,-22.8329,4.936451,17.84065
160.2376,-22.77519,5.075617,17.89562,0,0,0,-22.8329,4.936451,17.84065
160.2449,-22.77519,5.075617,17.89562,0,0,0,-22.8329,4.936451,17.84065
160.2539,-22.77519,5.075617,17.89562,0,0,0,-22.8329,4.936451,17.84065
160.2691,-22.7746,5.075348,17.89716,0,0,0,-22.8329,4.936451,17.84065
160.2776,-22.7746,5.075348,17.89716,0,0,0,-22.8329,4.936451,17.84065
160.2854,-22.7746,5.075348,17.89716,0,0,0,-22.8329,4.936451,17.84065
160.2948,-22.7746,5.075348,17.89716,0,0,0,-22.8329,4.936451,17.84065
160.3023,-22.774,5.075081,17.89869,0,0,0,-22.8329,4.936451,17.84065
160.3113,-22.774,5.075081,17.89869,0,0,0,-22.8329,4.936451,17.84065
160.3191,-22.774,5.075081,17.89869,0,0,0,-22.8329,4.936451,17.84065
160.3273,-22.77556,5.07494,17.89927,0,0,0,-22.8329,4.936451,17.84065
160.336,-22.77556,5.07494,17.89927,0,0,0,-22.8329,4.936451,17.84065
160.3435,-22.77341,5.074816,17.90023,0,0,0,-22.8329,4.936451,17.84065
160.3544,-22.77341,5.074816,17.90023,0,0,0,-22.8329,4.936451,17.84065
160.3648,-22.77341,5.074816,17.90023,0,0,0,-22.8329,4.936451,17.84065
160.3735,-22.77341,5.074816,17.90023,0,0,0,-22.8329,4.936451,17.84065
160.3841,-22.77341,5.074816,17.90023,0,0,0,-22.8329,4.936451,17.84065
160.3962,-22.77341,5.074816,17.90023,0,0,0,-22.8329,4.936451,17.84065
160.4038,-22.77282,5.074552,17.90177,0,0,0,-22.8329,4.936451,17.84065
160.4128,-22.77282,5.074552,17.90177,0,0,0,-22.8329,4.936451,17.84065
160.4206,-22.77341,5.074816,17.90023,0,0,0,-22.8329,4.936451,17.84065
160.4299,-22.77341,5.074816,17.90023,0,0,0,-22.8329,4.936451,17.84065
160.4374,-22.77341,5.074816,17.90023,0,0,0,-22.8329,4.936451,17.84065
160.445,-22.77497,5.074676,17.90081,0,0,0,-22.8329,4.936451,17.84065
160.454,-22.77497,5.074676,17.90081,0,0,0,-22.8329,4.936451,17.84065
160.4626,-22.77341,5.074816,17.90023,0,0,0,-22.8329,4.936451,17.84065
160.4747,-22.77341,5.074816,17.90023,0,0,0,-22.8329,4.936451,17.84065
160.4832,-22.77341,5.074816,17.90023,0,0,0,-22.8329,4.936451,17.84065
160.4922,-22.77341,5.074816,17.90023,0,0,0,-22.8329,4.936451,17.84065
160.5051,-22.77341,5.074816,17.90023,0,0,0,-22.8329,4.936451,17.84065
160.5146,-22.77341,5.074816,17.90023,0,0,0,-22.8329,4.936451,17.84065
160.5233,-22.77497,5.074676,17.90081,0,0,0,-22.8329,4.936451,17.84065
160.5325,-22.77497,5.074676,17.90081,0,0,0,-22.8329,4.936451,17.84065
160.5401,-22.77556,5.07494,17.89927,0,0,0,-22.8329,4.936451,17.84065
160.5492,-22.77556,5.07494,17.89927,0,0,0,-22.8329,4.936451,17.84065
160.5592,-22.77556,5.07494,17.89927,0,0,0,-22.8329,4.936451,17.84065
160.5674,-22.77556,5.07494,17.89927,0,0,0,-22.8329,4.936451,17.84065
160.5762,-22.77556,5.07494,17.89927,0,0,0,-22.8329,4.936451,17.84065
160.5843,-22.77556,5.07494,17.89927,0,0,0,-22.8329,4.936451,17.84065
160.595,-22.77556,5.07494,17.89927,0,0,0,-22.8329,4.936451,17.84065
160.6049,-22.77556,5.07494,17.89927,0,0,0,-22.8329,4.936451,17.84065
160.6144,-22.77556,5.07494,17.89927,0,0,0,-22.8329,4.936451,17.84065
160.6258,-22.7746,5.075348,17.89716,0,0,0,-22.8329,4.936451,17.84065
160.6347,-22.7746,5.075348,17.89716,0,0,0,-22.8329,4.936451,17.84065
160.6425,-22.77615,5.075208,17.89773,0,0,0,-22.8329,4.936451,17.84065
160.6519,-22.77615,5.075208,17.89773,0,0,0,-22.8329,4.936451,17.84065
160.6596,-22.77615,5.075208,17.89773,0,0,0,-22.8329,4.936451,17.84065
160.667,-22.77615,5.075207,17.89773,0,0,0,-22.8329,4.936451,17.84065
160.6759,-22.77615,5.075207,17.89773,0,0,0,-22.8329,4.936451,17.84065
160.6837,-22.77707,5.075069,17.89801,0,0,0,-22.8329,4.936451,17.84065
160.6929,-22.77707,5.075069,17.89801,0,0,0,-22.8329,4.936451,17.84065
160.7008,-22.77767,5.075338,17.89647,0,0,0,-22.8329,4.936451,17.84065
160.7102,-22.77767,5.075338,17.89647,0,0,0,-22.8329,4.936451,17.84065
160.7178,-22.77767,5.075338,17.89647,0,0,0,-22.8329,4.936451,17.84065
160.7252,-22.77767,5.075338,17.89647,0,0,0,-22.8329,4.936451,17.84065
160.735,-22.77767,5.075338,17.89647,0,0,0,-22.8329,4.936451,17.84065
160.7426,-22.77923,5.075202,17.89705,0,0,0,-22.8329,4.936451,17.84065
160.7514,-22.77923,5.075202,17.89705,0,0,0,-22.8329,4.936451,17.84065
160.7588,-22.77923,5.075202,17.89705,0,0,0,-22.8329,4.936451,17.84065
160.7687,-22.78078,5.075067,17.89763,0,0,0,-22.8329,4.936451,17.84065
160.7777,-22.78078,5.075067,17.89763,0,0,0,-22.8329,4.936451,17.84065
160.7857,-22.77923,5.075202,17.89705,0,0,0,-22.8329,4.936451,17.84065
160.7948,-22.77923,5.075202,17.89705,0,0,0,-22.8329,4.936451,17.84065
160.8023,-22.78078,5.075067,17.89763,0,0,0,-22.8329,4.936451,17.84065
160.8111,-22.78078,5.075067,17.89763,0,0,0,-22.8329,4.936451,17.84065
160.8198,-22.78078,5.075067,17.89763,0,0,0,-22.8329,4.936451,17.84065
160.8271,-22.78078,5.075067,17.89763,0,0,0,-22.8329,4.936451,17.84065
160.8356,-22.78078,5.075067,17.89763,0,0,0,-22.8329,4.936451,17.84065
160.8428,-22.78078,5.075067,17.89763,0,0,0,-22.8329,4.936451,17.84065
160.8515,-22.78078,5.075067,17.89763,0,0,0,-22.8329,4.936451,17.84065
160.8593,-22.78078,5.075067,17.89763,0,0,0,-22.8329,4.936451,17.84065
160.8667,-22.78078,5.075068,17.89762,0,0,0,-22.8329,4.936451,17.84065
160.8763,-22.78078,5.075068,17.89762,0,0,0,-22.8329,4.936451,17.84065
160.8862,-22.78078,5.075067,17.89763,0,0,0,-22.8329,4.936451,17.84065
160.8953,-22.78078,5.075067,17.89763,0,0,0,-22.8329,4.936451,17.84065
160.9027,-22.78078,5.075067,17.89763,0,0,0,-22.8329,4.936451,17.84065
160.912,-22.78078,5.075067,17.89763,0,0,0,-22.8329,4.936451,17.84065
160.9195,-22.78078,5.075067,17.89763,0,0,0,-22.8329,4.936451,17.84065
160.9276,-22.78234,5.074935,17.8982,0,0,0,-22.8329,4.936451,17.84065
160.936,-22.78234,5.074935,17.8982,0,0,0,-22.8329,4.936451,17.84065
160.9429,-22.78234,5.074935,17.8982,0,0,0,-22.8329,4.936451,17.84065
160.9513,-22.78234,5.074935,17.8982,0,0,0,-22.8329,4.936451,17.84065
160.9592,-22.78234,5.074935,17.8982,0,0,0,-22.8329,4.936451,17.84065
160.9669,-22.78078,5.075067,17.89763,0,0,0,-22.8329,4.936451,17.84065
160.9757,-22.78078,5.075067,17.89763,0,0,0,-22.8329,4.936451,17.84065
160.9839,-22.78078,5.075067,17.89763,0,0,0,-22.8329,4.936451,17.84065
160.9945,-22.78078,5.075067,17.89763,0,0,0,-22.8329,4.936451,17.84065
161.0046,-22.78078,5.075067,17.89763,0,0,0,-22.8329,4.936451,17.84065
161.0147,-22.78078,5.075067,17.89763,0,0,0,-22.8329,4.936451,17.84065
161.024,-22.78078,5.075067,17.89763,0,0,0,-22.8329,4.936451,17.84065
161.0329,-22.78078,5.075067,17.89763,0,0,0,-22.8329,4.936451,17.84065
161.0412,-22.78078,5.075067,17.89763,0,0,0,-22.8329,4.936451,17.84065
161.0502,-22.78078,5.075067,17.89763,0,0,0,-22.8329,4.936451,17.84065
161.0589,-22.78078,5.075067,17.89763,0,0,0,-22.8329,4.936451,17.84065
161.068,-22.78078,5.075068,17.89762,0,0,0,-22.8329,4.936451,17.84065
161.078,-22.78078,5.075068,17.89762,0,0,0,-22.8329,4.936451,17.84065
161.0872,-22.78078,5.075067,17.89763,0,0,0,-22.8329,4.936451,17.84065
161.098,-22.78078,5.075067,17.89763,0,0,0,-22.8329,4.936451,17.84065
161.1072,-22.78234,5.074935,17.8982,0,0,0,-22.8329,4.936451,17.84065
161.1168,-22.78234,5.074935,17.8982,0,0,0,-22.8329,4.936451,17.84065
161.1262,-22.78234,5.074934,17.8982,0,0,0,-22.8329,4.936451,17.84065
161.1347,-22.78234,5.074934,17.8982,0,0,0,-22.8329,4.936451,17.84065
161.1418,-22.78138,5.075337,17.89609,0,0,0,-22.8329,4.936451,17.84065
161.1524,-22.78138,5.075337,17.89609,0,0,0,-22.8329,4.936451,17.84065
161.1609,-22.78078,5.075067,17.89763,0,0,0,-22.8329,4.936451,17.84065
161.1717,-22.78078,5.075067,17.89763,0,0,0,-22.8329,4.936451,17.84065
161.1797,-22.78078,5.075067,17.89763,0,0,0,-22.8329,4.936451,17.84065
161.1876,-22.78234,5.074935,17.8982,0,0,0,-22.8329,4.936451,17.84065
161.1958,-22.78234,5.074935,17.8982,0,0,0,-22.8329,4.936451,17.84065
161.2033,-22.78138,5.075337,17.89609,0,0,0,-22.8329,4.936451,17.84065
161.2116,-22.78138,5.075337,17.89609,0,0,0,-22.8329,4.936451,17.84065
161.219,-22.78138,5.075337,17.89609,0,0,0,-22.8329,4.936451,17.84065
161.2264,-22.78078,5.075067,17.89763,0,0,0,-22.8329,4.936451,17.84065
161.2348,-22.78078,5.075067,17.89763,0,0,0,-22.8329,4.936451,17.84065
161.2423,-22.78078,5.075067,17.89763,0,0,0,-22.8329,4.936451,17.84065
161.2522,-22.78078,5.075067,17.89763,0,0,0,-22.8329,4.936451,17.84065
161.2597,-22.78078,5.075067,17.89763,0,0,0,-22.8329,4.936451,17.84065
161.2677,-22.78138,5.075337,17.89609,0,0,0,-22.8329,4.936451,17.84065
161.2762,-22.78138,5.075337,17.89609,0,0,0,-22.8329,4.936451,17.84065
161.2867,-22.78078,5.075067,17.89763,0,0,0,-22.8329,4.936451,17.84065
161.2949,-22.78078,5.075067,17.89763,0,0,0,-22.8329,4.936451,17.84065
161.3022,-22.78234,5.074935,17.8982,0,0,0,-22.8329,4.936451,17.84065
161.3102,-22.78234,5.074935,17.8982,0,0,0,-22.8329,4.936451,17.84065
161.3174,-22.78234,5.074935,17.8982,0,0,0,-22.8329,4.936451,17.84065
161.3243,-22.78078,5.075068,17.89762,0,0,0,-22.8329,4.936451,17.84065
161.3326,-22.78078,5.075068,17.89762,0,0,0,-22.8329,4.936451,17.84065
161.3399,-22.78078,5.075068,17.89762,0,0,0,-22.8329,4.936451,17.84065
161.3478,-22.78138,5.075337,17.89609,0,0,0,-22.8329,4.936451,17.84065
161.3575,-22.78138,5.075337,17.89609,0,0,0,-22.8329,4.936451,17.84065
161.3653,-22.78294,5.075205,17.89667,0,0,0,-22.8329,4.936451,17.84065
161.3736,-22.78294,5.075205,17.89667,0,0,0,-22.8329,4.936451,17.84065
161.381,-22.78138,5.075337,17.89609,0,0,0,-22.8329,4.936451,17.84065
161.3924,-22.78138,5.075337,17.89609,0,0,0,-22.8329,4.936451,17.84065
161.4004,-22.78218,5.074658,17.89861,0,0,0,-22.8329,4.936451,17.84065
161.4124,-22.78218,5.074658,17.89861,0,0,0,-22.8329,4.936451,17.84065
161.4211,-22.78122,5.075062,17.8965,0,0,0,-22.8329,4.936451,17.84065
161.4296,-22.78122,5.075062,17.8965,0,0,0,-22.8329,4.936451,17.84065
161.437,-22.78122,5.075062,17.8965,0,0,0,-22.8329,4.936451,17.84065
161.4443,-22.78122,5.075061,17.8965,0,0,0,-22.8329,4.936451,17.84065
161.4543,-22.78122,5.075061,17.8965,0,0,0,-22.8329,4.936451,17.84065
161.4613,-22.78062,5.074791,17.89803,0,0,0,-22.8329,4.936451,17.84065
161.4696,-22.78062,5.074791,17.89803,0,0,0,-22.8329,4.936451,17.84065
161.4765,-22.78062,5.074791,17.89803,0,0,0,-22.8329,4.936451,17.84065
161.4838,-22.78062,5.074791,17.89803,0,0,0,-22.8329,4.936451,17.84065
161.4932,-22.78062,5.074791,17.89803,0,0,0,-22.8329,4.936451,17.84065
161.5004,-22.78062,5.074791,17.89803,0,0,0,-22.8329,4.936451,17.84065
161.5094,-22.78062,5.074791,17.89803,0,0,0,-22.8329,4.936451,17.84065
161.5174,-22.78062,5.074791,17.89803,0,0,0,-22.8329,4.936451,17.84065
161.5248,-22.78122,5.075061,17.8965,0,0,0,-22.8329,4.936451,17.84065
161.5335,-22.78122,5.075061,17.8965,0,0,0,-22.8329,4.936451,17.84065
161.5422,-22.78122,5.07506,17.8965,0,0,0,-22.8329,4.936451,17.84065
161.5511,-22.78122,5.07506,17.8965,0,0,0,-22.8329,4.936451,17.84065
161.5595,-22.78122,5.07506,17.8965,0,0,0,-22.8329,4.936451,17.84065
161.5713,-22.78278,5.074928,17.89707,0,0,0,-22.8329,4.936451,17.84065
161.5799,-22.78278,5.074928,17.89707,0,0,0,-22.8329,4.936451,17.84065
161.5877,-22.78122,5.075061,17.8965,0,0,0,-22.8329,4.936451,17.84065
161.5972,-22.78122,5.075061,17.8965,0,0,0,-22.8329,4.936451,17.84065
161.6049,-22.78062,5.07479,17.89803,0,0,0,-22.8329,4.936451,17.84065
161.6135,-22.78062,5.07479,17.89803,0,0,0,-22.8329,4.936451,17.84065
161.6219,-22.78218,5.074659,17.89861,0,0,0,-22.8329,4.936451,17.84065
161.6344,-22.78218,5.074659,17.89861,0,0,0,-22.8329,4.936451,17.84065
161.6443,-22.78062,5.074791,17.89803,0,0,0,-22.8329,4.936451,17.84065
161.6534,-22.78062,5.074791,17.89803,0,0,0,-22.8329,4.936451,17.84065
161.6614,-22.78122,5.075062,17.8965,0,0,0,-22.8329,4.936451,17.84065
161.6718,-22.78122,5.075062,17.8965,0,0,0,-22.8329,4.936451,17.84065
161.681,-22.78122,5.075061,17.8965,0,0,0,-22.8329,4.936451,17.84065
161.6904,-22.78122,5.075061,17.8965,0,0,0,-22.8329,4.936451,17.84065
161.6985,-22.78122,5.075061,17.8965,0,0,0,-22.8329,4.936451,17.84065
161.7063,-22.78122,5.07506,17.8965,0,0,0,-22.8329,4.936451,17.84065
161.7151,-22.78122,5.07506,17.8965,0,0,0,-22.8329,4.936451,17.84065
161.7229,-22.78062,5.07479,17.89803,0,0,0,-22.8329,4.936451,17.84065
161.7324,-22.78062,5.07479,17.89803,0,0,0,-22.8329,4.936451,17.84065
161.7413,-22.78278,5.074929,17.89707,0,0,0,-22.8329,4.936451,17.84065
161.7498,-22.78278,5.074929,17.89707,0,0,0,-22.8329,4.936451,17.84065
161.7577,-22.78278,5.074929,17.89707,0,0,0,-22.8329,4.936451,17.84065
161.7654,-22.78062,5.074791,17.89803,0,0,0,-22.8329,4.936451,17.84065
161.7745,-22.78062,5.074791,17.89803,0,0,0,-22.8329,4.936451,17.84065
161.7827,-22.78062,5.074791,17.89803,0,0,0,-22.8329,4.936451,17.84065
161.791,-22.78062,5.074791,17.89803,0,0,0,-22.8329,4.936451,17.84065
161.7992,-22.78062,5.074791,17.89803,0,0,0,-22.8329,4.936451,17.84065
161.807,-22.78086,5.074372,17.89744,0,0,0,-22.8329,4.936451,17.84065
161.816,-22.78086,5.074372,17.89744,0,0,0,-22.8329,4.936451,17.84065
161.8234,-22.78086,5.074372,17.89744,0,0,0,-22.8329,4.936451,17.84065
161.8322,-22.78086,5.074372,17.89744,0,0,0,-22.8329,4.936451,17.84065
161.8399,-22.78086,5.074372,17.89744,0,0,0,-22.8329,4.936451,17.84065
161.8485,-22.78086,5.074372,17.89744,0,0,0,-22.8329,4.936451,17.84065
161.858,-22.78086,5.074372,17.89744,0,0,0,-22.8329,4.936451,17.84065
161.8659,-22.78086,5.074372,17.89744,0,0,0,-22.8329,4.936451,17.84065
161.8744,-22.78086,5.074372,17.89744,0,0,0,-22.8329,4.936451,17.84065
161.8817,-22.78086,5.074372,17.89744,0,0,0,-22.8329,4.936451,17.84065
161.8906,-22.78086,5.074372,17.89744,0,0,0,-22.8329,4.936451,17.84065
161.8995,-22.78086,5.074372,17.89744,0,0,0,-22.8329,4.936451,17.84065
161.9068,-22.78081,5.074645,17.89561,0,0,0,-22.8329,4.936451,17.84065
161.9182,-22.78081,5.074645,17.89561,0,0,0,-22.8329,4.936451,17.84065
161.9258,-22.78022,5.074372,17.89715,0,0,0,-22.8329,4.936451,17.84065
161.9342,-22.78022,5.074372,17.89715,0,0,0,-22.8329,4.936451,17.84065
161.9416,-22.78081,5.074645,17.89561,0,0,0,-22.8329,4.936451,17.84065
161.9501,-22.78081,5.074645,17.89561,0,0,0,-22.8329,4.936451,17.84065
161.9587,-22.78081,5.074645,17.89561,0,0,0,-22.8329,4.936451,17.84065
161.966,-22.78065,5.074368,17.89602,0,0,0,-22.8329,4.936451,17.84065
161.9743,-22.78065,5.074368,17.89602,0,0,0,-22.8329,4.936451,17.84065
161.9817,-22.78065,5.074368,17.89601,0,0,0,-22.8329,4.936451,17.84065
161.9907,-22.78065,5.074368,17.89601,0,0,0,-22.8329,4.936451,17.84065
161.9989,-22.78065,5.074368,17.89601,0,0,0,-22.8329,4.936451,17.84065
162.0062,-22.78065,5.074368,17.89601,0,0,0,-22.8329,4.936451,17.84065
162.0145,-22.78065,5.074368,17.89601,0,0,0,-22.8329,4.936451,17.84065
162.0215,-22.78162,5.073964,17.89813,0,0,0,-22.8329,4.936451,17.84065
162.0304,-22.78162,5.073964,17.89813,0,0,0,-22.8329,4.936451,17.84065
162.0379,-22.78162,5.073964,17.89813,0,0,0,-22.8329,4.936451,17.84065
162.0457,-22.78065,5.074368,17.89601,0,0,0,-22.8329,4.936451,17.84065
162.055,-22.78065,5.074368,17.89601,0,0,0,-22.8329,4.936451,17.84065
162.0666,-22.78065,5.074368,17.89602,0,0,0,-22.8329,4.936451,17.84065
162.0754,-22.78065,5.074368,17.89602,0,0,0,-22.8329,4.936451,17.84065
162.0837,-22.77909,5.074503,17.89544,0,0,0,-22.8329,4.936451,17.84065
162.092,-22.77909,5.074503,17.89544,0,0,0,-22.8329,4.936451,17.84065
162.1015,-22.78065,5.074368,17.89602,0,0,0,-22.8329,4.936451,17.84065
162.1108,-22.78065,5.074368,17.89602,0,0,0,-22.8329,4.936451,17.84065
162.1189,-22.78065,5.074368,17.89602,0,0,0,-22.8329,4.936451,17.84065
162.1297,-22.78065,5.074368,17.89601,0,0,0,-22.8329,4.936451,17.84065
162.138,-22.78065,5.074368,17.89601,0,0,0,-22.8329,4.936451,17.84065
162.1452,-22.78006,5.074096,17.89755,0,0,0,-22.8329,4.936451,17.84065
162.1561,-22.78006,5.074096,17.89755,0,0,0,-22.8329,4.936451,17.84065
162.1662,-22.78065,5.074368,17.89601,0,0,0,-22.8329,4.936451,17.84065
162.175,-22.78065,5.074368,17.89601,0,0,0,-22.8329,4.936451,17.84065
162.1825,-22.78065,5.074368,17.89601,0,0,0,-22.8329,4.936451,17.84065
162.1909,-22.78065,5.074368,17.89601,0,0,0,-22.8329,4.936451,17.84065
162.1989,-22.78065,5.074368,17.89601,0,0,0,-22.8329,4.936451,17.84065
162.2067,-22.78006,5.074096,17.89755,0,0,0,-22.8329,4.936451,17.84065
162.2161,-22.78006,5.074096,17.89755,0,0,0,-22.8329,4.936451,17.84065
162.2236,-22.77933,5.074085,17.89485,0,0,0,-22.8329,4.936451,17.84065
162.2324,-22.77933,5.074085,17.89485,0,0,0,-22.8329,4.936451,17.84065
162.2404,-22.78029,5.073677,17.89697,0,0,0,-22.8329,4.936451,17.84065
162.2499,-22.78029,5.073677,17.89697,0,0,0,-22.8329,4.936451,17.84065
162.2638,-22.78029,5.073677,17.89697,0,0,0,-22.8329,4.936451,17.84065
162.2741,-22.78029,5.073677,17.89697,0,0,0,-22.8329,4.936451,17.84065
162.2861,-22.78029,5.073678,17.89697,0,0,0,-22.8329,4.936451,17.84065
162.2983,-22.78029,5.073678,17.89697,0,0,0,-22.8329,4.936451,17.84065
162.3077,-22.78029,5.073677,17.89697,0,0,0,-22.8329,4.936451,17.84065
162.3194,-22.78029,5.073677,17.89697,0,0,0,-22.8329,4.936451,17.84065
162.3277,-22.78029,5.073677,17.89697,0,0,0,-22.8329,4.936451,17.84065
162.3406,-22.77965,5.073677,17.89667,0,0,0,-22.8329,4.936451,17.84065
162.3543,-22.77965,5.073677,17.89667,0,0,0,-22.8329,4.936451,17.84065
162.366,-22.77906,5.073407,17.89821,0,0,0,-22.8329,4.936451,17.84065
162.3763,-22.77906,5.073407,17.89821,0,0,0,-22.8329,4.936451,17.84065
162.3857,-22.77906,5.073407,17.89821,0,0,0,-22.8329,4.936451,17.84065
162.3961,-22.77906,5.073407,17.89821,0,0,0,-22.8329,4.936451,17.84065
162.4052,-22.77965,5.073677,17.89667,0,0,0,-22.8329,4.936451,17.84065
162.4148,-22.77965,5.073677,17.89667,0,0,0,-22.8329,4.936451,17.84065
162.4229,-22.77906,5.073407,17.89821,0,0,0,-22.8329,4.936451,17.84065
162.4342,-22.77906,5.073407,17.89821,0,0,0,-22.8329,4.936451,17.84065
162.4426,-22.77965,5.073677,17.89667,0,0,0,-22.8329,4.936451,17.84065
162.4513,-22.77965,5.073677,17.89667,0,0,0,-22.8329,4.936451,17.84065
162.4595,-22.77965,5.073677,17.89667,0,0,0,-22.8329,4.936451,17.84065
162.4679,-22.77906,5.073407,17.89821,0,0,0,-22.8329,4.936451,17.84065
162.4765,-22.77906,5.073407,17.89821,0,0,0,-22.8329,4.936451,17.84065
162.485,-22.77965,5.073677,17.89667,0,0,0,-22.8329,4.936451,17.84065
162.4939,-22.77965,5.073677,17.89667,0,0,0,-22.8329,4.936451,17.84065
162.5014,-22.77965,5.073677,17.89667,0,0,0,-22.8329,4.936451,17.84065
162.5104,-22.77965,5.073677,17.89667,0,0,0,-22.8329,4.936451,17.84065
162.5186,-22.77965,5.073677,17.89667,0,0,0,-22.8329,4.936451,17.84065
162.5268,-22.77906,5.073407,17.89821,0,0,0,-22.8329,4.936451,17.84065
162.5358,-22.77906,5.073407,17.89821,0,0,0,-22.8329,4.936451,17.84065
162.5441,-22.77906,5.073407,17.89821,0,0,0,-22.8329,4.936451,17.84065
162.5537,-22.77906,5.073407,17.89821,0,0,0,-22.8329,4.936451,17.84065
162.5613,-22.77965,5.073677,17.89667,0,0,0,-22.8329,4.936451,17.84065
162.5712,-22.77965,5.073677,17.89667,0,0,0,-22.8329,4.936451,17.84065
162.5819,-22.77965,5.073677,17.89667,0,0,0,-22.8329,4.936451,17.84065
162.5907,-22.77965,5.073677,17.89667,0,0,0,-22.8329,4.936451,17.84065
162.5985,-22.77965,5.073677,17.89667,0,0,0,-22.8329,4.936451,17.84065
162.6068,-22.77965,5.073677,17.89667,0,0,0,-22.8329,4.936451,17.84065
162.6154,-22.77965,5.073677,17.89667,0,0,0,-22.8329,4.936451,17.84065
162.6231,-22.77965,5.073677,17.89667,0,0,0,-22.8329,4.936451,17.84065
162.632,-22.77965,5.073677,17.89667,0,0,0,-22.8329,4.936451,17.84065
162.6396,-22.77965,5.073677,17.89667,0,0,0,-22.8329,4.936451,17.84065
162.6469,-22.77988,5.07326,17.89608,0,0,0,-22.8329,4.936451,17.84065
162.6554,-22.77988,5.07326,17.89608,0,0,0,-22.8329,4.936451,17.84065
162.6655,-22.77796,5.072705,17.89645,0,0,0,-22.8329,4.936451,17.84065
162.6746,-22.77796,5.072705,17.89645,0,0,0,-22.8329,4.936451,17.84065
162.6822,-22.77879,5.072559,17.89433,0,0,0,-22.8329,4.936451,17.84065
162.6907,-22.77879,5.072559,17.89433,0,0,0,-22.8329,4.936451,17.84065
162.6984,-22.77879,5.072559,17.89433,0,0,0,-22.8329,4.936451,17.84065
162.7062,-22.77901,5.072143,17.89374,0,0,0,-22.77589,4.913326,17.86484
162.7157,-22.77901,5.072143,17.89374,0,0,0,-22.77589,4.913326,17.86484
162.7232,-22.77901,5.072143,17.89374,0,0,0,-22.77589,4.913326,17.86484
162.7318,-22.77901,5.072143,17.89374,0,0,0,-22.77589,4.913326,17.86484
162.7392,-22.77901,5.072143,17.89374,0,0,0,-22.77589,4.913326,17.86484
162.7485,-22.77909,5.071448,17.89356,0,0,0,-22.77589,4.913326,17.86484
162.7574,-22.77909,5.071448,17.89356,0,0,0,-22.77589,4.913326,17.86484
162.7659,-22.77776,5.071168,17.89239,0,0,0,-22.77589,4.913326,17.86484
162.7756,-22.77776,5.071168,17.89239,0,0,0,-22.77589,4.913326,17.86484
162.784,-22.7774,5.070477,17.89334,0,0,0,-22.77589,4.913326,17.86484
162.792,-22.7774,5.070477,17.89334,0,0,0,-22.77589,4.913326,17.86484
162.7995,-22.7774,5.070477,17.89334,0,0,0,-22.77589,4.913326,17.86484
162.8066,-22.77643,5.070891,17.89122,0,0,0,-22.77589,4.913326,17.86484
162.8162,-22.77643,5.070891,17.89122,0,0,0,-22.77589,4.913326,17.86484
162.8232,-22.77584,5.070615,17.89276,0,0,0,-22.77589,4.913326,17.86484
162.8329,-22.77584,5.070615,17.89276,0,0,0,-22.77589,4.913326,17.86484
162.8402,-22.77428,5.070756,17.89218,0,0,0,-22.77589,4.913326,17.86484
162.8508,-22.77428,5.070756,17.89218,0,0,0,-22.77589,4.913326,17.86484
162.8577,-22.77428,5.070756,17.89218,0,0,0,-22.77589,4.913326,17.86484
162.865,-22.77405,5.071172,17.89277,0,0,0,-22.77589,4.913326,17.86484
162.8741,-22.77405,5.071172,17.89277,0,0,0,-22.77589,4.913326,17.86484
162.8812,-22.77441,5.071865,17.89182,0,0,0,-22.77589,4.913326,17.86484
162.8906,-22.77441,5.071865,17.89182,0,0,0,-22.77589,4.913326,17.86484
162.8996,-22.77441,5.071865,17.89182,0,0,0,-22.77589,4.913326,17.86484
162.9064,-22.77262,5.072424,17.89184,0,0,0,-22.77589,4.913326,17.86484
162.9172,-22.77262,5.072424,17.89184,0,0,0,-22.77589,4.913326,17.86484
162.9247,-22.77418,5.072281,17.89241,0,0,0,-22.77589,4.913326,17.86484
162.9339,-22.77418,5.072281,17.89241,0,0,0,-22.77589,4.913326,17.86484
162.9424,-22.77262,5.072424,17.89184,0,0,0,-22.77589,4.913326,17.86484
162.9519,-22.77262,5.072424,17.89184,0,0,0,-22.77589,4.913326,17.86484
162.9606,-22.77482,5.072281,17.89271,0,0,0,-22.77589,4.913326,17.86484
162.9711,-22.77482,5.072281,17.89271,0,0,0,-22.77589,4.913326,17.86484
162.9798,-22.77482,5.072281,17.89271,0,0,0,-22.77589,4.913326,17.86484
162.9934,-22.77267,5.072151,17.89367,0,0,0,-22.77589,4.913326,17.86484
163.0047,-22.77482,5.072281,17.89271,0,0,0,-22.77589,4.913326,17.86484
163.015,-22.77482,5.072281,17.89271,0,0,0,-22.77589,4.913326,17.86484
163.0258,-22.77326,5.072424,17.89213,0,0,0,-22.77589,4.913326,17.86484
163.0374,-22.77326,5.072424,17.89213,0,0,0,-22.77589,4.913326,17.86484
163.0476,-22.77482,5.072281,17.89271,0,0,0,-22.77589,4.913326,17.86484
163.0591,-22.77482,5.072281,17.89271,0,0,0,-22.77589,4.913326,17.86484
163.0678,-22.77326,5.072424,17.89213,0,0,0,-22.77589,4.913326,17.86484
163.0778,-22.77326,5.072424,17.89213,0,0,0,-22.77589,4.913326,17.86484
163.0857,-22.77482,5.072281,17.89271,0,0,0,-22.77589,4.913326,17.86484
163.0949,-22.77482,5.072281,17.89271,0,0,0,-22.77589,4.913326,17.86484
163.1038,-22.77423,5.072008,17.89425,0,0,0,-22.77589,4.913326,17.86484
163.1123,-22.77423,5.072008,17.89425,0,0,0,-22.77589,4.913326,17.86484
163.1197,-22.77423,5.072008,17.89425,0,0,0,-22.77589,4.913326,17.86484
163.127,-22.77326,5.072424,17.89213,0,0,0,-22.77589,4.913326,17.86484
163.1356,-22.77326,5.072424,17.89213,0,0,0,-22.77589,4.913326,17.86484
163.1429,-22.77466,5.072005,17.89312,0,0,0,-22.77589,4.913326,17.86484
163.1515,-22.77466,5.072005,17.89312,0,0,0,-22.77589,4.913326,17.86484
163.1587,-22.77466,5.072005,17.89312,0,0,0,-22.77589,4.913326,17.86484
163.1663,-22.77247,5.072147,17.89224,0,0,0,-22.77589,4.913326,17.86484
163.1747,-22.77247,5.072147,17.89224,0,0,0,-22.77589,4.913326,17.86484
163.183,-22.77323,5.071727,17.89293,0,0,0,-22.77589,4.913326,17.86484
163.1917,-22.77323,5.071727,17.89293,0,0,0,-22.77589,4.913326,17.86484
163.1997,-22.77323,5.071727,17.89293,0,0,0,-22.77589,4.913326,17.86484
163.2069,-22.77141,5.07159,17.89373,0,0,0,-22.77589,4.913326,17.86484
163.2155,-22.77141,5.07159,17.89373,0,0,0,-22.77589,4.913326,17.86484
163.2231,-22.76883,5.071874,17.89384,0,0,0,-22.77589,4.913326,17.86484
163.2311,-22.76883,5.071874,17.89384,0,0,0,-22.77589,4.913326,17.86484
163.2383,-22.76883,5.071874,17.89384,0,0,0,-22.77589,4.913326,17.86484
163.2458,-22.76787,5.071318,17.89435,0,0,0,-22.77589,4.913326,17.86484
163.2549,-22.76787,5.071318,17.89435,0,0,0,-22.77589,4.913326,17.86484
163.2632,-22.76696,5.07049,17.8967,0,0,0,-22.77589,4.913326,17.86484
163.272,-22.76696,5.07049,17.8967,0,0,0,-22.77589,4.913326,17.86484
163.2791,-22.76696,5.07049,17.8967,0,0,0,-22.77589,4.913326,17.86484
163.2886,-22.76561,5.070073,17.8982,0,0,0,-22.77589,4.913326,17.86484
163.2976,-22.76561,5.070073,17.8982,0,0,0,-22.77589,4.913326,17.86484
163.3054,-22.7639,5.068967,17.90064,0,0,0,-22.77589,4.913326,17.86484
163.3173,-22.7639,5.068967,17.90064,0,0,0,-22.77589,4.913326,17.86484
163.3252,-22.76076,5.068141,17.90476,0,0,0,-22.77589,4.913326,17.86484
163.3344,-22.76076,5.068141,17.90476,0,0,0,-22.77589,4.913326,17.86484
163.3425,-22.75846,5.067337,17.91062,0,0,0,-22.77589,4.913326,17.86484
163.353,-22.75846,5.067337,17.91062,0,0,0,-22.77589,4.913326,17.86484
163.3612,-22.75635,5.066377,17.91405,0,0,0,-22.77589,4.913326,17.86484
163.3699,-22.75635,5.066377,17.91405,0,0,0,-22.77589,4.913326,17.86484
163.3788,-22.75635,5.066377,17.91405,0,0,0,-22.77589,4.913326,17.86484
163.3864,-22.75221,5.065451,17.92068,0,0,0,-22.77589,4.913326,17.86484
163.3949,-22.75221,5.065451,17.92068,0,0,0,-22.77589,4.913326,17.86484
163.4025,-22.75157,5.065063,17.92487,0,0,0,-22.77589,4.913326,17.86484
163.4107,-22.75157,5.065063,17.92487,0,0,0,-22.77589,4.913326,17.86484
163.4177,-22.75157,5.065063,17.92487,0,0,0,-22.77589,4.913326,17.86484
163.4251,-22.74669,5.064113,17.92879,0,0,0,-22.77589,4.913326,17.86484
163.4343,-22.74669,5.064113,17.92879,0,0,0,-22.77589,4.913326,17.86484
163.4419,-22.74389,5.062207,17.9345,0,0,0,-22.77589,4.913326,17.86484
163.4528,-22.74389,5.062207,17.9345,0,0,0,-22.77589,4.913326,17.86484
163.4602,-22.73812,5.061689,17.93866,0,0,0,-22.77589,4.913326,17.86484
163.4686,-22.73812,5.061689,17.93866,0,0,0,-22.77589,4.913326,17.86484
163.4757,-22.73812,5.061689,17.93866,0,0,0,-22.77589,4.913326,17.86484
163.483,-22.73088,5.061465,17.94446,0,0,0,-22.77589,4.913326,17.86484
163.492,-22.73088,5.061465,17.94446,0,0,0,-22.77589,4.913326,17.86484
163.4996,-22.73088,5.061465,17.94446,0,0,0,-22.77589,4.913326,17.86484
163.5072,-22.72406,5.061682,17.95112,0,0,0,-22.77589,4.913326,17.86484
163.516,-22.72406,5.061682,17.95112,0,0,0,-22.77589,4.913326,17.86484
163.523,-22.71971,5.062269,17.95549,0,0,0,-22.77589,4.913326,17.86484
163.532,-22.71971,5.062269,17.95549,0,0,0,-22.77589,4.913326,17.86484
163.539,-22.71971,5.062269,17.95549,0,0,0,-22.77589,4.913326,17.86484
163.5459,-22.7137,5.063077,17.96001,0,0,0,-22.77589,4.913326,17.86484
163.5569,-22.7137,5.063077,17.96001,0,0,0,-22.77589,4.913326,17.86484
163.5649,-22.7098,5.063589,17.96321,0,0,0,-22.77589,4.913326,17.86484
163.5733,-22.7098,5.063589,17.96321,0,0,0,-22.77589,4.913326,17.86484
163.5804,-22.70646,5.064245,17.96503,0,0,0,-22.77589,4.913326,17.86484
163.5889,-22.70646,5.064245,17.96503,0,0,0,-22.77589,4.913326,17.86484
163.5961,-22.70646,5.064245,17.96503,0,0,0,-22.77589,4.913326,17.86484
163.6032,-22.70305,5.064735,17.96944,0,0,0,-22.77589,4.913326,17.86484
163.611,-22.70305,5.064735,17.96944,0,0,0,-22.77589,4.913326,17.86484
163.6183,-22.70305,5.064735,17.96944,0,0,0,-22.77589,4.913326,17.86484
163.629,-22.69832,5.065729,17.97267,0,0,0,-22.77589,4.913326,17.86484
163.6374,-22.69832,5.065729,17.97267,0,0,0,-22.77589,4.913326,17.86484
163.6446,-22.69514,5.065761,17.97647,0,0,0,-22.77589,4.913326,17.86484
163.6528,-22.69514,5.065761,17.97647,0,0,0,-22.77589,4.913326,17.86484
163.6603,-22.69213,5.066082,17.97986,0,0,0,-22.77589,4.913326,17.86484
163.6686,-22.69213,5.066082,17.97986,0,0,0,-22.77589,4.913326,17.86484
163.6777,-22.69213,5.066082,17.97986,0,0,0,-22.77589,4.913326,17.86484
163.6853,-22.68523,5.067002,17.98395,0,0,0,-22.77589,4.913326,17.86484
163.6933,-22.68523,5.067002,17.98395,0,0,0,-22.77589,4.913326,17.86484
163.7005,-22.68462,5.06784,17.98342,0,0,0,-22.77589,4.913326,17.86484
163.7088,-22.68462,5.06784,17.98342,0,0,0,-22.77589,4.913326,17.86484
163.716,-22.68462,5.06784,17.98342,0,0,0,-22.77589,4.913326,17.86484
163.723,-22.68278,5.070239,17.9815,0,0,0,-22.77589,4.913326,17.86484
163.7311,-22.68278,5.070239,17.9815,0,0,0,-22.77589,4.913326,17.86484
163.7379,-22.68278,5.070239,17.9815,0,0,0,-22.77589,4.913326,17.86484
163.7451,-22.68158,5.071273,17.97806,0,0,0,-22.77589,4.913326,17.86484
163.7538,-22.68158,5.071273,17.97806,0,0,0,-22.77589,4.913326,17.86484
163.7621,-22.68294,5.072233,17.97275,0,0,0,-22.77589,4.913326,17.86484
163.7733,-22.68294,5.072233,17.97275,0,0,0,-22.77589,4.913326,17.86484
163.7811,-22.68277,5.07338,17.96682,0,0,0,-22.77589,4.913326,17.86484
163.7897,-22.68277,5.07338,17.96682,0,0,0,-22.77589,4.913326,17.86484
163.7975,-22.68277,5.07338,17.96682,0,0,0,-22.77589,4.913326,17.86484
163.8092,-22.67922,5.075264,17.96044,0,0,0,-22.77589,4.913326,17.86484
163.8202,-22.67809,5.075332,17.96125,0,0,0,-22.77589,4.913326,17.86484
163.8311,-22.67809,5.075332,17.96125,0,0,0,-22.77589,4.913326,17.86484
163.8402,-22.67624,5.075881,17.96139,0,0,0,-22.77589,4.913326,17.86484
163.8494,-22.67624,5.075881,17.96139,0,0,0,-22.77589,4.913326,17.86484
163.8608,-22.67477,5.076554,17.96108,0,0,0,-22.77589,4.913326,17.86484
163.8708,-22.67477,5.076554,17.96108,0,0,0,-22.77589,4.913326,17.86484
163.8785,-22.67477,5.076554,17.96108,0,0,0,-22.77589,4.913326,17.86484
163.8874,-22.6708,5.077525,17.96008,0,0,0,-22.77589,4.913326,17.86484
163.8977,-22.6708,5.077525,17.96008,0,0,0,-22.77589,4.913326,17.86484
163.9081,-22.66705,5.079089,17.95662,0,0,0,-22.77589,4.913326,17.86484
163.9191,-22.66705,5.079089,17.95662,0,0,0,-22.77589,4.913326,17.86484
163.9266,-22.66475,5.079435,17.95398,0,0,0,-22.77589,4.913326,17.86484
163.935,-22.66475,5.079435,17.95398,0,0,0,-22.77589,4.913326,17.86484
163.9447,-22.66084,5.078965,17.9533,0,0,0,-22.77589,4.913326,17.86484
163.9542,-22.66084,5.078965,17.9533,0,0,0,-22.77589,4.913326,17.86484
163.9615,-22.65668,5.078913,17.95082,0,0,0,-22.77589,4.913326,17.86484
163.9702,-22.65668,5.078913,17.95082,0,0,0,-22.77589,4.913326,17.86484
163.9781,-22.65668,5.078913,17.95082,0,0,0,-22.77589,4.913326,17.86484
163.9855,-22.65274,5.078658,17.9459,0,0,0,-22.77589,4.913326,17.86484
163.9942,-22.65274,5.078658,17.9459,0,0,0,-22.77589,4.913326,17.86484
164.0018,-22.65013,5.078423,17.94402,0,0,0,-22.77589,4.913326,17.86484
164.0106,-22.65013,5.078423,17.94402,0,0,0,-22.77589,4.913326,17.86484
164.0196,-22.65013,5.078423,17.94402,0,0,0,-22.77589,4.913326,17.86484
164.0273,-22.64576,5.078603,17.94397,0,0,0,-22.77589,4.913326,17.86484
164.0382,-22.64576,5.078603,17.94397,0,0,0,-22.77589,4.913326,17.86484
164.046,-22.646,5.078174,17.94576,0,0,0,-22.77589,4.913326,17.86484
164.0598,-22.646,5.078174,17.94576,0,0,0,-22.77589,4.913326,17.86484
164.0699,-22.64463,5.078675,17.94476,0,0,0,-22.77589,4.913326,17.86484
164.0791,-22.64463,5.078675,17.94476,0,0,0,-22.77589,4.913326,17.86484
164.0877,-22.64326,5.07918,17.94376,0,0,0,-22.77589,4.913326,17.86484
164.0977,-22.64326,5.07918,17.94376,0,0,0,-22.77589,4.913326,17.86484
164.1067,-22.64295,5.079554,17.94451,0,0,0,-22.77589,4.913326,17.86484
164.1188,-22.64295,5.079554,17.94451,0,0,0,-22.77589,4.913326,17.86484
164.1298,-22.64417,5.079131,17.94164,0,0,0,-22.77589,4.913326,17.86484
164.1426,-22.64451,5.078924,17.94087,0,0,0,-22.77589,4.913326,17.86484
164.1515,-22.64451,5.078924,17.94087,0,0,0,-22.77589,4.913326,17.86484
164.1589,-22.64451,5.078924,17.94087,0,0,0,-22.77589,4.913326,17.86484
164.1667,-22.64412,5.079442,17.93756,0,0,0,-22.77589,4.913326,17.86484
164.1773,-22.64412,5.079442,17.93756,0,0,0,-22.77589,4.913326,17.86484
164.1852,-22.64639,5.079682,17.93644,0,0,0,-22.77589,4.913326,17.86484
164.1942,-22.64639,5.079682,17.93644,0,0,0,-22.77589,4.913326,17.86484
164.202,-22.64729,5.080425,17.93431,0,0,0,-22.77589,4.913326,17.86484
164.2105,-22.64729,5.080425,17.93431,0,0,0,-22.77589,4.913326,17.86484
164.2181,-22.64729,5.080425,17.93431,0,0,0,-22.77589,4.913326,17.86484
164.2255,-22.64723,5.081523,17.93022,0,0,0,-22.77589,4.913326,17.86484
164.2344,-22.64723,5.081523,17.93022,0,0,0,-22.77589,4.913326,17.86484
164.2419,-22.65098,5.081474,17.92752,0,0,0,-22.77589,4.913326,17.86484
164.2508,-22.65098,5.081474,17.92752,0,0,0,-22.77589,4.913326,17.86484
164.2581,-22.65098,5.081474,17.92752,0,0,0,-22.77589,4.913326,17.86484
164.2661,-22.6565,5.083699,17.91818,0,0,0,-22.77589,4.913326,17.86484
164.2746,-22.6565,5.083699,17.91818,0,0,0,-22.77589,4.913326,17.86484
164.2841,-22.66059,5.084579,17.91038,0,0,0,-22.77589,4.913326,17.86484
164.2933,-22.66059,5.084579,17.91038,0,0,0,-22.77589,4.913326,17.86484
164.3011,-22.66506,5.084646,17.89978,0,0,0,-22.77589,4.913326,17.86484
164.31,-22.66506,5.084646,17.89978,0,0,0,-22.77589,4.913326,17.86484
164.3181,-22.66506,5.084646,17.89978,0,0,0,-22.77589,4.913326,17.86484
164.3255,-22.67097,5.083537,17.88999,0,0,0,-22.77589,4.913326,17.86484
164.3341,-22.67097,5.083537,17.88999,0,0,0,-22.77589,4.913326,17.86484
164.3417,-22.67226,5.083234,17.88693,0,0,0,-22.77589,4.913326,17.86484
164.3546,-22.67226,5.083234,17.88693,0,0,0,-22.77589,4.913326,17.86484
164.3644,-22.67274,5.082386,17.88578,0,0,0,-22.77589,4.913326,17.86484
164.3739,-22.67274,5.082386,17.88578,0,0,0,-22.77589,4.913326,17.86484
164.3822,-22.67365,5.081922,17.88791,0,0,0,-22.77589,4.913326,17.86484
164.3925,-22.67365,5.081922,17.88791,0,0,0,-22.77589,4.913326,17.86484
164.4033,-22.67365,5.081923,17.88791,0,0,0,-22.77589,4.913326,17.86484
164.4128,-22.67365,5.081923,17.88791,0,0,0,-22.77589,4.913326,17.86484
164.4222,-22.67428,5.081923,17.88825,0,0,0,-22.77589,4.913326,17.86484
164.4358,-22.67428,5.081923,17.88825,0,0,0,-22.77589,4.913326,17.86484
164.4443,-22.67411,5.081637,17.88865,0,0,0,-22.77589,4.913326,17.86484
164.4577,-22.67411,5.081637,17.88865,0,0,0,-22.77589,4.913326,17.86484
164.4662,-22.67395,5.081352,17.88904,0,0,0,-22.77589,4.913326,17.86484
164.4772,-22.67395,5.081352,17.88904,0,0,0,-22.77589,4.913326,17.86484
164.4851,-22.67395,5.081352,17.88904,0,0,0,-22.77589,4.913326,17.86484
164.4953,-22.67395,5.081352,17.88904,0,0,0,-22.77589,4.913326,17.86484
164.5042,-22.67441,5.081327,17.88792,0,0,0,-22.77589,4.913326,17.86484
164.5131,-22.67441,5.081327,17.88792,0,0,0,-22.77589,4.913326,17.86484
164.5208,-22.67425,5.08078,17.89017,0,0,0,-22.77589,4.913326,17.86484
164.5298,-22.67425,5.08078,17.89017,0,0,0,-22.77589,4.913326,17.86484
164.5374,-22.67425,5.08078,17.89017,0,0,0,-22.77589,4.913326,17.86484
164.545,-22.67455,5.080468,17.88944,0,0,0,-22.77589,4.913326,17.86484
164.554,-22.67455,5.080468,17.88944,0,0,0,-22.77589,4.913326,17.86484
164.5615,-22.67484,5.079895,17.89058,0,0,0,-22.77589,4.913326,17.86484
164.5704,-22.67484,5.079895,17.89058,0,0,0,-22.77589,4.913326,17.86484
164.578,-22.67484,5.079895,17.89058,0,0,0,-22.77589,4.913326,17.86484
164.5881,-22.67531,5.079609,17.89131,0,0,0,-22.77589,4.913326,17.86484
164.5976,-22.67531,5.079609,17.89131,0,0,0,-22.77589,4.913326,17.86484
164.6051,-22.67515,5.079322,17.89171,0,0,0,-22.77589,4.913326,17.86484
164.6155,-22.67515,5.079322,17.89171,0,0,0,-22.77589,4.913326,17.86484
164.6228,-22.67561,5.079035,17.89244,0,0,0,-22.77589,4.913326,17.86484
164.632,-22.67561,5.079035,17.89244,0,0,0,-22.77589,4.913326,17.86484
164.6401,-22.67591,5.078722,17.89171,0,0,0,-22.77589,4.913326,17.86484
164.6501,-22.67591,5.078722,17.89171,0,0,0,-22.77589,4.913326,17.86484
164.6574,-22.67591,5.078722,17.89171,0,0,0,-22.77589,4.913326,17.86484
164.6667,-22.67839,5.078212,17.89192,0,0,0,-22.77589,4.913326,17.86484
164.6764,-22.67839,5.078212,17.89192,0,0,0,-22.77589,4.913326,17.86484
164.6854,-22.67886,5.077924,17.89265,0,0,0,-22.77589,4.913326,17.86484
164.6941,-22.67886,5.077924,17.89265,0,0,0,-22.77589,4.913326,17.86484
164.7018,-22.67771,5.078547,17.89296,0,0,0,-22.77589,4.913326,17.86484
164.7114,-22.67771,5.078547,17.89296,0,0,0,-22.77589,4.913326,17.86484
164.7211,-22.67972,5.078057,17.8943,0,0,0,-22.77589,4.913326,17.86484
164.7299,-22.67972,5.078057,17.8943,0,0,0,-22.77589,4.913326,17.86484
164.7373,-22.67972,5.078057,17.8943,0,0,0,-22.77589,4.913326,17.86484
164.7445,-22.67881,5.078259,17.89403,0,0,0,-22.77589,4.913326,17.86484
164.7537,-22.67881,5.078259,17.89403,0,0,0,-22.77589,4.913326,17.86484
164.7616,-22.67928,5.077971,17.89476,0,0,0,-22.77589,4.913326,17.86484
164.7718,-22.67928,5.077971,17.89476,0,0,0,-22.77589,4.913326,17.86484
164.7799,-22.67928,5.077971,17.89476,0,0,0,-22.77589,4.913326,17.86484
164.7883,-22.67935,5.077816,17.89647,0,0,0,-22.77589,4.913326,17.86484
164.7985,-22.67935,5.077816,17.89647,0,0,0,-22.77589,4.913326,17.86484
164.8069,-22.67966,5.077238,17.89759,0,0,0,-22.77589,4.913326,17.86484
164.8184,-22.67966,5.077238,17.89759,0,0,0,-22.77589,4.913326,17.86484
164.826,-22.6808,5.077169,17.89916,0,0,0,-22.77589,4.913326,17.86484
164.8361,-22.6808,5.077169,17.89916,0,0,0,-22.77589,4.913326,17.86484
164.8482,-22.6811,5.076591,17.90029,0,0,0,-22.77589,4.913326,17.86484
164.8575,-22.6811,5.076591,17.90029,0,0,0,-22.77589,4.913326,17.86484
164.8657,-22.68054,5.076434,17.90165,0,0,0,-22.77589,4.913326,17.86484
164.8758,-22.68054,5.076434,17.90165,0,0,0,-22.77589,4.913326,17.86484
164.8846,-22.68021,5.075853,17.90244,0,0,0,-22.77589,4.913326,17.86484
164.9004,-22.67879,5.075039,17.90588,0,0,0,-22.77589,4.913326,17.86484
164.9145,-22.67879,5.075039,17.90588,0,0,0,-22.77589,4.913326,17.86484
164.9256,-22.67926,5.075008,17.90475,0,0,0,-22.77589,4.913326,17.86484
164.9391,-22.67926,5.075008,17.90475,0,0,0,-22.77589,4.913326,17.86484
164.95,-22.6783,5.074166,17.90706,0,0,0,-22.77589,4.913326,17.86484
164.9623,-22.6783,5.074166,17.90706,0,0,0,-22.77589,4.913326,17.86484
164.975,-22.6783,5.074166,17.90706,0,0,0,-22.77589,4.913326,17.86484
164.9859,-22.67814,5.073875,17.90746,0,0,0,-22.77589,4.913326,17.86484
164.9977,-22.67814,5.073875,17.90746,0,0,0,-22.77589,4.913326,17.86484
165.0093,-22.67797,5.073584,17.90785,0,0,0,-22.77589,4.913326,17.86484
165.0225,-22.67952,5.073385,17.90845,0,0,0,-22.77589,4.913326,17.86484
165.0347,-22.67952,5.073385,17.90845,0,0,0,-22.77589,4.913326,17.86484
165.0452,-22.67952,5.073385,17.90845,0,0,0,-22.77589,4.913326,17.86484
165.0579,-22.67952,5.073385,17.90845,0,0,0,-22.77589,4.913326,17.86484
165.0838,-22.67952,5.073385,17.90845,0,0,0,-22.77589,4.913326,17.86484
165.0954,-22.67952,5.073385,17.90845,0,0,0,-22.77589,4.913326,17.86484
165.1025,-22.67797,5.073584,17.90785,0,0,0,-22.77589,4.913326,17.86484
165.1111,-22.67797,5.073584,17.90785,0,0,0,-22.77589,4.913326,17.86484
165.1184,-22.67797,5.073584,17.90785,0,0,0,-22.77589,4.913326,17.86484
165.1256,-22.68016,5.073385,17.90879,0,0,0,-22.77589,4.913326,17.86484
165.1341,-22.68016,5.073385,17.90879,0,0,0,-22.77589,4.913326,17.86484
165.1421,-22.67988,5.073845,17.907,0,0,0,-22.77589,4.913326,17.86484
165.1508,-22.67988,5.073845,17.907,0,0,0,-22.77589,4.913326,17.86484
165.1578,-22.67988,5.073845,17.907,0,0,0,-22.77589,4.913326,17.86484
165.1651,-22.68209,5.073384,17.9098,0,0,0,-22.77589,4.913326,17.86484
165.1736,-22.68209,5.073384,17.9098,0,0,0,-22.77589,4.913326,17.86484
165.1807,-22.68054,5.073585,17.9092,0,0,0,-22.77589,4.913326,17.86484
165.189,-22.68054,5.073585,17.9092,0,0,0,-22.77589,4.913326,17.86484
165.1965,-22.68054,5.073585,17.9092,0,0,0,-22.77589,4.913326,17.86484
165.2036,-22.68273,5.073385,17.91014,0,0,0,-22.77589,4.913326,17.86484
165.212,-22.68273,5.073385,17.91014,0,0,0,-22.77589,4.913326,17.86484
165.2199,-22.68273,5.073385,17.91014,0,0,0,-22.77589,4.913326,17.86484
165.2275,-22.68335,5.073646,17.90861,0,0,0,-22.77589,4.913326,17.86484
165.2357,-22.68335,5.073646,17.90861,0,0,0,-22.77589,4.913326,17.86484
165.2451,-22.68337,5.073385,17.91047,0,0,0,-22.77589,4.913326,17.86484
165.2552,-22.68337,5.073385,17.91047,0,0,0,-22.77589,4.913326,17.86484
165.2634,-22.68399,5.073646,17.90894,0,0,0,-22.77589,4.913326,17.86484
165.273,-22.68399,5.073646,17.90894,0,0,0,-22.77589,4.913326,17.86484
165.2812,-22.68401,5.073385,17.91081,0,0,0,-22.77589,4.913326,17.86484
165.2895,-22.68401,5.073385,17.91081,0,0,0,-22.77589,4.913326,17.86484
165.2966,-22.68401,5.073385,17.91081,0,0,0,-22.77589,4.913326,17.86484
165.3045,-22.68277,5.072869,17.91386,0,0,0,-22.77589,4.913326,17.86484
165.3128,-22.68277,5.072869,17.91386,0,0,0,-22.77589,4.913326,17.86484
165.3207,-22.68215,5.072615,17.91539,0,0,0,-22.77589,4.913326,17.86484
165.3307,-22.68215,5.072615,17.91539,0,0,0,-22.77589,4.913326,17.86484
165.3383,-22.68215,5.072615,17.91539,0,0,0,-22.77589,4.913326,17.86484
165.346,-22.68093,5.071864,17.92031,0,0,0,-22.77589,4.913326,17.86484
165.3566,-22.68093,5.071864,17.92031,0,0,0,-22.77589,4.913326,17.86484
165.3673,-22.68155,5.072113,17.91879,0,0,0,-22.77589,4.913326,17.86484
165.3789,-22.68155,5.072113,17.91879,0,0,0,-22.77589,4.913326,17.86484
165.3874,-22.68185,5.071421,17.92244,0,0,0,-22.77589,4.913326,17.86484
165.3979,-22.68185,5.071421,17.92244,0,0,0,-22.77589,4.913326,17.86484
165.4068,-22.68402,5.071471,17.9215,0,0,0,-22.77589,4.913326,17.86484
165.4183,-22.68402,5.071471,17.9215,0,0,0,-22.77589,4.913326,17.86484
165.4303,-22.6843,5.071032,17.92329,0,0,0,-22.77589,4.913326,17.86484
165.4397,-22.6843,5.071032,17.92329,0,0,0,-22.77589,4.913326,17.86484
165.4473,-22.68584,5.070842,17.92389,0,0,0,-22.77589,4.913326,17.86484
165.456,-22.68584,5.070842,17.92389,0,0,0,-22.77589,4.913326,17.86484
165.4638,-22.68584,5.070841,17.92389,0,0,0,-22.77589,4.913326,17.86484
165.4726,-22.68584,5.070841,17.92389,0,0,0,-22.77589,4.913326,17.86484
165.4812,-22.68739,5.070652,17.92449,0,0,0,-22.77589,4.913326,17.86484
165.4898,-22.68739,5.070652,17.92449,0,0,0,-22.77589,4.913326,17.86484
165.4994,-22.68739,5.070652,17.92449,0,0,0,-22.77589,4.913326,17.86484
165.5073,-22.68739,5.070652,17.92449,0,0,0,-22.77589,4.913326,17.86484
165.5164,-22.68739,5.070652,17.92449,0,0,0,-22.77589,4.913326,17.86484
165.5239,-22.68831,5.070221,17.92661,0,0,0,-22.77589,4.913326,17.86484
165.5326,-22.68831,5.070221,17.92661,0,0,0,-22.77589,4.913326,17.86484
165.5398,-22.68831,5.070221,17.92661,0,0,0,-22.77589,4.913326,17.86484
165.5484,-22.68958,5.070466,17.92542,0,0,0,-22.77589,4.913326,17.86484
165.5569,-22.68958,5.070466,17.92542,0,0,0,-22.77589,4.913326,17.86484
165.5652,-22.69023,5.070466,17.92575,0,0,0,-22.77589,4.913326,17.86484
165.5757,-22.69023,5.070466,17.92575,0,0,0,-22.77589,4.913326,17.86484
165.5841,-22.69087,5.070466,17.92608,0,0,0,-22.77589,4.913326,17.86484
165.5942,-22.69087,5.070466,17.92608,0,0,0,-22.77589,4.913326,17.86484
165.6024,-22.69282,5.070466,17.92708,0,0,0,-22.77589,4.913326,17.86484
165.6118,-22.69282,5.070466,17.92708,0,0,0,-22.77589,4.913326,17.86484
165.6192,-22.69282,5.070466,17.92708,0,0,0,-22.77589,4.913326,17.86484
165.6267,-22.6935,5.070222,17.92928,0,0,0,-22.77589,4.913326,17.86484
165.6368,-22.6935,5.070222,17.92928,0,0,0,-22.77589,4.913326,17.86484
165.6454,-22.69504,5.069791,17.92936,0,0,0,-22.77589,4.913326,17.86484
165.6565,-22.69504,5.069791,17.92936,0,0,0,-22.77589,4.913326,17.86484
165.6639,-22.69507,5.06955,17.93122,0,0,0,-22.77589,4.913326,17.86484
165.6722,-22.69507,5.06955,17.93122,0,0,0,-22.77589,4.913326,17.86484
165.6793,-22.69507,5.06955,17.93122,0,0,0,-22.77589,4.913326,17.86484
165.687,-22.69596,5.06912,17.93098,0,0,0,-22.77589,4.913326,17.86484
165.6953,-22.69596,5.06912,17.93098,0,0,0,-22.77589,4.913326,17.86484
165.7026,-22.69596,5.06912,17.93098,0,0,0,-22.77589,4.913326,17.86484
165.7117,-22.69596,5.06912,17.93098,0,0,0,-22.77589,4.913326,17.86484
165.7227,-22.69661,5.06912,17.93131,0,0,0,-22.77589,4.913326,17.86484
165.7322,-22.69661,5.06912,17.93131,0,0,0,-22.77589,4.913326,17.86484
165.7393,-22.69661,5.06912,17.93131,0,0,0,-22.77589,4.913326,17.86484
165.7468,-22.69661,5.06912,17.93131,0,0,0,-22.77589,4.913326,17.86484
165.7557,-22.69661,5.06912,17.93131,0,0,0,-22.77589,4.913326,17.86484
165.7632,-22.69661,5.06912,17.93131,0,0,0,-22.77589,4.913326,17.86484
165.7742,-22.69661,5.06912,17.93131,0,0,0,-22.77589,4.913326,17.86484
165.7817,-22.69661,5.06912,17.93131,0,0,0,-22.77589,4.913326,17.86484
165.7903,-22.69661,5.06912,17.93131,0,0,0,-22.77589,4.913326,17.86484
165.7989,-22.69661,5.06912,17.93131,0,0,0,-22.77589,4.913326,17.86484
165.8064,-22.69661,5.06912,17.93131,0,0,0,-22.77589,4.913326,17.86484
165.8158,-22.69661,5.06912,17.93131,0,0,0,-22.77589,4.913326,17.86484
165.8255,-22.69661,5.06912,17.93131,0,0,0,-22.77589,4.913326,17.86484
165.8391,-22.69661,5.06912,17.93131,0,0,0,-22.77589,4.913326,17.86484
165.8483,-22.69726,5.069119,17.93164,0,0,0,-22.77589,4.913326,17.86484
165.8582,-22.69726,5.069119,17.93164,0,0,0,-22.77589,4.913326,17.86484
165.8668,-22.69726,5.069119,17.93164,0,0,0,-22.77589,4.913326,17.86484
165.8757,-22.69726,5.069119,17.93164,0,0,0,-22.77589,4.913326,17.86484
165.8844,-22.69881,5.068935,17.93223,0,0,0,-22.77589,4.913326,17.86484
165.8941,-22.69881,5.068935,17.93223,0,0,0,-22.77589,4.913326,17.86484
165.9037,-22.69726,5.069119,17.93164,0,0,0,-22.77589,4.913326,17.86484
165.9138,-22.69726,5.069119,17.93164,0,0,0,-22.77589,4.913326,17.86484
165.9238,-22.6973,5.068879,17.9335,0,0,0,-22.77589,4.913326,17.86484
165.9343,-22.6973,5.068879,17.9335,0,0,0,-22.77589,4.913326,17.86484
165.9422,-22.6973,5.068878,17.9335,0,0,0,-22.77589,4.913326,17.86484
165.9519,-22.6973,5.068878,17.9335,0,0,0,-22.77589,4.913326,17.86484
165.9606,-22.6973,5.068878,17.9335,0,0,0,-22.77589,4.913326,17.86484
165.9695,-22.6973,5.068878,17.9335,0,0,0,-22.77589,4.913326,17.86484
165.9786,-22.6973,5.068878,17.9335,0,0,0,-22.77589,4.913326,17.86484
165.987,-22.69795,5.068879,17.93383,0,0,0,-22.77589,4.913326,17.86484
165.9956,-22.69795,5.068879,17.93383,0,0,0,-22.77589,4.913326,17.86484
166.0035,-22.69795,5.068879,17.93383,0,0,0,-22.77589,4.913326,17.86484
166.0119,-22.69795,5.068879,17.93383,0,0,0,-22.77589,4.913326,17.86484
166.02,-22.69795,5.068879,17.93383,0,0,0,-22.77589,4.913326,17.86484
166.0285,-22.69795,5.068879,17.93383,0,0,0,-22.77589,4.913326,17.86484
166.0368,-22.69795,5.068879,17.93383,0,0,0,-22.77589,4.913326,17.86484
166.0441,-22.6986,5.068878,17.93416,0,0,0,-22.77589,4.913326,17.86484
166.0531,-22.6986,5.068878,17.93416,0,0,0,-22.77589,4.913326,17.86484
166.0612,-22.69925,5.068878,17.93449,0,0,0,-22.77589,4.913326,17.86484
166.0702,-22.69925,5.068878,17.93449,0,0,0,-22.77589,4.913326,17.86484
166.0795,-22.69925,5.068878,17.93449,0,0,0,-22.77589,4.913326,17.86484
166.0872,-22.69925,5.068879,17.93449,0,0,0,-22.77589,4.913326,17.86484
166.0962,-22.69925,5.068879,17.93449,0,0,0,-22.77589,4.913326,17.86484
166.1066,-22.69991,5.068879,17.93482,0,0,0,-22.77589,4.913326,17.86484
166.116,-22.69991,5.068879,17.93482,0,0,0,-22.77589,4.913326,17.86484
166.1236,-22.69991,5.068879,17.93482,0,0,0,-22.77589,4.913326,17.86484
166.1336,-22.69991,5.068879,17.93482,0,0,0,-22.77589,4.913326,17.86484
166.142,-22.69991,5.068879,17.93482,0,0,0,-22.77589,4.913326,17.86484
166.1508,-22.69991,5.068879,17.93482,0,0,0,-22.77589,4.913326,17.86484
166.1581,-22.69991,5.068879,17.93482,0,0,0,-22.77589,4.913326,17.86484
166.1661,-22.70056,5.068879,17.93515,0,0,0,-22.77589,4.913326,17.86484
166.1751,-22.70056,5.068879,17.93515,0,0,0,-22.77589,4.913326,17.86484
166.1846,-22.70056,5.068879,17.93515,0,0,0,-22.77589,4.913326,17.86484
166.1935,-22.70056,5.068879,17.93515,0,0,0,-22.77589,4.913326,17.86484
166.2013,-22.69901,5.069066,17.93457,0,0,0,-22.77589,4.913326,17.86484
166.2134,-22.69901,5.069066,17.93457,0,0,0,-22.77589,4.913326,17.86484
166.2221,-22.70056,5.068879,17.93515,0,0,0,-22.77589,4.913326,17.86484
166.2322,-22.70056,5.068879,17.93515,0,0,0,-22.77589,4.913326,17.86484
166.2398,-22.70056,5.068879,17.93515,0,0,0,-22.77589,4.913326,17.86484
166.2474,-22.70056,5.068879,17.93515,0,0,0,-22.77589,4.913326,17.86484
166.256,-22.70056,5.068879,17.93515,0,0,0,-22.77589,4.913326,17.86484
166.2638,-22.70056,5.068879,17.93515,0,0,0,-22.77589,4.913326,17.86484
166.2724,-22.70056,5.068879,17.93515,0,0,0,-22.77589,4.913326,17.86484
166.283,-22.69995,5.06864,17.93669,0,0,0,-22.77589,4.913326,17.86484
166.2915,-22.69995,5.06864,17.93669,0,0,0,-22.77589,4.913326,17.86484
166.3004,-22.69901,5.069066,17.93457,0,0,0,-22.77589,4.913326,17.86484
166.3118,-22.69901,5.069066,17.93457,0,0,0,-22.77589,4.913326,17.86484
166.3192,-22.69901,5.069066,17.93457,0,0,0,-22.77589,4.913326,17.86484
166.3268,-22.70056,5.068879,17.93515,0,0,0,-22.77589,4.913326,17.86484
166.3361,-22.70056,5.068879,17.93515,0,0,0,-22.77589,4.913326,17.86484
166.3445,-22.69995,5.06864,17.93669,0,0,0,-22.77589,4.913326,17.86484
166.3533,-22.69995,5.06864,17.93669,0,0,0,-22.77589,4.913326,17.86484
166.3608,-22.70056,5.068879,17.93515,0,0,0,-22.77589,4.913326,17.86484
166.3721,-22.70056,5.068879,17.93515,0,0,0,-22.77589,4.913326,17.86484
166.3803,-22.69995,5.06864,17.93669,0,0,0,-22.77589,4.913326,17.86484
166.3891,-22.69995,5.06864,17.93669,0,0,0,-22.77589,4.913326,17.86484
166.3966,-22.69995,5.06864,17.93669,0,0,0,-22.77589,4.913326,17.86484
166.4045,-22.69901,5.069066,17.93457,0,0,0,-22.77589,4.913326,17.86484
166.4132,-22.69901,5.069066,17.93457,0,0,0,-22.77589,4.913326,17.86484
166.4206,-22.69995,5.06864,17.93669,0,0,0,-22.77589,4.913326,17.86484
166.4297,-22.69995,5.06864,17.93669,0,0,0,-22.77589,4.913326,17.86484
166.4371,-22.69995,5.06864,17.93669,0,0,0,-22.77589,4.913326,17.86484
166.4458,-22.69995,5.06864,17.93669,0,0,0,-22.77589,4.913326,17.86484
166.4566,-22.69995,5.06864,17.93669,0,0,0,-22.77589,4.913326,17.86484
166.464,-22.69995,5.06864,17.93669,0,0,0,-22.77589,4.913326,17.86484
166.4727,-22.69995,5.06864,17.93669,0,0,0,-22.77589,4.913326,17.86484
166.4804,-22.69999,5.068403,17.93855,0,0,0,-22.77589,4.913326,17.86484
166.4908,-22.69999,5.068403,17.93855,0,0,0,-22.77589,4.913326,17.86484
166.499,-22.69999,5.068403,17.93855,0,0,0,-22.77589,4.913326,17.86484
166.5072,-22.69905,5.068827,17.93643,0,0,0,-22.77589,4.913326,17.86484
166.5177,-22.69905,5.068827,17.93643,0,0,0,-22.77589,4.913326,17.86484
166.5279,-22.70125,5.06864,17.93734,0,0,0,-22.77589,4.913326,17.86484
166.5391,-22.70125,5.06864,17.93734,0,0,0,-22.77589,4.913326,17.86484
166.5494,-22.70065,5.068403,17.93888,0,0,0,-22.77589,4.913326,17.86484
166.5597,-22.70065,5.068403,17.93888,0,0,0,-22.77589,4.913326,17.86484
166.5718,-22.6991,5.06859,17.9383,0,0,0,-22.77589,4.913326,17.86484
166.5868,-22.6997,5.068827,17.93676,0,0,0,-22.77589,4.913326,17.86484
166.5964,-22.6997,5.068827,17.93676,0,0,0,-22.77589,4.913326,17.86484
166.6046,-22.70191,5.06864,17.93767,0,0,0,-22.77589,4.913326,17.86484
166.6167,-22.70191,5.06864,17.93767,0,0,0,-22.77589,4.913326,17.86484
166.6268,-22.70191,5.06864,17.93767,0,0,0,-22.77589,4.913326,17.86484
166.6417,-22.70036,5.068827,17.93709,0,0,0,-22.77589,4.913326,17.86484
166.6505,-22.70036,5.068827,17.93709,0,0,0,-22.77589,4.913326,17.86484
166.6583,-22.70036,5.068827,17.93709,0,0,0,-22.77589,4.913326,17.86484
166.6662,-22.70036,5.068827,17.93709,0,0,0,-22.77589,4.913326,17.86484
166.675,-22.70036,5.068827,17.93709,0,0,0,-22.77589,4.913326,17.86484
166.6828,-22.70153,5.067971,17.93863,0,0,0,-22.77589,4.913326,17.86484
166.6928,-22.70153,5.067971,17.93863,0,0,0,-22.77589,4.913326,17.86484
166.7006,-22.70214,5.068209,17.93709,0,0,0,-22.77589,4.913326,17.86484
166.7093,-22.70214,5.068209,17.93709,0,0,0,-22.77589,4.913326,17.86484
166.7173,-22.70214,5.068209,17.93709,0,0,0,-22.77589,4.913326,17.86484
166.726,-22.70059,5.068397,17.93651,0,0,0,-22.77589,4.913326,17.86484
166.7347,-22.70059,5.068397,17.93651,0,0,0,-22.77589,4.913326,17.86484
166.7424,-22.70153,5.067971,17.93863,0,0,0,-22.77589,4.913326,17.86484
166.7511,-22.70153,5.067971,17.93863,0,0,0,-22.77589,4.913326,17.86484
166.7586,-22.70153,5.067971,17.93863,0,0,0,-22.77589,4.913326,17.86484
166.7665,-22.70153,5.067972,17.93863,0,0,0,-22.77589,4.913326,17.86484
166.7761,-22.70153,5.067972,17.93863,0,0,0,-22.77589,4.913326,17.86484
166.7844,-22.69998,5.068159,17.93805,0,0,0,-22.77589,4.913326,17.86484
166.7929,-22.69998,5.068159,17.93805,0,0,0,-22.77589,4.913326,17.86484
166.8008,-22.69983,5.067867,17.93844,0,0,0,-22.77589,4.913326,17.86484
166.8097,-22.69983,5.067867,17.93844,0,0,0,-22.77589,4.913326,17.86484
166.8194,-22.69983,5.067867,17.93844,0,0,0,-22.77589,4.913326,17.86484
166.8278,-22.70077,5.067445,17.94056,0,0,0,-22.77589,4.913326,17.86484
166.8364,-22.70077,5.067445,17.94056,0,0,0,-22.77589,4.913326,17.86484
166.8437,-22.69983,5.067867,17.93844,0,0,0,-22.77589,4.913326,17.86484
166.8524,-22.69983,5.067867,17.93844,0,0,0,-22.77589,4.913326,17.86484
166.8598,-22.69983,5.067867,17.93844,0,0,0,-22.77589,4.913326,17.86484
166.8682,-22.70138,5.067679,17.93902,0,0,0,-22.77589,4.913326,17.86484
166.8797,-22.70138,5.067679,17.93902,0,0,0,-22.77589,4.913326,17.86484
166.8898,-22.69967,5.067575,17.93884,0,0,0,-22.77589,4.913326,17.86484
166.901,-22.70145,5.066957,17.93884,0,0,0,-22.77589,4.913326,17.86484
166.9101,-22.70145,5.066957,17.93884,0,0,0,-22.77589,4.913326,17.86484
166.9176,-22.70145,5.066957,17.93884,0,0,0,-22.77589,4.913326,17.86484
166.9254,-22.70129,5.066665,17.93924,0,0,0,-22.77589,4.913326,17.86484
166.9364,-22.70129,5.066665,17.93924,0,0,0,-22.77589,4.913326,17.86484
166.944,-22.69913,5.066616,17.94019,0,0,0,-22.77589,4.913326,17.86484
166.9527,-22.69913,5.066616,17.94019,0,0,0,-22.77589,4.913326,17.86484
166.9602,-22.69913,5.066617,17.94019,0,0,0,-22.77589,4.913326,17.86484
166.9687,-22.69913,5.066617,17.94019,0,0,0,-22.77589,4.913326,17.86484
166.9793,-22.69913,5.066617,17.94019,0,0,0,-22.77589,4.913326,17.86484
166.9877,-22.69913,5.066617,17.94019,0,0,0,-22.77589,4.913326,17.86484
166.9993,-22.69913,5.066617,17.94019,0,0,0,-22.77589,4.913326,17.86484
167.0069,-22.69853,5.066382,17.94173,0,0,0,-22.77589,4.913326,17.86484
167.0157,-22.69853,5.066382,17.94173,0,0,0,-22.77589,4.913326,17.86484
167.023,-22.70008,5.066195,17.94231,0,0,0,-22.77589,4.913326,17.86484
167.0316,-22.70008,5.066195,17.94231,0,0,0,-22.77589,4.913326,17.86484
167.0392,-22.70008,5.066195,17.94231,0,0,0,-22.77589,4.913326,17.86484
167.0482,-22.69858,5.066151,17.9436,0,0,0,-22.77589,4.913326,17.86484
167.0573,-22.69858,5.066151,17.9436,0,0,0,-22.77589,4.913326,17.86484
167.065,-22.70013,5.065964,17.94418,0,0,0,-22.77589,4.913326,17.86484
167.0737,-22.70013,5.065964,17.94418,0,0,0,-22.77589,4.913326,17.86484
167.0857,-22.69858,5.066151,17.9436,0,0,0,-22.77589,4.913326,17.86484
167.0945,-22.69858,5.066151,17.9436,0,0,0,-22.77589,4.913326,17.86484
167.1024,-22.69918,5.066382,17.94206,0,0,0,-22.77589,4.913326,17.86484
167.1118,-22.69918,5.066382,17.94206,0,0,0,-22.77589,4.913326,17.86484
167.1209,-22.69918,5.066382,17.94206,0,0,0,-22.77589,4.913326,17.86484
167.1303,-22.69918,5.066382,17.94206,0,0,0,-22.77589,4.913326,17.86484
167.1392,-22.69918,5.066382,17.94206,0,0,0,-22.77589,4.913326,17.86484
167.1489,-22.69918,5.066382,17.94206,0,0,0,-22.77589,4.913326,17.86484
167.1604,-22.70073,5.066195,17.94264,0,0,0,-22.77589,4.913326,17.86484
167.1696,-22.70073,5.066195,17.94264,0,0,0,-22.77589,4.913326,17.86484
167.1771,-22.70073,5.066195,17.94264,0,0,0,-22.77589,4.913326,17.86484
167.1848,-22.69963,5.066325,17.94091,0,0,0,-22.77589,4.913326,17.86484
167.1934,-22.69963,5.066325,17.94091,0,0,0,-22.77589,4.913326,17.86484
167.2013,-22.70178,5.066374,17.93996,0,0,0,-22.77589,4.913326,17.86484
167.2112,-22.70178,5.066374,17.93996,0,0,0,-22.77589,4.913326,17.86484
167.2198,-22.70178,5.066374,17.93996,0,0,0,-22.77589,4.913326,17.86484
167.2288,-22.69953,5.066115,17.94114,0,0,0,-22.77589,4.913326,17.86484
167.2433,-22.69937,5.065822,17.94154,0,0,0,-22.77589,4.913326,17.86484
167.2541,-22.69937,5.065822,17.94154,0,0,0,-22.77589,4.913326,17.86484
167.264,-22.70037,5.065481,17.94349,0,0,0,-22.77589,4.913326,17.86484
167.2762,-22.70037,5.065481,17.94349,0,0,0,-22.77589,4.913326,17.86484
167.2905,-22.69945,5.064731,17.94327,0,0,0,-22.77589,4.913326,17.86484
167.3034,-22.70066,5.064445,17.9467,0,0,0,-22.77589,4.913326,17.86484
167.3154,-22.70066,5.064445,17.9467,0,0,0,-22.77589,4.913326,17.86484
167.329,-22.70199,5.064071,17.94927,0,0,0,-22.77589,4.913326,17.86484
167.3386,-22.70199,5.064071,17.94927,0,0,0,-22.77589,4.913326,17.86484
167.3497,-22.70309,5.064125,17.95242,0,0,0,-22.77589,4.913326,17.86484
167.3629,-22.70244,5.064237,17.95605,0,0,0,-22.77589,4.913326,17.86484
167.3749,-22.70244,5.064237,17.95605,0,0,0,-22.77589,4.913326,17.86484
167.3831,-22.70086,5.064323,17.96202,0,0,0,-22.77589,4.913326,17.86484
167.3937,-22.70086,5.064323,17.96202,0,0,0,-22.77589,4.913326,17.86484
167.4025,-22.6994,5.064135,17.96571,0,0,0,-22.77589,4.913326,17.86484
167.4123,-22.6994,5.064135,17.96571,0,0,0,-22.77589,4.913326,17.86484
167.4208,-22.69838,5.063872,17.96824,0,0,0,-22.77589,4.913326,17.86484
167.4298,-22.69838,5.063872,17.96824,0,0,0,-22.77589,4.913326,17.86484
167.4375,-22.69838,5.063872,17.96824,0,0,0,-22.77589,4.913326,17.86484
167.4453,-22.69707,5.063977,17.97153,0,0,0,-22.77589,4.913326,17.86484
167.4541,-22.69707,5.063977,17.97153,0,0,0,-22.77589,4.913326,17.86484
167.4618,-22.69609,5.063888,17.97404,0,0,0,-22.77589,4.913326,17.86484
167.4715,-22.69609,5.063888,17.97404,0,0,0,-22.77589,4.913326,17.86484
167.4789,-22.69609,5.063888,17.97404,0,0,0,-22.77589,4.913326,17.86484
167.4881,-22.69802,5.064363,17.97366,0,0,0,-22.77589,4.913326,17.86484
167.4972,-22.69802,5.064363,17.97366,0,0,0,-22.77589,4.913326,17.86484
167.5068,-22.69802,5.064363,17.97366,0,0,0,-22.77589,4.913326,17.86484
167.5157,-22.69802,5.064363,17.97366,0,0,0,-22.77589,4.913326,17.86484
167.5234,-22.69707,5.064773,17.97154,0,0,0,-22.77589,4.913326,17.86484
167.5354,-22.69707,5.064773,17.97154,0,0,0,-22.77589,4.913326,17.86484
167.543,-22.69795,5.064588,17.97178,0,0,0,-22.77589,4.913326,17.86484
167.5552,-22.69795,5.064588,17.97178,0,0,0,-22.77589,4.913326,17.86484
167.564,-22.69728,5.06459,17.97146,0,0,0,-22.77589,4.913326,17.86484
167.5726,-22.69728,5.06459,17.97146,0,0,0,-22.77589,4.913326,17.86484
167.5826,-22.69728,5.06459,17.97146,0,0,0,-22.77589,4.913326,17.86484
167.5909,-22.69728,5.06459,17.97146,0,0,0,-22.77589,4.913326,17.86484
167.5986,-22.69728,5.06459,17.97146,0,0,0,-22.77589,4.913326,17.86484
167.606,-22.69744,5.06489,17.97107,0,0,0,-22.77589,4.913326,17.86484
167.6144,-22.69744,5.06489,17.97107,0,0,0,-22.77589,4.913326,17.86484
167.6218,-22.69744,5.06489,17.97107,0,0,0,-22.77589,4.913326,17.86484
167.6319,-22.69744,5.06489,17.97107,0,0,0,-22.77589,4.913326,17.86484
167.6423,-22.69804,5.065118,17.96952,0,0,0,-22.77589,4.913326,17.86484
167.6508,-22.69804,5.065118,17.96952,0,0,0,-22.77589,4.913326,17.86484
167.6582,-22.69804,5.065118,17.96952,0,0,0,-22.77589,4.913326,17.86484
167.6662,-22.69753,5.065418,17.96881,0,0,0,-22.77589,4.913326,17.86484
167.6747,-22.69753,5.065418,17.96881,0,0,0,-22.77589,4.913326,17.86484
167.6829,-22.69753,5.065418,17.96881,0,0,0,-22.77589,4.913326,17.86484
167.694,-22.69753,5.065418,17.96881,0,0,0,-22.77589,4.913326,17.86484
167.7027,-22.69547,5.065904,17.9675,0,0,0,-22.77589,4.913326,17.86484
167.7112,-22.69547,5.065904,17.9675,0,0,0,-22.77589,4.913326,17.86484
167.7186,-22.69547,5.065904,17.9675,0,0,0,-22.77589,4.913326,17.86484
167.7262,-22.69636,5.065719,17.96775,0,0,0,-22.77589,4.913326,17.86484
167.7358,-22.69636,5.065719,17.96775,0,0,0,-22.77589,4.913326,17.86484
167.7442,-22.6948,5.065904,17.96717,0,0,0,-22.77589,4.913326,17.86484
167.754,-22.6948,5.065904,17.96717,0,0,0,-22.77589,4.913326,17.86484
167.7638,-22.69569,5.065719,17.96742,0,0,0,-22.77589,4.913326,17.86484
167.7725,-22.69569,5.065719,17.96742,0,0,0,-22.77589,4.913326,17.86484
167.7798,-22.69569,5.065719,17.96742,0,0,0,-22.77589,4.913326,17.86484
167.7908,-22.69347,5.065904,17.96651,0,0,0,-22.77589,4.913326,17.86484
167.8017,-22.69281,5.065903,17.96618,0,0,0,-22.77589,4.913326,17.86484
167.8099,-22.69281,5.065903,17.96618,0,0,0,-22.77589,4.913326,17.86484
167.8173,-22.69281,5.065903,17.96618,0,0,0,-22.77589,4.913326,17.86484
167.8247,-22.69214,5.065904,17.96585,0,0,0,-22.77589,4.913326,17.86484
167.8339,-22.69214,5.065904,17.96585,0,0,0,-22.77589,4.913326,17.86484
167.8419,-22.69148,5.065904,17.96551,0,0,0,-22.77589,4.913326,17.86484
167.8508,-22.69148,5.065904,17.96551,0,0,0,-22.77589,4.913326,17.86484
167.8583,-22.69148,5.065904,17.96551,0,0,0,-22.77589,4.913326,17.86484
167.8657,-22.68933,5.065604,17.9649,0,0,0,-22.77589,4.913326,17.86484
167.8738,-22.68933,5.065604,17.9649,0,0,0,-22.77589,4.913326,17.86484
167.8819,-22.68823,5.065169,17.96367,0,0,0,-22.77589,4.913326,17.86484
167.8905,-22.68823,5.065169,17.96367,0,0,0,-22.77589,4.913326,17.86484
167.8992,-22.68823,5.065169,17.96367,0,0,0,-22.77589,4.913326,17.86484
167.9069,-22.68624,5.065169,17.96266,0,0,0,-22.77589,4.913326,17.86484
167.9165,-22.68624,5.065169,17.96266,0,0,0,-22.77589,4.913326,17.86484
167.9242,-22.68403,5.065356,17.96174,0,0,0,-22.77589,4.913326,17.86484
167.9331,-22.68403,5.065356,17.96174,0,0,0,-22.77589,4.913326,17.86484
167.9406,-22.68209,5.065127,17.9626,0,0,0,-22.77589,4.913326,17.86484
167.9495,-22.68209,5.065127,17.9626,0,0,0,-22.77589,4.913326,17.86484
167.958,-22.68209,5.065127,17.9626,0,0,0,-22.77589,4.913326,17.86484
167.9656,-22.68204,5.065355,17.96073,0,0,0,-22.77589,4.913326,17.86484
167.9751,-22.68204,5.065355,17.96073,0,0,0,-22.77589,4.913326,17.86484
167.9829,-22.67983,5.065545,17.9598,0,0,0,-22.77589,4.913326,17.86484
167.9922,-22.67983,5.065545,17.9598,0,0,0,-22.77589,4.913326,17.86484
168.0034,-22.67855,5.065316,17.961,0,0,0,-22.77589,4.913326,17.86484
168.0121,-22.67855,5.065316,17.961,0,0,0,-22.77589,4.913326,17.86484
168.02,-22.67855,5.065316,17.961,0,0,0,-22.77589,4.913326,17.86484
168.0272,-22.67917,5.065546,17.95947,0,0,0,-22.77589,4.913326,17.86484
168.0368,-22.67917,5.065546,17.95947,0,0,0,-22.77589,4.913326,17.86484
168.0461,-22.67855,5.065316,17.961,0,0,0,-22.77589,4.913326,17.86484
168.0565,-22.67855,5.065316,17.961,0,0,0,-22.77589,4.913326,17.86484
168.0686,-22.67701,5.065508,17.96041,0,0,0,-22.77589,4.913326,17.86484
168.0777,-22.67701,5.065508,17.96041,0,0,0,-22.77589,4.913326,17.86484
168.088,-22.67762,5.065736,17.95887,0,0,0,-22.77589,4.913326,17.86484
168.0972,-22.67762,5.065736,17.95887,0,0,0,-22.77589,4.913326,17.86484
168.106,-22.67701,5.065508,17.96041,0,0,0,-22.77589,4.913326,17.86484
168.118,-22.67701,5.065508,17.96041,0,0,0,-22.77589,4.913326,17.86484
168.1268,-22.67607,5.06593,17.95828,0,0,0,-22.77589,4.913326,17.86484
168.1379,-22.67607,5.06593,17.95828,0,0,0,-22.77589,4.913326,17.86484
168.1464,-22.67607,5.06593,17.95828,0,0,0,-22.77589,4.913326,17.86484
168.1602,-22.67631,5.065496,17.95771,0,0,0,-22.77589,4.913326,17.86484
168.1707,-22.67631,5.065496,17.95771,0,0,0,-22.77589,4.913326,17.86484
168.1799,-22.67631,5.065496,17.95771,0,0,0,-22.77589,4.913326,17.86484
168.1887,-22.67631,5.065496,17.95771,0,0,0,-22.77589,4.913326,17.86484
168.1979,-22.67631,5.065496,17.95771,0,0,0,-22.77589,4.913326,17.86484
168.2063,-22.67631,5.065496,17.95771,0,0,0,-22.77589,4.913326,17.86484
168.2163,-22.67631,5.065496,17.95771,0,0,0,-22.77589,4.913326,17.86484
168.2243,-22.67476,5.065692,17.95711,0,0,0,-22.77589,4.913326,17.86484
168.235,-22.67476,5.065692,17.95711,0,0,0,-22.77589,4.913326,17.86484
168.244,-22.67476,5.065692,17.95711,0,0,0,-22.77589,4.913326,17.86484
168.2558,-22.67476,5.065692,17.95711,0,0,0,-22.77589,4.913326,17.86484
168.2637,-22.67631,5.065496,17.95771,0,0,0,-22.77589,4.913326,17.86484
168.2731,-22.67631,5.065496,17.95771,0,0,0,-22.77589,4.913326,17.86484
168.2815,-22.67476,5.065692,17.95711,0,0,0,-22.77589,4.913326,17.86484
168.2904,-22.67476,5.065692,17.95711,0,0,0,-22.77589,4.913326,17.86484
168.299,-22.67476,5.065692,17.95711,0,0,0,-22.77589,4.913326,17.86484
168.3066,-22.67476,5.065692,17.95711,0,0,0,-22.77589,4.913326,17.86484
168.3163,-22.67476,5.065692,17.95711,0,0,0,-22.77589,4.913326,17.86484
168.325,-22.67542,5.065692,17.95746,0,0,0,-22.77589,4.913326,17.86484
168.3351,-22.67542,5.065692,17.95746,0,0,0,-22.77589,4.913326,17.86484
168.3431,-22.67542,5.065692,17.95746,0,0,0,-22.77589,4.913326,17.86484
168.3528,-22.67542,5.065692,17.95746,0,0,0,-22.77589,4.913326,17.86484
168.3605,-22.67542,5.065692,17.95746,0,0,0,-22.77589,4.913326,17.86484
168.3729,-22.67542,5.065692,17.95746,0,0,0,-22.77589,4.913326,17.86484
168.3813,-22.67542,5.065692,17.95746,0,0,0,-22.77589,4.913326,17.86484
168.3906,-22.67542,5.065692,17.95746,0,0,0,-22.77589,4.913326,17.86484
168.3983,-22.67542,5.065692,17.95746,0,0,0,-22.77589,4.913326,17.86484
168.4064,-22.67542,5.065692,17.95746,0,0,0,-22.77589,4.913326,17.86484
168.4156,-22.67542,5.065692,17.95746,0,0,0,-22.77589,4.913326,17.86484
168.4277,-22.67566,5.065259,17.95688,0,0,0,-22.77589,4.913326,17.86484
168.4378,-22.67566,5.065259,17.95688,0,0,0,-22.77589,4.913326,17.86484
168.4455,-22.67566,5.065259,17.95688,0,0,0,-22.77589,4.913326,17.86484
168.4548,-22.67566,5.065259,17.95688,0,0,0,-22.77589,4.913326,17.86484
168.4625,-22.67411,5.065456,17.95629,0,0,0,-22.77589,4.913326,17.86484
168.4724,-22.67411,5.065456,17.95629,0,0,0,-22.77589,4.913326,17.86484
168.4803,-22.67504,5.065027,17.95842,0,0,0,-22.77589,4.913326,17.86484
168.489,-22.67504,5.065027,17.95842,0,0,0,-22.77589,4.913326,17.86484
168.4972,-22.67504,5.065027,17.95842,0,0,0,-22.77589,4.913326,17.86484
168.5057,-22.67443,5.064799,17.95995,0,0,0,-22.77589,4.913326,17.86484
168.5154,-22.67443,5.064799,17.95995,0,0,0,-22.77589,4.913326,17.86484
168.5229,-22.67504,5.065027,17.95842,0,0,0,-22.77589,4.913326,17.86484
168.5324,-22.67504,5.065027,17.95842,0,0,0,-22.77589,4.913326,17.86484
168.5434,-22.67443,5.064799,17.95995,0,0,0,-22.77589,4.913326,17.86484
168.5521,-22.67443,5.064799,17.95995,0,0,0,-22.77589,4.913326,17.86484
168.5599,-22.67443,5.064799,17.95995,0,0,0,-22.77589,4.913326,17.86484
168.5703,-22.67443,5.064799,17.95995,0,0,0,-22.77589,4.913326,17.86484
168.5795,-22.67443,5.064799,17.95995,0,0,0,-22.77589,4.913326,17.86484
168.5885,-22.67443,5.064799,17.95995,0,0,0,-22.77589,4.913326,17.86484
168.5975,-22.67443,5.064799,17.95995,0,0,0,-22.77589,4.913326,17.86484
168.6055,-22.67288,5.064997,17.95936,0,0,0,-22.77589,4.913326,17.86484
168.6151,-22.67288,5.064997,17.95936,0,0,0,-22.77589,4.913326,17.86484
168.6229,-22.67443,5.064799,17.95995,0,0,0,-22.77589,4.913326,17.86484
168.6322,-22.67443,5.064799,17.95995,0,0,0,-22.77589,4.913326,17.86484
168.64,-22.67443,5.064799,17.95995,0,0,0,-22.77589,4.913326,17.86484
168.6499,-22.67443,5.064799,17.95995,0,0,0,-22.77589,4.913326,17.86484
168.6578,-22.67443,5.064799,17.95995,0,0,0,-22.77589,4.913326,17.86484
168.6665,-22.67227,5.064771,17.9609,0,0,0,-22.77589,4.913326,17.86484
168.6751,-22.67227,5.064771,17.9609,0,0,0,-22.77589,4.913326,17.86484
168.6829,-22.67227,5.064771,17.9609,0,0,0,-22.77589,4.913326,17.86484
168.6931,-22.67227,5.064771,17.9609,0,0,0,-22.77589,4.913326,17.86484
168.7018,-22.67288,5.064997,17.95936,0,0,0,-22.77589,4.913326,17.86484
168.7111,-22.67288,5.064997,17.95936,0,0,0,-22.77589,4.913326,17.86484
168.7187,-22.67288,5.064997,17.95936,0,0,0,-22.77589,4.913326,17.86484
168.7274,-22.67381,5.064573,17.96149,0,0,0,-22.77589,4.913326,17.86484
168.7365,-22.67381,5.064573,17.96149,0,0,0,-22.77589,4.913326,17.86484
168.746,-22.67227,5.06477,17.9609,0,0,0,-22.77589,4.913326,17.86484
168.7549,-22.67227,5.06477,17.9609,0,0,0,-22.77589,4.913326,17.86484
168.7626,-22.67227,5.064771,17.9609,0,0,0,-22.77589,4.913326,17.86484
168.7739,-22.67227,5.064771,17.9609,0,0,0,-22.77589,4.913326,17.86484
168.782,-22.67381,5.064573,17.96149,0,0,0,-22.77589,4.913326,17.86484
168.7911,-22.67381,5.064573,17.96149,0,0,0,-22.77589,4.913326,17.86484
168.7991,-22.67381,5.064573,17.96149,0,0,0,-22.77589,4.913326,17.86484
168.807,-22.67165,5.064546,17.96243,0,0,0,-22.77589,4.913326,17.86484
168.8169,-22.67165,5.064546,17.96243,0,0,0,-22.77589,4.913326,17.86484
168.8258,-22.67165,5.064547,17.96243,0,0,0,-22.77589,4.913326,17.86484
168.835,-22.67165,5.064547,17.96243,0,0,0,-22.77589,4.913326,17.86484
168.8428,-22.67258,5.064127,17.96456,0,0,0,-22.77589,4.913326,17.86484
168.8516,-22.67258,5.064127,17.96456,0,0,0,-22.77589,4.913326,17.86484
168.8592,-22.67258,5.064127,17.96456,0,0,0,-22.77589,4.913326,17.86484
168.8667,-22.67104,5.064324,17.96397,0,0,0,-22.77589,4.913326,17.86484
168.8759,-22.67104,5.064324,17.96397,0,0,0,-22.77589,4.913326,17.86484
168.8855,-22.6717,5.064324,17.96431,0,0,0,-22.77589,4.913326,17.86484
168.8959,-22.6717,5.064324,17.96431,0,0,0,-22.77589,4.913326,17.86484
168.9039,-22.6717,5.064324,17.96431,0,0,0,-22.77589,4.913326,17.86484
168.914,-22.6717,5.064324,17.96431,0,0,0,-22.77589,4.913326,17.86484
168.9214,-22.67109,5.064104,17.96585,0,0,0,-22.77589,4.913326,17.86484
168.9303,-22.67109,5.064104,17.96585,0,0,0,-22.77589,4.913326,17.86484
168.9381,-22.67109,5.064104,17.96585,0,0,0,-22.77589,4.913326,17.86484
168.9487,-22.67109,5.064104,17.96585,0,0,0,-22.77589,4.913326,17.86484
168.9608,-22.66954,5.064304,17.96526,0,0,0,-22.77589,4.913326,17.86484
168.9702,-22.66954,5.064304,17.96526,0,0,0,-22.77589,4.913326,17.86484
168.9783,-22.66954,5.064304,17.96526,0,0,0,-22.77589,4.913326,17.86484
168.9862,-22.67109,5.064104,17.96585,0,0,0,-22.77589,4.913326,17.86484
168.9964,-22.67109,5.064104,17.96585,0,0,0,-22.77589,4.913326,17.86484
169.0067,-22.66954,5.064304,17.96526,0,0,0,-22.77589,4.913326,17.86484
169.0164,-22.66954,5.064304,17.96526,0,0,0,-22.77589,4.913326,17.86484
169.0247,-22.67015,5.064524,17.96372,0,0,0,-22.77589,4.913326,17.86484
169.0371,-22.67015,5.064524,17.96372,0,0,0,-22.77589,4.913326,17.86484
169.0498,-22.66954,5.064304,17.96526,0,0,0,-22.77589,4.913326,17.86484
169.0602,-22.67015,5.064524,17.96372,0,0,0,-22.77589,4.913326,17.86484
169.0723,-22.67015,5.064524,17.96372,0,0,0,-22.77589,4.913326,17.86484
169.0851,-22.67015,5.064524,17.96372,0,0,0,-22.77589,4.913326,17.86484
169.0952,-22.67015,5.064524,17.96372,0,0,0,-22.77589,4.913326,17.86484
169.1036,-22.66954,5.064304,17.96526,0,0,0,-22.77589,4.913326,17.86484
169.1145,-22.66954,5.064304,17.96526,0,0,0,-22.77589,4.913326,17.86484
169.123,-22.67015,5.064524,17.96372,0,0,0,-22.77589,4.913326,17.86484
169.1326,-22.67015,5.064524,17.96372,0,0,0,-22.77589,4.913326,17.86484
169.1439,-22.67015,5.064524,17.96372,0,0,0,-22.77589,4.913326,17.86484
169.1528,-22.67015,5.064524,17.96372,0,0,0,-22.77589,4.913326,17.86484
169.1608,-22.66954,5.064304,17.96526,0,0,0,-22.77589,4.913326,17.86484
169.1696,-22.66954,5.064304,17.96526,0,0,0,-22.77589,4.913326,17.86484
169.1776,-22.66954,5.064304,17.96526,0,0,0,-22.77589,4.913326,17.86484
169.1858,-22.66954,5.064304,17.96526,0,0,0,-22.77589,4.913326,17.86484
169.1992,-22.66954,5.064304,17.96526,0,0,0,-22.77589,4.913326,17.86484
169.2078,-22.6717,5.064324,17.96431,0,0,0,-22.77589,4.913326,17.86484
169.217,-22.6717,5.064324,17.96431,0,0,0,-22.77589,4.913326,17.86484
169.2253,-22.67015,5.064524,17.96372,0,0,0,-22.77589,4.913326,17.86484
169.2351,-22.67015,5.064524,17.96372,0,0,0,-22.77589,4.913326,17.86484
169.2431,-22.67109,5.064104,17.96585,0,0,0,-22.77589,4.913326,17.86484
169.2532,-22.67109,5.064104,17.96585,0,0,0,-22.77589,4.913326,17.86484
169.2664,-22.66978,5.063866,17.96468,0,0,0,-22.77589,4.913326,17.86484
169.2756,-22.66978,5.063866,17.96468,0,0,0,-22.77589,4.913326,17.86484
169.2846,-22.66978,5.063866,17.96468,0,0,0,-22.77589,4.913326,17.86484
169.2948,-22.66978,5.063866,17.96468,0,0,0,-22.77589,4.913326,17.86484
169.3051,-22.67039,5.064086,17.96315,0,0,0,-22.77589,4.913326,17.86484
169.3148,-22.67039,5.064086,17.96315,0,0,0,-22.77589,4.913326,17.86484
169.325,-22.67039,5.064085,17.96315,0,0,0,-22.77589,4.913326,17.86484
169.3352,-22.67039,5.064085,17.96315,0,0,0,-22.77589,4.913326,17.86484
169.3475,-22.671,5.064309,17.96161,0,0,0,-22.77589,4.913326,17.86484
169.3573,-22.671,5.064309,17.96161,0,0,0,-22.77589,4.913326,17.86484
169.3685,-22.671,5.064308,17.96161,0,0,0,-22.77589,4.913326,17.86484
169.3798,-22.671,5.064308,17.96161,0,0,0,-22.77589,4.913326,17.86484
169.3878,-22.66945,5.064511,17.96102,0,0,0,-22.77589,4.913326,17.86484
169.3968,-22.66945,5.064511,17.96102,0,0,0,-22.77589,4.913326,17.86484
169.4055,-22.67124,5.063873,17.96103,0,0,0,-22.77589,4.913326,17.86484
169.4147,-22.67124,5.063873,17.96103,0,0,0,-22.77589,4.913326,17.86484
169.4225,-22.66969,5.064075,17.96045,0,0,0,-22.77589,4.913326,17.86484
169.4313,-22.66969,5.064075,17.96045,0,0,0,-22.77589,4.913326,17.86484
169.4387,-22.66969,5.064075,17.96045,0,0,0,-22.77589,4.913326,17.86484
169.4469,-22.67035,5.064075,17.96079,0,0,0,-22.77589,4.913326,17.86484
169.4558,-22.67035,5.064075,17.96079,0,0,0,-22.77589,4.913326,17.86484
169.4666,-22.67035,5.064075,17.96079,0,0,0,-22.77589,4.913326,17.86484
169.4758,-22.67035,5.064075,17.96079,0,0,0,-22.77589,4.913326,17.86484
169.4868,-22.6688,5.064279,17.9602,0,0,0,-22.77589,4.913326,17.86484
169.496,-22.6688,5.064279,17.9602,0,0,0,-22.77589,4.913326,17.86484
169.5041,-22.66947,5.064279,17.96055,0,0,0,-22.77589,4.913326,17.86484
169.5135,-22.66947,5.064279,17.96055,0,0,0,-22.77589,4.913326,17.86484
169.5216,-22.66886,5.064055,17.96208,0,0,0,-22.77589,4.913326,17.86484
169.5311,-22.66886,5.064055,17.96208,0,0,0,-22.77589,4.913326,17.86484
169.5431,-22.66947,5.064279,17.96055,0,0,0,-22.77589,4.913326,17.86484
169.5543,-22.66947,5.064279,17.96055,0,0,0,-22.77589,4.913326,17.86484
169.5633,-22.66947,5.064279,17.96055,0,0,0,-22.77589,4.913326,17.86484
169.5732,-22.66947,5.064279,17.96055,0,0,0,-22.77589,4.913326,17.86484
169.5824,-22.67125,5.063639,17.96056,0,0,0,-22.77589,4.913326,17.86484
169.5917,-22.67125,5.063639,17.96056,0,0,0,-22.77589,4.913326,17.86484
169.6004,-22.6697,5.063843,17.95997,0,0,0,-22.77589,4.913326,17.86484
169.6101,-22.6697,5.063843,17.95997,0,0,0,-22.77589,4.913326,17.86484
169.6198,-22.6697,5.063843,17.95997,0,0,0,-22.77589,4.913326,17.86484
169.6286,-22.67125,5.063639,17.96056,0,0,0,-22.77589,4.913326,17.86484
169.6381,-22.67125,5.063639,17.96056,0,0,0,-22.77589,4.913326,17.86484
169.6469,-22.66932,5.063182,17.96093,0,0,0,-22.77589,4.913326,17.86484
169.6562,-22.66932,5.063182,17.96093,0,0,0,-22.77589,4.913326,17.86484
169.6648,-22.66932,5.063181,17.96093,0,0,0,-22.77589,4.913326,17.86484
169.6744,-22.66932,5.063181,17.96093,0,0,0,-22.77589,4.913326,17.86484
169.6828,-22.66994,5.063407,17.9594,0,0,0,-22.77589,4.913326,17.86484
169.6927,-22.66994,5.063407,17.9594,0,0,0,-22.77589,4.913326,17.86484
169.7008,-22.66932,5.063182,17.96093,0,0,0,-22.77589,4.913326,17.86484
169.7099,-22.66932,5.063182,17.96093,0,0,0,-22.77589,4.913326,17.86484
169.7181,-22.66932,5.063182,17.96093,0,0,0,-22.77589,4.913326,17.86484
169.7261,-22.66932,5.063181,17.96093,0,0,0,-22.77589,4.913326,17.86484
169.7353,-22.66932,5.063181,17.96093,0,0,0,-22.77589,4.913326,17.86484
169.7435,-22.66932,5.063181,17.96093,0,0,0,-22.77589,4.913326,17.86484
169.7526,-22.66932,5.063181,17.96093,0,0,0,-22.77589,4.913326,17.86484
169.7606,-22.66932,5.063181,17.96093,0,0,0,-22.77589,4.913326,17.86484
169.7699,-22.66932,5.063181,17.96093,0,0,0,-22.77589,4.913326,17.86484
169.78,-22.66956,5.062746,17.96036,0,0,0,-22.77589,4.913326,17.86484
169.7891,-22.66956,5.062746,17.96036,0,0,0,-22.77589,4.913326,17.86484
169.7979,-22.66956,5.062746,17.96036,0,0,0,-22.77589,4.913326,17.86484
169.8117,-22.6674,5.062727,17.96131,0,0,0,-22.77589,4.913326,17.86484
169.8212,-22.66646,5.063159,17.95919,0,0,0,-22.77589,4.913326,17.86484
169.8302,-22.66646,5.063159,17.95919,0,0,0,-22.77589,4.913326,17.86484
169.8382,-22.66646,5.063159,17.95919,0,0,0,-22.77589,4.913326,17.86484
169.8464,-22.66646,5.063159,17.95919,0,0,0,-22.77589,4.913326,17.86484
169.8554,-22.66646,5.063159,17.95919,0,0,0,-22.77589,4.913326,17.86484
169.8638,-22.66669,5.062723,17.95861,0,0,0,-22.77589,4.913326,17.86484
169.8726,-22.66669,5.062723,17.95861,0,0,0,-22.77589,4.913326,17.86484
169.8812,-22.66669,5.062723,17.95861,0,0,0,-22.77589,4.913326,17.86484
169.89,-22.66669,5.062723,17.95861,0,0,0,-22.77589,4.913326,17.86484
169.8991,-22.66669,5.062723,17.95861,0,0,0,-22.77589,4.913326,17.86484
169.9067,-22.66515,5.062934,17.95803,0,0,0,-22.77589,4.913326,17.86484
169.918,-22.66515,5.062934,17.95803,0,0,0,-22.77589,4.913326,17.86484
169.9263,-22.66515,5.062934,17.95803,0,0,0,-22.77589,4.913326,17.86484
169.9352,-22.66515,5.062934,17.95803,0,0,0,-22.77589,4.913326,17.86484
169.9458,-22.66515,5.062934,17.95803,0,0,0,-22.77589,4.913326,17.86484
169.9567,-22.66515,5.062934,17.95803,0,0,0,-22.77589,4.913326,17.86484
169.966,-22.66454,5.06271,17.95956,0,0,0,-22.77589,4.913326,17.86484
169.9752,-22.66454,5.06271,17.95956,0,0,0,-22.77589,4.913326,17.86484
169.9837,-22.66454,5.06271,17.95956,0,0,0,-22.77589,4.913326,17.86484
169.9933,-22.66454,5.06271,17.95956,0,0,0,-22.77589,4.913326,17.86484
170.0012,-22.66454,5.06271,17.95956,0,0,0,-22.77589,4.913326,17.86484
170.0134,-22.66454,5.06271,17.95956,0,0,0,-22.77589,4.913326,17.86484
170.0243,-22.66454,5.06271,17.95956,0,0,0,-22.77589,4.913326,17.86484
170.034,-22.66454,5.06271,17.95956,0,0,0,-22.77589,4.913326,17.86484
170.0434,-22.66393,5.062488,17.9611,0,0,0,-22.77589,4.913326,17.86484
170.0543,-22.66393,5.062488,17.9611,0,0,0,-22.77589,4.913326,17.86484
170.0635,-22.66393,5.062488,17.96111,0,0,0,-22.77589,4.913326,17.86484
170.078,-22.66393,5.062488,17.96111,0,0,0,-22.77589,4.913326,17.86484
170.0913,-22.66393,5.062488,17.9611,0,0,0,-22.77589,4.913326,17.86484
170.1007,-22.66393,5.062488,17.9611,0,0,0,-22.77589,4.913326,17.86484
170.11,-22.66393,5.062488,17.9611,0,0,0,-22.77589,4.913326,17.86484
170.118,-22.66393,5.062488,17.9611,0,0,0,-22.77589,4.913326,17.86484
170.1256,-22.66393,5.062488,17.9611,0,0,0,-22.77589,4.913326,17.86484
170.1344,-22.66393,5.062488,17.9611,0,0,0,-22.77589,4.913326,17.86484
170.1426,-22.66393,5.062488,17.9611,0,0,0,-22.77589,4.913326,17.86484
170.1519,-22.66393,5.062488,17.9611,0,0,0,-22.77589,4.913326,17.86484
170.1596,-22.66393,5.062488,17.9611,0,0,0,-22.77589,4.913326,17.86484
170.1675,-22.66393,5.062488,17.9611,0,0,0,-22.77589,4.913326,17.86484
170.1771,-22.66393,5.062488,17.9611,0,0,0,-22.77589,4.913326,17.86484
170.1853,-22.66547,5.062278,17.96169,0,0,0,-22.77589,4.913326,17.86484
170.1946,-22.66547,5.062278,17.96169,0,0,0,-22.77589,4.913326,17.86484
170.2026,-22.66393,5.062488,17.9611,0,0,0,-22.77589,4.913326,17.86484
170.2148,-22.66393,5.062488,17.9611,0,0,0,-22.77589,4.913326,17.86484
170.2229,-22.66454,5.06271,17.95956,0,0,0,-22.77589,4.913326,17.86484
170.2321,-22.66454,5.06271,17.95956,0,0,0,-22.77589,4.913326,17.86484
170.2411,-22.66393,5.062488,17.9611,0,0,0,-22.77589,4.913326,17.86484
170.2503,-22.66393,5.062488,17.9611,0,0,0,-22.77589,4.913326,17.86484
170.2587,-22.66393,5.062488,17.9611,0,0,0,-22.77589,4.913326,17.86484
170.2667,-22.66393,5.062488,17.9611,0,0,0,-22.77589,4.913326,17.86484
170.2753,-22.66393,5.062488,17.9611,0,0,0,-22.77589,4.913326,17.86484
170.2829,-22.66393,5.062488,17.96111,0,0,0,-22.77589,4.913326,17.86484
170.2928,-22.66393,5.062488,17.96111,0,0,0,-22.77589,4.913326,17.86484
170.3017,-22.6657,5.061841,17.96111,0,0,0,-22.77589,4.913326,17.86484
170.3114,-22.6657,5.061841,17.96111,0,0,0,-22.77589,4.913326,17.86484
170.3191,-22.6657,5.061841,17.96111,0,0,0,-22.77589,4.913326,17.86484
170.3271,-22.6657,5.061841,17.96111,0,0,0,-22.77589,4.913326,17.86484
170.3365,-22.6657,5.061841,17.96111,0,0,0,-22.77589,4.913326,17.86484
170.3451,-22.66477,5.062274,17.95899,0,0,0,-22.77589,4.913326,17.86484
170.354,-22.66477,5.062274,17.95899,0,0,0,-22.77589,4.913326,17.86484
170.3645,-22.66416,5.062051,17.96053,0,0,0,-22.77589,4.913326,17.86484
170.375,-22.66416,5.062051,17.96053,0,0,0,-22.77589,4.913326,17.86484
170.3827,-22.66416,5.062051,17.96053,0,0,0,-22.77589,4.913326,17.86484
170.3918,-22.66416,5.062051,17.96053,0,0,0,-22.77589,4.913326,17.86484
170.3994,-22.66416,5.062051,17.96053,0,0,0,-22.77589,4.913326,17.86484
170.4081,-22.66416,5.062051,17.96053,0,0,0,-22.77589,4.913326,17.86484
170.4168,-22.66416,5.062051,17.96053,0,0,0,-22.77589,4.913326,17.86484
170.4252,-22.6657,5.061841,17.96111,0,0,0,-22.77589,4.913326,17.86484
170.434,-22.6657,5.061841,17.96111,0,0,0,-22.77589,4.913326,17.86484
170.4423,-22.6657,5.061841,17.96111,0,0,0,-22.77589,4.913326,17.86484
170.4517,-22.6657,5.061841,17.96111,0,0,0,-22.77589,4.913326,17.86484
170.4597,-22.6657,5.061841,17.96111,0,0,0,-22.77589,4.913326,17.86484
170.4683,-22.66477,5.062274,17.95899,0,0,0,-22.77589,4.913326,17.86484
170.4781,-22.66477,5.062274,17.95899,0,0,0,-22.77589,4.913326,17.86484
170.4913,-22.66416,5.062051,17.96053,0,0,0,-22.77589,4.913326,17.86484
170.5033,-22.66594,5.061405,17.96054,0,0,0,-22.77589,4.913326,17.86484
170.5162,-22.66594,5.061405,17.96054,0,0,0,-22.77589,4.913326,17.86484
170.5245,-22.66439,5.061615,17.95996,0,0,0,-22.77589,4.913326,17.86484
170.5373,-22.66439,5.061615,17.95996,0,0,0,-22.77589,4.913326,17.86484
170.5467,-22.665,5.061838,17.95842,0,0,0,-22.77589,4.913326,17.86484
170.5576,-22.665,5.061838,17.95842,0,0,0,-22.77589,4.913326,17.86484
170.567,-22.66439,5.061615,17.95996,0,0,0,-22.77589,4.913326,17.86484
170.577,-22.66439,5.061615,17.95996,0,0,0,-22.77589,4.913326,17.86484
170.5857,-22.66594,5.061404,17.96054,0,0,0,-22.77589,4.913326,17.86484
170.5977,-22.66594,5.061404,17.96054,0,0,0,-22.77589,4.913326,17.86484
170.6068,-22.66594,5.061405,17.96054,0,0,0,-22.77589,4.913326,17.86484
170.6167,-22.66594,5.061405,17.96054,0,0,0,-22.77589,4.913326,17.86484
170.6247,-22.66439,5.061615,17.95996,0,0,0,-22.77589,4.913326,17.86484
170.6341,-22.66439,5.061615,17.95996,0,0,0,-22.77589,4.913326,17.86484
170.6433,-22.66439,5.061615,17.95996,0,0,0,-22.77589,4.913326,17.86484
170.6525,-22.66439,5.061615,17.95996,0,0,0,-22.77589,4.913326,17.86484
170.6604,-22.665,5.061838,17.95842,0,0,0,-22.77589,4.913326,17.86484
170.6697,-22.665,5.061838,17.95842,0,0,0,-22.77589,4.913326,17.86484
170.6774,-22.665,5.061838,17.95842,0,0,0,-22.77589,4.913326,17.86484
170.6858,-22.66439,5.061615,17.95996,0,0,0,-22.77589,4.913326,17.86484
170.695,-22.66439,5.061615,17.95996,0,0,0,-22.77589,4.913326,17.86484
170.7047,-22.665,5.061838,17.95842,0,0,0,-22.77589,4.913326,17.86484
170.7144,-22.665,5.061838,17.95842,0,0,0,-22.77589,4.913326,17.86484
170.7222,-22.66655,5.061627,17.959,0,0,0,-22.77589,4.913326,17.86484
170.7312,-22.66655,5.061627,17.959,0,0,0,-22.77589,4.913326,17.86484
170.7392,-22.66655,5.061627,17.959,0,0,0,-22.77589,4.913326,17.86484
170.747,-22.66655,5.061627,17.959,0,0,0,-22.77589,4.913326,17.86484
170.7598,-22.66655,5.061627,17.959,0,0,0,-22.77589,4.913326,17.86484
170.7675,-22.665,5.061838,17.95842,0,0,0,-22.77589,4.913326,17.86484
170.7793,-22.665,5.061838,17.95842,0,0,0,-22.77589,4.913326,17.86484
170.7869,-22.665,5.061838,17.95842,0,0,0,-22.77589,4.913326,17.86484
170.7958,-22.665,5.061838,17.95842,0,0,0,-22.77589,4.913326,17.86484
170.8034,-22.665,5.061838,17.95842,0,0,0,-22.77589,4.913326,17.86484
170.8118,-22.665,5.061838,17.95842,0,0,0,-22.77589,4.913326,17.86484
170.8202,-22.665,5.061838,17.95842,0,0,0,-22.77589,4.913326,17.86484
170.8305,-22.665,5.061838,17.95842,0,0,0,-22.77589,4.913326,17.86484
170.8382,-22.665,5.061838,17.95842,0,0,0,-22.77589,4.913326,17.86484
170.846,-22.665,5.061838,17.95842,0,0,0,-22.77589,4.913326,17.86484
170.8552,-22.665,5.061838,17.95842,0,0,0,-22.77589,4.913326,17.86484
170.864,-22.665,5.061838,17.95842,0,0,0,-22.77589,4.913326,17.86484
170.8736,-22.665,5.061838,17.95842,0,0,0,-22.77589,4.913326,17.86484
170.8817,-22.665,5.061838,17.95842,0,0,0,-22.77589,4.913326,17.86484
170.8933,-22.665,5.061838,17.95842,0,0,0,-22.77589,4.913326,17.86484
170.9031,-22.66655,5.061628,17.959,0,0,0,-22.77589,4.913326,17.86484
170.912,-22.66655,5.061628,17.959,0,0,0,-22.77589,4.913326,17.86484
170.9198,-22.66655,5.061628,17.959,0,0,0,-22.77589,4.913326,17.86484
170.9274,-22.66562,5.062063,17.95688,0,0,0,-22.77589,4.913326,17.86484
170.9364,-22.66562,5.062063,17.95688,0,0,0,-22.77589,4.913326,17.86484
170.944,-22.665,5.061838,17.95842,0,0,0,-22.77589,4.913326,17.86484
170.9531,-22.665,5.061838,17.95842,0,0,0,-22.77589,4.913326,17.86484
170.9605,-22.665,5.061838,17.95842,0,0,0,-22.77589,4.913326,17.86484
170.9693,-22.665,5.061838,17.95842,0,0,0,-22.77589,4.913326,17.86484
170.9774,-22.665,5.061838,17.95842,0,0,0,-22.77589,4.913326,17.86484
170.9848,-22.66589,5.061628,17.95866,0,0,0,-22.77589,4.913326,17.86484
170.9939,-22.66589,5.061628,17.95866,0,0,0,-22.77589,4.913326,17.86484
171.0015,-22.66495,5.062063,17.95654,0,0,0,-22.77589,4.913326,17.86484
171.0106,-22.66495,5.062063,17.95654,0,0,0,-22.77589,4.913326,17.86484
171.0208,-22.66589,5.061628,17.95866,0,0,0,-22.77589,4.913326,17.86484
171.0308,-22.66589,5.061628,17.95866,0,0,0,-22.77589,4.913326,17.86484
171.039,-22.66589,5.061628,17.95866,0,0,0,-22.77589,4.913326,17.86484
171.0495,-22.66589,5.061628,17.95866,0,0,0,-22.77589,4.913326,17.86484
171.0606,-22.66495,5.062063,17.95654,0,0,0,-22.77589,4.913326,17.86484
171.0721,-22.66495,5.062063,17.95654,0,0,0,-22.77589,4.913326,17.86484
171.0817,-22.66495,5.062063,17.95654,0,0,0,-22.77589,4.913326,17.86484
171.0914,-22.66495,5.062063,17.95654,0,0,0,-22.77589,4.913326,17.86484
171.101,-22.6665,5.061853,17.95712,0,0,0,-22.77589,4.913326,17.86484
171.1119,-22.6665,5.061853,17.95712,0,0,0,-22.77589,4.913326,17.86484
171.1216,-22.66495,5.062063,17.95654,0,0,0,-22.77589,4.913326,17.86484
171.136,-22.66495,5.062063,17.95654,0,0,0,-22.77589,4.913326,17.86484
171.1443,-22.6665,5.061853,17.95712,0,0,0,-22.77589,4.913326,17.86484
171.1564,-22.6665,5.061853,17.95712,0,0,0,-22.77589,4.913326,17.86484
171.1673,-22.66495,5.062063,17.95654,0,0,0,-22.77589,4.913326,17.86484
171.179,-22.66495,5.062063,17.95654,0,0,0,-22.77589,4.913326,17.86484
171.1869,-22.6665,5.061853,17.95712,0,0,0,-22.77589,4.913326,17.86484
171.1989,-22.6665,5.061853,17.95712,0,0,0,-22.77589,4.913326,17.86484
171.208,-22.6665,5.061853,17.95712,0,0,0,-22.77589,4.913326,17.86484
171.2186,-22.6665,5.061853,17.95712,0,0,0,-22.77589,4.913326,17.86484
171.2283,-22.66495,5.062063,17.95654,0,0,0,-22.77589,4.913326,17.86484
171.2388,-22.66495,5.062063,17.95654,0,0,0,-22.77589,4.913326,17.86484
171.2489,-22.66495,5.062063,17.95654,0,0,0,-22.77589,4.913326,17.86484
171.2582,-22.66495,5.062063,17.95654,0,0,0,-22.77589,4.913326,17.86484
171.267,-22.66495,5.062063,17.95654,0,0,0,-22.77589,4.913326,17.86484
171.276,-22.66495,5.062063,17.95654,0,0,0,-22.77589,4.913326,17.86484
171.2838,-22.66495,5.062063,17.95654,0,0,0,-22.77589,4.913326,17.86484
171.2932,-22.66495,5.062063,17.95654,0,0,0,-22.77589,4.913326,17.86484
171.3036,-22.6665,5.061853,17.95712,0,0,0,-22.77589,4.913326,17.86484
171.3131,-22.6665,5.061853,17.95712,0,0,0,-22.77589,4.913326,17.86484
171.3216,-22.66495,5.062063,17.95654,0,0,0,-22.77589,4.913326,17.86484
171.3315,-22.66495,5.062063,17.95654,0,0,0,-22.77589,4.913326,17.86484
171.3392,-22.66495,5.062063,17.95654,0,0,0,-22.77589,4.913326,17.86484
171.3479,-22.6665,5.061853,17.95712,0,0,0,-22.77589,4.913326,17.86484
171.3575,-22.6665,5.061853,17.95712,0,0,0,-22.77589,4.913326,17.86484
171.3682,-22.66495,5.062063,17.95654,0,0,0,-22.77589,4.913326,17.86484
171.3785,-22.66495,5.062063,17.95654,0,0,0,-22.77589,4.913326,17.86484
171.3883,-22.66495,5.062063,17.95654,0,0,0,-22.77589,4.913326,17.86484
171.3981,-22.66495,5.062063,17.95654,0,0,0,-22.77589,4.913326,17.86484
171.4057,-22.66495,5.062063,17.95654,0,0,0,-22.77589,4.913326,17.86484
171.4153,-22.66495,5.062063,17.95654,0,0,0,-22.77589,4.913326,17.86484
171.4233,-22.66557,5.062291,17.955,0,0,0,-22.77589,4.913326,17.86484
171.4325,-22.66557,5.062291,17.955,0,0,0,-22.77589,4.913326,17.86484
171.4408,-22.66557,5.062291,17.955,0,0,0,-22.77589,4.913326,17.86484
171.4501,-22.66557,5.062291,17.955,0,0,0,-22.77589,4.913326,17.86484
171.458,-22.66557,5.062291,17.955,0,0,0,-22.77589,4.913326,17.86484
171.4675,-22.66495,5.062063,17.95654,0,0,0,-22.77589,4.913326,17.86484
171.4769,-22.66495,5.062063,17.95654,0,0,0,-22.77589,4.913326,17.86484
171.4878,-22.66495,5.062063,17.95654,0,0,0,-22.77589,4.913326,17.86484
171.4967,-22.66495,5.062063,17.95654,0,0,0,-22.77589,4.913326,17.86484
171.5043,-22.66557,5.062291,17.955,0,0,0,-22.77589,4.913326,17.86484
171.5148,-22.66557,5.062291,17.955,0,0,0,-22.77589,4.913326,17.86484
171.5238,-22.6658,5.061856,17.95443,0,0,0,-22.77589,4.913326,17.86484
171.5355,-22.6658,5.061856,17.95443,0,0,0,-22.77589,4.913326,17.86484
171.5433,-22.66519,5.061628,17.95596,0,0,0,-22.77589,4.913326,17.86484
171.5524,-22.66519,5.061628,17.95596,0,0,0,-22.77589,4.913326,17.86484
171.5603,-22.66519,5.061628,17.95596,0,0,0,-22.77589,4.913326,17.86484
171.5707,-22.66519,5.061628,17.95596,0,0,0,-22.77589,4.913326,17.86484
171.5789,-22.66519,5.061628,17.95596,0,0,0,-22.77589,4.913326,17.86484
171.5895,-22.66519,5.061628,17.95596,0,0,0,-22.77589,4.913326,17.86484
171.5986,-22.66519,5.061628,17.95596,0,0,0,-22.77589,4.913326,17.86484
171.606,-22.66519,5.061628,17.95596,0,0,0,-22.77589,4.913326,17.86484
171.615,-22.66519,5.061628,17.95596,0,0,0,-22.77589,4.913326,17.86484
171.6226,-22.66646,5.061857,17.95477,0,0,0,-22.77589,4.913326,17.86484
171.6321,-22.66646,5.061857,17.95477,0,0,0,-22.77589,4.913326,17.86484
171.6399,-22.66646,5.061857,17.95477,0,0,0,-22.77589,4.913326,17.86484
171.6479,-22.66646,5.061857,17.95477,0,0,0,-22.77589,4.913326,17.86484
171.6568,-22.66646,5.061857,17.95477,0,0,0,-22.77589,4.913326,17.86484
171.6651,-22.66646,5.061857,17.95477,0,0,0,-22.77589,4.913326,17.86484
171.6762,-22.66646,5.061857,17.95477,0,0,0,-22.77589,4.913326,17.86484
171.6855,-22.66646,5.061857,17.95477,0,0,0,-22.77589,4.913326,17.86484
171.6968,-22.66646,5.061857,17.95477,0,0,0,-22.77589,4.913326,17.86484
171.7048,-22.66646,5.061857,17.95477,0,0,0,-22.77589,4.913326,17.86484
171.7141,-22.66646,5.061857,17.95477,0,0,0,-22.77589,4.913326,17.86484
171.724,-22.66537,5.061997,17.95304,0,0,0,-22.77589,4.913326,17.86484
171.7384,-22.66537,5.061997,17.95304,0,0,0,-22.77589,4.913326,17.86484
171.7473,-22.66537,5.061997,17.95304,0,0,0,-22.77589,4.913326,17.86484
171.7577,-22.66537,5.061997,17.95304,0,0,0,-22.77589,4.913326,17.86484
171.7698,-22.66475,5.061768,17.95457,0,0,0,-22.77589,4.913326,17.86484
171.7801,-22.66321,5.061983,17.95399,0,0,0,-22.77589,4.913326,17.86484
171.7894,-22.66321,5.061983,17.95399,0,0,0,-22.77589,4.913326,17.86484
171.799,-22.66321,5.061983,17.95399,0,0,0,-22.77589,4.913326,17.86484
171.8073,-22.66475,5.061769,17.95457,0,0,0,-22.77589,4.913326,17.86484
171.8181,-22.66475,5.061769,17.95457,0,0,0,-22.77589,4.913326,17.86484
171.8305,-22.66382,5.062212,17.95246,0,0,0,-22.77589,4.913326,17.86484
171.8395,-22.66382,5.062212,17.95246,0,0,0,-22.77589,4.913326,17.86484
171.8475,-22.66598,5.062231,17.9515,0,0,0,-22.77589,4.913326,17.86484
171.8567,-22.66598,5.062231,17.9515,0,0,0,-22.77589,4.913326,17.86484
171.8652,-22.66443,5.062446,17.95092,0,0,0,-22.77589,4.913326,17.86484
171.8741,-22.66443,5.062446,17.95092,0,0,0,-22.77589,4.913326,17.86484
171.8837,-22.66598,5.062231,17.9515,0,0,0,-22.77589,4.913326,17.86484
171.8932,-22.66598,5.062231,17.9515,0,0,0,-22.77589,4.913326,17.86484
171.9037,-22.66598,5.062231,17.9515,0,0,0,-22.77589,4.913326,17.86484
171.9133,-22.66598,5.062231,17.9515,0,0,0,-22.77589,4.913326,17.86484
171.9212,-22.66504,5.062679,17.94938,0,0,0,-22.77589,4.913326,17.86484
171.931,-22.66504,5.062679,17.94938,0,0,0,-22.77589,4.913326,17.86484
171.9389,-22.66504,5.062679,17.94938,0,0,0,-22.77589,4.913326,17.86484
171.9477,-22.66598,5.062231,17.9515,0,0,0,-22.77589,4.913326,17.86484
171.9565,-22.66598,5.062231,17.9515,0,0,0,-22.77589,4.913326,17.86484
171.9649,-22.66504,5.062679,17.94938,0,0,0,-22.77589,4.913326,17.86484
171.974,-22.66504,5.062679,17.94938,0,0,0,-22.77589,4.913326,17.86484
171.9827,-22.66659,5.062465,17.94997,0,0,0,-22.77589,4.913326,17.86484
171.9921,-22.66659,5.062465,17.94997,0,0,0,-22.77589,4.913326,17.86484
172.0021,-22.66659,5.062465,17.94997,0,0,0,-22.77589,4.913326,17.86484
172.0105,-22.66659,5.062465,17.94997,0,0,0,-22.77589,4.913326,17.86484
172.018,-22.66659,5.062465,17.94997,0,0,0,-22.77589,4.913326,17.86484
172.0256,-22.66593,5.062465,17.94963,0,0,0,-22.77589,4.913326,17.86484
172.035,-22.66593,5.062465,17.94963,0,0,0,-22.77589,4.913326,17.86484
172.0426,-22.66593,5.062466,17.94963,0,0,0,-22.77589,4.913326,17.86484
172.0524,-22.66593,5.062466,17.94963,0,0,0,-22.77589,4.913326,17.86484
172.06,-22.66593,5.062466,17.94963,0,0,0,-22.77589,4.913326,17.86484
172.0691,-22.66593,5.062466,17.94963,0,0,0,-22.77589,4.913326,17.86484
172.077,-22.66593,5.062466,17.94963,0,0,0,-22.77589,4.913326,17.86484
172.0852,-22.66532,5.062231,17.95116,0,0,0,-22.77589,4.913326,17.86484
172.0947,-22.66532,5.062231,17.95116,0,0,0,-22.77589,4.913326,17.86484
172.1031,-22.66377,5.062445,17.95058,0,0,0,-22.77589,4.913326,17.86484
172.1122,-22.66377,5.062445,17.95058,0,0,0,-22.77589,4.913326,17.86484
172.1202,-22.66532,5.062231,17.95116,0,0,0,-22.77589,4.913326,17.86484
172.1296,-22.66532,5.062231,17.95116,0,0,0,-22.77589,4.913326,17.86484
172.1371,-22.66532,5.062231,17.95116,0,0,0,-22.77589,4.913326,17.86484
172.1449,-22.66532,5.062231,17.95116,0,0,0,-22.77589,4.913326,17.86484
172.154,-22.66532,5.062231,17.95116,0,0,0,-22.77589,4.913326,17.86484
172.162,-22.66438,5.062679,17.94904,0,0,0,-22.77589,4.913326,17.86484
172.1709,-22.66438,5.062679,17.94904,0,0,0,-22.77589,4.913326,17.86484
172.1802,-22.66593,5.062465,17.94963,0,0,0,-22.77589,4.913326,17.86484
172.1899,-22.66593,5.062465,17.94963,0,0,0,-22.77589,4.913326,17.86484
172.1981,-22.66593,5.062465,17.94963,0,0,0,-22.77589,4.913326,17.86484
172.206,-22.66593,5.062466,17.94963,0,0,0,-22.77589,4.913326,17.86484
172.2147,-22.66593,5.062466,17.94963,0,0,0,-22.77589,4.913326,17.86484
172.2221,-22.66593,5.062466,17.94963,0,0,0,-22.77589,4.913326,17.86484
172.2313,-22.66593,5.062466,17.94963,0,0,0,-22.77589,4.913326,17.86484
172.2391,-22.66593,5.062466,17.94963,0,0,0,-22.77589,4.913326,17.86484
172.2472,-22.66438,5.062679,17.94904,0,0,0,-22.77589,4.913326,17.86484
172.256,-22.66438,5.062679,17.94904,0,0,0,-22.77589,4.913326,17.86484
172.264,-22.665,5.062915,17.94751,0,0,0,-22.77589,4.913326,17.86484
172.2728,-22.665,5.062915,17.94751,0,0,0,-22.77589,4.913326,17.86484
172.2814,-22.665,5.062915,17.94751,0,0,0,-22.77589,4.913326,17.86484
172.2907,-22.665,5.062915,17.94751,0,0,0,-22.77589,4.913326,17.86484
172.2986,-22.665,5.062915,17.94751,0,0,0,-22.77589,4.913326,17.86484
172.3069,-22.66434,5.062916,17.94716,0,0,0,-22.77589,4.913326,17.86484
172.3189,-22.66434,5.062916,17.94716,0,0,0,-22.77589,4.913326,17.86484
172.3276,-22.66495,5.063156,17.94563,0,0,0,-22.77589,4.913326,17.86484
172.338,-22.66495,5.063156,17.94563,0,0,0,-22.77589,4.913326,17.86484
172.346,-22.6665,5.062942,17.94621,0,0,0,-22.77589,4.913326,17.86484
172.355,-22.6665,5.062942,17.94621,0,0,0,-22.77589,4.913326,17.86484
172.3638,-22.6665,5.062942,17.94621,0,0,0,-22.77589,4.913326,17.86484
172.3747,-22.6665,5.062942,17.94621,0,0,0,-22.77589,4.913326,17.86484
172.3838,-22.66557,5.063396,17.9441,0,0,0,-22.77589,4.913326,17.86484
172.3937,-22.66557,5.063396,17.9441,0,0,0,-22.77589,4.913326,17.86484
172.4033,-22.6665,5.062942,17.94621,0,0,0,-22.77589,4.913326,17.86484
172.4164,-22.6665,5.062942,17.94621,0,0,0,-22.77589,4.913326,17.86484
172.4321,-22.66711,5.063182,17.94468,0,0,0,-22.77589,4.913326,17.86484
172.4445,-22.66557,5.063396,17.9441,0,0,0,-22.77589,4.913326,17.86484
172.4555,-22.66557,5.063396,17.9441,0,0,0,-22.77589,4.913326,17.86484
172.4655,-22.66495,5.063156,17.94563,0,0,0,-22.77589,4.913326,17.86484
172.4761,-22.66495,5.063156,17.94563,0,0,0,-22.77589,4.913326,17.86484
172.489,-22.66711,5.063182,17.94468,0,0,0,-22.77589,4.913326,17.86484
172.4992,-22.66711,5.063182,17.94468,0,0,0,-22.77589,4.913326,17.86484
172.5076,-22.66711,5.063182,17.94468,0,0,0,-22.77589,4.913326,17.86484
172.5198,-22.66711,5.063182,17.94468,0,0,0,-22.77589,4.913326,17.86484
172.5308,-22.66711,5.063182,17.94468,0,0,0,-22.77589,4.913326,17.86484
172.5424,-22.66711,5.063182,17.94468,0,0,0,-22.77589,4.913326,17.86484
172.5525,-22.66711,5.063182,17.94468,0,0,0,-22.77589,4.913326,17.86484
172.5611,-22.6665,5.062942,17.94621,0,0,0,-22.77589,4.913326,17.86484
172.572,-22.6665,5.062942,17.94621,0,0,0,-22.77589,4.913326,17.86484
172.5804,-22.66711,5.063182,17.94468,0,0,0,-22.77589,4.913326,17.86484
172.5909,-22.66711,5.063182,17.94468,0,0,0,-22.77589,4.913326,17.86484
172.5996,-22.66711,5.063182,17.94468,0,0,0,-22.77589,4.913326,17.86484
172.6078,-22.66711,5.063182,17.94468,0,0,0,-22.77589,4.913326,17.86484
172.617,-22.66711,5.063182,17.94468,0,0,0,-22.77589,4.913326,17.86484
172.6266,-22.6665,5.062942,17.94621,0,0,0,-22.77589,4.913326,17.86484
172.6354,-22.6665,5.062942,17.94621,0,0,0,-22.77589,4.913326,17.86484
172.645,-22.66557,5.063396,17.9441,0,0,0,-22.77589,4.913326,17.86484
172.6548,-22.66557,5.063396,17.9441,0,0,0,-22.77589,4.913326,17.86484
172.6656,-22.66557,5.063396,17.9441,0,0,0,-22.77589,4.913326,17.86484
172.6761,-22.66557,5.063396,17.9441,0,0,0,-22.77589,4.913326,17.86484
172.6853,-22.66495,5.063156,17.94563,0,0,0,-22.77589,4.913326,17.86484
172.6947,-22.66495,5.063156,17.94563,0,0,0,-22.77589,4.913326,17.86484
172.7034,-22.66711,5.063182,17.94468,0,0,0,-22.77589,4.913326,17.86484
172.714,-22.66711,5.063182,17.94468,0,0,0,-22.77589,4.913326,17.86484
172.7229,-22.66557,5.063396,17.9441,0,0,0,-22.77589,4.913326,17.86484
172.7326,-22.66557,5.063396,17.9441,0,0,0,-22.77589,4.913326,17.86484
172.7432,-22.66711,5.063182,17.94468,0,0,0,-22.77589,4.913326,17.86484
172.7542,-22.66711,5.063182,17.94468,0,0,0,-22.77589,4.913326,17.86484
172.7633,-22.66711,5.063182,17.94468,0,0,0,-22.77589,4.913326,17.86484
172.7734,-22.66711,5.063182,17.94468,0,0,0,-22.77589,4.913326,17.86484
172.7862,-22.66711,5.063182,17.94468,0,0,0,-22.77589,4.913326,17.86484
172.7979,-22.66711,5.063182,17.94468,0,0,0,-22.77589,4.913326,17.86484
172.8106,-22.66557,5.063396,17.9441,0,0,0,-22.77589,4.913326,17.86484
172.8204,-22.66557,5.063396,17.9441,0,0,0,-22.77589,4.913326,17.86484
172.8302,-22.66557,5.063396,17.9441,0,0,0,-22.77589,4.913326,17.86484
172.8393,-22.66557,5.063396,17.9441,0,0,0,-22.77589,4.913326,17.86484
172.8486,-22.66711,5.063182,17.94468,0,0,0,-22.77589,4.913326,17.86484
172.8576,-22.66711,5.063182,17.94468,0,0,0,-22.77589,4.913326,17.86484
172.8658,-22.66557,5.063396,17.9441,0,0,0,-22.77589,4.913326,17.86484
172.875,-22.66557,5.063396,17.9441,0,0,0,-22.77589,4.913326,17.86484
172.884,-22.6665,5.062942,17.94621,0,0,0,-22.77589,4.913326,17.86484
172.8945,-22.6665,5.062942,17.94621,0,0,0,-22.77589,4.913326,17.86484
172.9026,-22.6665,5.062942,17.94621,0,0,0,-22.77589,4.913326,17.86484
172.9118,-22.6665,5.062942,17.94621,0,0,0,-22.77589,4.913326,17.86484
172.9203,-22.66495,5.063156,17.94563,0,0,0,-22.77589,4.913326,17.86484
172.9299,-22.66495,5.063156,17.94563,0,0,0,-22.77589,4.913326,17.86484
172.9382,-22.66495,5.063156,17.94563,0,0,0,-22.77589,4.913326,17.86484
172.9463,-22.6665,5.062942,17.94621,0,0,0,-22.77589,4.913326,17.86484
172.9552,-22.6665,5.062942,17.94621,0,0,0,-22.77589,4.913326,17.86484
172.9635,-22.66495,5.063156,17.94563,0,0,0,-22.77589,4.913326,17.86484
172.9736,-22.66495,5.063156,17.94563,0,0,0,-22.77589,4.913326,17.86484
172.9831,-22.6665,5.062942,17.94621,0,0,0,-22.77589,4.913326,17.86484
172.995,-22.6665,5.062942,17.94621,0,0,0,-22.77589,4.913326,17.86484
173.0039,-22.6665,5.062942,17.94621,0,0,0,-22.77589,4.913326,17.86484
173.0136,-22.6665,5.062942,17.94621,0,0,0,-22.77589,4.913326,17.86484
173.0238,-22.6665,5.062942,17.94621,0,0,0,-22.77589,4.913326,17.86484
173.0345,-22.6665,5.062942,17.94621,0,0,0,-22.77589,4.913326,17.86484
173.0426,-22.66434,5.062916,17.94716,0,0,0,-22.77589,4.913326,17.86484
173.0565,-22.66434,5.062916,17.94716,0,0,0,-22.77589,4.913326,17.86484
173.0676,-22.6665,5.062942,17.94621,0,0,0,-22.77589,4.913326,17.86484
173.0806,-22.66495,5.063156,17.94563,0,0,0,-22.77589,4.913326,17.86484
173.0957,-22.66495,5.063156,17.94563,0,0,0,-22.77589,4.913326,17.86484
173.1054,-22.66434,5.062916,17.94716,0,0,0,-22.77589,4.913326,17.86484
173.1165,-22.66434,5.062916,17.94716,0,0,0,-22.77589,4.913326,17.86484
173.129,-22.66434,5.062916,17.94716,0,0,0,-22.77589,4.913326,17.86484
173.1419,-22.66519,5.062725,17.94505,0,0,0,-22.77589,4.913326,17.86484
173.1513,-22.66519,5.062725,17.94505,0,0,0,-22.77589,4.913326,17.86484
173.1606,-22.66457,5.062484,17.94659,0,0,0,-22.77589,4.913326,17.86484
173.1707,-22.66457,5.062484,17.94659,0,0,0,-22.77589,4.913326,17.86484
173.1799,-22.66457,5.062484,17.94659,0,0,0,-22.77589,4.913326,17.86484
173.1894,-22.66457,5.062484,17.94659,0,0,0,-22.77589,4.913326,17.86484
173.1995,-22.66457,5.062484,17.94659,0,0,0,-22.77589,4.913326,17.86484
173.2077,-22.66457,5.062484,17.94659,0,0,0,-22.77589,4.913326,17.86484
173.2175,-22.66457,5.062484,17.94659,0,0,0,-22.77589,4.913326,17.86484
173.226,-22.66326,5.06227,17.94543,0,0,0,-22.77589,4.913326,17.86484
173.2365,-22.66326,5.06227,17.94543,0,0,0,-22.77589,4.913326,17.86484
173.2456,-22.66326,5.06227,17.94543,0,0,0,-22.77589,4.913326,17.86484
173.2557,-22.66326,5.06227,17.94543,0,0,0,-22.77589,4.913326,17.86484
173.2653,-22.66387,5.06251,17.9439,0,0,0,-22.77589,4.913326,17.86484
173.2764,-22.66387,5.06251,17.9439,0,0,0,-22.77589,4.913326,17.86484
173.2865,-22.66349,5.061839,17.94485,0,0,0,-22.77589,4.913326,17.86484
173.2966,-22.66349,5.061839,17.94485,0,0,0,-22.77589,4.913326,17.86484
173.3058,-22.66311,5.061169,17.94581,0,0,0,-22.77589,4.913326,17.86484
173.3166,-22.66311,5.061169,17.94581,0,0,0,-22.77589,4.913326,17.86484
173.3252,-22.66311,5.061169,17.94581,0,0,0,-22.77589,4.913326,17.86484
173.3354,-22.66311,5.061169,17.94581,0,0,0,-22.77589,4.913326,17.86484
173.3448,-22.66311,5.061169,17.94581,0,0,0,-22.77589,4.913326,17.86484
173.3552,-22.66311,5.061169,17.94581,0,0,0,-22.77589,4.913326,17.86484
173.3681,-22.66311,5.061169,17.94581,0,0,0,-22.77589,4.913326,17.86484
173.3788,-22.66311,5.061169,17.94581,0,0,0,-22.77589,4.913326,17.86484
173.3927,-22.6625,5.060931,17.94735,0,0,0,-22.77589,4.913326,17.86484
173.4026,-22.66405,5.060715,17.94793,0,0,0,-22.77589,4.913326,17.86484
173.4153,-22.66405,5.060715,17.94793,0,0,0,-22.77589,4.913326,17.86484
173.4235,-22.66189,5.060697,17.94888,0,0,0,-22.77589,4.913326,17.86484
173.4327,-22.66189,5.060697,17.94888,0,0,0,-22.77589,4.913326,17.86484
173.4441,-22.66282,5.060246,17.951,0,0,0,-22.77589,4.913326,17.86484
173.4545,-22.66282,5.060246,17.951,0,0,0,-22.77589,4.913326,17.86484
173.463,-22.66128,5.060462,17.95042,0,0,0,-22.77589,4.913326,17.86484
173.4727,-22.66128,5.060462,17.95042,0,0,0,-22.77589,4.913326,17.86484
173.4814,-22.66282,5.060247,17.951,0,0,0,-22.77589,4.913326,17.86484
173.4918,-22.66282,5.060247,17.951,0,0,0,-22.77589,4.913326,17.86484
173.5002,-22.66128,5.060463,17.95042,0,0,0,-22.77589,4.913326,17.86484
173.5095,-22.66128,5.060463,17.95042,0,0,0,-22.77589,4.913326,17.86484
173.5174,-22.66128,5.060463,17.95042,0,0,0,-22.77589,4.913326,17.86484
173.5258,-22.66067,5.060231,17.95196,0,0,0,-22.77589,4.913326,17.86484
173.5353,-22.66067,5.060231,17.95196,0,0,0,-22.77589,4.913326,17.86484
173.5437,-22.66067,5.060232,17.95195,0,0,0,-22.77589,4.913326,17.86484
173.5526,-22.66067,5.060232,17.95195,0,0,0,-22.77589,4.913326,17.86484
173.561,-22.6609,5.059798,17.95138,0,0,0,-22.77589,4.913326,17.86484
173.5702,-22.6609,5.059798,17.95138,0,0,0,-22.77589,4.913326,17.86484
173.5789,-22.6609,5.059798,17.95138,0,0,0,-22.77589,4.913326,17.86484
173.5908,-22.6609,5.059798,17.95138,0,0,0,-22.77589,4.913326,17.86484
173.601,-22.6609,5.059798,17.95138,0,0,0,-22.77589,4.913326,17.86484
173.6119,-22.6609,5.059798,17.95138,0,0,0,-22.77589,4.913326,17.86484
173.6205,-22.66151,5.06003,17.94984,0,0,0,-22.77589,4.913326,17.86484
173.6312,-22.66151,5.06003,17.94984,0,0,0,-22.77589,4.913326,17.86484
173.6399,-22.66151,5.06003,17.94984,0,0,0,-22.77589,4.913326,17.86484
173.6513,-22.6609,5.059798,17.95138,0,0,0,-22.77589,4.913326,17.86484
173.6605,-22.6609,5.059798,17.95138,0,0,0,-22.77589,4.913326,17.86484
173.6711,-22.6609,5.059798,17.95138,0,0,0,-22.77589,4.913326,17.86484
173.6826,-22.6609,5.059798,17.95138,0,0,0,-22.77589,4.913326,17.86484
173.6922,-22.6609,5.059798,17.95138,0,0,0,-22.77589,4.913326,17.86484
173.7031,-22.66151,5.06003,17.94984,0,0,0,-22.77589,4.913326,17.86484
173.7166,-22.66151,5.06003,17.94984,0,0,0,-22.77589,4.913326,17.86484
173.7278,-22.66217,5.060029,17.95019,0,0,0,-22.77589,4.913326,17.86484
173.7377,-22.66217,5.060029,17.95019,0,0,0,-22.77589,4.913326,17.86484
173.7487,-22.66156,5.059797,17.95173,0,0,0,-22.77589,4.913326,17.86484
173.7578,-22.66156,5.059797,17.95173,0,0,0,-22.77589,4.913326,17.86484
173.7662,-22.66217,5.060029,17.95019,0,0,0,-22.77589,4.913326,17.86484
173.7752,-22.66217,5.060029,17.95019,0,0,0,-22.77589,4.913326,17.86484
173.784,-22.66063,5.060246,17.94961,0,0,0,-22.77589,4.913326,17.86484
173.7957,-22.66063,5.060246,17.94961,0,0,0,-22.77589,4.913326,17.86484
173.8046,-22.66086,5.059815,17.94903,0,0,0,-22.77589,4.913326,17.86484
173.8172,-22.66086,5.059815,17.94903,0,0,0,-22.77589,4.913326,17.86484
173.8262,-22.66179,5.059365,17.95115,0,0,0,-22.77589,4.913326,17.86484
173.8362,-22.66179,5.059365,17.95115,0,0,0,-22.77589,4.913326,17.86484
173.8457,-22.66086,5.059815,17.94903,0,0,0,-22.77589,4.913326,17.86484
173.8562,-22.66086,5.059815,17.94903,0,0,0,-22.77589,4.913326,17.86484
173.8659,-22.66025,5.059583,17.95057,0,0,0,-22.77589,4.913326,17.86484
173.8763,-22.66025,5.059583,17.95057,0,0,0,-22.77589,4.913326,17.86484
173.8887,-22.66086,5.059815,17.94903,0,0,0,-22.77589,4.913326,17.86484
173.9048,-22.66086,5.059815,17.94903,0,0,0,-22.77589,4.913326,17.86484
173.9163,-22.66086,5.059815,17.94903,0,0,0,-22.77589,4.913326,17.86484
173.9272,-22.66086,5.059815,17.94903,0,0,0,-22.77589,4.913326,17.86484
173.9381,-22.66086,5.059815,17.94903,0,0,0,-22.77589,4.913326,17.86484
173.9479,-22.66086,5.059815,17.94903,0,0,0,-22.77589,4.913326,17.86484
173.9642,-22.65931,5.060035,17.94845,0,0,0,-22.77589,4.913326,17.86484
173.974,-22.65931,5.060035,17.94845,0,0,0,-22.77589,4.913326,17.86484
173.9833,-22.65931,5.060034,17.94845,0,0,0,-22.77589,4.913326,17.86484
173.9938,-22.65931,5.060034,17.94845,0,0,0,-22.77589,4.913326,17.86484
174.0023,-22.65931,5.060034,17.94845,0,0,0,-22.77589,4.913326,17.86484
174.0123,-22.65931,5.060034,17.94845,0,0,0,-22.77589,4.913326,17.86484
174.0207,-22.65931,5.060034,17.94845,0,0,0,-22.77589,4.913326,17.86484
174.0301,-22.65931,5.060034,17.94845,0,0,0,-22.77589,4.913326,17.86484
174.0387,-22.65931,5.060034,17.94845,0,0,0,-22.77589,4.913326,17.86484
174.0486,-22.66086,5.059815,17.94903,0,0,0,-22.77589,4.913326,17.86484
174.0592,-22.66086,5.059815,17.94903,0,0,0,-22.77589,4.913326,17.86484
174.0681,-22.65992,5.06027,17.94691,0,0,0,-22.77589,4.913326,17.86484
174.077,-22.65992,5.06027,17.94691,0,0,0,-22.77589,4.913326,17.86484
174.0849,-22.65992,5.06027,17.94691,0,0,0,-22.77589,4.913326,17.86484
174.0941,-22.65992,5.06027,17.94691,0,0,0,-22.77589,4.913326,17.86484
174.1024,-22.65838,5.060493,17.94633,0,0,0,-22.77589,4.913326,17.86484
174.1131,-22.65838,5.060493,17.94633,0,0,0,-22.77589,4.913326,17.86484
174.121,-22.65838,5.060493,17.94633,0,0,0,-22.77589,4.913326,17.86484
174.1305,-22.65838,5.060493,17.94633,0,0,0,-22.77589,4.913326,17.86484
174.1386,-22.65838,5.060493,17.94633,0,0,0,-22.77589,4.913326,17.86484
174.1474,-22.65838,5.060493,17.94633,0,0,0,-22.77589,4.913326,17.86484
174.1573,-22.65838,5.060493,17.94633,0,0,0,-22.77589,4.913326,17.86484
174.1672,-22.65899,5.060729,17.9448,0,0,0,-22.77589,4.913326,17.86484
174.1772,-22.65899,5.060729,17.9448,0,0,0,-22.77589,4.913326,17.86484
174.1858,-22.65899,5.060729,17.9448,0,0,0,-22.77589,4.913326,17.86484
174.1956,-22.65899,5.060729,17.9448,0,0,0,-22.77589,4.913326,17.86484
174.2045,-22.65838,5.060493,17.94633,0,0,0,-22.77589,4.913326,17.86484
174.2147,-22.65838,5.060493,17.94633,0,0,0,-22.77589,4.913326,17.86484
174.2243,-22.65838,5.060493,17.94633,0,0,0,-22.77589,4.913326,17.86484
174.2353,-22.65838,5.060493,17.94633,0,0,0,-22.77589,4.913326,17.86484
174.2439,-22.65899,5.060729,17.9448,0,0,0,-22.77589,4.913326,17.86484
174.256,-22.65899,5.060729,17.9448,0,0,0,-22.77589,4.913326,17.86484
174.2666,-22.65838,5.060493,17.94633,0,0,0,-22.77589,4.913326,17.86484
174.2805,-22.65899,5.060729,17.9448,0,0,0,-22.77589,4.913326,17.86484
174.2917,-22.65899,5.060729,17.9448,0,0,0,-22.77589,4.913326,17.86484
174.3008,-22.65899,5.060729,17.9448,0,0,0,-22.77589,4.913326,17.86484
174.3105,-22.65899,5.060729,17.9448,0,0,0,-22.77589,4.913326,17.86484
174.3192,-22.65899,5.060729,17.9448,0,0,0,-22.77589,4.913326,17.86484
174.3279,-22.65899,5.060729,17.9448,0,0,0,-22.77589,4.913326,17.86484
174.3378,-22.65899,5.060729,17.9448,0,0,0,-22.77589,4.913326,17.86484
174.3473,-22.65899,5.060729,17.9448,0,0,0,-22.77589,4.913326,17.86484
174.3609,-22.65899,5.060729,17.9448,0,0,0,-22.77589,4.913326,17.86484
174.3728,-22.65899,5.060729,17.9448,0,0,0,-22.77589,4.913326,17.86484
174.386,-22.65899,5.060729,17.9448,0,0,0,-22.77589,4.913326,17.86484
174.3983,-22.65899,5.060729,17.9448,0,0,0,-22.77589,4.913326,17.86484
174.4081,-22.65838,5.060493,17.94633,0,0,0,-22.77589,4.913326,17.86484
174.4198,-22.65838,5.060493,17.94633,0,0,0,-22.77589,4.913326,17.86484
174.4307,-22.65899,5.060729,17.9448,0,0,0,-22.77589,4.913326,17.86484
174.4408,-22.65838,5.060493,17.94633,0,0,0,-22.77589,4.913326,17.86484
174.4524,-22.65838,5.060493,17.94633,0,0,0,-22.77589,4.913326,17.86484
174.4622,-22.65899,5.060729,17.9448,0,0,0,-22.77589,4.913326,17.86484
174.4731,-22.65899,5.060729,17.9448,0,0,0,-22.77589,4.913326,17.86484
174.4849,-22.65899,5.060729,17.9448,0,0,0,-22.77589,4.913326,17.86484
174.4959,-22.65899,5.060729,17.9448,0,0,0,-22.77589,4.913326,17.86484
174.5083,-22.65838,5.060493,17.94633,0,0,0,-22.77589,4.913326,17.86484
174.5183,-22.65838,5.060493,17.94633,0,0,0,-22.77589,4.913326,17.86484
174.5272,-22.65899,5.060729,17.9448,0,0,0,-22.77589,4.913326,17.86484
174.5398,-22.65899,5.060729,17.9448,0,0,0,-22.77589,4.913326,17.86484
174.5489,-22.65899,5.060729,17.9448,0,0,0,-22.77589,4.913326,17.86484
174.5583,-22.65899,5.060729,17.9448,0,0,0,-22.77589,4.913326,17.86484
174.567,-22.65899,5.060729,17.9448,0,0,0,-22.77589,4.913326,17.86484
174.5765,-22.65899,5.060729,17.9448,0,0,0,-22.77589,4.913326,17.86484
174.5851,-22.65899,5.060729,17.9448,0,0,0,-22.77589,4.913326,17.86484
174.5944,-22.65899,5.060729,17.9448,0,0,0,-22.77589,4.913326,17.86484
174.6027,-22.65899,5.060729,17.9448,0,0,0,-22.77589,4.913326,17.86484
174.6114,-22.65899,5.060729,17.9448,0,0,0,-22.77589,4.913326,17.86484
174.6194,-22.65899,5.060729,17.9448,0,0,0,-22.77589,4.913326,17.86484
174.6275,-22.65899,5.060729,17.9448,0,0,0,-22.77589,4.913326,17.86484
174.6388,-22.65899,5.060729,17.9448,0,0,0,-22.77589,4.913326,17.86484
174.6497,-22.65899,5.060729,17.9448,0,0,0,-22.77589,4.913326,17.86484
174.6593,-22.65899,5.060729,17.9448,0,0,0,-22.77589,4.913326,17.86484
174.669,-22.65899,5.060729,17.9448,0,0,0,-22.77589,4.913326,17.86484
174.6805,-22.65899,5.060729,17.9448,0,0,0,-22.77589,4.913326,17.86484
174.6933,-22.65899,5.060729,17.9448,0,0,0,-22.77589,4.913326,17.86484
174.7022,-22.66053,5.060507,17.94538,0,0,0,-22.77589,4.913326,17.86484
174.7124,-22.66053,5.060507,17.94538,0,0,0,-22.77589,4.913326,17.86484
174.7214,-22.66053,5.060507,17.94538,0,0,0,-22.77589,4.913326,17.86484
174.7322,-22.66053,5.060507,17.94538,0,0,0,-22.77589,4.913326,17.86484
174.7443,-22.65899,5.060729,17.9448,0,0,0,-22.77589,4.913326,17.86484
174.754,-22.65899,5.060729,17.9448,0,0,0,-22.77589,4.913326,17.86484
174.7635,-22.6596,5.060967,17.94326,0,0,0,-22.77589,4.913326,17.86484
174.7736,-22.6596,5.060967,17.94326,0,0,0,-22.77589,4.913326,17.86484
174.7823,-22.65899,5.060729,17.9448,0,0,0,-22.77589,4.913326,17.86484
174.7923,-22.65899,5.060729,17.9448,0,0,0,-22.77589,4.913326,17.86484
174.8014,-22.6596,5.060967,17.94326,0,0,0,-22.77589,4.913326,17.86484
174.8109,-22.6596,5.060967,17.94326,0,0,0,-22.77589,4.913326,17.86484
174.8192,-22.6596,5.060967,17.94326,0,0,0,-22.77589,4.913326,17.86484
174.8291,-22.6596,5.060967,17.94326,0,0,0,-22.77589,4.913326,17.86484
174.8388,-22.6596,5.060967,17.94326,0,0,0,-22.77589,4.913326,17.86484
174.8473,-22.66115,5.060745,17.94384,0,0,0,-22.77589,4.913326,17.86484
174.8562,-22.66115,5.060745,17.94384,0,0,0,-22.77589,4.913326,17.86484
174.8652,-22.6596,5.060967,17.94326,0,0,0,-22.77589,4.913326,17.86484
174.8747,-22.6596,5.060967,17.94326,0,0,0,-22.77589,4.913326,17.86484
174.8828,-22.6596,5.060967,17.94326,0,0,0,-22.77589,4.913326,17.86484
174.8923,-22.6596,5.060967,17.94326,0,0,0,-22.77589,4.913326,17.86484
174.9007,-22.6596,5.060967,17.94326,0,0,0,-22.77589,4.913326,17.86484
174.91,-22.6596,5.060967,17.94326,0,0,0,-22.77589,4.913326,17.86484
174.918,-22.6596,5.060967,17.94326,0,0,0,-22.77589,4.913326,17.86484
174.9265,-22.6596,5.060967,17.94326,0,0,0,-22.77589,4.913326,17.86484
174.9361,-22.6596,5.060967,17.94326,0,0,0,-22.77589,4.913326,17.86484
174.9457,-22.6596,5.060967,17.94326,0,0,0,-22.77589,4.913326,17.86484
174.9552,-22.6596,5.060967,17.94326,0,0,0,-22.77589,4.913326,17.86484
174.9636,-22.66049,5.060744,17.9435,0,0,0,-22.77589,4.913326,17.86484
174.9736,-22.66049,5.060744,17.9435,0,0,0,-22.77589,4.913326,17.86484
174.9819,-22.66049,5.060745,17.9435,0,0,0,-22.77589,4.913326,17.86484
174.9931,-22.66049,5.060745,17.9435,0,0,0,-22.77589,4.913326,17.86484
175.0058,-22.65894,5.060966,17.94291,0,0,0,-22.77589,4.913326,17.86484
175.0157,-22.65894,5.060966,17.94291,0,0,0,-22.77589,4.913326,17.86484
175.0273,-22.65833,5.060729,17.94445,0,0,0,-22.77589,4.913326,17.86484
175.0368,-22.65833,5.060729,17.94445,0,0,0,-22.77589,4.913326,17.86484
175.0455,-22.66049,5.060745,17.9435,0,0,0,-22.77589,4.913326,17.86484
175.0553,-22.66049,5.060745,17.9435,0,0,0,-22.77589,4.913326,17.86484
175.0638,-22.65922,5.060507,17.94469,0,0,0,-22.77589,4.913326,17.86484
175.0731,-22.65922,5.060507,17.94469,0,0,0,-22.77589,4.913326,17.86484
175.0819,-22.65767,5.060729,17.94411,0,0,0,-22.77589,4.913326,17.86484
175.096,-22.65767,5.060729,17.94411,0,0,0,-22.77589,4.913326,17.86484
175.1071,-22.65829,5.060967,17.94257,0,0,0,-22.77589,4.913326,17.86484
175.1167,-22.65829,5.060967,17.94257,0,0,0,-22.77589,4.913326,17.86484
175.1251,-22.65829,5.060967,17.94257,0,0,0,-22.77589,4.913326,17.86484
175.135,-22.65829,5.060967,17.94257,0,0,0,-22.77589,4.913326,17.86484
175.144,-22.65983,5.060745,17.94316,0,0,0,-22.77589,4.913326,17.86484
175.1541,-22.65983,5.060745,17.94316,0,0,0,-22.77589,4.913326,17.86484
175.1632,-22.65829,5.060967,17.94257,0,0,0,-22.77589,4.913326,17.86484
175.1723,-22.65829,5.060967,17.94257,0,0,0,-22.77589,4.913326,17.86484
175.1808,-22.65829,5.060967,17.94257,0,0,0,-22.77589,4.913326,17.86484
175.1899,-22.65829,5.060967,17.94257,0,0,0,-22.77589,4.913326,17.86484
175.1981,-22.65829,5.060967,17.94257,0,0,0,-22.77589,4.913326,17.86484
175.2063,-22.6567,5.061432,17.94011,0,0,0,-22.77589,4.913326,17.86484
175.2152,-22.6567,5.061432,17.94011,0,0,0,-22.77589,4.913326,17.86484
175.2238,-22.65605,5.061433,17.93976,0,0,0,-22.77589,4.913326,17.86484
175.233,-22.65605,5.061433,17.93976,0,0,0,-22.77589,4.913326,17.86484
175.241,-22.65555,5.061732,17.93902,0,0,0,-22.77589,4.913326,17.86484
175.2516,-22.65555,5.061732,17.93902,0,0,0,-22.77589,4.913326,17.86484
175.2647,-22.65363,5.061492,17.93986,0,0,0,-22.77589,4.913326,17.86484
175.277,-22.65363,5.061492,17.93986,0,0,0,-22.77589,4.913326,17.86484
175.2864,-22.65155,5.062259,17.93666,0,0,0,-22.77589,4.913326,17.86484
175.2964,-22.65155,5.062259,17.93666,0,0,0,-22.77589,4.913326,17.86484
175.306,-22.6495,5.062427,17.93391,0,0,0,-22.77589,4.913326,17.86484
175.3158,-22.6495,5.062427,17.93391,0,0,0,-22.77589,4.913326,17.86484
175.3239,-22.64696,5.062696,17.92996,0,0,0,-22.77589,4.913326,17.86484
175.3345,-22.64696,5.062696,17.92996,0,0,0,-22.77589,4.913326,17.86484
175.3432,-22.64534,5.061928,17.92623,0,0,0,-22.77589,4.913326,17.86484
175.3526,-22.64534,5.061928,17.92623,0,0,0,-22.77589,4.913326,17.86484
175.3613,-22.64268,5.060533,17.92076,0,0,0,-22.77589,4.913326,17.86484
175.371,-22.64268,5.060533,17.92076,0,0,0,-22.77589,4.913326,17.86484
175.3816,-22.63833,5.060822,17.91505,0,0,0,-22.77589,4.913326,17.86484
175.3957,-22.63833,5.060822,17.91505,0,0,0,-22.77589,4.913326,17.86484
175.404,-22.6365,5.061717,17.90762,0,0,0,-22.77589,4.913326,17.86484
175.4147,-22.6365,5.061717,17.90762,0,0,0,-22.77589,4.913326,17.86484
175.4233,-22.63484,5.061723,17.9017,0,0,0,-22.77589,4.913326,17.86484
175.4358,-22.63484,5.061723,17.9017,0,0,0,-22.77589,4.913326,17.86484
175.4458,-22.63335,5.062582,17.89729,0,0,0,-22.77589,4.913326,17.86484
175.4559,-22.63335,5.062582,17.89729,0,0,0,-22.77589,4.913326,17.86484
175.4696,-22.63171,5.063329,17.89372,0,0,0,-22.77589,4.913326,17.86484
175.4799,-22.63171,5.063329,17.89372,0,0,0,-22.77589,4.913326,17.86484
175.4882,-22.62868,5.063439,17.89108,0,0,0,-22.77589,4.913326,17.86484
175.4989,-22.62868,5.063439,17.89108,0,0,0,-22.77589,4.913326,17.86484
175.5082,-22.62649,5.064023,17.88887,0,0,0,-22.77589,4.913326,17.86484
175.5222,-22.62525,5.063466,17.88625,0,0,0,-22.77589,4.913326,17.86484
175.5339,-22.62525,5.063466,17.88625,0,0,0,-22.77589,4.913326,17.86484
175.5421,-22.6245,5.062877,17.8825,0,0,0,-22.77589,4.913326,17.86484
175.5513,-22.6245,5.062877,17.8825,0,0,0,-22.77589,4.913326,17.86484
175.5591,-22.6245,5.062877,17.8825,0,0,0,-22.77589,4.913326,17.86484
175.567,-22.62221,5.062193,17.88236,0,0,0,-22.77589,4.913326,17.86484
175.5763,-22.62221,5.062193,17.88236,0,0,0,-22.77589,4.913326,17.86484
175.5846,-22.62222,5.062453,17.88049,0,0,0,-22.77589,4.913326,17.86484
175.5946,-22.62222,5.062453,17.88049,0,0,0,-22.77589,4.913326,17.86484
175.6027,-22.62061,5.061608,17.88242,0,0,0,-22.77589,4.913326,17.86484
175.6144,-22.62061,5.061608,17.88242,0,0,0,-22.77589,4.913326,17.86484
175.6226,-22.61901,5.061023,17.88248,0,0,0,-22.77589,4.913326,17.86484
175.6316,-22.61901,5.061023,17.88248,0,0,0,-22.77589,4.913326,17.86484
175.639,-22.61901,5.061023,17.88248,0,0,0,-22.77589,4.913326,17.86484
175.6471,-22.61881,5.059817,17.88291,0,0,0,-22.77589,4.913326,17.86484
175.6559,-22.61881,5.059817,17.88291,0,0,0,-22.77589,4.913326,17.86484
175.6646,-22.6175,5.058642,17.8841,0,0,0,-22.77589,4.913326,17.86484
175.6743,-22.6175,5.058642,17.8841,0,0,0,-22.77589,4.913326,17.86484
175.6824,-22.61401,5.057448,17.8862,0,0,0,-22.77589,4.913326,17.86484
175.6918,-22.61401,5.057448,17.8862,0,0,0,-22.77589,4.913326,17.86484
175.7004,-22.61423,5.056021,17.888,0,0,0,-22.77589,4.913326,17.86484
175.7098,-22.61423,5.056021,17.888,0,0,0,-22.77589,4.913326,17.86484
175.718,-22.61423,5.056021,17.888,0,0,0,-22.77589,4.913326,17.86484
175.7261,-22.61338,5.054539,17.88993,0,0,0,-22.77589,4.913326,17.86484
175.7358,-22.61338,5.054539,17.88993,0,0,0,-22.77589,4.913326,17.86484
175.7441,-22.61241,5.053946,17.89034,0,0,0,-22.77589,4.913326,17.86484
175.7533,-22.61241,5.053946,17.89034,0,0,0,-22.77589,4.913326,17.86484
175.7618,-22.61165,5.053479,17.89208,0,0,0,-22.77589,4.913326,17.86484
175.7713,-22.61165,5.053479,17.89208,0,0,0,-22.77589,4.913326,17.86484
175.7816,-22.61064,5.053435,17.89438,0,0,0,-22.77589,4.913326,17.86484
175.7915,-22.61064,5.053435,17.89438,0,0,0,-22.77589,4.913326,17.86484
175.7996,-22.61064,5.053435,17.89438,0,0,0,-22.77589,4.913326,17.86484
175.8079,-22.60938,5.053814,17.89726,0,0,0,-22.77589,4.913326,17.86484
175.8177,-22.60938,5.053814,17.89726,0,0,0,-22.77589,4.913326,17.86484
175.8292,-22.60773,5.05377,17.8992,0,0,0,-22.77589,4.913326,17.86484
175.8412,-22.60758,5.053725,17.8977,0,0,0,-22.77589,4.913326,17.86484
175.8502,-22.60758,5.053725,17.8977,0,0,0,-22.77589,4.913326,17.86484
175.8581,-22.60758,5.053725,17.8977,0,0,0,-22.77589,4.913326,17.86484
175.8666,-22.6066,5.053126,17.8981,0,0,0,-22.77589,4.913326,17.86484
175.8783,-22.6066,5.053126,17.8981,0,0,0,-22.77589,4.913326,17.86484
175.8893,-22.60491,5.053252,17.89832,0,0,0,-22.77589,4.913326,17.86484
175.9013,-22.60474,5.052952,17.8987,0,0,0,-22.77589,4.913326,17.86484
175.9154,-22.60474,5.052952,17.8987,0,0,0,-22.77589,4.913326,17.86484
175.927,-22.60504,5.052535,17.9003,0,0,0,-22.77589,4.913326,17.86484
175.9379,-22.60504,5.052535,17.9003,0,0,0,-22.77589,4.913326,17.86484
175.9468,-22.60374,5.053157,17.89912,0,0,0,-22.77589,4.913326,17.86484
175.9565,-22.60374,5.053157,17.89912,0,0,0,-22.77589,4.913326,17.86484
175.965,-22.60357,5.052856,17.8995,0,0,0,-22.77589,4.913326,17.86484
175.9746,-22.60357,5.052856,17.8995,0,0,0,-22.77589,4.913326,17.86484
175.9831,-22.60298,5.05268,17.90084,0,0,0,-22.77589,4.913326,17.86484
175.9949,-22.60298,5.05268,17.90084,0,0,0,-22.77589,4.913326,17.86484
176.005,-22.60199,5.051825,17.90312,0,0,0,-22.77589,4.913326,17.86484
176.0158,-22.60199,5.051825,17.90312,0,0,0,-22.77589,4.913326,17.86484
176.0254,-22.60222,5.052201,17.90256,0,0,0,-22.77589,4.913326,17.86484
176.0359,-22.60222,5.052201,17.90256,0,0,0,-22.77589,4.913326,17.86484
176.0443,-22.60271,5.052155,17.90143,0,0,0,-22.77589,4.913326,17.86484
176.0534,-22.60271,5.052155,17.90143,0,0,0,-22.77589,4.913326,17.86484
176.0645,-22.60139,5.05245,17.90447,0,0,0,-22.77589,4.913326,17.86484
176.0743,-22.60139,5.05245,17.90447,0,0,0,-22.77589,4.913326,17.86484
176.0831,-22.60187,5.052402,17.90334,0,0,0,-22.77589,4.913326,17.86484
176.0919,-22.60187,5.052402,17.90334,0,0,0,-22.77589,4.913326,17.86484
176.1003,-22.60096,5.052576,17.90542,0,0,0,-22.77589,4.913326,17.86484
176.1096,-22.60096,5.052576,17.90542,0,0,0,-22.77589,4.913326,17.86484
176.1187,-22.60096,5.052576,17.90542,0,0,0,-22.77589,4.913326,17.86484
176.1271,-22.6016,5.052576,17.90579,0,0,0,-22.77589,4.913326,17.86484
176.1363,-22.6016,5.052576,17.90579,0,0,0,-22.77589,4.913326,17.86484
176.1445,-22.6016,5.052576,17.90579,0,0,0,-22.77589,4.913326,17.86484
176.1535,-22.6016,5.052576,17.90579,0,0,0,-22.77589,4.913326,17.86484
176.162,-22.60265,5.053254,17.90522,0,0,0,-22.77589,4.913326,17.86484
176.1751,-22.60265,5.053254,17.90522,0,0,0,-22.77589,4.913326,17.86484
176.1834,-22.60199,5.053001,17.90673,0,0,0,-22.77589,4.913326,17.86484
176.193,-22.60199,5.053001,17.90673,0,0,0,-22.77589,4.913326,17.86484
176.2013,-22.60329,5.053254,17.90558,0,0,0,-22.77589,4.913326,17.86484
176.211,-22.60329,5.053254,17.90558,0,0,0,-22.77589,4.913326,17.86484
176.2198,-22.60329,5.053254,17.90558,0,0,0,-22.77589,4.913326,17.86484
176.2277,-22.60393,5.053253,17.90595,0,0,0,-22.77589,4.913326,17.86484
176.2378,-22.60393,5.053253,17.90595,0,0,0,-22.77589,4.913326,17.86484
176.2458,-22.60391,5.053002,17.90784,0,0,0,-22.77589,4.913326,17.86484
176.2577,-22.60391,5.053002,17.90784,0,0,0,-22.77589,4.913326,17.86484
176.2658,-22.60303,5.053499,17.90571,0,0,0,-22.77589,4.913326,17.86484
176.2747,-22.60303,5.053499,17.90571,0,0,0,-22.77589,4.913326,17.86484
176.2826,-22.60456,5.053002,17.90821,0,0,0,-22.77589,4.913326,17.86484
176.2917,-22.60456,5.053002,17.90821,0,0,0,-22.77589,4.913326,17.86484
176.2999,-22.60456,5.053002,17.90821,0,0,0,-22.77589,4.913326,17.86484
176.309,-22.60521,5.053254,17.90669,0,0,0,-22.77589,4.913326,17.86484
176.3181,-22.60521,5.053254,17.90669,0,0,0,-22.77589,4.913326,17.86484
176.3259,-22.60367,5.053246,17.90796,0,0,0,-22.77589,4.913326,17.86484
176.3353,-22.60367,5.053246,17.90796,0,0,0,-22.77589,4.913326,17.86484
176.3448,-22.60649,5.053254,17.90742,0,0,0,-22.77589,4.913326,17.86484
176.3538,-22.60649,5.053254,17.90742,0,0,0,-22.77589,4.913326,17.86484
176.3628,-22.60649,5.053254,17.90742,0,0,0,-22.77589,4.913326,17.86484
176.3719,-22.60649,5.053254,17.90742,0,0,0,-22.77589,4.913326,17.86484
176.3803,-22.60713,5.053253,17.90779,0,0,0,-22.77589,4.913326,17.86484
176.3911,-22.60713,5.053253,17.90779,0,0,0,-22.77589,4.913326,17.86484
176.4007,-22.60777,5.053254,17.90816,0,0,0,-22.77589,4.913326,17.86484
176.4145,-22.60777,5.053254,17.90816,0,0,0,-22.77589,4.913326,17.86484
176.4231,-22.60858,5.053555,17.90814,0,0,0,-22.77589,4.913326,17.86484
176.4325,-22.60858,5.053555,17.90814,0,0,0,-22.77589,4.913326,17.86484
176.4403,-22.60857,5.053303,17.91003,0,0,0,-22.77589,4.913326,17.86484
176.45,-22.60857,5.053303,17.91003,0,0,0,-22.77589,4.913326,17.86484
176.4594,-22.60857,5.053303,17.91003,0,0,0,-22.77589,4.913326,17.86484
176.4681,-22.60938,5.053606,17.91001,0,0,0,-22.77589,4.913326,17.86484
176.4822,-22.60938,5.053606,17.91001,0,0,0,-22.77589,4.913326,17.86484
176.4941,-22.60938,5.053606,17.91001,0,0,0,-22.77589,4.913326,17.86484
176.5032,-22.60938,5.053355,17.91189,0,0,0,-22.77589,4.913326,17.86484
176.5135,-22.60938,5.053355,17.91189,0,0,0,-22.77589,4.913326,17.86484
176.5268,-22.60938,5.053355,17.91189,0,0,0,-22.77589,4.913326,17.86484
176.5378,-22.60938,5.053355,17.91189,0,0,0,-22.77589,4.913326,17.86484
176.547,-22.60785,5.053599,17.91128,0,0,0,-22.77589,4.913326,17.86484
176.5588,-22.60785,5.053599,17.91128,0,0,0,-22.77589,4.913326,17.86484
176.5704,-22.60938,5.053355,17.91189,0,0,0,-22.77589,4.913326,17.86484
176.5801,-22.60785,5.053599,17.91128,0,0,0,-22.77589,4.913326,17.86484
176.5897,-22.60785,5.053599,17.91128,0,0,0,-22.77589,4.913326,17.86484
176.5998,-22.60785,5.053599,17.91128,0,0,0,-22.77589,4.913326,17.86484
176.6109,-22.60785,5.053599,17.91128,0,0,0,-22.77589,4.913326,17.86484
176.6222,-22.60938,5.053355,17.91189,0,0,0,-22.77589,4.913326,17.86484
176.6319,-22.60938,5.053355,17.91189,0,0,0,-22.77589,4.913326,17.86484
176.64,-22.60938,5.053355,17.91189,0,0,0,-22.77589,4.913326,17.86484
176.6491,-22.60938,5.053355,17.91189,0,0,0,-22.77589,4.913326,17.86484
176.6589,-22.60938,5.053355,17.91189,0,0,0,-22.77589,4.913326,17.86484
176.6669,-22.60938,5.053355,17.91189,0,0,0,-22.77589,4.913326,17.86484
176.6764,-22.60938,5.053355,17.91189,0,0,0,-22.77589,4.913326,17.86484
176.6853,-22.60938,5.053355,17.91189,0,0,0,-22.77589,4.913326,17.86484
176.6953,-22.60938,5.053355,17.91189,0,0,0,-22.77589,4.913326,17.86484
176.7037,-22.60873,5.053107,17.91341,0,0,0,-22.77589,4.913326,17.86484
176.7155,-22.60873,5.053107,17.91341,0,0,0,-22.77589,4.913326,17.86484
176.7258,-22.60785,5.053599,17.91128,0,0,0,-22.77589,4.913326,17.86484
176.7356,-22.60785,5.053599,17.91128,0,0,0,-22.77589,4.913326,17.86484
176.744,-22.60938,5.053355,17.91189,0,0,0,-22.77589,4.913326,17.86484
176.7535,-22.60938,5.053355,17.91189,0,0,0,-22.77589,4.913326,17.86484
176.7625,-22.60785,5.053599,17.91128,0,0,0,-22.77589,4.913326,17.86484
176.7718,-22.60785,5.053599,17.91128,0,0,0,-22.77589,4.913326,17.86484
176.7802,-22.60785,5.053599,17.91128,0,0,0,-22.77589,4.913326,17.86484
176.7922,-22.60785,5.053599,17.91128,0,0,0,-22.77589,4.913326,17.86484
176.8003,-22.60873,5.053107,17.91341,0,0,0,-22.77589,4.913326,17.86484
176.8093,-22.60873,5.053107,17.91341,0,0,0,-22.77589,4.913326,17.86484
176.8207,-22.60873,5.053107,17.91341,0,0,0,-22.77589,4.913326,17.86484
176.8299,-22.60873,5.053107,17.91341,0,0,0,-22.77589,4.913326,17.86484
176.8379,-22.60873,5.053107,17.91341,0,0,0,-22.77589,4.913326,17.86484
176.8467,-22.6072,5.053352,17.9128,0,0,0,-22.77589,4.913326,17.86484
176.8556,-22.6072,5.053352,17.9128,0,0,0,-22.77589,4.913326,17.86484
176.8641,-22.60873,5.053107,17.91341,0,0,0,-22.77589,4.913326,17.86484
176.8735,-22.60873,5.053107,17.91341,0,0,0,-22.77589,4.913326,17.86484
176.882,-22.60873,5.053107,17.91341,0,0,0,-22.77589,4.913326,17.86484
176.8916,-22.60873,5.053107,17.91341,0,0,0,-22.77589,4.913326,17.86484
176.9024,-22.6072,5.053352,17.9128,0,0,0,-22.77589,4.913326,17.86484
176.9119,-22.6072,5.053352,17.9128,0,0,0,-22.77589,4.913326,17.86484
176.9207,-22.6072,5.053352,17.9128,0,0,0,-22.77589,4.913326,17.86484
176.9303,-22.6072,5.053352,17.9128,0,0,0,-22.77589,4.913326,17.86484
176.9408,-22.60873,5.053107,17.91341,0,0,0,-22.77589,4.913326,17.86484
176.9521,-22.60873,5.053107,17.91341,0,0,0,-22.77589,4.913326,17.86484
176.96,-22.60873,5.053107,17.91341,0,0,0,-22.77589,4.913326,17.86484
176.9693,-22.60873,5.053107,17.91341,0,0,0,-22.77589,4.913326,17.86484
176.9772,-22.60873,5.053107,17.91341,0,0,0,-22.77589,4.913326,17.86484
176.9863,-22.60873,5.053107,17.91341,0,0,0,-22.77589,4.913326,17.86484
176.9957,-22.60873,5.053107,17.91341,0,0,0,-22.77589,4.913326,17.86484
177.0036,-22.6072,5.053352,17.9128,0,0,0,-22.77589,4.913326,17.86484
177.0126,-22.6072,5.053352,17.9128,0,0,0,-22.77589,4.913326,17.86484
177.0213,-22.60809,5.052861,17.91493,0,0,0,-22.77589,4.913326,17.86484
177.031,-22.60809,5.052861,17.91493,0,0,0,-22.77589,4.913326,17.86484
177.039,-22.60809,5.052861,17.91493,0,0,0,-22.77589,4.913326,17.86484
177.0474,-22.60809,5.052861,17.91493,0,0,0,-22.77589,4.913326,17.86484
177.0563,-22.60809,5.052861,17.91493,0,0,0,-22.77589,4.913326,17.86484
177.0654,-22.60809,5.052861,17.91493,0,0,0,-22.77589,4.913326,17.86484
177.0745,-22.60809,5.052861,17.91493,0,0,0,-22.77589,4.913326,17.86484
177.0831,-22.60809,5.052861,17.91493,0,0,0,-22.77589,4.913326,17.86484
177.0927,-22.60809,5.052861,17.91493,0,0,0,-22.77589,4.913326,17.86484
177.1018,-22.60655,5.053106,17.91432,0,0,0,-22.77589,4.913326,17.86484
177.1138,-22.60655,5.053106,17.91432,0,0,0,-22.77589,4.913326,17.86484
177.1228,-22.60809,5.052861,17.91493,0,0,0,-22.77589,4.913326,17.86484
177.1334,-22.60809,5.052861,17.91493,0,0,0,-22.77589,4.913326,17.86484
177.1442,-22.60873,5.053107,17.91341,0,0,0,-22.77589,4.913326,17.86484
177.1581,-22.60873,5.053107,17.91341,0,0,0,-22.77589,4.913326,17.86484
177.1665,-22.60655,5.053106,17.91432,0,0,0,-22.77589,4.913326,17.86484
177.1787,-22.60655,5.053106,17.91432,0,0,0,-22.77589,4.913326,17.86484
177.1869,-22.60655,5.053106,17.91432,0,0,0,-22.77589,4.913326,17.86484
177.1986,-22.60655,5.053106,17.91432,0,0,0,-22.77589,4.913326,17.86484
177.2103,-22.6072,5.053352,17.9128,0,0,0,-22.77589,4.913326,17.86484
177.2229,-22.60809,5.052861,17.91493,0,0,0,-22.77589,4.913326,17.86484
177.2339,-22.60809,5.052861,17.91493,0,0,0,-22.77589,4.913326,17.86484
177.2423,-22.60655,5.053106,17.91432,0,0,0,-22.77589,4.913326,17.86484
177.2566,-22.60655,5.053106,17.91432,0,0,0,-22.77589,4.913326,17.86484
177.2668,-22.60655,5.053106,17.91432,0,0,0,-22.77589,4.913326,17.86484
177.2766,-22.60655,5.053106,17.91432,0,0,0,-22.77589,4.913326,17.86484
177.2849,-22.60655,5.053106,17.91432,0,0,0,-22.77589,4.913326,17.86484
177.2987,-22.60655,5.053106,17.91432,0,0,0,-22.77589,4.913326,17.86484
177.3067,-22.60655,5.053106,17.91432,0,0,0,-22.77589,4.913326,17.86484
177.3161,-22.60655,5.053106,17.91432,0,0,0,-22.77589,4.913326,17.86484
177.3242,-22.60655,5.053106,17.91432,0,0,0,-22.77589,4.913326,17.86484
177.3349,-22.60655,5.053106,17.91432,0,0,0,-22.77589,4.913326,17.86484
177.3434,-22.6072,5.053352,17.9128,0,0,0,-22.77589,4.913326,17.86484
177.3542,-22.6072,5.053352,17.9128,0,0,0,-22.77589,4.913326,17.86484
177.3665,-22.6072,5.053352,17.9128,0,0,0,-22.77589,4.913326,17.86484
177.3758,-22.6072,5.053352,17.9128,0,0,0,-22.77589,4.913326,17.86484
177.3859,-22.60655,5.053106,17.91432,0,0,0,-22.77589,4.913326,17.86484
177.397,-22.60655,5.053106,17.91432,0,0,0,-22.77589,4.913326,17.86484
177.406,-22.60655,5.053106,17.91432,0,0,0,-22.77589,4.913326,17.86484
177.4156,-22.60655,5.053106,17.91432,0,0,0,-22.77589,4.913326,17.86484
177.4236,-22.6072,5.053352,17.9128,0,0,0,-22.77589,4.913326,17.86484
177.4337,-22.6072,5.053352,17.9128,0,0,0,-22.77589,4.913326,17.86484
177.4416,-22.6072,5.053352,17.9128,0,0,0,-22.77589,4.913326,17.86484
177.4513,-22.6072,5.053352,17.9128,0,0,0,-22.77589,4.913326,17.86484
177.4595,-22.6072,5.053352,17.9128,0,0,0,-22.77589,4.913326,17.86484
177.4678,-22.60784,5.053352,17.91317,0,0,0,-22.77589,4.913326,17.86484
177.4805,-22.60784,5.053352,17.91317,0,0,0,-22.77589,4.913326,17.86484
177.49,-22.60784,5.053352,17.91317,0,0,0,-22.77589,4.913326,17.86484
177.498,-22.60784,5.053352,17.91317,0,0,0,-22.77589,4.913326,17.86484
177.5057,-22.60937,5.053107,17.91378,0,0,0,-22.77589,4.913326,17.86484
177.515,-22.60937,5.053107,17.91378,0,0,0,-22.77589,4.913326,17.86484
177.5258,-22.6072,5.053106,17.91469,0,0,0,-22.77589,4.913326,17.86484
177.5348,-22.6072,5.053106,17.91469,0,0,0,-22.77589,4.913326,17.86484
177.5458,-22.6072,5.053106,17.91469,0,0,0,-22.77589,4.913326,17.86484
177.5547,-22.6072,5.053106,17.91469,0,0,0,-22.77589,4.913326,17.86484
177.5633,-22.60784,5.053352,17.91317,0,0,0,-22.77589,4.913326,17.86484
177.5748,-22.60784,5.053352,17.91317,0,0,0,-22.77589,4.913326,17.86484
177.5826,-22.60784,5.053352,17.91317,0,0,0,-22.77589,4.913326,17.86484
177.5925,-22.60784,5.053352,17.91317,0,0,0,-22.77589,4.913326,17.86484
177.6017,-22.60784,5.053352,17.91317,0,0,0,-22.77589,4.913326,17.86484
177.6107,-22.60784,5.053352,17.91317,0,0,0,-22.77589,4.913326,17.86484
177.6187,-22.60784,5.053352,17.91317,0,0,0,-22.77589,4.913326,17.86484
177.6267,-22.60784,5.053352,17.91317,0,0,0,-22.77589,4.913326,17.86484
177.6362,-22.60784,5.053352,17.91317,0,0,0,-22.77589,4.913326,17.86484
177.6444,-22.60784,5.053352,17.91317,0,0,0,-22.77589,4.913326,17.86484
177.6575,-22.60784,5.053352,17.91317,0,0,0,-22.77589,4.913326,17.86484
177.6664,-22.60784,5.053352,17.91317,0,0,0,-22.77589,4.913326,17.86484
177.6754,-22.60784,5.053352,17.91317,0,0,0,-22.77589,4.913326,17.86484
177.6836,-22.60784,5.053352,17.91317,0,0,0,-22.77589,4.913326,17.86484
177.6935,-22.60784,5.053352,17.91317,0,0,0,-22.77589,4.913326,17.86484
177.7014,-22.6072,5.053106,17.91469,0,0,0,-22.77589,4.913326,17.86484
177.7107,-22.6072,5.053106,17.91469,0,0,0,-22.77589,4.913326,17.86484
177.7189,-22.6072,5.053106,17.91469,0,0,0,-22.77589,4.913326,17.86484
177.7267,-22.60784,5.053352,17.91317,0,0,0,-22.77589,4.913326,17.86484
177.7359,-22.60784,5.053352,17.91317,0,0,0,-22.77589,4.913326,17.86484
177.7441,-22.60784,5.053352,17.91317,0,0,0,-22.77589,4.913326,17.86484
177.7543,-22.60784,5.053352,17.91317,0,0,0,-22.77589,4.913326,17.86484
177.7622,-22.60784,5.053352,17.91317,0,0,0,-22.77589,4.913326,17.86484
177.7712,-22.60784,5.053352,17.91317,0,0,0,-22.77589,4.913326,17.86484
177.7791,-22.60784,5.053352,17.91317,0,0,0,-22.77589,4.913326,17.86484
177.7873,-22.60849,5.053599,17.91165,0,0,0,-22.77589,4.913326,17.86484
177.7967,-22.60849,5.053599,17.91165,0,0,0,-22.77589,4.913326,17.86484
177.8079,-22.6072,5.053352,17.9128,0,0,0,-22.77589,4.913326,17.86484
177.8183,-22.6072,5.053352,17.9128,0,0,0,-22.77589,4.913326,17.86484
177.8262,-22.6072,5.053352,17.9128,0,0,0,-22.77589,4.913326,17.86484
177.8353,-22.6072,5.053352,17.9128,0,0,0,-22.77589,4.913326,17.86484
177.8452,-22.6072,5.053352,17.9128,0,0,0,-22.77589,4.913326,17.86484
177.8548,-22.6072,5.053352,17.9128,0,0,0,-22.77589,4.913326,17.86484
177.8643,-22.6072,5.053599,17.91092,0,0,0,-22.77589,4.913326,17.86484
177.8746,-22.6072,5.053599,17.91092,0,0,0,-22.77589,4.913326,17.86484
177.8829,-22.60704,5.053298,17.9113,0,0,0,-22.77589,4.913326,17.86484
177.8934,-22.60704,5.053298,17.9113,0,0,0,-22.77589,4.913326,17.86484
177.9032,-22.60704,5.053298,17.9113,0,0,0,-22.77589,4.913326,17.86484
177.9138,-22.60704,5.053298,17.9113,0,0,0,-22.77589,4.913326,17.86484
177.922,-22.60704,5.053298,17.9113,0,0,0,-22.77589,4.913326,17.86484
177.9365,-22.60704,5.053298,17.9113,0,0,0,-22.77589,4.913326,17.86484
177.946,-22.60574,5.052804,17.91434,0,0,0,-22.77589,4.913326,17.86484
177.9557,-22.60574,5.052804,17.91434,0,0,0,-22.77589,4.913326,17.86484
177.9644,-22.6051,5.05256,17.91586,0,0,0,-22.77589,4.913326,17.86484
177.9763,-22.6051,5.05256,17.91586,0,0,0,-22.77589,4.913326,17.86484
177.9969,-22.60445,5.052078,17.91927,0,0,0,-22.77589,4.913326,17.86484
178.0067,-22.60598,5.051833,17.91988,0,0,0,-22.77589,4.913326,17.86484
178.0158,-22.60598,5.051833,17.91988,0,0,0,-22.77589,4.913326,17.86484
178.0238,-22.60462,5.052142,17.92077,0,0,0,-22.77589,4.913326,17.86484
178.0327,-22.60462,5.052142,17.92077,0,0,0,-22.77589,4.913326,17.86484
178.0422,-22.60527,5.052142,17.92114,0,0,0,-22.77589,4.913326,17.86484
178.0534,-22.60527,5.052142,17.92114,0,0,0,-22.77589,4.913326,17.86484
178.0618,-22.60591,5.05238,17.91962,0,0,0,-22.77589,4.913326,17.86484
178.071,-22.60591,5.05238,17.91962,0,0,0,-22.77589,4.913326,17.86484
178.079,-22.60591,5.05238,17.91962,0,0,0,-22.77589,4.913326,17.86484
178.087,-22.60591,5.05238,17.91962,0,0,0,-22.77589,4.913326,17.86484
178.0992,-22.60591,5.05238,17.91962,0,0,0,-22.77589,4.913326,17.86484
178.1074,-22.60591,5.05238,17.91962,0,0,0,-22.77589,4.913326,17.86484
178.117,-22.60591,5.05238,17.91962,0,0,0,-22.77589,4.913326,17.86484
178.1259,-22.60591,5.052381,17.91962,0,0,0,-22.77589,4.913326,17.86484
178.135,-22.60591,5.052381,17.91962,0,0,0,-22.77589,4.913326,17.86484
178.1455,-22.60591,5.05238,17.91962,0,0,0,-22.77589,4.913326,17.86484
178.1546,-22.60591,5.05238,17.91962,0,0,0,-22.77589,4.913326,17.86484
178.1634,-22.60655,5.05262,17.9181,0,0,0,-22.77589,4.913326,17.86484
178.1729,-22.60655,5.05262,17.9181,0,0,0,-22.77589,4.913326,17.86484
178.1812,-22.60655,5.05262,17.9181,0,0,0,-22.77589,4.913326,17.86484
178.1937,-22.60655,5.05262,17.9181,0,0,0,-22.77589,4.913326,17.86484
178.2023,-22.60655,5.05262,17.9181,0,0,0,-22.77589,4.913326,17.86484
178.2117,-22.60655,5.05262,17.9181,0,0,0,-22.77589,4.913326,17.86484
178.2195,-22.60655,5.05262,17.9181,0,0,0,-22.77589,4.913326,17.86484
178.2294,-22.60655,5.05262,17.9181,0,0,0,-22.77589,4.913326,17.86484
178.2385,-22.60655,5.05262,17.9181,0,0,0,-22.77589,4.913326,17.86484
178.2469,-22.6072,5.052862,17.91658,0,0,0,-22.77589,4.913326,17.86484
178.2563,-22.6072,5.052862,17.91658,0,0,0,-22.77589,4.913326,17.86484
178.2655,-22.6072,5.052862,17.91658,0,0,0,-22.77589,4.913326,17.86484
178.2763,-22.6072,5.052862,17.91658,0,0,0,-22.77589,4.913326,17.86484
178.2878,-22.6072,5.052862,17.91658,0,0,0,-22.77589,4.913326,17.86484
178.2977,-22.6072,5.052862,17.91658,0,0,0,-22.77589,4.913326,17.86484
178.3056,-22.60784,5.052862,17.91694,0,0,0,-22.77589,4.913326,17.86484
178.3147,-22.60784,5.052862,17.91694,0,0,0,-22.77589,4.913326,17.86484
178.3227,-22.60567,5.052866,17.91786,0,0,0,-22.77589,4.913326,17.86484
178.3328,-22.60567,5.052866,17.91786,0,0,0,-22.77589,4.913326,17.86484
178.3411,-22.6072,5.05262,17.91846,0,0,0,-22.77589,4.913326,17.86484
178.3504,-22.6072,5.05262,17.91846,0,0,0,-22.77589,4.913326,17.86484
178.3585,-22.6072,5.05262,17.91846,0,0,0,-22.77589,4.913326,17.86484
178.3667,-22.60849,5.052862,17.91731,0,0,0,-22.77589,4.913326,17.86484
178.3776,-22.60849,5.052862,17.91731,0,0,0,-22.77589,4.913326,17.86484
178.3877,-22.6076,5.053352,17.91518,0,0,0,-22.77589,4.913326,17.86484
178.3974,-22.6076,5.053352,17.91518,0,0,0,-22.77589,4.913326,17.86484
178.4059,-22.6076,5.053352,17.91518,0,0,0,-22.77589,4.913326,17.86484
178.4156,-22.6076,5.053352,17.91518,0,0,0,-22.77589,4.913326,17.86484
178.424,-22.60606,5.053601,17.91457,0,0,0,-22.77589,4.913326,17.86484
178.4335,-22.60606,5.053601,17.91457,0,0,0,-22.77589,4.913326,17.86484
178.4424,-22.60671,5.053846,17.91305,0,0,0,-22.77589,4.913326,17.86484
178.4524,-22.60671,5.053846,17.91305,0,0,0,-22.77589,4.913326,17.86484
178.4612,-22.60606,5.053601,17.91457,0,0,0,-22.77589,4.913326,17.86484
178.4711,-22.60606,5.053601,17.91457,0,0,0,-22.77589,4.913326,17.86484
178.4799,-22.60606,5.053601,17.91457,0,0,0,-22.77589,4.913326,17.86484
178.4925,-22.60607,5.0536,17.91457,0,0,0,-22.77589,4.913326,17.86484
178.5017,-22.60606,5.053601,17.91457,0,0,0,-22.77589,4.913326,17.86484
178.511,-22.60606,5.053601,17.91457,0,0,0,-22.77589,4.913326,17.86484
178.5195,-22.60606,5.053601,17.91457,0,0,0,-22.77589,4.913326,17.86484
178.5284,-22.60606,5.0536,17.91457,0,0,0,-22.77589,4.913326,17.86484
178.5388,-22.60606,5.0536,17.91457,0,0,0,-22.77589,4.913326,17.86484
178.5479,-22.60518,5.054097,17.91245,0,0,0,-22.77589,4.913326,17.86484
178.5573,-22.60518,5.054097,17.91245,0,0,0,-22.77589,4.913326,17.86484
178.566,-22.60671,5.053846,17.91305,0,0,0,-22.77589,4.913326,17.86484
178.5752,-22.60671,5.053846,17.91305,0,0,0,-22.77589,4.913326,17.86484
178.5834,-22.60671,5.053847,17.91305,0,0,0,-22.77589,4.913326,17.86484
178.5965,-22.60671,5.053847,17.91305,0,0,0,-22.77589,4.913326,17.86484
178.6049,-22.60671,5.053847,17.91305,0,0,0,-22.77589,4.913326,17.86484
178.6144,-22.60671,5.053847,17.91305,0,0,0,-22.77589,4.913326,17.86484
178.6223,-22.60518,5.054098,17.91245,0,0,0,-22.77589,4.913326,17.86484
178.6318,-22.60518,5.054098,17.91245,0,0,0,-22.77589,4.913326,17.86484
178.6399,-22.60518,5.054098,17.91245,0,0,0,-22.77589,4.913326,17.86484
178.6483,-22.60671,5.053846,17.91305,0,0,0,-22.77589,4.913326,17.86484
178.6585,-22.60671,5.053846,17.91305,0,0,0,-22.77589,4.913326,17.86484
178.6698,-22.60518,5.054098,17.91245,0,0,0,-22.77589,4.913326,17.86484
178.6798,-22.60518,5.054098,17.91245,0,0,0,-22.77589,4.913326,17.86484
178.6882,-22.60518,5.054097,17.91245,0,0,0,-22.77589,4.913326,17.86484
178.6998,-22.60518,5.054097,17.91245,0,0,0,-22.77589,4.913326,17.86484
178.7115,-22.60606,5.0536,17.91457,0,0,0,-22.77589,4.913326,17.86484
178.7259,-22.60518,5.054097,17.91245,0,0,0,-22.77589,4.913326,17.86484
178.736,-22.60518,5.054097,17.91245,0,0,0,-22.77589,4.913326,17.86484
178.7458,-22.60671,5.053846,17.91305,0,0,0,-22.77589,4.913326,17.86484
178.7556,-22.60671,5.053846,17.91305,0,0,0,-22.77589,4.913326,17.86484
178.7643,-22.60606,5.053601,17.91457,0,0,0,-22.77589,4.913326,17.86484
178.7744,-22.60606,5.053601,17.91457,0,0,0,-22.77589,4.913326,17.86484
178.7851,-22.60518,5.054097,17.91245,0,0,0,-22.77589,4.913326,17.86484
178.7958,-22.60518,5.054097,17.91245,0,0,0,-22.77589,4.913326,17.86484
178.8062,-22.60671,5.053846,17.91305,0,0,0,-22.77589,4.913326,17.86484
178.8179,-22.60671,5.053846,17.91305,0,0,0,-22.77589,4.913326,17.86484
178.8289,-22.60735,5.054096,17.91153,0,0,0,-22.77589,4.913326,17.86484
178.8385,-22.60735,5.054096,17.91153,0,0,0,-22.77589,4.913326,17.86484
178.848,-22.60582,5.054347,17.91092,0,0,0,-22.77589,4.913326,17.86484
178.8586,-22.60582,5.054347,17.91092,0,0,0,-22.77589,4.913326,17.86484
178.8668,-22.60735,5.054096,17.91153,0,0,0,-22.77589,4.913326,17.86484
178.8764,-22.60735,5.054096,17.91153,0,0,0,-22.77589,4.913326,17.86484
178.8849,-22.60735,5.054096,17.91153,0,0,0,-22.77589,4.913326,17.86484
178.8954,-22.60735,5.054096,17.91153,0,0,0,-22.77589,4.913326,17.86484
178.9051,-22.60735,5.054096,17.91153,0,0,0,-22.77589,4.913326,17.86484
178.9159,-22.60735,5.054096,17.91153,0,0,0,-22.77589,4.913326,17.86484
178.9287,-22.60582,5.054347,17.91092,0,0,0,-22.77589,4.913326,17.86484
178.9388,-22.60582,5.054347,17.91092,0,0,0,-22.77589,4.913326,17.86484
178.9503,-22.60582,5.054347,17.91092,0,0,0,-22.77589,4.913326,17.86484
178.963,-22.60735,5.054096,17.91153,0,0,0,-22.77589,4.913326,17.86484
178.974,-22.60735,5.054096,17.91153,0,0,0,-22.77589,4.913326,17.86484
178.9838,-22.60582,5.054347,17.91092,0,0,0,-22.77589,4.913326,17.86484
178.9981,-22.60582,5.054347,17.91092,0,0,0,-22.77589,4.913326,17.86484
179.0071,-22.60518,5.054098,17.91245,0,0,0,-22.77589,4.913326,17.86484
179.0175,-22.60518,5.054098,17.91245,0,0,0,-22.77589,4.913326,17.86484
179.0271,-22.60582,5.054346,17.91092,0,0,0,-22.77589,4.913326,17.86484
179.0369,-22.60582,5.054346,17.91092,0,0,0,-22.77589,4.913326,17.86484
179.0474,-22.60671,5.053847,17.91305,0,0,0,-22.77589,4.913326,17.86484
179.058,-22.60671,5.053847,17.91305,0,0,0,-22.77589,4.913326,17.86484
179.0676,-22.60735,5.054096,17.91153,0,0,0,-22.77589,4.913326,17.86484
179.0776,-22.60735,5.054096,17.91153,0,0,0,-22.77589,4.913326,17.86484
179.0862,-22.60582,5.054347,17.91092,0,0,0,-22.77589,4.913326,17.86484
179.0959,-22.60582,5.054347,17.91092,0,0,0,-22.77589,4.913326,17.86484
179.1042,-22.60735,5.054096,17.91153,0,0,0,-22.77589,4.913326,17.86484
179.114,-22.60735,5.054096,17.91153,0,0,0,-22.77589,4.913326,17.86484
179.1226,-22.60582,5.054347,17.91092,0,0,0,-22.77589,4.913326,17.86484
179.1323,-22.60582,5.054347,17.91092,0,0,0,-22.77589,4.913326,17.86484
179.1406,-22.60735,5.054096,17.91153,0,0,0,-22.77589,4.913326,17.86484
179.1507,-22.60735,5.054096,17.91153,0,0,0,-22.77589,4.913326,17.86484
179.1591,-22.60735,5.054096,17.91153,0,0,0,-22.77589,4.913326,17.86484
179.1691,-22.60735,5.054096,17.91153,0,0,0,-22.77589,4.913326,17.86484
179.1809,-22.60582,5.054347,17.91092,0,0,0,-22.77589,4.913326,17.86484
179.1906,-22.60582,5.054347,17.91092,0,0,0,-22.77589,4.913326,17.86484
179.1997,-22.60582,5.054347,17.91092,0,0,0,-22.77589,4.913326,17.86484
179.2081,-22.60735,5.054096,17.91153,0,0,0,-22.77589,4.913326,17.86484
179.2183,-22.60735,5.054096,17.91153,0,0,0,-22.77589,4.913326,17.86484
179.2268,-22.60735,5.054096,17.91153,0,0,0,-22.77589,4.913326,17.86484
179.2369,-22.60735,5.054096,17.91153,0,0,0,-22.77589,4.913326,17.86484
179.2458,-22.60735,5.054096,17.91153,0,0,0,-22.77589,4.913326,17.86484
179.2562,-22.60735,5.054096,17.91153,0,0,0,-22.77589,4.913326,17.86484
179.2667,-22.60518,5.054098,17.91245,0,0,0,-22.77589,4.913326,17.86484
179.2766,-22.60518,5.054098,17.91245,0,0,0,-22.77589,4.913326,17.86484
179.2879,-22.60671,5.053846,17.91305,0,0,0,-22.77589,4.913326,17.86484
179.2999,-22.60671,5.053846,17.91305,0,0,0,-22.77589,4.913326,17.86484
179.3144,-22.60671,5.053847,17.91305,0,0,0,-22.77589,4.913326,17.86484
179.3255,-22.60735,5.054096,17.91153,0,0,0,-22.77589,4.913326,17.86484
179.3371,-22.60735,5.054096,17.91153,0,0,0,-22.77589,4.913326,17.86484
179.3498,-22.60735,5.054096,17.91153,0,0,0,-22.77589,4.913326,17.86484
179.361,-22.60671,5.053847,17.91305,0,0,0,-22.77589,4.913326,17.86484
179.3736,-22.60671,5.053847,17.91305,0,0,0,-22.77589,4.913326,17.86484
179.3867,-22.60718,5.053793,17.91192,0,0,0,-22.77589,4.913326,17.86484
179.3979,-22.60718,5.053793,17.91192,0,0,0,-22.77589,4.913326,17.86484
179.4078,-22.60718,5.053794,17.91192,0,0,0,-22.77589,4.913326,17.86484
179.4192,-22.60718,5.053794,17.91192,0,0,0,-22.77589,4.913326,17.86484
179.4288,-22.60783,5.054044,17.9104,0,0,0,-22.77589,4.913326,17.86484
179.4384,-22.60783,5.054044,17.9104,0,0,0,-22.77589,4.913326,17.86484
179.4473,-22.60718,5.053794,17.91192,0,0,0,-22.77589,4.913326,17.86484
179.457,-22.60718,5.053794,17.91192,0,0,0,-22.77589,4.913326,17.86484
179.4659,-22.60783,5.054044,17.9104,0,0,0,-22.77589,4.913326,17.86484
179.4754,-22.60783,5.054044,17.9104,0,0,0,-22.77589,4.913326,17.86484
179.4841,-22.60783,5.054044,17.9104,0,0,0,-22.77589,4.913326,17.86484
179.4941,-22.60783,5.054044,17.9104,0,0,0,-22.77589,4.913326,17.86484
179.5031,-22.60847,5.054296,17.90888,0,0,0,-22.77589,4.913326,17.86484
179.5141,-22.60847,5.054296,17.90888,0,0,0,-22.77589,4.913326,17.86484
179.5253,-22.60694,5.054547,17.90827,0,0,0,-22.77589,4.913326,17.86484
179.5349,-22.60694,5.054547,17.90827,0,0,0,-22.77589,4.913326,17.86484
179.5436,-22.60847,5.054296,17.90888,0,0,0,-22.77589,4.913326,17.86484
179.554,-22.60847,5.054296,17.90888,0,0,0,-22.77589,4.913326,17.86484
179.5628,-22.60694,5.054547,17.90827,0,0,0,-22.77589,4.913326,17.86484
179.5726,-22.60694,5.054547,17.90827,0,0,0,-22.77589,4.913326,17.86484
179.5814,-22.60847,5.054295,17.90888,0,0,0,-22.77589,4.913326,17.86484
179.5916,-22.60847,5.054295,17.90888,0,0,0,-22.77589,4.913326,17.86484
179.6002,-22.60847,5.054296,17.90888,0,0,0,-22.77589,4.913326,17.86484
179.6097,-22.60847,5.054296,17.90888,0,0,0,-22.77589,4.913326,17.86484
179.6187,-22.60847,5.054296,17.90888,0,0,0,-22.77589,4.913326,17.86484
179.6274,-22.60911,5.05455,17.90736,0,0,0,-22.77589,4.913326,17.86484
179.638,-22.60911,5.05455,17.90736,0,0,0,-22.77589,4.913326,17.86484
179.6496,-22.60694,5.054546,17.90827,0,0,0,-22.77589,4.913326,17.86484
179.6622,-22.60911,5.05455,17.90736,0,0,0,-22.77589,4.913326,17.86484
179.6725,-22.60911,5.05455,17.90736,0,0,0,-22.77589,4.913326,17.86484
179.6844,-22.60911,5.05455,17.90736,0,0,0,-22.77589,4.913326,17.86484
179.6955,-22.60911,5.05455,17.90736,0,0,0,-22.77589,4.913326,17.86484
179.7065,-22.60911,5.05455,17.90736,0,0,0,-22.77589,4.913326,17.86484
179.7168,-22.60911,5.05455,17.90736,0,0,0,-22.77589,4.913326,17.86484
179.7253,-22.60911,5.05455,17.90736,0,0,0,-22.77589,4.913326,17.86484
179.7358,-22.60911,5.05455,17.90736,0,0,0,-22.77589,4.913326,17.86484
179.7466,-22.60758,5.054801,17.90675,0,0,0,-22.77589,4.913326,17.86484
179.7598,-22.60758,5.054801,17.90675,0,0,0,-22.77589,4.913326,17.86484
179.7734,-22.60911,5.05455,17.90736,0,0,0,-22.77589,4.913326,17.86484
179.7836,-22.60911,5.05455,17.90736,0,0,0,-22.77589,4.913326,17.86484
179.7972,-22.60911,5.05455,17.90736,0,0,0,-22.77589,4.913326,17.86484
179.8073,-22.60758,5.054801,17.90675,0,0,0,-22.77589,4.913326,17.86484
179.8167,-22.60758,5.054801,17.90675,0,0,0,-22.77589,4.913326,17.86484
179.8251,-22.60911,5.05455,17.90736,0,0,0,-22.77589,4.913326,17.86484
179.8357,-22.60911,5.05455,17.90736,0,0,0,-22.77589,4.913326,17.86484
179.8444,-22.60911,5.05455,17.90736,0,0,0,-22.77589,4.913326,17.86484
179.8537,-22.60911,5.05455,17.90736,0,0,0,-22.77589,4.913326,17.86484
179.8641,-22.60911,5.05455,17.90736,0,0,0,-22.77589,4.913326,17.86484
179.8739,-22.60911,5.05455,17.90736,0,0,0,-22.77589,4.913326,17.86484
179.8854,-22.60911,5.05455,17.90736,0,0,0,-22.77589,4.913326,17.86484
179.8961,-22.60911,5.05455,17.90736,0,0,0,-22.77589,4.913326,17.86484
179.9041,-22.60911,5.05455,17.90736,0,0,0,-22.77589,4.913326,17.86484
179.9135,-22.60911,5.05455,17.90736,0,0,0,-22.77589,4.913326,17.86484
179.9217,-22.60911,5.05455,17.90736,0,0,0,-22.77589,4.913326,17.86484
179.9318,-22.60911,5.05455,17.90736,0,0,0,-22.77589,4.913326,17.86484
179.9428,-22.60694,5.054546,17.90827,0,0,0,-22.77589,4.913326,17.86484
179.9525,-22.60694,5.054546,17.90827,0,0,0,-22.77589,4.913326,17.86484
179.9612,-22.60911,5.05455,17.90736,0,0,0,-22.77589,4.913326,17.86484
179.9704,-22.60911,5.05455,17.90736,0,0,0,-22.77589,4.913326,17.86484
179.979,-22.60911,5.05455,17.90736,0,0,0,-22.77589,4.913326,17.86484
179.9871,-22.60911,5.05455,17.90736,0,0,0,-22.77589,4.913326,17.86484
179.9967,-22.60911,5.05455,17.90736,0,0,0,-22.77589,4.913326,17.86484
180.0049,-22.60758,5.054801,17.90675,0,0,0,-22.77589,4.913326,17.86484
180.0172,-22.60758,5.054801,17.90675,0,0,0,-22.77589,4.913326,17.86484
180.0287,-22.60847,5.054296,17.90888,0,0,0,-22.77589,4.913326,17.86484
180.039,-22.60847,5.054296,17.90888,0,0,0,-22.77589,4.913326,17.86484
180.0478,-22.60847,5.054296,17.90888,0,0,0,-22.77589,4.913326,17.86484
180.0573,-22.60847,5.054296,17.90888,0,0,0,-22.77589,4.913326,17.86484
180.0659,-22.60783,5.054044,17.9104,0,0,0,-22.77589,4.913326,17.86484
180.0749,-22.60783,5.054044,17.9104,0,0,0,-22.77589,4.913326,17.86484
180.0831,-22.60783,5.054044,17.9104,0,0,0,-22.77589,4.913326,17.86484
180.0919,-22.60783,5.054044,17.9104,0,0,0,-22.77589,4.913326,17.86484
180.1007,-22.60629,5.054295,17.90979,0,0,0,-22.77589,4.913326,17.86484
180.1098,-22.60629,5.054295,17.90979,0,0,0,-22.77589,4.913326,17.86484
180.1176,-22.60629,5.054295,17.90979,0,0,0,-22.77589,4.913326,17.86484
180.1252,-22.60629,5.054045,17.91168,0,0,0,-22.77589,4.913326,17.86484
180.1351,-22.60629,5.054045,17.91168,0,0,0,-22.77589,4.913326,17.86484
180.1431,-22.60783,5.053794,17.91228,0,0,0,-22.77589,4.913326,17.86484
180.1541,-22.60783,5.053794,17.91228,0,0,0,-22.77589,4.913326,17.86484
180.1639,-22.60783,5.053794,17.91228,0,0,0,-22.77589,4.913326,17.86484
180.1751,-22.60783,5.053794,17.91228,0,0,0,-22.77589,4.913326,17.86484
180.1852,-22.60783,5.053794,17.91228,0,0,0,-22.77589,4.913326,17.86484
180.197,-22.60783,5.053794,17.91228,0,0,0,-22.77589,4.913326,17.86484
180.2062,-22.60565,5.053795,17.9132,0,0,0,-22.77589,4.913326,17.86484
180.2209,-22.60629,5.054044,17.91168,0,0,0,-22.77589,4.913326,17.86484
180.2318,-22.60629,5.054044,17.91168,0,0,0,-22.77589,4.913326,17.86484
180.241,-22.60565,5.053795,17.9132,0,0,0,-22.77589,4.913326,17.86484
180.2527,-22.60565,5.053795,17.9132,0,0,0,-22.77589,4.913326,17.86484
180.2653,-22.60679,5.052871,17.91475,0,0,0,-22.77589,4.913326,17.86484
180.2758,-22.60679,5.052871,17.91475,0,0,0,-22.77589,4.913326,17.86484
180.2853,-22.60478,5.053179,17.91529,0,0,0,-22.77589,4.913326,17.86484
180.2979,-22.60478,5.053179,17.91529,0,0,0,-22.77589,4.913326,17.86484
180.3067,-22.60478,5.053179,17.91529,0,0,0,-22.77589,4.913326,17.86484
180.3175,-22.60478,5.053179,17.91529,0,0,0,-22.77589,4.913326,17.86484
180.3257,-22.60414,5.053179,17.91492,0,0,0,-22.77589,4.913326,17.86484
180.3358,-22.60414,5.053179,17.91492,0,0,0,-22.77589,4.913326,17.86484
180.3445,-22.60414,5.053179,17.91492,0,0,0,-22.77589,4.913326,17.86484
180.3542,-22.60414,5.053179,17.91492,0,0,0,-22.77589,4.913326,17.86484
180.3659,-22.60414,5.053179,17.91492,0,0,0,-22.77589,4.913326,17.86484
180.3761,-22.60414,5.053179,17.91492,0,0,0,-22.77589,4.913326,17.86484
180.3862,-22.60414,5.053179,17.91492,0,0,0,-22.77589,4.913326,17.86484
180.3966,-22.60414,5.053179,17.91492,0,0,0,-22.77589,4.913326,17.86484
180.406,-22.60414,5.053179,17.91492,0,0,0,-22.77589,4.913326,17.86484
180.4167,-22.60414,5.053179,17.91492,0,0,0,-22.77589,4.913326,17.86484
180.426,-22.60567,5.052928,17.91552,0,0,0,-22.77589,4.913326,17.86484
180.436,-22.60567,5.052928,17.91552,0,0,0,-22.77589,4.913326,17.86484
180.4452,-22.60414,5.053179,17.91492,0,0,0,-22.77589,4.913326,17.86484
180.4554,-22.60414,5.053179,17.91492,0,0,0,-22.77589,4.913326,17.86484
180.4641,-22.60567,5.052928,17.91552,0,0,0,-22.77589,4.913326,17.86484
180.4742,-22.60567,5.052928,17.91552,0,0,0,-22.77589,4.913326,17.86484
180.4837,-22.60567,5.052928,17.91552,0,0,0,-22.77589,4.913326,17.86484
180.4941,-22.60567,5.052928,17.91552,0,0,0,-22.77589,4.913326,17.86484
180.5023,-22.60503,5.052684,17.91705,0,0,0,-22.77589,4.913326,17.86484
180.5121,-22.60503,5.052684,17.91705,0,0,0,-22.77589,4.913326,17.86484
180.5211,-22.60349,5.052936,17.91644,0,0,0,-22.77589,4.913326,17.86484
180.5307,-22.60349,5.052936,17.91644,0,0,0,-22.77589,4.913326,17.86484
180.5391,-22.60349,5.052936,17.91644,0,0,0,-22.77589,4.913326,17.86484
180.5486,-22.60349,5.052936,17.91644,0,0,0,-22.77589,4.913326,17.86484
180.5581,-22.60349,5.052936,17.91644,0,0,0,-22.77589,4.913326,17.86484
180.5668,-22.60519,5.052986,17.91666,0,0,0,-22.77589,4.913326,17.86484
180.5769,-22.60519,5.052986,17.91666,0,0,0,-22.77589,4.913326,17.86484
180.5865,-22.60366,5.053237,17.91605,0,0,0,-22.77589,4.913326,17.86484
180.5961,-22.60366,5.053237,17.91605,0,0,0,-22.77589,4.913326,17.86484
180.6043,-22.60519,5.052986,17.91666,0,0,0,-22.77589,4.913326,17.86484
180.6145,-22.60519,5.052986,17.91666,0,0,0,-22.77589,4.913326,17.86484
180.6224,-22.60431,5.05348,17.91453,0,0,0,-22.77589,4.913326,17.86484
180.6322,-22.60431,5.05348,17.91453,0,0,0,-22.77589,4.913326,17.86484
180.6406,-22.60431,5.053481,17.91453,0,0,0,-22.77589,4.913326,17.86484
180.6511,-22.60431,5.053481,17.91453,0,0,0,-22.77589,4.913326,17.86484
180.6616,-22.60366,5.053238,17.91605,0,0,0,-22.77589,4.913326,17.86484
180.6712,-22.60366,5.053238,17.91605,0,0,0,-22.77589,4.913326,17.86484
180.6796,-22.60366,5.053238,17.91605,0,0,0,-22.77589,4.913326,17.86484
180.689,-22.60447,5.053782,17.91415,0,0,0,-22.77589,4.913326,17.86484
180.7021,-22.60447,5.053782,17.91415,0,0,0,-22.77589,4.913326,17.86484
180.7126,-22.60447,5.053782,17.91415,0,0,0,-22.77589,4.913326,17.86484
180.7212,-22.60447,5.053782,17.91415,0,0,0,-22.77589,4.913326,17.86484
180.7342,-22.60447,5.053782,17.91415,0,0,0,-22.77589,4.913326,17.86484
180.7438,-22.60464,5.054083,17.91376,0,0,0,-22.77589,4.913326,17.86484
180.7545,-22.60464,5.054083,17.91376,0,0,0,-22.77589,4.913326,17.86484
180.7643,-22.60464,5.054083,17.91376,0,0,0,-22.77589,4.913326,17.86484
180.7758,-22.60464,5.054083,17.91376,0,0,0,-22.77589,4.913326,17.86484
180.7865,-22.60464,5.054083,17.91376,0,0,0,-22.77589,4.913326,17.86484
180.8013,-22.60464,5.054083,17.91376,0,0,0,-22.77589,4.913326,17.86484
180.8134,-22.60464,5.054083,17.91376,0,0,0,-22.77589,4.913326,17.86484
180.825,-22.60464,5.054083,17.91376,0,0,0,-22.77589,4.913326,17.86484
180.8366,-22.60464,5.054083,17.91376,0,0,0,-22.77589,4.913326,17.86484
180.8474,-22.60464,5.054083,17.91376,0,0,0,-22.77589,4.913326,17.86484
180.8582,-22.60464,5.054083,17.91376,0,0,0,-22.77589,4.913326,17.86484
180.8685,-22.60464,5.054083,17.91376,0,0,0,-22.77589,4.913326,17.86484
180.8799,-22.60464,5.054083,17.91376,0,0,0,-22.77589,4.913326,17.86484
180.8886,-22.60375,5.05458,17.91163,0,0,0,-22.77589,4.913326,17.86484
180.9,-22.60464,5.054083,17.91376,0,0,0,-22.77589,4.913326,17.86484
180.9106,-22.60464,5.054083,17.91376,0,0,0,-22.77589,4.913326,17.86484
180.9203,-22.60375,5.05458,17.91163,0,0,0,-22.77589,4.913326,17.86484
180.9303,-22.60375,5.05458,17.91163,0,0,0,-22.77589,4.913326,17.86484
180.9417,-22.60528,5.054327,17.91224,0,0,0,-22.77589,4.913326,17.86484
180.9513,-22.60528,5.054327,17.91224,0,0,0,-22.77589,4.913326,17.86484
180.9628,-22.60528,5.054327,17.91224,0,0,0,-22.77589,4.913326,17.86484
180.9725,-22.60528,5.054327,17.91224,0,0,0,-22.77589,4.913326,17.86484
180.9817,-22.60528,5.054327,17.91224,0,0,0,-22.77589,4.913326,17.86484
180.9909,-22.60528,5.054327,17.91224,0,0,0,-22.77589,4.913326,17.86484
181.0003,-22.60375,5.05458,17.91163,0,0,0,-22.77589,4.913326,17.86484
181.0107,-22.60375,5.05458,17.91163,0,0,0,-22.77589,4.913326,17.86484
181.0191,-22.60375,5.05458,17.91163,0,0,0,-22.77589,4.913326,17.86484
181.0281,-22.60375,5.05458,17.91163,0,0,0,-22.77589,4.913326,17.86484
181.0375,-22.60375,5.05458,17.91163,0,0,0,-22.77589,4.913326,17.86484
181.0464,-22.60375,5.05458,17.91163,0,0,0,-22.77589,4.913326,17.86484
181.0563,-22.60375,5.05458,17.91163,0,0,0,-22.77589,4.913326,17.86484
181.0652,-22.60375,5.05458,17.91163,0,0,0,-22.77589,4.913326,17.86484
181.0754,-22.60375,5.05458,17.91163,0,0,0,-22.77589,4.913326,17.86484
181.0842,-22.60439,5.054827,17.91011,0,0,0,-22.77589,4.913326,17.86484
181.0948,-22.60439,5.054827,17.91011,0,0,0,-22.77589,4.913326,17.86484
181.1035,-22.60221,5.054835,17.91103,0,0,0,-22.77589,4.913326,17.86484
181.1135,-22.60221,5.054835,17.91103,0,0,0,-22.77589,4.913326,17.86484
181.1224,-22.60068,5.055092,17.91042,0,0,0,-22.77589,4.913326,17.86484
181.1321,-22.60068,5.055092,17.91042,0,0,0,-22.77589,4.913326,17.86484
181.1435,-22.59979,5.055598,17.9083,0,0,0,-22.77589,4.913326,17.86484
181.1535,-22.59979,5.055598,17.9083,0,0,0,-22.77589,4.913326,17.86484
181.1636,-22.59915,5.055351,17.90982,0,0,0,-22.77589,4.913326,17.86484
181.1729,-22.59915,5.055351,17.90982,0,0,0,-22.77589,4.913326,17.86484
181.1812,-22.59979,5.055598,17.9083,0,0,0,-22.77589,4.913326,17.86484
181.1902,-22.59979,5.055598,17.9083,0,0,0,-22.77589,4.913326,17.86484
181.1991,-22.59979,5.055598,17.9083,0,0,0,-22.77589,4.913326,17.86484
181.2072,-22.59915,5.055351,17.90982,0,0,0,-22.77589,4.913326,17.86484
181.218,-22.59915,5.055351,17.90982,0,0,0,-22.77589,4.913326,17.86484
181.2274,-22.59826,5.05586,17.90769,0,0,0,-22.77589,4.913326,17.86484
181.2371,-22.59826,5.05586,17.90769,0,0,0,-22.77589,4.913326,17.86484
181.2462,-22.59826,5.05586,17.90769,0,0,0,-22.77589,4.913326,17.86484
181.2554,-22.59826,5.05586,17.90769,0,0,0,-22.77589,4.913326,17.86484
181.2645,-22.59762,5.055613,17.90922,0,0,0,-22.77589,4.913326,17.86484
181.274,-22.59762,5.055613,17.90922,0,0,0,-22.77589,4.913326,17.86484
181.2836,-22.59826,5.05586,17.90769,0,0,0,-22.77589,4.913326,17.86484
181.293,-22.59826,5.05586,17.90769,0,0,0,-22.77589,4.913326,17.86484
181.3013,-22.59826,5.05586,17.90769,0,0,0,-22.77589,4.913326,17.86484
181.311,-22.59826,5.05586,17.90769,0,0,0,-22.77589,4.913326,17.86484
181.3195,-22.59826,5.05586,17.90769,0,0,0,-22.77589,4.913326,17.86484
181.3286,-22.59826,5.05586,17.90769,0,0,0,-22.77589,4.913326,17.86484
181.3395,-22.59826,5.05586,17.90769,0,0,0,-22.77589,4.913326,17.86484
181.3495,-22.59826,5.05586,17.90769,0,0,0,-22.77589,4.913326,17.86484
181.3597,-22.59826,5.05586,17.90769,0,0,0,-22.77589,4.913326,17.86484
181.3683,-22.59826,5.05586,17.90769,0,0,0,-22.77589,4.913326,17.86484
181.3779,-22.59826,5.05586,17.90769,0,0,0,-22.77589,4.913326,17.86484
181.3868,-22.59826,5.05586,17.90769,0,0,0,-22.77589,4.913326,17.86484
181.3999,-22.59826,5.05586,17.90769,0,0,0,-22.77589,4.913326,17.86484
181.4105,-22.59826,5.05586,17.90769,0,0,0,-22.77589,4.913326,17.86484
181.4217,-22.59826,5.05586,17.90769,0,0,0,-22.77589,4.913326,17.86484
181.4349,-22.59826,5.05586,17.90769,0,0,0,-22.77589,4.913326,17.86484
181.4439,-22.59826,5.05586,17.90769,0,0,0,-22.77589,4.913326,17.86484
181.4546,-22.59826,5.05586,17.90769,0,0,0,-22.77589,4.913326,17.86484
181.4654,-22.59826,5.05586,17.90769,0,0,0,-22.77589,4.913326,17.86484
181.4764,-22.59826,5.05586,17.90769,0,0,0,-22.77589,4.913326,17.86484
181.4883,-22.59979,5.055598,17.9083,0,0,0,-22.77589,4.913326,17.86484
181.4988,-22.59979,5.055598,17.9083,0,0,0,-22.77589,4.913326,17.86484
181.5083,-22.59826,5.05586,17.90769,0,0,0,-22.77589,4.913326,17.86484
181.5195,-22.59826,5.05586,17.90769,0,0,0,-22.77589,4.913326,17.86484
181.5285,-22.59826,5.05586,17.90769,0,0,0,-22.77589,4.913326,17.86484
181.5391,-22.59826,5.05586,17.90769,0,0,0,-22.77589,4.913326,17.86484
181.5483,-22.59826,5.05586,17.90769,0,0,0,-22.77589,4.913326,17.86484
181.5582,-22.59826,5.05586,17.90769,0,0,0,-22.77589,4.913326,17.86484
181.5677,-22.59826,5.05586,17.90769,0,0,0,-22.77589,4.913326,17.86484
181.5782,-22.59826,5.05586,17.90769,0,0,0,-22.77589,4.913326,17.86484
181.5871,-22.59673,5.056123,17.90709,0,0,0,-22.77589,4.913326,17.86484
181.5976,-22.59673,5.056123,17.90709,0,0,0,-22.77589,4.913326,17.86484
181.606,-22.59673,5.056123,17.90709,0,0,0,-22.77589,4.913326,17.86484
181.616,-22.59673,5.056123,17.90709,0,0,0,-22.77589,4.913326,17.86484
181.6241,-22.59826,5.05586,17.90769,0,0,0,-22.77589,4.913326,17.86484
181.6336,-22.59826,5.05586,17.90769,0,0,0,-22.77589,4.913326,17.86484
181.6421,-22.59826,5.05586,17.90769,0,0,0,-22.77589,4.913326,17.86484
181.6517,-22.59826,5.05586,17.90769,0,0,0,-22.77589,4.913326,17.86484
181.66,-22.59673,5.056123,17.90709,0,0,0,-22.77589,4.913326,17.86484
181.6699,-22.59673,5.056123,17.90709,0,0,0,-22.77589,4.913326,17.86484
181.6786,-22.59673,5.056123,17.90709,0,0,0,-22.77589,4.913326,17.86484
181.6871,-22.59915,5.05568,17.9056,0,0,0,-22.77589,4.913326,17.86484
181.6983,-22.59915,5.05568,17.9056,0,0,0,-22.77589,4.913326,17.86484
181.7066,-22.59851,5.055431,17.90712,0,0,0,-22.77589,4.913326,17.86484
181.7164,-22.59851,5.055431,17.90712,0,0,0,-22.77589,4.913326,17.86484
181.7248,-22.59876,5.055004,17.90655,0,0,0,-22.77589,4.913326,17.86484
181.7347,-22.59876,5.055004,17.90655,0,0,0,-22.77589,4.913326,17.86484
181.7428,-22.59723,5.055267,17.90595,0,0,0,-22.77589,4.913326,17.86484
181.7536,-22.59723,5.055267,17.90595,0,0,0,-22.77589,4.913326,17.86484
181.762,-22.59658,5.055355,17.90325,0,0,0,-22.77589,4.913326,17.86484
181.7713,-22.59658,5.055355,17.90325,0,0,0,-22.77589,4.913326,17.86484
181.7803,-22.59466,5.054945,17.9036,0,0,0,-22.77589,4.913326,17.86484
181.7897,-22.59466,5.054945,17.9036,0,0,0,-22.77589,4.913326,17.86484
181.7985,-22.59466,5.054945,17.9036,0,0,0,-22.77589,4.913326,17.86484
181.8073,-22.59224,5.055737,17.90088,0,0,0,-22.58418,4.944263,17.88093
181.8191,-22.59224,5.055737,17.90088,0,0,0,-22.58418,4.944263,17.88093
181.8283,-22.59224,5.055737,17.90088,0,0,0,-22.58418,4.944263,17.88093
181.8378,-22.59224,5.055737,17.90088,0,0,0,-22.58418,4.944263,17.88093
181.8463,-22.59095,5.055584,17.89971,0,0,0,-22.58418,4.944263,17.88093
181.8567,-22.59095,5.055584,17.89971,0,0,0,-22.58418,4.944263,17.88093
181.8661,-22.59095,5.055584,17.89971,0,0,0,-22.58418,4.944263,17.88093
181.8772,-22.59095,5.055584,17.89971,0,0,0,-22.58418,4.944263,17.88093
181.8853,-22.59095,5.055584,17.89971,0,0,0,-22.58418,4.944263,17.88093
181.8957,-22.59095,5.055584,17.89971,0,0,0,-22.58418,4.944263,17.88093
181.9041,-22.58942,5.05586,17.89911,0,0,0,-22.58418,4.944263,17.88093
181.9137,-22.58942,5.05586,17.89911,0,0,0,-22.58418,4.944263,17.88093
181.922,-22.58942,5.055859,17.89911,0,0,0,-22.58418,4.944263,17.88093
181.9314,-22.58942,5.055859,17.89911,0,0,0,-22.58418,4.944263,17.88093
181.9395,-22.58942,5.055859,17.89911,0,0,0,-22.58418,4.944263,17.88093
181.9488,-22.58942,5.055859,17.89911,0,0,0,-22.58418,4.944263,17.88093
181.9584,-22.58942,5.055859,17.89911,0,0,0,-22.58418,4.944263,17.88093
181.9695,-22.58942,5.055607,17.901,0,0,0,-22.58418,4.944263,17.88093
181.9789,-22.58942,5.055607,17.901,0,0,0,-22.58418,4.944263,17.88093
181.9873,-22.59006,5.055859,17.89948,0,0,0,-22.58418,4.944263,17.88093
181.9965,-22.59006,5.055859,17.89948,0,0,0,-22.58418,4.944263,17.88093
182.0049,-22.59045,5.05654,17.89853,0,0,0,-22.58418,4.944263,17.88093
182.0138,-22.59045,5.05654,17.89853,0,0,0,-22.58418,4.944263,17.88093
182.0215,-22.59045,5.05654,17.89853,0,0,0,-22.58418,4.944263,17.88093
182.0304,-22.59045,5.05654,17.89853,0,0,0,-22.58418,4.944263,17.88093
182.038,-22.59045,5.05654,17.89853,0,0,0,-22.58418,4.944263,17.88093
182.0465,-22.59092,5.056239,17.89928,0,0,0,-22.58418,4.944263,17.88093
182.0552,-22.59092,5.056239,17.89928,0,0,0,-22.58418,4.944263,17.88093
182.0634,-22.59092,5.056239,17.89928,0,0,0,-22.58418,4.944263,17.88093
182.0732,-22.59092,5.056239,17.89928,0,0,0,-22.58418,4.944263,17.88093
182.0827,-22.59156,5.056495,17.89777,0,0,0,-22.58418,4.944263,17.88093
182.0916,-22.59156,5.056495,17.89777,0,0,0,-22.58418,4.944263,17.88093
182.0997,-22.59156,5.056495,17.89777,0,0,0,-22.58418,4.944263,17.88093
182.1078,-22.59156,5.056239,17.89966,0,0,0,-22.58418,4.944263,17.88093
182.1167,-22.59156,5.056239,17.89966,0,0,0,-22.58418,4.944263,17.88093
182.1253,-22.5922,5.056495,17.89814,0,0,0,-22.58418,4.944263,17.88093
182.1354,-22.5922,5.056495,17.89814,0,0,0,-22.58418,4.944263,17.88093
182.1469,-22.5922,5.056495,17.89814,0,0,0,-22.58418,4.944263,17.88093
182.1563,-22.5922,5.056495,17.89814,0,0,0,-22.58418,4.944263,17.88093
182.1661,-22.5922,5.056495,17.89814,0,0,0,-22.58418,4.944263,17.88093
182.1758,-22.5922,5.056495,17.89814,0,0,0,-22.58418,4.944263,17.88093
182.1842,-22.5922,5.056495,17.89814,0,0,0,-22.58418,4.944263,17.88093
182.1937,-22.5922,5.056495,17.89814,0,0,0,-22.58418,4.944263,17.88093
182.2022,-22.5922,5.056495,17.89814,0,0,0,-22.58418,4.944263,17.88093
182.2144,-22.5922,5.056495,17.89814,0,0,0,-22.58418,4.944263,17.88093
182.2238,-22.59284,5.056753,17.89662,0,0,0,-22.58418,4.944263,17.88093
182.2339,-22.59284,5.056753,17.89662,0,0,0,-22.58418,4.944263,17.88093
182.2441,-22.59284,5.056753,17.89662,0,0,0,-22.58418,4.944263,17.88093
182.2546,-22.59284,5.056753,17.89662,0,0,0,-22.58418,4.944263,17.88093
182.2648,-22.59131,5.057031,17.89602,0,0,0,-22.58418,4.944263,17.88093
182.2751,-22.59131,5.057031,17.89602,0,0,0,-22.58418,4.944263,17.88093
182.2868,-22.59067,5.057031,17.89565,0,0,0,-22.58418,4.944263,17.88093
182.2966,-22.59067,5.057031,17.89565,0,0,0,-22.58418,4.944263,17.88093
182.3049,-22.5922,5.056753,17.89625,0,0,0,-22.58418,4.944263,17.88093
182.3143,-22.5922,5.056753,17.89625,0,0,0,-22.58418,4.944263,17.88093
182.3221,-22.59204,5.056452,17.89664,0,0,0,-22.58418,4.944263,17.88093
182.3312,-22.59204,5.056452,17.89664,0,0,0,-22.58418,4.944263,17.88093
182.3405,-22.59187,5.05615,17.89702,0,0,0,-22.58418,4.944263,17.88093
182.3501,-22.59187,5.05615,17.89702,0,0,0,-22.58418,4.944263,17.88093
182.3623,-22.59277,5.055875,17.89725,0,0,0,-22.58418,4.944263,17.88093
182.3721,-22.59277,5.055875,17.89725,0,0,0,-22.58418,4.944263,17.88093
182.3812,-22.59043,5.055848,17.89666,0,0,0,-22.58418,4.944263,17.88093
182.3905,-22.59043,5.055848,17.89666,0,0,0,-22.58418,4.944263,17.88093
182.4018,-22.5898,5.055849,17.89628,0,0,0,-22.58418,4.944263,17.88093
182.4115,-22.5898,5.055849,17.89628,0,0,0,-22.58418,4.944263,17.88093
182.4227,-22.58875,5.055971,17.89686,0,0,0,-22.58418,4.944263,17.88093
182.4322,-22.58875,5.055971,17.89686,0,0,0,-22.58418,4.944263,17.88093
182.4403,-22.58778,5.055366,17.89726,0,0,0,-22.58418,4.944263,17.88093
182.4497,-22.58778,5.055366,17.89726,0,0,0,-22.58418,4.944263,17.88093
182.4577,-22.58778,5.055366,17.89726,0,0,0,-22.58418,4.944263,17.88093
182.4661,-22.58553,5.054504,17.89879,0,0,0,-22.58418,4.944263,17.88093
182.4772,-22.58553,5.054504,17.89879,0,0,0,-22.58418,4.944263,17.88093
182.4865,-22.58455,5.053899,17.89918,0,0,0,-22.58418,4.944263,17.88093
182.4966,-22.58455,5.053899,17.89918,0,0,0,-22.58418,4.944263,17.88093
182.5084,-22.58261,5.054194,17.90185,0,0,0,-22.58418,4.944263,17.88093
182.5187,-22.58261,5.054194,17.90185,0,0,0,-22.58418,4.944263,17.88093
182.5307,-22.58097,5.054137,17.90376,0,0,0,-22.58418,4.944263,17.88093
182.5403,-22.57927,5.054011,17.90585,0,0,0,-22.58418,4.944263,17.88093
182.5518,-22.57927,5.054011,17.90585,0,0,0,-22.58418,4.944263,17.88093
182.5616,-22.57716,5.05426,17.907,0,0,0,-22.58418,4.944263,17.88093
182.5721,-22.57716,5.05426,17.907,0,0,0,-22.58418,4.944263,17.88093
182.5815,-22.57585,5.053194,17.90856,0,0,0,-22.58418,4.944263,17.88093
182.5916,-22.57585,5.053194,17.90856,0,0,0,-22.58418,4.944263,17.88093
182.6003,-22.57082,5.052433,17.91042,0,0,0,-22.58418,4.944263,17.88093
182.6105,-22.57082,5.052433,17.91042,0,0,0,-22.58418,4.944263,17.88093
182.6186,-22.57082,5.052433,17.91042,0,0,0,-22.58418,4.944263,17.88093
182.6266,-22.56784,5.051064,17.91576,0,0,0,-22.58418,4.944263,17.88093
182.6358,-22.56784,5.051064,17.91576,0,0,0,-22.58418,4.944263,17.88093
182.6442,-22.56171,5.050986,17.92006,0,0,0,-22.58418,4.944263,17.88093
182.6535,-22.56171,5.050986,17.92006,0,0,0,-22.58418,4.944263,17.88093
182.6649,-22.55841,5.05087,17.92382,0,0,0,-22.58418,4.944263,17.88093
182.6743,-22.55841,5.05087,17.92382,0,0,0,-22.58418,4.944263,17.88093
182.6829,-22.55633,5.050937,17.92664,0,0,0,-22.58418,4.944263,17.88093
182.6932,-22.55633,5.050937,17.92664,0,0,0,-22.58418,4.944263,17.88093
182.7026,-22.55372,5.0519,17.92847,0,0,0,-22.58418,4.944263,17.88093
182.7139,-22.55372,5.0519,17.92847,0,0,0,-22.58418,4.944263,17.88093
182.7228,-22.55257,5.052771,17.9292,0,0,0,-22.58418,4.944263,17.88093
182.7344,-22.55257,5.052771,17.9292,0,0,0,-22.58418,4.944263,17.88093
182.7433,-22.55302,5.052619,17.93038,0,0,0,-22.58418,4.944263,17.88093
182.753,-22.55302,5.052619,17.93038,0,0,0,-22.58418,4.944263,17.88093
182.7613,-22.54978,5.053024,17.92992,0,0,0,-22.58418,4.944263,17.88093
182.771,-22.54978,5.053024,17.92992,0,0,0,-22.58418,4.944263,17.88093
182.7796,-22.54978,5.053024,17.92992,0,0,0,-22.58418,4.944263,17.88093
182.7881,-22.54798,5.052094,17.93026,0,0,0,-22.58418,4.944263,17.88093
182.7975,-22.54798,5.052094,17.93026,0,0,0,-22.58418,4.944263,17.88093
182.8059,-22.54548,5.051979,17.92809,0,0,0,-22.58418,4.944263,17.88093
182.8152,-22.54548,5.051979,17.92809,0,0,0,-22.58418,4.944263,17.88093
182.8239,-22.54283,5.051294,17.93031,0,0,0,-22.58418,4.944263,17.88093
182.8332,-22.54283,5.051294,17.93031,0,0,0,-22.58418,4.944263,17.88093
182.8417,-22.54018,5.050606,17.93252,0,0,0,-22.58418,4.944263,17.88093
182.8527,-22.54018,5.050606,17.93252,0,0,0,-22.58418,4.944263,17.88093
182.8625,-22.53659,5.051172,17.93277,0,0,0,-22.58418,4.944263,17.88093
182.8722,-22.53659,5.051172,17.93277,0,0,0,-22.58418,4.944263,17.88093
182.8817,-22.53345,5.050792,17.9342,0,0,0,-22.58418,4.944263,17.88093
182.8924,-22.53345,5.050792,17.9342,0,0,0,-22.58418,4.944263,17.88093
182.9021,-22.52861,5.050158,17.93727,0,0,0,-22.58418,4.944263,17.88093
182.9116,-22.52861,5.050158,17.93727,0,0,0,-22.58418,4.944263,17.88093
182.9199,-22.52861,5.050158,17.93727,0,0,0,-22.58418,4.944263,17.88093
182.9282,-22.52255,5.049772,17.9374,0,0,0,-22.58418,4.944263,17.88093
182.9376,-22.52255,5.049772,17.9374,0,0,0,-22.58418,4.944263,17.88093
182.9468,-22.51763,5.050114,17.93872,0,0,0,-22.58418,4.944263,17.88093
182.958,-22.51763,5.050114,17.93872,0,0,0,-22.58418,4.944263,17.88093
182.9676,-22.51003,5.049019,17.94011,0,0,0,-22.58418,4.944263,17.88093
182.9794,-22.51003,5.049019,17.94011,0,0,0,-22.58418,4.944263,17.88093
182.991,-22.50203,5.049043,17.94046,0,0,0,-22.58418,4.944263,17.88093
183.0014,-22.49845,5.048825,17.94066,0,0,0,-22.58418,4.944263,17.88093
183.012,-22.49845,5.048825,17.94066,0,0,0,-22.58418,4.944263,17.88093
183.0204,-22.49286,5.049172,17.94149,0,0,0,-22.58418,4.944263,17.88093
183.0304,-22.49286,5.049172,17.94149,0,0,0,-22.58418,4.944263,17.88093
183.0409,-22.48646,5.049262,17.9402,0,0,0,-22.58418,4.944263,17.88093
183.0512,-22.48646,5.049262,17.9402,0,0,0,-22.58418,4.944263,17.88093
183.0599,-22.48646,5.049262,17.9402,0,0,0,-22.58418,4.944263,17.88093
183.0738,-22.47856,5.04897,17.94048,0,0,0,-22.58418,4.944263,17.88093
183.0839,-22.47515,5.049079,17.94027,0,0,0,-22.58418,4.944263,17.88093
183.0967,-22.47515,5.049079,17.94027,0,0,0,-22.58418,4.944263,17.88093
183.1068,-22.46985,5.049198,17.93857,0,0,0,-22.58418,4.944263,17.88093
183.1163,-22.46985,5.049198,17.93857,0,0,0,-22.58418,4.944263,17.88093
183.1279,-22.46505,5.048221,17.93767,0,0,0,-22.58418,4.944263,17.88093
183.1369,-22.46505,5.048221,17.93767,0,0,0,-22.58418,4.944263,17.88093
183.1455,-22.46063,5.047686,17.93774,0,0,0,-22.58418,4.944263,17.88093
183.1551,-22.46063,5.047686,17.93774,0,0,0,-22.58418,4.944263,17.88093
183.1649,-22.45603,5.047886,17.93437,0,0,0,-22.58418,4.944263,17.88093
183.1754,-22.45603,5.047886,17.93437,0,0,0,-22.58418,4.944263,17.88093
183.1857,-22.4535,5.046702,17.9361,0,0,0,-22.58418,4.944263,17.88093
183.1966,-22.4535,5.046702,17.9361,0,0,0,-22.58418,4.944263,17.88093
183.2066,-22.44935,5.047565,17.93176,0,0,0,-22.58418,4.944263,17.88093
183.2172,-22.44935,5.047565,17.93176,0,0,0,-22.58418,4.944263,17.88093
183.2266,-22.44844,5.046918,17.93182,0,0,0,-22.58418,4.944263,17.88093
183.2378,-22.44844,5.046918,17.93182,0,0,0,-22.58418,4.944263,17.88093
183.2474,-22.44495,5.046712,17.93169,0,0,0,-22.58418,4.944263,17.88093
183.2572,-22.44495,5.046712,17.93169,0,0,0,-22.58418,4.944263,17.88093
183.2664,-22.44191,5.047163,17.93061,0,0,0,-22.58418,4.944263,17.88093
183.2761,-22.44191,5.047163,17.93061,0,0,0,-22.58418,4.944263,17.88093
183.2852,-22.44242,5.047724,17.93146,0,0,0,-22.58418,4.944263,17.88093
183.295,-22.44242,5.047724,17.93146,0,0,0,-22.58418,4.944263,17.88093
183.303,-22.43983,5.049715,17.935,0,0,0,-22.58418,4.944263,17.88093
183.3138,-22.43983,5.049715,17.935,0,0,0,-22.58418,4.944263,17.88093
183.322,-22.43732,5.050825,17.93654,0,0,0,-22.58418,4.944263,17.88093
183.3319,-22.43732,5.050825,17.93654,0,0,0,-22.58418,4.944263,17.88093
183.3399,-22.43732,5.050825,17.93654,0,0,0,-22.58418,4.944263,17.88093
183.3484,-22.43442,5.050398,17.94086,0,0,0,-22.58418,4.944263,17.88093
183.3583,-22.43442,5.050398,17.94086,0,0,0,-22.58418,4.944263,17.88093
183.367,-22.43244,5.048863,17.94521,0,0,0,-22.58418,4.944263,17.88093
183.3789,-22.43244,5.048863,17.94521,0,0,0,-22.58418,4.944263,17.88093
183.3872,-22.42874,5.04786,17.9511,0,0,0,-22.58418,4.944263,17.88093
183.4003,-22.42495,5.047949,17.95344,0,0,0,-22.58418,4.944263,17.88093
183.4109,-22.42495,5.047949,17.95344,0,0,0,-22.58418,4.944263,17.88093
183.4203,-22.42047,5.046943,17.95908,0,0,0,-22.58418,4.944263,17.88093
183.431,-22.42047,5.046943,17.95908,0,0,0,-22.58418,4.944263,17.88093
183.4447,-22.41474,5.048375,17.95806,0,0,0,-22.58418,4.944263,17.88093
183.4541,-22.41474,5.048375,17.95806,0,0,0,-22.58418,4.944263,17.88093
183.4624,-22.41208,5.049187,17.95989,0,0,0,-22.58418,4.944263,17.88093
183.4721,-22.41208,5.049187,17.95989,0,0,0,-22.58418,4.944263,17.88093
183.4834,-22.40771,5.05059,17.95969,0,0,0,-22.58418,4.944263,17.88093
183.4945,-22.40771,5.05059,17.95969,0,0,0,-22.58418,4.944263,17.88093
183.5049,-22.40218,5.051865,17.96179,0,0,0,-22.58418,4.944263,17.88093
183.5151,-22.40218,5.051865,17.96179,0,0,0,-22.58418,4.944263,17.88093
183.5236,-22.40035,5.052605,17.96371,0,0,0,-22.58418,4.944263,17.88093
183.5334,-22.40035,5.052605,17.96371,0,0,0,-22.58418,4.944263,17.88093
183.5422,-22.39784,5.054244,17.96336,0,0,0,-22.58418,4.944263,17.88093
183.555,-22.39784,5.054244,17.96336,0,0,0,-22.58418,4.944263,17.88093
183.5631,-22.39458,5.055287,17.96449,0,0,0,-22.58418,4.944263,17.88093
183.5726,-22.39458,5.055287,17.96449,0,0,0,-22.58418,4.944263,17.88093
183.5813,-22.39547,5.056481,17.961,0,0,0,-22.58418,4.944263,17.88093
183.5912,-22.39547,5.056481,17.961,0,0,0,-22.58418,4.944263,17.88093
183.5994,-22.39547,5.056481,17.961,0,0,0,-22.58418,4.944263,17.88093
183.6073,-22.39539,5.057369,17.95767,0,0,0,-22.58418,4.944263,17.88093
183.6165,-22.39539,5.057369,17.95767,0,0,0,-22.58418,4.944263,17.88093
183.6246,-22.3974,5.058492,17.95377,0,0,0,-22.58418,4.944263,17.88093
183.634,-22.3974,5.058492,17.95377,0,0,0,-22.58418,4.944263,17.88093
183.6423,-22.39865,5.059393,17.95136,0,0,0,-22.58418,4.944263,17.88093
183.6526,-22.39865,5.059393,17.95136,0,0,0,-22.58418,4.944263,17.88093
183.6611,-22.39941,5.059628,17.94989,0,0,0,-22.58418,4.944263,17.88093
183.6704,-22.39941,5.059628,17.94989,0,0,0,-22.58418,4.944263,17.88093
183.6815,-22.40026,5.060103,17.9465,0,0,0,-22.58418,4.944263,17.88093
183.6922,-22.40026,5.060103,17.9465,0,0,0,-22.58418,4.944263,17.88093
183.7016,-22.40037,5.060344,17.94458,0,0,0,-22.58418,4.944263,17.88093
183.7117,-22.40037,5.060344,17.94458,0,0,0,-22.58418,4.944263,17.88093
183.7206,-22.399,5.060904,17.94195,0,0,0,-22.58418,4.944263,17.88093
183.7298,-22.399,5.060904,17.94195,0,0,0,-22.58418,4.944263,17.88093
183.7384,-22.399,5.060904,17.94195,0,0,0,-22.58418,4.944263,17.88093
183.7471,-22.39829,5.061831,17.93818,0,0,0,-22.58418,4.944263,17.88093
183.7561,-22.39829,5.061831,17.93818,0,0,0,-22.58418,4.944263,17.88093
183.764,-22.39628,5.062398,17.93509,0,0,0,-22.58418,4.944263,17.88093
183.7726,-22.39628,5.062398,17.93509,0,0,0,-22.58418,4.944263,17.88093
183.7804,-22.39639,5.062649,17.93318,0,0,0,-22.58418,4.944263,17.88093
183.7903,-22.39639,5.062649,17.93318,0,0,0,-22.58418,4.944263,17.88093
183.8004,-22.39559,5.063333,17.93132,0,0,0,-22.58418,4.944263,17.88093
183.8105,-22.39559,5.063333,17.93132,0,0,0,-22.58418,4.944263,17.88093
183.8188,-22.39559,5.063333,17.93132,0,0,0,-22.58418,4.944263,17.88093
183.8273,-22.395,5.063495,17.92738,0,0,0,-22.58418,4.944263,17.88093
183.8374,-22.395,5.063495,17.92738,0,0,0,-22.58418,4.944263,17.88093
183.8455,-22.3927,5.063468,17.92654,0,0,0,-22.58418,4.944263,17.88093
183.8548,-22.3927,5.063468,17.92654,0,0,0,-22.58418,4.944263,17.88093
183.8639,-22.39247,5.063028,17.92531,0,0,0,-22.58418,4.944263,17.88093
183.8748,-22.39247,5.063028,17.92531,0,0,0,-22.58418,4.944263,17.88093
183.888,-22.38953,5.063003,17.92401,0,0,0,-22.58418,4.944263,17.88093
183.8993,-22.38953,5.063003,17.92401,0,0,0,-22.58418,4.944263,17.88093
183.9081,-22.38594,5.063655,17.92212,0,0,0,-22.58418,4.944263,17.88093
183.9177,-22.38594,5.063655,17.92212,0,0,0,-22.58418,4.944263,17.88093
183.9269,-22.38512,5.063306,17.92199,0,0,0,-22.58418,4.944263,17.88093
183.937,-22.38512,5.063306,17.92199,0,0,0,-22.58418,4.944263,17.88093
183.9486,-22.38218,5.063966,17.92055,0,0,0,-22.58418,4.944263,17.88093
183.9599,-22.38218,5.063966,17.92055,0,0,0,-22.58418,4.944263,17.88093
183.9689,-22.38141,5.063709,17.92201,0,0,0,-22.58418,4.944263,17.88093
183.9817,-22.37917,5.063785,17.92275,0,0,0,-22.58418,4.944263,17.88093
183.9912,-22.37917,5.063785,17.92275,0,0,0,-22.58418,4.944263,17.88093
184.0002,-22.37763,5.063278,17.92566,0,0,0,-22.58418,4.944263,17.88093
184.0103,-22.37763,5.063278,17.92566,0,0,0,-22.58418,4.944263,17.88093
184.0204,-22.37608,5.062781,17.92858,0,0,0,-22.58418,4.944263,17.88093
184.0316,-22.37608,5.062781,17.92858,0,0,0,-22.58418,4.944263,17.88093
184.0413,-22.37531,5.062537,17.93004,0,0,0,-22.58418,4.944263,17.88093
184.0508,-22.37531,5.062537,17.93004,0,0,0,-22.58418,4.944263,17.88093
184.0597,-22.37531,5.062537,17.93004,0,0,0,-22.58418,4.944263,17.88093
184.0697,-22.37295,5.062387,17.9327,0,0,0,-22.58418,4.944263,17.88093
184.0788,-22.37295,5.062387,17.9327,0,0,0,-22.58418,4.944263,17.88093
184.0876,-22.37495,5.061811,17.93581,0,0,0,-22.58418,4.944263,17.88093
184.0965,-22.37495,5.061811,17.93581,0,0,0,-22.58418,4.944263,17.88093
184.1051,-22.37414,5.062147,17.93555,0,0,0,-22.58418,4.944263,17.88093
184.1172,-22.37414,5.062147,17.93555,0,0,0,-22.58418,4.944263,17.88093
184.1263,-22.37544,5.062147,17.93648,0,0,0,-22.58418,4.944263,17.88093
184.1394,-22.37544,5.062147,17.93648,0,0,0,-22.58418,4.944263,17.88093
184.15,-22.37663,5.06191,17.93933,0,0,0,-22.58418,4.944263,17.88093
184.161,-22.37805,5.062147,17.93833,0,0,0,-22.58418,4.944263,17.88093
184.1729,-22.37805,5.062147,17.93833,0,0,0,-22.58418,4.944263,17.88093
184.1864,-22.37794,5.06191,17.94025,0,0,0,-22.58418,4.944263,17.88093
184.1965,-22.37794,5.06191,17.94025,0,0,0,-22.58418,4.944263,17.88093
184.2054,-22.37925,5.06191,17.94118,0,0,0,-22.58418,4.944263,17.88093
184.216,-22.37925,5.06191,17.94118,0,0,0,-22.58418,4.944263,17.88093
184.2257,-22.38138,5.061574,17.94235,0,0,0,-22.58418,4.944263,17.88093
184.2396,-22.38138,5.061574,17.94235,0,0,0,-22.58418,4.944263,17.88093
184.2487,-22.38122,5.06191,17.94255,0,0,0,-22.58418,4.944263,17.88093
184.2585,-22.38122,5.06191,17.94255,0,0,0,-22.58418,4.944263,17.88093
184.2677,-22.38187,5.06191,17.94302,0,0,0,-22.58418,4.944263,17.88093
184.2773,-22.38187,5.06191,17.94302,0,0,0,-22.58418,4.944263,17.88093
184.2859,-22.38253,5.06191,17.94348,0,0,0,-22.58418,4.944263,17.88093
184.2959,-22.38253,5.06191,17.94348,0,0,0,-22.58418,4.944263,17.88093
184.3043,-22.38318,5.06191,17.94394,0,0,0,-22.58418,4.944263,17.88093
184.3145,-22.38318,5.06191,17.94394,0,0,0,-22.58418,4.944263,17.88093
184.3231,-22.38384,5.06191,17.94439,0,0,0,-22.58418,4.944263,17.88093
184.3329,-22.38384,5.06191,17.94439,0,0,0,-22.58418,4.944263,17.88093
184.3408,-22.38449,5.06191,17.94485,0,0,0,-22.58418,4.944263,17.88093
184.3505,-22.38449,5.06191,17.94485,0,0,0,-22.58418,4.944263,17.88093
184.3593,-22.38449,5.06191,17.94485,0,0,0,-22.58418,4.944263,17.88093
184.3704,-22.38663,5.061574,17.94602,0,0,0,-22.58418,4.944263,17.88093
184.3799,-22.38663,5.061574,17.94602,0,0,0,-22.58418,4.944263,17.88093
184.3891,-22.38522,5.062023,17.9469,0,0,0,-22.58418,4.944263,17.88093
184.4011,-22.38736,5.061687,17.94806,0,0,0,-22.58418,4.944263,17.88093
184.4111,-22.38736,5.061687,17.94806,0,0,0,-22.58418,4.944263,17.88093
184.4232,-22.38585,5.061223,17.95101,0,0,0,-22.58418,4.944263,17.88093
184.4341,-22.38585,5.061223,17.95101,0,0,0,-22.58418,4.944263,17.88093
184.4457,-22.38276,5.060877,17.95517,0,0,0,-22.58418,4.944263,17.88093
184.4601,-22.38349,5.060319,17.95735,0,0,0,-22.58418,4.944263,17.88093
184.474,-22.38349,5.060319,17.95735,0,0,0,-22.58418,4.944263,17.88093
184.4835,-22.38264,5.059879,17.96075,0,0,0,-22.58418,4.944263,17.88093
184.4938,-22.38264,5.059879,17.96075,0,0,0,-22.58418,4.944263,17.88093
184.5029,-22.38041,5.059997,17.96152,0,0,0,-22.58418,4.944263,17.88093
184.5146,-22.38041,5.059997,17.96152,0,0,0,-22.58418,4.944263,17.88093
184.5243,-22.38215,5.059217,17.96171,0,0,0,-22.58418,4.944263,17.88093
184.5346,-22.38215,5.059217,17.96171,0,0,0,-22.58418,4.944263,17.88093
184.544,-22.37917,5.059124,17.96395,0,0,0,-22.58418,4.944263,17.88093
184.554,-22.37917,5.059124,17.96395,0,0,0,-22.58418,4.944263,17.88093
184.5636,-22.37917,5.059125,17.96395,0,0,0,-22.58418,4.944263,17.88093
184.579,-22.37917,5.059125,17.96395,0,0,0,-22.58418,4.944263,17.88093
184.5879,-22.38065,5.05879,17.96466,0,0,0,-22.58418,4.944263,17.88093
184.5999,-22.38065,5.05879,17.96466,0,0,0,-22.58418,4.944263,17.88093
184.6081,-22.37767,5.058704,17.96691,0,0,0,-22.58418,4.944263,17.88093
184.6175,-22.37767,5.058704,17.96691,0,0,0,-22.58418,4.944263,17.88093
184.6259,-22.37842,5.058914,17.96543,0,0,0,-22.58418,4.944263,17.88093
184.6352,-22.37842,5.058914,17.96543,0,0,0,-22.58418,4.944263,17.88093
184.644,-22.3799,5.058578,17.96614,0,0,0,-22.58418,4.944263,17.88093
184.6537,-22.3799,5.058578,17.96614,0,0,0,-22.58418,4.944263,17.88093
184.6648,-22.37842,5.058913,17.96543,0,0,0,-22.58418,4.944263,17.88093
184.6737,-22.37842,5.058913,17.96543,0,0,0,-22.58418,4.944263,17.88093
184.6816,-22.37917,5.059125,17.96395,0,0,0,-22.58418,4.944263,17.88093
184.6913,-22.37917,5.059125,17.96395,0,0,0,-22.58418,4.944263,17.88093
184.6995,-22.37917,5.059125,17.96395,0,0,0,-22.58418,4.944263,17.88093
184.7076,-22.38068,5.059554,17.96101,0,0,0,-22.58418,4.944263,17.88093
184.7198,-22.38068,5.059554,17.96101,0,0,0,-22.58418,4.944263,17.88093
184.7304,-22.38068,5.059554,17.96101,0,0,0,-22.58418,4.944263,17.88093
184.74,-22.38068,5.059554,17.96101,0,0,0,-22.58418,4.944263,17.88093
184.7483,-22.38068,5.059554,17.96101,0,0,0,-22.58418,4.944263,17.88093
184.7573,-22.38068,5.059554,17.96101,0,0,0,-22.58418,4.944263,17.88093
184.7655,-22.38143,5.059772,17.95953,0,0,0,-22.58418,4.944263,17.88093
184.775,-22.38143,5.059772,17.95953,0,0,0,-22.58418,4.944263,17.88093
184.7838,-22.38218,5.059991,17.95806,0,0,0,-22.58418,4.944263,17.88093
184.7948,-22.38218,5.059991,17.95806,0,0,0,-22.58418,4.944263,17.88093
184.8039,-22.38294,5.060212,17.95658,0,0,0,-22.58418,4.944263,17.88093
184.814,-22.38294,5.060212,17.95658,0,0,0,-22.58418,4.944263,17.88093
184.8251,-22.38294,5.060212,17.95658,0,0,0,-22.58418,4.944263,17.88093
184.8341,-22.38294,5.060212,17.95658,0,0,0,-22.58418,4.944263,17.88093
184.8422,-22.38369,5.060436,17.95511,0,0,0,-22.58418,4.944263,17.88093
184.8536,-22.38369,5.060436,17.95511,0,0,0,-22.58418,4.944263,17.88093
184.8629,-22.3852,5.060889,17.95217,0,0,0,-22.58418,4.944263,17.88093
184.8719,-22.3852,5.060889,17.95217,0,0,0,-22.58418,4.944263,17.88093
184.8807,-22.38595,5.061118,17.9507,0,0,0,-22.58418,4.944263,17.88093
184.8928,-22.38595,5.061118,17.9507,0,0,0,-22.58418,4.944263,17.88093
184.9059,-22.38746,5.061585,17.94776,0,0,0,-22.58418,4.944263,17.88093
184.9192,-22.38746,5.061585,17.94776,0,0,0,-22.58418,4.944263,17.88093
184.9286,-22.38746,5.061585,17.94776,0,0,0,-22.58418,4.944263,17.88093
184.9385,-22.38746,5.061585,17.94776,0,0,0,-22.58418,4.944263,17.88093
184.9491,-22.3868,5.061585,17.9473,0,0,0,-22.58418,4.944263,17.88093
184.9626,-22.38533,5.061923,17.94659,0,0,0,-22.58418,4.944263,17.88093
184.9725,-22.38533,5.061923,17.94659,0,0,0,-22.58418,4.944263,17.88093
184.9809,-22.38461,5.062498,17.94442,0,0,0,-22.58418,4.944263,17.88093
184.9912,-22.38461,5.062498,17.94442,0,0,0,-22.58418,4.944263,17.88093
185.0009,-22.38313,5.06284,17.94372,0,0,0,-22.58418,4.944263,17.88093
185.0134,-22.38313,5.06284,17.94372,0,0,0,-22.58418,4.944263,17.88093
185.0232,-22.38094,5.063767,17.94084,0,0,0,-22.58418,4.944263,17.88093
185.0341,-22.38094,5.063767,17.94084,0,0,0,-22.58418,4.944263,17.88093
185.0422,-22.38018,5.063529,17.94231,0,0,0,-22.58418,4.944263,17.88093
185.0514,-22.38018,5.063529,17.94231,0,0,0,-22.58418,4.944263,17.88093
185.0596,-22.38018,5.063529,17.94231,0,0,0,-22.58418,4.944263,17.88093
185.0708,-22.37871,5.063876,17.94161,0,0,0,-22.58418,4.944263,17.88093
185.0802,-22.37953,5.063529,17.94185,0,0,0,-22.58418,4.944263,17.88093
185.0895,-22.37953,5.063529,17.94185,0,0,0,-22.58418,4.944263,17.88093
185.0978,-22.37953,5.063529,17.94185,0,0,0,-22.58418,4.944263,17.88093
185.1064,-22.37881,5.064115,17.93968,0,0,0,-22.58418,4.944263,17.88093
185.1159,-22.37881,5.064115,17.93968,0,0,0,-22.58418,4.944263,17.88093
185.1246,-22.37816,5.064116,17.93922,0,0,0,-22.58418,4.944263,17.88093
185.1347,-22.37816,5.064116,17.93922,0,0,0,-22.58418,4.944263,17.88093
185.1432,-22.37761,5.064355,17.93683,0,0,0,-22.58418,4.944263,17.88093
185.1523,-22.37761,5.064355,17.93683,0,0,0,-22.58418,4.944263,17.88093
185.1603,-22.37696,5.064355,17.93637,0,0,0,-22.58418,4.944263,17.88093
185.1695,-22.37696,5.064355,17.93637,0,0,0,-22.58418,4.944263,17.88093
185.1774,-22.37696,5.064355,17.93637,0,0,0,-22.58418,4.944263,17.88093
185.1857,-22.37602,5.063766,17.93817,0,0,0,-22.58418,4.944263,17.88093
185.1955,-22.37602,5.063766,17.93817,0,0,0,-22.58418,4.944263,17.88093
185.2046,-22.37548,5.064005,17.93578,0,0,0,-22.58418,4.944263,17.88093
185.2144,-22.37548,5.064005,17.93578,0,0,0,-22.58418,4.944263,17.88093
185.2223,-22.37391,5.064441,17.93537,0,0,0,-22.58418,4.944263,17.88093
185.2315,-22.37391,5.064441,17.93537,0,0,0,-22.58418,4.944263,17.88093
185.2396,-22.37391,5.064441,17.93537,0,0,0,-22.58418,4.944263,17.88093
185.2478,-22.37226,5.063744,17.93512,0,0,0,-22.58418,4.944263,17.88093
185.2573,-22.37226,5.063744,17.93512,0,0,0,-22.58418,4.944263,17.88093
185.2685,-22.37184,5.062937,17.93421,0,0,0,-22.58418,4.944263,17.88093
185.2782,-22.37184,5.062937,17.93421,0,0,0,-22.58418,4.944263,17.88093
185.2876,-22.36822,5.062565,17.9325,0,0,0,-22.58418,4.944263,17.88093
185.2965,-22.36822,5.062565,17.9325,0,0,0,-22.58418,4.944263,17.88093
185.304,-22.36495,5.060895,17.93364,0,0,0,-22.58418,4.944263,17.88093
185.3127,-22.36495,5.060895,17.93364,0,0,0,-22.58418,4.944263,17.88093
185.3204,-22.36163,5.05974,17.93659,0,0,0,-22.58418,4.944263,17.88093
185.3297,-22.36163,5.05974,17.93659,0,0,0,-22.58418,4.944263,17.88093
185.3412,-22.35615,5.058475,17.94193,0,0,0,-22.58418,4.944263,17.88093
185.3529,-22.35615,5.058475,17.94193,0,0,0,-22.58418,4.944263,17.88093
185.3638,-22.3498,5.055759,17.95239,0,0,0,-22.58418,4.944263,17.88093
185.3741,-22.3498,5.055759,17.95239,0,0,0,-22.58418,4.944263,17.88093
185.3833,-22.34295,5.055669,17.96197,0,0,0,-22.58418,4.944263,17.88093
185.3936,-22.34295,5.055669,17.96197,0,0,0,-22.58418,4.944263,17.88093
185.4055,-22.334,5.053975,17.97026,0,0,0,-22.58418,4.944263,17.88093
185.4157,-22.334,5.053975,17.97026,0,0,0,-22.58418,4.944263,17.88093
185.4248,-22.32853,5.053956,17.97715,0,0,0,-22.58418,4.944263,17.88093
185.4349,-22.32853,5.053956,17.97715,0,0,0,-22.58418,4.944263,17.88093
185.4442,-22.3222,5.053522,17.98739,0,0,0,-22.58418,4.944263,17.88093
185.4536,-22.3222,5.053522,17.98739,0,0,0,-22.58418,4.944263,17.88093
185.4626,-22.31786,5.053851,17.99384,0,0,0,-22.58418,4.944263,17.88093
185.4734,-22.31786,5.053851,17.99384,0,0,0,-22.58418,4.944263,17.88093
185.4832,-22.31708,5.054772,17.99529,0,0,0,-22.58418,4.944263,17.88093
185.4936,-22.31708,5.054772,17.99529,0,0,0,-22.58418,4.944263,17.88093
185.5023,-22.31829,5.055981,17.99306,0,0,0,-22.58418,4.944263,17.88093
185.5127,-22.31829,5.055981,17.99306,0,0,0,-22.58418,4.944263,17.88093
185.5206,-22.31883,5.057752,17.98863,0,0,0,-22.58418,4.944263,17.88093
185.53,-22.31883,5.057752,17.98863,0,0,0,-22.58418,4.944263,17.88093
185.5379,-22.31883,5.057752,17.98863,0,0,0,-22.58418,4.944263,17.88093
185.5472,-22.32158,5.059812,17.98698,0,0,0,-22.58418,4.944263,17.88093
185.5563,-22.32158,5.059812,17.98698,0,0,0,-22.58418,4.944263,17.88093
185.5642,-22.32435,5.060889,17.98359,0,0,0,-22.58418,4.944263,17.88093
185.5735,-22.32435,5.060889,17.98359,0,0,0,-22.58418,4.944263,17.88093
185.5812,-22.32711,5.061981,17.98019,0,0,0,-22.58418,4.944263,17.88093
185.5943,-22.32711,5.061981,17.98019,0,0,0,-22.58418,4.944263,17.88093
185.603,-22.3283,5.063215,17.97801,0,0,0,-22.58418,4.944263,17.88093
185.6122,-22.3283,5.063215,17.97801,0,0,0,-22.58418,4.944263,17.88093
185.6212,-22.33138,5.06403,17.97574,0,0,0,-22.58418,4.944263,17.88093
185.6309,-22.33138,5.06403,17.97574,0,0,0,-22.58418,4.944263,17.88093
185.6388,-22.33138,5.06403,17.97574,0,0,0,-22.58418,4.944263,17.88093
185.6466,-22.33626,5.064806,17.97356,0,0,0,-22.58418,4.944263,17.88093
185.6553,-22.33626,5.064806,17.97356,0,0,0,-22.58418,4.944263,17.88093
185.666,-22.33709,5.065756,17.97201,0,0,0,-22.58418,4.944263,17.88093
185.6755,-22.33709,5.065756,17.97201,0,0,0,-22.58418,4.944263,17.88093
185.6845,-22.34022,5.066138,17.97304,0,0,0,-22.58418,4.944263,17.88093
185.6934,-22.34022,5.066138,17.97304,0,0,0,-22.58418,4.944263,17.88093
185.7012,-22.34334,5.067105,17.97237,0,0,0,-22.58418,4.944263,17.88093
185.7101,-22.34334,5.067105,17.97237,0,0,0,-22.58418,4.944263,17.88093
185.7183,-22.34334,5.067105,17.97237,0,0,0,-22.58418,4.944263,17.88093
185.7266,-22.34663,5.068439,17.97137,0,0,0,-22.58418,4.944263,17.88093
185.7357,-22.34663,5.068439,17.97137,0,0,0,-22.58418,4.944263,17.88093
185.7443,-22.3502,5.068328,17.97158,0,0,0,-22.58418,4.944263,17.88093
185.7534,-22.3502,5.068328,17.97158,0,0,0,-22.58418,4.944263,17.88093
185.7631,-22.353,5.067981,17.97325,0,0,0,-22.58418,4.944263,17.88093
185.7721,-22.353,5.067981,17.97325,0,0,0,-22.58418,4.944263,17.88093
185.7804,-22.35366,5.067981,17.97372,0,0,0,-22.58418,4.944263,17.88093
185.7905,-22.35366,5.067981,17.97372,0,0,0,-22.58418,4.944263,17.88093
185.7994,-22.35366,5.067981,17.97372,0,0,0,-22.58418,4.944263,17.88093
185.8082,-22.35683,5.067441,17.97295,0,0,0,-22.58418,4.944263,17.88093
185.8184,-22.35683,5.067441,17.97295,0,0,0,-22.58418,4.944263,17.88093
185.8263,-22.35759,5.066639,17.97325,0,0,0,-22.58418,4.944263,17.88093
185.8349,-22.35759,5.066639,17.97325,0,0,0,-22.58418,4.944263,17.88093
185.8434,-22.35826,5.066639,17.97371,0,0,0,-22.58418,4.944263,17.88093
185.8522,-22.35826,5.066639,17.97371,0,0,0,-22.58418,4.944263,17.88093
185.8601,-22.35972,5.066297,17.97443,0,0,0,-22.58418,4.944263,17.88093
185.8686,-22.35972,5.066297,17.97443,0,0,0,-22.58418,4.944263,17.88093
185.8764,-22.35972,5.066297,17.97443,0,0,0,-22.58418,4.944263,17.88093
185.884,-22.36028,5.066055,17.97683,0,0,0,-22.58418,4.944263,17.88093
185.8933,-22.36028,5.066055,17.97683,0,0,0,-22.58418,4.944263,17.88093
185.9029,-22.36098,5.065474,17.97901,0,0,0,-22.58418,4.944263,17.88093
185.9119,-22.36098,5.065474,17.97901,0,0,0,-22.58418,4.944263,17.88093
185.922,-22.36232,5.065474,17.97995,0,0,0,-22.58418,4.944263,17.88093
185.931,-22.36232,5.065474,17.97995,0,0,0,-22.58418,4.944263,17.88093
185.9392,-22.36232,5.065474,17.97995,0,0,0,-22.58418,4.944263,17.88093
185.9473,-22.36292,5.064661,17.98405,0,0,0,-22.58418,4.944263,17.88093
185.9565,-22.36292,5.064661,17.98405,0,0,0,-22.58418,4.944263,17.88093
185.9643,-22.36438,5.064325,17.98477,0,0,0,-22.58418,4.944263,17.88093
185.9731,-22.36438,5.064325,17.98477,0,0,0,-22.58418,4.944263,17.88093
185.9816,-22.36428,5.064091,17.9867,0,0,0,-22.58418,4.944263,17.88093
185.9902,-22.36428,5.064091,17.9867,0,0,0,-22.58418,4.944263,17.88093
185.9996,-22.36428,5.064091,17.9867,0,0,0,-22.58418,4.944263,17.88093
186.0072,-22.36419,5.06386,17.98863,0,0,0,-22.58418,4.944263,17.88093
186.0162,-22.36419,5.06386,17.98863,0,0,0,-22.58418,4.944263,17.88093
186.0238,-22.36503,5.064225,17.98878,0,0,0,-22.58418,4.944263,17.88093
186.0372,-22.36503,5.064225,17.98878,0,0,0,-22.58418,4.944263,17.88093
186.0453,-22.36511,5.064361,17.99038,0,0,0,-22.58418,4.944263,17.88093
186.0597,-22.36511,5.064361,17.99038,0,0,0,-22.58418,4.944263,17.88093
186.0679,-22.36784,5.064317,17.99041,0,0,0,-22.58418,4.944263,17.88093
186.0779,-22.36784,5.064317,17.99041,0,0,0,-22.58418,4.944263,17.88093
186.0851,-22.36936,5.064682,17.99101,0,0,0,-22.58418,4.944263,17.88093
186.0935,-22.36936,5.064682,17.99101,0,0,0,-22.58418,4.944263,17.88093
186.1009,-22.37053,5.065776,17.9905,0,0,0,-22.58418,4.944263,17.88093
186.1102,-22.37053,5.065776,17.9905,0,0,0,-22.58418,4.944263,17.88093
186.1181,-22.37053,5.065776,17.9905,0,0,0,-22.58418,4.944263,17.88093
186.1256,-22.37511,5.067857,17.98872,0,0,0,-22.58418,4.944263,17.88093
186.1341,-22.37511,5.067857,17.98872,0,0,0,-22.58418,4.944263,17.88093
186.1414,-22.37662,5.068742,17.98577,0,0,0,-22.58418,4.944263,17.88093
186.1499,-22.37662,5.068742,17.98577,0,0,0,-22.58418,4.944263,17.88093
186.1573,-22.37662,5.068742,17.98577,0,0,0,-22.58418,4.944263,17.88093
186.1696,-22.38146,5.069973,17.98348,0,0,0,-22.58418,4.944263,17.88093
186.1784,-22.38146,5.069973,17.98348,0,0,0,-22.58418,4.944263,17.88093
186.1858,-22.38386,5.070247,17.9824,0,0,0,-22.58418,4.944263,17.88093
186.1942,-22.38386,5.070247,17.9824,0,0,0,-22.58418,4.944263,17.88093
186.2014,-22.38702,5.069726,17.9816,0,0,0,-22.58418,4.944263,17.88093
186.2102,-22.38702,5.069726,17.9816,0,0,0,-22.58418,4.944263,17.88093
186.2176,-22.38702,5.069726,17.9816,0,0,0,-22.58418,4.944263,17.88093
186.2256,-22.38901,5.068531,17.9813,0,0,0,-22.58418,4.944263,17.88093
186.2343,-22.38901,5.068531,17.9813,0,0,0,-22.58418,4.944263,17.88093
186.2417,-22.38837,5.069217,17.98072,0,0,0,-22.58418,4.944263,17.88093
186.2504,-22.38837,5.069217,17.98072,0,0,0,-22.58418,4.944263,17.88093
186.2579,-22.38837,5.069217,17.98072,0,0,0,-22.58418,4.944263,17.88093
186.2656,-22.39186,5.069428,17.97926,0,0,0,-22.58418,4.944263,17.88093
186.2739,-22.39186,5.069428,17.97926,0,0,0,-22.58418,4.944263,17.88093
186.2813,-22.39194,5.069544,17.98086,0,0,0,-22.58418,4.944263,17.88093
186.2895,-22.39194,5.069544,17.98086,0,0,0,-22.58418,4.944263,17.88093
186.2969,-22.39194,5.069544,17.98086,0,0,0,-22.58418,4.944263,17.88093
186.3042,-22.39303,5.06947,17.98047,0,0,0,-22.58418,4.944263,17.88093
186.3127,-22.39303,5.06947,17.98047,0,0,0,-22.58418,4.944263,17.88093
186.3199,-22.39303,5.06947,17.98047,0,0,0,-22.58418,4.944263,17.88093
186.3274,-22.39404,5.069283,17.97851,0,0,0,-22.58418,4.944263,17.88093
186.3357,-22.39404,5.069283,17.97851,0,0,0,-22.58418,4.944263,17.88093
186.3468,-22.39446,5.069211,17.97767,0,0,0,-22.58418,4.944263,17.88093
186.3552,-22.39446,5.069211,17.97767,0,0,0,-22.58418,4.944263,17.88093
186.3627,-22.39472,5.068777,17.97717,0,0,0,-22.58418,4.944263,17.88093
186.3711,-22.39472,5.068777,17.97717,0,0,0,-22.58418,4.944263,17.88093
186.3789,-22.39472,5.068777,17.97717,0,0,0,-22.58418,4.944263,17.88093
186.3898,-22.39409,5.068955,17.97479,0,0,0,-22.58418,4.944263,17.88093
186.4001,-22.39497,5.068743,17.97663,0,0,0,-22.58418,4.944263,17.88093
186.4086,-22.39497,5.068743,17.97663,0,0,0,-22.58418,4.944263,17.88093
186.417,-22.39497,5.068743,17.97663,0,0,0,-22.58418,4.944263,17.88093
186.4279,-22.39417,5.06856,17.97458,0,0,0,-22.58418,4.944263,17.88093
186.4397,-22.39417,5.06856,17.97458,0,0,0,-22.58418,4.944263,17.88093
186.4476,-22.39367,5.067876,17.97554,0,0,0,-22.58418,4.944263,17.88093
186.4562,-22.39367,5.067876,17.97554,0,0,0,-22.58418,4.944263,17.88093
186.4646,-22.39392,5.067441,17.97504,0,0,0,-22.58418,4.944263,17.88093
186.4749,-22.39392,5.067441,17.97504,0,0,0,-22.58418,4.944263,17.88093
186.4855,-22.39169,5.067518,17.9758,0,0,0,-22.58418,4.944263,17.88093
186.4945,-22.39169,5.067518,17.9758,0,0,0,-22.58418,4.944263,17.88093
186.5051,-22.39241,5.066946,17.97797,0,0,0,-22.58418,4.944263,17.88093
186.514,-22.39241,5.066946,17.97797,0,0,0,-22.58418,4.944263,17.88093
186.5217,-22.39182,5.067062,17.97911,0,0,0,-22.58418,4.944263,17.88093
186.5308,-22.39182,5.067062,17.97911,0,0,0,-22.58418,4.944263,17.88093
186.5383,-22.39182,5.067062,17.97911,0,0,0,-22.58418,4.944263,17.88093
186.546,-22.39106,5.066819,17.98058,0,0,0,-22.58418,4.944263,17.88093
186.556,-22.39106,5.066819,17.98058,0,0,0,-22.58418,4.944263,17.88093
186.5643,-22.39106,5.066819,17.98058,0,0,0,-22.58418,4.944263,17.88093
186.5736,-22.39106,5.066819,17.98058,0,0,0,-22.58418,4.944263,17.88093
186.5837,-22.38958,5.067145,17.97987,0,0,0,-22.58418,4.944263,17.88093
186.5949,-22.38958,5.067145,17.97987,0,0,0,-22.58418,4.944263,17.88093
186.6052,-22.38882,5.066905,17.98134,0,0,0,-22.58418,4.944263,17.88093
186.6161,-22.38882,5.066905,17.98134,0,0,0,-22.58418,4.944263,17.88093
186.6265,-22.38882,5.066905,17.98134,0,0,0,-22.58418,4.944263,17.88093
186.6397,-22.38882,5.066905,17.98134,0,0,0,-22.58418,4.944263,17.88093
186.648,-22.38849,5.066589,17.98197,0,0,0,-22.58418,4.944263,17.88093
186.6574,-22.38849,5.066589,17.98197,0,0,0,-22.58418,4.944263,17.88093
186.666,-22.38891,5.066511,17.98113,0,0,0,-22.58418,4.944263,17.88093
186.6754,-22.38891,5.066511,17.98113,0,0,0,-22.58418,4.944263,17.88093
186.6836,-22.38884,5.065759,17.98125,0,0,0,-22.58418,4.944263,17.88093
186.696,-22.38884,5.065759,17.98125,0,0,0,-22.58418,4.944263,17.88093
186.707,-22.3877,5.065254,17.97984,0,0,0,-22.58418,4.944263,17.88093
186.7206,-22.38599,5.064472,17.97958,0,0,0,-22.58418,4.944263,17.88093
186.7311,-22.38599,5.064472,17.97958,0,0,0,-22.58418,4.944263,17.88093
186.7394,-22.38599,5.064472,17.97958,0,0,0,-22.58418,4.944263,17.88093
186.7479,-22.3851,5.065086,17.97771,0,0,0,-22.58418,4.944263,17.88093
186.7572,-22.3851,5.065086,17.97771,0,0,0,-22.58418,4.944263,17.88093
186.7659,-22.38367,5.066236,17.97336,0,0,0,-22.58418,4.944263,17.88093
186.7746,-22.38367,5.066236,17.97336,0,0,0,-22.58418,4.944263,17.88093
186.7829,-22.38442,5.06648,17.97189,0,0,0,-22.58418,4.944263,17.88093
186.792,-22.38442,5.06648,17.97189,0,0,0,-22.58418,4.944263,17.88093
186.7998,-22.38442,5.06648,17.97189,0,0,0,-22.58418,4.944263,17.88093
186.8104,-22.38371,5.067063,17.96972,0,0,0,-22.58418,4.944263,17.88093
186.8197,-22.38371,5.067063,17.96972,0,0,0,-22.58418,4.944263,17.88093
186.8277,-22.38446,5.06731,17.96826,0,0,0,-22.58418,4.944263,17.88093
186.8381,-22.38446,5.06731,17.96826,0,0,0,-22.58418,4.944263,17.88093
186.8462,-22.38375,5.0679,17.96609,0,0,0,-22.58418,4.944263,17.88093
186.8548,-22.38375,5.0679,17.96609,0,0,0,-22.58418,4.944263,17.88093
186.8634,-22.38375,5.0679,17.96609,0,0,0,-22.58418,4.944263,17.88093
186.873,-22.38375,5.0679,17.96609,0,0,0,-22.58418,4.944263,17.88093
186.881,-22.3845,5.068151,17.96462,0,0,0,-22.58418,4.944263,17.88093
186.8914,-22.3845,5.068151,17.96462,0,0,0,-22.58418,4.944263,17.88093
186.8995,-22.3845,5.068151,17.96462,0,0,0,-22.58418,4.944263,17.88093
186.9073,-22.38303,5.068494,17.96391,0,0,0,-22.58418,4.944263,17.88093
186.9167,-22.38303,5.068494,17.96391,0,0,0,-22.58418,4.944263,17.88093
186.9244,-22.38526,5.068405,17.96316,0,0,0,-22.58418,4.944263,17.88093
186.934,-22.38526,5.068405,17.96316,0,0,0,-22.58418,4.944263,17.88093
186.942,-22.38526,5.068405,17.96316,0,0,0,-22.58418,4.944263,17.88093
186.9509,-22.38526,5.068405,17.96316,0,0,0,-22.58418,4.944263,17.88093
186.9597,-22.38526,5.068405,17.96316,0,0,0,-22.58418,4.944263,17.88093
186.967,-22.3845,5.068151,17.96462,0,0,0,-22.58418,4.944263,17.88093
186.9757,-22.3845,5.068151,17.96462,0,0,0,-22.58418,4.944263,17.88093
186.9837,-22.38526,5.068405,17.96316,0,0,0,-22.58418,4.944263,17.88093
186.9931,-22.38526,5.068405,17.96316,0,0,0,-22.58418,4.944263,17.88093
187.0005,-22.3845,5.068151,17.96462,0,0,0,-22.58418,4.944263,17.88093
187.0112,-22.3845,5.068151,17.96462,0,0,0,-22.58418,4.944263,17.88093
187.0193,-22.3845,5.068151,17.96462,0,0,0,-22.58418,4.944263,17.88093
187.0268,-22.3845,5.068151,17.96462,0,0,0,-22.58418,4.944263,17.88093
187.0352,-22.3845,5.068151,17.96462,0,0,0,-22.58418,4.944263,17.88093
187.0432,-22.3845,5.068151,17.96462,0,0,0,-22.58418,4.944263,17.88093
187.0523,-22.3845,5.068151,17.96462,0,0,0,-22.58418,4.944263,17.88093
187.0598,-22.3845,5.068151,17.96462,0,0,0,-22.58418,4.944263,17.88093
187.0671,-22.38227,5.068242,17.96538,0,0,0,-22.58418,4.944263,17.88093
187.0779,-22.38227,5.068242,17.96538,0,0,0,-22.58418,4.944263,17.88093
187.0853,-22.38227,5.068242,17.96538,0,0,0,-22.58418,4.944263,17.88093
187.0939,-22.38227,5.068242,17.96538,0,0,0,-22.58418,4.944263,17.88093
187.1012,-22.38375,5.0679,17.96609,0,0,0,-22.58418,4.944263,17.88093
187.1094,-22.38375,5.0679,17.96609,0,0,0,-22.58418,4.944263,17.88093
187.1173,-22.38375,5.0679,17.96609,0,0,0,-22.58418,4.944263,17.88093
187.1249,-22.38227,5.068242,17.96538,0,0,0,-22.58418,4.944263,17.88093
187.1342,-22.38227,5.068242,17.96538,0,0,0,-22.58418,4.944263,17.88093
187.1417,-22.38244,5.068601,17.96505,0,0,0,-22.58418,4.944263,17.88093
187.1517,-22.38244,5.068601,17.96505,0,0,0,-22.58418,4.944263,17.88093
187.1603,-22.38261,5.068961,17.96472,0,0,0,-22.58418,4.944263,17.88093
187.1689,-22.38261,5.068961,17.96472,0,0,0,-22.58418,4.944263,17.88093
187.1773,-22.38261,5.068961,17.96472,0,0,0,-22.58418,4.944263,17.88093
187.188,-22.38261,5.068962,17.96472,0,0,0,-22.58418,4.944263,17.88093
187.1968,-22.38261,5.068962,17.96472,0,0,0,-22.58418,4.944263,17.88093
187.2045,-22.38342,5.06862,17.96497,0,0,0,-22.58418,4.944263,17.88093
187.2133,-22.38342,5.06862,17.96497,0,0,0,-22.58418,4.944263,17.88093
187.2212,-22.3827,5.069213,17.9628,0,0,0,-22.58418,4.944263,17.88093
187.2303,-22.3827,5.069213,17.9628,0,0,0,-22.58418,4.944263,17.88093
187.238,-22.3827,5.069213,17.9628,0,0,0,-22.58418,4.944263,17.88093
187.2464,-22.3827,5.069212,17.9628,0,0,0,-22.58418,4.944263,17.88093
187.255,-22.3827,5.069212,17.9628,0,0,0,-22.58418,4.944263,17.88093
187.2637,-22.38417,5.06887,17.9635,0,0,0,-22.58418,4.944263,17.88093
187.2724,-22.38417,5.06887,17.9635,0,0,0,-22.58418,4.944263,17.88093
187.2802,-22.38346,5.069466,17.96133,0,0,0,-22.58418,4.944263,17.88093
187.2891,-22.38346,5.069466,17.96133,0,0,0,-22.58418,4.944263,17.88093
187.2971,-22.38346,5.069466,17.96133,0,0,0,-22.58418,4.944263,17.88093
187.3058,-22.38422,5.069722,17.95986,0,0,0,-22.58418,4.944263,17.88093
187.3186,-22.38422,5.069722,17.95986,0,0,0,-22.58418,4.944263,17.88093
187.3331,-22.38645,5.069637,17.95911,0,0,0,-22.58418,4.944263,17.88093
187.3457,-22.38645,5.069637,17.95911,0,0,0,-22.58418,4.944263,17.88093
187.3581,-22.38645,5.069637,17.95911,0,0,0,-22.58418,4.944263,17.88093
187.3678,-22.38645,5.069637,17.95911,0,0,0,-22.58418,4.944263,17.88093
187.3785,-22.38645,5.069637,17.95911,0,0,0,-22.58418,4.944263,17.88093
187.3899,-22.38721,5.069897,17.95764,0,0,0,-22.58418,4.944263,17.88093
187.4021,-22.38574,5.070239,17.95694,0,0,0,-22.58418,4.944263,17.88093
187.4162,-22.38574,5.070239,17.95694,0,0,0,-22.58418,4.944263,17.88093
187.4271,-22.3865,5.070501,17.95547,0,0,0,-22.58418,4.944263,17.88093
187.4395,-22.3865,5.070501,17.95547,0,0,0,-22.58418,4.944263,17.88093
187.4488,-22.3865,5.070501,17.95547,0,0,0,-22.58418,4.944263,17.88093
187.4613,-22.3865,5.070501,17.95547,0,0,0,-22.58418,4.944263,17.88093
187.4709,-22.3865,5.070501,17.95547,0,0,0,-22.58418,4.944263,17.88093
187.4791,-22.3865,5.070501,17.95547,0,0,0,-22.58418,4.944263,17.88093
187.4874,-22.38873,5.070423,17.95471,0,0,0,-22.58418,4.944263,17.88093
187.4968,-22.38873,5.070423,17.95471,0,0,0,-22.58418,4.944263,17.88093
187.5049,-22.38873,5.070423,17.95471,0,0,0,-22.58418,4.944263,17.88093
187.5158,-22.38873,5.070423,17.95471,0,0,0,-22.58418,4.944263,17.88093
187.5254,-22.38873,5.070423,17.95471,0,0,0,-22.58418,4.944263,17.88093
187.5354,-22.38873,5.070423,17.95471,0,0,0,-22.58418,4.944263,17.88093
187.5443,-22.38726,5.070765,17.95401,0,0,0,-22.58418,4.944263,17.88093
187.5545,-22.38726,5.070765,17.95401,0,0,0,-22.58418,4.944263,17.88093
187.5642,-22.38721,5.069897,17.95764,0,0,0,-22.58418,4.944263,17.88093
187.5741,-22.38721,5.069897,17.95764,0,0,0,-22.58418,4.944263,17.88093
187.5869,-22.38569,5.069379,17.96057,0,0,0,-22.58418,4.944263,17.88093
187.598,-22.38569,5.069379,17.96057,0,0,0,-22.58418,4.944263,17.88093
187.6066,-22.38346,5.069466,17.96133,0,0,0,-22.58418,4.944263,17.88093
187.6161,-22.38346,5.069466,17.96133,0,0,0,-22.58418,4.944263,17.88093
187.6243,-22.38417,5.068871,17.9635,0,0,0,-22.58418,4.944263,17.88093
187.6339,-22.38417,5.068871,17.9635,0,0,0,-22.58418,4.944263,17.88093
187.6431,-22.38261,5.068962,17.96472,0,0,0,-22.58418,4.944263,17.88093
187.6518,-22.38261,5.068962,17.96472,0,0,0,-22.58418,4.944263,17.88093
187.6597,-22.38261,5.068962,17.96472,0,0,0,-22.58418,4.944263,17.88093
187.668,-22.38332,5.06837,17.96689,0,0,0,-22.58418,4.944263,17.88093
187.6788,-22.38332,5.06837,17.96689,0,0,0,-22.58418,4.944263,17.88093
187.6874,-22.38257,5.068122,17.96836,0,0,0,-22.58418,4.944263,17.88093
187.6969,-22.38257,5.068122,17.96836,0,0,0,-22.58418,4.944263,17.88093
187.7049,-22.38181,5.067877,17.96983,0,0,0,-22.58418,4.944263,17.88093
187.7148,-22.38181,5.067877,17.96983,0,0,0,-22.58418,4.944263,17.88093
187.7261,-22.38181,5.067877,17.96983,0,0,0,-22.58418,4.944263,17.88093
187.7352,-22.38181,5.067877,17.96983,0,0,0,-22.58418,4.944263,17.88093
187.7431,-22.37882,5.067736,17.97206,0,0,0,-22.58418,4.944263,17.88093
187.7524,-22.37882,5.067736,17.97206,0,0,0,-22.58418,4.944263,17.88093
187.7605,-22.38029,5.067393,17.97276,0,0,0,-22.58418,4.944263,17.88093
187.7693,-22.38029,5.067393,17.97276,0,0,0,-22.58418,4.944263,17.88093
187.7786,-22.38029,5.067393,17.97276,0,0,0,-22.58418,4.944263,17.88093
187.7874,-22.37954,5.067154,17.97423,0,0,0,-22.58418,4.944263,17.88093
187.7968,-22.37954,5.067154,17.97423,0,0,0,-22.58418,4.944263,17.88093
187.8049,-22.37878,5.066916,17.9757,0,0,0,-22.58418,4.944263,17.88093
187.8138,-22.37878,5.066916,17.9757,0,0,0,-22.58418,4.944263,17.88093
187.822,-22.37803,5.066683,17.97717,0,0,0,-22.58418,4.944263,17.88093
187.8311,-22.37803,5.066683,17.97717,0,0,0,-22.58418,4.944263,17.88093
187.8388,-22.37803,5.066683,17.97717,0,0,0,-22.58418,4.944263,17.88093
187.8478,-22.37727,5.06645,17.97864,0,0,0,-22.58418,4.944263,17.88093
187.8567,-22.37727,5.06645,17.97864,0,0,0,-22.58418,4.944263,17.88093
187.8645,-22.37727,5.06645,17.97864,0,0,0,-22.58418,4.944263,17.88093
187.8736,-22.37727,5.06645,17.97864,0,0,0,-22.58418,4.944263,17.88093
187.8817,-22.37711,5.066091,17.97897,0,0,0,-22.58418,4.944263,17.88093
187.8906,-22.37711,5.066091,17.97897,0,0,0,-22.58418,4.944263,17.88093
187.899,-22.37711,5.066091,17.97897,0,0,0,-22.58418,4.944263,17.88093
187.9074,-22.37635,5.06586,17.98044,0,0,0,-22.58418,4.944263,17.88093
187.9174,-22.37635,5.06586,17.98044,0,0,0,-22.58418,4.944263,17.88093
187.9252,-22.37618,5.0655,17.98077,0,0,0,-22.58418,4.944263,17.88093
187.9347,-22.37618,5.0655,17.98077,0,0,0,-22.58418,4.944263,17.88093
187.9426,-22.37618,5.0655,17.98077,0,0,0,-22.58418,4.944263,17.88093
187.9511,-22.37618,5.0655,17.98077,0,0,0,-22.58418,4.944263,17.88093
187.9587,-22.37618,5.0655,17.98077,0,0,0,-22.58418,4.944263,17.88093
187.9698,-22.37618,5.0655,17.98077,0,0,0,-22.58418,4.944263,17.88093
187.9785,-22.37618,5.0655,17.98077,0,0,0,-22.58418,4.944263,17.88093
187.989,-22.37618,5.0655,17.98077,0,0,0,-22.58418,4.944263,17.88093
187.9977,-22.37618,5.0655,17.98077,0,0,0,-22.58418,4.944263,17.88093
188.0054,-22.37471,5.065842,17.98007,0,0,0,-22.58418,4.944263,17.88093
188.014,-22.37471,5.065842,17.98007,0,0,0,-22.58418,4.944263,17.88093
188.0215,-22.37543,5.06527,17.98224,0,0,0,-22.58418,4.944263,17.88093
188.0306,-22.37543,5.06527,17.98224,0,0,0,-22.58418,4.944263,17.88093
188.0387,-22.37543,5.06527,17.98224,0,0,0,-22.58418,4.944263,17.88093
188.0463,-22.37543,5.06527,17.98224,0,0,0,-22.58418,4.944263,17.88093
188.0549,-22.37543,5.06527,17.98224,0,0,0,-22.58418,4.944263,17.88093
188.0627,-22.37467,5.065043,17.98372,0,0,0,-22.58418,4.944263,17.88093
188.0717,-22.37467,5.065043,17.98372,0,0,0,-22.58418,4.944263,17.88093
188.0792,-22.37467,5.065043,17.98372,0,0,0,-22.58418,4.944263,17.88093
188.0877,-22.3732,5.065386,17.98301,0,0,0,-22.58418,4.944263,17.88093
188.0979,-22.3732,5.065386,17.98301,0,0,0,-22.58418,4.944263,17.88093
188.1085,-22.3732,5.065386,17.98301,0,0,0,-22.58418,4.944263,17.88093
188.1173,-22.3732,5.065386,17.98301,0,0,0,-22.58418,4.944263,17.88093
188.1257,-22.37543,5.06527,17.98224,0,0,0,-22.58418,4.944263,17.88093
188.1357,-22.37543,5.06527,17.98224,0,0,0,-22.58418,4.944263,17.88093
188.1458,-22.37467,5.065044,17.98371,0,0,0,-22.58418,4.944263,17.88093
188.1573,-22.37467,5.065044,17.98371,0,0,0,-22.58418,4.944263,17.88093
188.1664,-22.3732,5.065386,17.98301,0,0,0,-22.58418,4.944263,17.88093
188.1774,-22.3732,5.065386,17.98301,0,0,0,-22.58418,4.944263,17.88093
188.1863,-22.37467,5.065044,17.98371,0,0,0,-22.58418,4.944263,17.88093
188.1979,-22.37467,5.065044,17.98371,0,0,0,-22.58418,4.944263,17.88093
188.2072,-22.37228,5.064803,17.98481,0,0,0,-22.58418,4.944263,17.88093
188.2183,-22.37228,5.064803,17.98481,0,0,0,-22.58418,4.944263,17.88093
188.2291,-22.37228,5.064803,17.98481,0,0,0,-22.58418,4.944263,17.88093
188.245,-22.37375,5.064461,17.98552,0,0,0,-22.58418,4.944263,17.88093
188.2555,-22.37375,5.064461,17.98552,0,0,0,-22.58418,4.944263,17.88093
188.2676,-22.37152,5.06458,17.98628,0,0,0,-22.58418,4.944263,17.88093
188.2797,-22.37152,5.06458,17.98628,0,0,0,-22.58418,4.944263,17.88093
188.2903,-22.373,5.064238,17.98699,0,0,0,-22.58418,4.944263,17.88093
188.3001,-22.37228,5.064803,17.98481,0,0,0,-22.58418,4.944263,17.88093
188.3095,-22.37228,5.064803,17.98481,0,0,0,-22.58418,4.944263,17.88093
188.3179,-22.37228,5.064803,17.98481,0,0,0,-22.58418,4.944263,17.88093
188.327,-22.37152,5.06458,17.98628,0,0,0,-22.58418,4.944263,17.88093
188.3363,-22.37152,5.06458,17.98628,0,0,0,-22.58418,4.944263,17.88093
188.3451,-22.37152,5.06458,17.98628,0,0,0,-22.58418,4.944263,17.88093
188.3548,-22.37152,5.06458,17.98628,0,0,0,-22.58418,4.944263,17.88093
188.3635,-22.37152,5.06458,17.98628,0,0,0,-22.58418,4.944263,17.88093
188.3725,-22.37152,5.06458,17.98628,0,0,0,-22.58418,4.944263,17.88093
188.3804,-22.37228,5.064803,17.98481,0,0,0,-22.58418,4.944263,17.88093
188.3894,-22.37228,5.064803,17.98481,0,0,0,-22.58418,4.944263,17.88093
188.3982,-22.37228,5.064803,17.98481,0,0,0,-22.58418,4.944263,17.88093
188.4063,-22.37152,5.06458,17.98628,0,0,0,-22.58418,4.944263,17.88093
188.4169,-22.37152,5.06458,17.98628,0,0,0,-22.58418,4.944263,17.88093
188.4254,-22.3708,5.065146,17.98411,0,0,0,-22.58418,4.944263,17.88093
188.435,-22.3708,5.065146,17.98411,0,0,0,-22.58418,4.944263,17.88093
188.4431,-22.37228,5.064802,17.98481,0,0,0,-22.58418,4.944263,17.88093
188.4518,-22.37228,5.064802,17.98481,0,0,0,-22.58418,4.944263,17.88093
188.4597,-22.37228,5.064802,17.98481,0,0,0,-22.58418,4.944263,17.88093
188.4696,-22.37228,5.064803,17.98481,0,0,0,-22.58418,4.944263,17.88093
188.4785,-22.37228,5.064803,17.98481,0,0,0,-22.58418,4.944263,17.88093
188.4886,-22.37156,5.065372,17.98264,0,0,0,-22.58418,4.944263,17.88093
188.4977,-22.37156,5.065372,17.98264,0,0,0,-22.58418,4.944263,17.88093
188.5054,-22.37156,5.065372,17.98264,0,0,0,-22.58418,4.944263,17.88093
188.5148,-22.37156,5.065372,17.98264,0,0,0,-22.58418,4.944263,17.88093
188.5237,-22.37231,5.065598,17.98117,0,0,0,-22.58418,4.944263,17.88093
188.5334,-22.37231,5.065598,17.98117,0,0,0,-22.58418,4.944263,17.88093
188.5414,-22.37307,5.065827,17.97969,0,0,0,-22.58418,4.944263,17.88093
188.5511,-22.37307,5.065827,17.97969,0,0,0,-22.58418,4.944263,17.88093
188.5597,-22.37307,5.065827,17.97969,0,0,0,-22.58418,4.944263,17.88093
188.5693,-22.37383,5.066058,17.97823,0,0,0,-22.58418,4.944263,17.88093
188.5789,-22.37383,5.066058,17.97823,0,0,0,-22.58418,4.944263,17.88093
188.5877,-22.37235,5.066404,17.97752,0,0,0,-22.58418,4.944263,17.88093
188.5976,-22.37235,5.066404,17.97752,0,0,0,-22.58418,4.944263,17.88093
188.605,-22.37311,5.066637,17.97605,0,0,0,-22.58418,4.944263,17.88093
188.6137,-22.37311,5.066637,17.97605,0,0,0,-22.58418,4.944263,17.88093
188.6214,-22.37311,5.066637,17.97605,0,0,0,-22.58418,4.944263,17.88093
188.631,-22.37311,5.066637,17.97605,0,0,0,-22.58418,4.944263,17.88093
188.6391,-22.37311,5.066637,17.97605,0,0,0,-22.58418,4.944263,17.88093
188.648,-22.37311,5.066637,17.97605,0,0,0,-22.58418,4.944263,17.88093
188.6563,-22.37311,5.066637,17.97605,0,0,0,-22.58418,4.944263,17.88093
188.6652,-22.37311,5.066637,17.97605,0,0,0,-22.58418,4.944263,17.88093
188.674,-22.37311,5.066637,17.97605,0,0,0,-22.58418,4.944263,17.88093
188.6817,-22.37311,5.066637,17.97605,0,0,0,-22.58418,4.944263,17.88093
188.6898,-22.37311,5.066637,17.97605,0,0,0,-22.58418,4.944263,17.88093
188.6979,-22.37311,5.066637,17.97605,0,0,0,-22.58418,4.944263,17.88093
188.7071,-22.37311,5.066637,17.97605,0,0,0,-22.58418,4.944263,17.88093
188.7159,-22.37311,5.066637,17.97605,0,0,0,-22.58418,4.944263,17.88093
188.7237,-22.37311,5.066637,17.97605,0,0,0,-22.58418,4.944263,17.88093
188.7328,-22.37311,5.066637,17.97605,0,0,0,-22.58418,4.944263,17.88093
188.7406,-22.37386,5.066871,17.97458,0,0,0,-22.58418,4.944263,17.88093
188.7496,-22.37386,5.066871,17.97458,0,0,0,-22.58418,4.944263,17.88093
188.7594,-22.37386,5.066871,17.97458,0,0,0,-22.58418,4.944263,17.88093
188.7675,-22.37239,5.06722,17.97388,0,0,0,-22.58418,4.944263,17.88093
188.7763,-22.37239,5.06722,17.97388,0,0,0,-22.58418,4.944263,17.88093
188.7837,-22.37386,5.066871,17.97458,0,0,0,-22.58418,4.944263,17.88093
188.7924,-22.37386,5.066871,17.97458,0,0,0,-22.58418,4.944263,17.88093
188.8,-22.37386,5.066871,17.97458,0,0,0,-22.58418,4.944263,17.88093
188.8078,-22.37294,5.066277,17.97639,0,0,0,-22.58418,4.944263,17.88093
188.8165,-22.37294,5.066277,17.97639,0,0,0,-22.58418,4.944263,17.88093
188.8248,-22.3737,5.066512,17.97491,0,0,0,-22.58418,4.944263,17.88093
188.8347,-22.3737,5.066512,17.97491,0,0,0,-22.58418,4.944263,17.88093
188.8427,-22.37294,5.066277,17.97639,0,0,0,-22.58418,4.944263,17.88093
188.8519,-22.37294,5.066277,17.97639,0,0,0,-22.58418,4.944263,17.88093
188.8595,-22.37294,5.066277,17.97639,0,0,0,-22.58418,4.944263,17.88093
188.8695,-22.3737,5.066512,17.97491,0,0,0,-22.58418,4.944263,17.88093
188.8786,-22.3737,5.066512,17.97491,0,0,0,-22.58418,4.944263,17.88093
188.8953,-22.37147,5.066626,17.97568,0,0,0,-22.58418,4.944263,17.88093
188.9063,-22.37294,5.066276,17.97639,0,0,0,-22.58418,4.944263,17.88093
188.915,-22.37294,5.066276,17.97639,0,0,0,-22.58418,4.944263,17.88093
188.9229,-22.3737,5.066511,17.97491,0,0,0,-22.58418,4.944263,17.88093
188.9344,-22.3737,5.066511,17.97491,0,0,0,-22.58418,4.944263,17.88093
188.9427,-22.37222,5.06686,17.97421,0,0,0,-22.58418,4.944263,17.88093
188.9518,-22.37222,5.06686,17.97421,0,0,0,-22.58418,4.944263,17.88093
188.961,-22.37222,5.06686,17.97421,0,0,0,-22.58418,4.944263,17.88093
188.971,-22.37222,5.06686,17.97421,0,0,0,-22.58418,4.944263,17.88093
188.9788,-22.37222,5.06686,17.97421,0,0,0,-22.58418,4.944263,17.88093
188.9864,-22.37294,5.066277,17.97639,0,0,0,-22.58418,4.944263,17.88093
188.9951,-22.37294,5.066277,17.97639,0,0,0,-22.58418,4.944263,17.88093
189.0027,-22.37294,5.066277,17.97639,0,0,0,-22.58418,4.944263,17.88093
189.0117,-22.37294,5.066277,17.97639,0,0,0,-22.58418,4.944263,17.88093
189.0194,-22.37294,5.066277,17.97639,0,0,0,-22.58418,4.944263,17.88093
189.0276,-22.37147,5.066626,17.97568,0,0,0,-22.58418,4.944263,17.88093
189.0364,-22.37147,5.066626,17.97568,0,0,0,-22.58418,4.944263,17.88093
189.0448,-22.3713,5.066265,17.97601,0,0,0,-22.58418,4.944263,17.88093
189.0546,-22.3713,5.066265,17.97601,0,0,0,-22.58418,4.944263,17.88093
189.0656,-22.37206,5.0665,17.97454,0,0,0,-22.58418,4.944263,17.88093
189.0763,-22.37206,5.0665,17.97454,0,0,0,-22.58418,4.944263,17.88093
189.0849,-22.37206,5.0665,17.97454,0,0,0,-22.58418,4.944263,17.88093
189.1004,-22.3713,5.066265,17.97601,0,0,0,-22.58418,4.944263,17.88093
189.1147,-22.3713,5.066265,17.97601,0,0,0,-22.58418,4.944263,17.88093
189.1236,-22.3713,5.066265,17.97601,0,0,0,-22.58418,4.944263,17.88093
189.1341,-22.3713,5.066265,17.97601,0,0,0,-22.58418,4.944263,17.88093
189.1437,-22.3713,5.066265,17.97601,0,0,0,-22.58418,4.944263,17.88093
189.1529,-22.3713,5.066265,17.97601,0,0,0,-22.58418,4.944263,17.88093
189.162,-22.36907,5.066383,17.97678,0,0,0,-22.58418,4.944263,17.88093
189.1737,-22.36907,5.066383,17.97678,0,0,0,-22.58418,4.944263,17.88093
189.1832,-22.37055,5.066032,17.97748,0,0,0,-22.58418,4.944263,17.88093
189.1954,-22.37055,5.066032,17.97748,0,0,0,-22.58418,4.944263,17.88093
189.2059,-22.36979,5.065802,17.97895,0,0,0,-22.58418,4.944263,17.88093
189.2148,-22.36979,5.065802,17.97895,0,0,0,-22.58418,4.944263,17.88093
189.2229,-22.36903,5.065573,17.98042,0,0,0,-22.58418,4.944263,17.88093
189.2324,-22.36903,5.065573,17.98042,0,0,0,-22.58418,4.944263,17.88093
189.2404,-22.36903,5.065573,17.98042,0,0,0,-22.58418,4.944263,17.88093
189.2496,-22.36903,5.065573,17.98042,0,0,0,-22.58418,4.944263,17.88093
189.2573,-22.36903,5.065573,17.98042,0,0,0,-22.58418,4.944263,17.88093
189.2661,-22.36681,5.065697,17.98119,0,0,0,-22.58418,4.944263,17.88093
189.2753,-22.36681,5.065697,17.98119,0,0,0,-22.58418,4.944263,17.88093
189.2835,-22.36828,5.065347,17.9819,0,0,0,-22.58418,4.944263,17.88093
189.2958,-22.36828,5.065347,17.9819,0,0,0,-22.58418,4.944263,17.88093
189.3048,-22.36828,5.065347,17.9819,0,0,0,-22.58418,4.944263,17.88093
189.3141,-22.36828,5.065347,17.9819,0,0,0,-22.58418,4.944263,17.88093
189.3224,-22.36753,5.065122,17.98337,0,0,0,-22.58418,4.944263,17.88093
189.3341,-22.36753,5.065122,17.98337,0,0,0,-22.58418,4.944263,17.88093
189.3456,-22.36753,5.065122,17.98337,0,0,0,-22.58418,4.944263,17.88093
189.3562,-22.36753,5.065122,17.98337,0,0,0,-22.58418,4.944263,17.88093
189.368,-22.36753,5.065122,17.98337,0,0,0,-22.58418,4.944263,17.88093
189.3808,-22.36753,5.065122,17.98337,0,0,0,-22.58418,4.944263,17.88093
189.3918,-22.36753,5.065122,17.98337,0,0,0,-22.58418,4.944263,17.88093
189.4014,-22.36753,5.065122,17.98337,0,0,0,-22.58418,4.944263,17.88093
189.4152,-22.36753,5.065122,17.98337,0,0,0,-22.58418,4.944263,17.88093
189.4251,-22.36753,5.065122,17.98337,0,0,0,-22.58418,4.944263,17.88093
189.4372,-22.36753,5.065122,17.98337,0,0,0,-22.58418,4.944263,17.88093
189.4504,-22.36761,5.064319,17.98319,0,0,0,-22.58418,4.944263,17.88093
189.4602,-22.36761,5.064319,17.98319,0,0,0,-22.58418,4.944263,17.88093
189.4704,-22.36761,5.064319,17.98319,0,0,0,-22.58418,4.944263,17.88093
189.4791,-22.36761,5.064319,17.98319,0,0,0,-22.58418,4.944263,17.88093
189.49,-22.36854,5.063877,17.98315,0,0,0,-22.58418,4.944263,17.88093
189.4987,-22.36854,5.063877,17.98315,0,0,0,-22.58418,4.944263,17.88093
189.5068,-22.36707,5.064228,17.98244,0,0,0,-22.58418,4.944263,17.88093
189.5159,-22.36707,5.064228,17.98244,0,0,0,-22.58418,4.944263,17.88093
189.5237,-22.36732,5.063786,17.98194,0,0,0,-22.58418,4.944263,17.88093
189.5328,-22.36732,5.063786,17.98194,0,0,0,-22.58418,4.944263,17.88093
189.5413,-22.36732,5.063786,17.98194,0,0,0,-22.35176,4.947072,17.95608
189.5506,-22.36732,5.063786,17.98194,0,0,0,-22.35176,4.947072,17.95608
189.559,-22.36732,5.063786,17.98194,0,0,0,-22.35176,4.947072,17.95608
189.5682,-22.36611,5.063697,17.98073,0,0,0,-22.35176,4.947072,17.95608
189.5775,-22.36611,5.063697,17.98073,0,0,0,-22.35176,4.947072,17.95608
189.5854,-22.36489,5.063611,17.97952,0,0,0,-22.35176,4.947072,17.95608
189.5951,-22.36489,5.063611,17.97952,0,0,0,-22.35176,4.947072,17.95608
189.6033,-22.36556,5.06361,17.97999,0,0,0,-22.35176,4.947072,17.95608
189.6121,-22.36556,5.06361,17.97999,0,0,0,-22.35176,4.947072,17.95608
189.6206,-22.36632,5.063838,17.97851,0,0,0,-22.35176,4.947072,17.95608
189.6328,-22.36632,5.063838,17.97851,0,0,0,-22.35176,4.947072,17.95608
189.6429,-22.36632,5.063838,17.97851,0,0,0,-22.35176,4.947072,17.95608
189.653,-22.36632,5.063838,17.97851,0,0,0,-22.35176,4.947072,17.95608
189.6625,-22.36632,5.063838,17.97851,0,0,0,-22.35176,4.947072,17.95608
189.6716,-22.36632,5.063838,17.97851,0,0,0,-22.35176,4.947072,17.95608
189.681,-22.36632,5.063838,17.97851,0,0,0,-22.35176,4.947072,17.95608
189.6915,-22.36632,5.063838,17.97851,0,0,0,-22.35176,4.947072,17.95608
189.7007,-22.36707,5.064068,17.97704,0,0,0,-22.35176,4.947072,17.95608
189.7134,-22.36707,5.064068,17.97704,0,0,0,-22.35176,4.947072,17.95608
189.7229,-22.36707,5.064068,17.97704,0,0,0,-22.35176,4.947072,17.95608
189.733,-22.36707,5.064068,17.97704,0,0,0,-22.35176,4.947072,17.95608
189.7417,-22.36632,5.063838,17.97851,0,0,0,-22.35176,4.947072,17.95608
189.7528,-22.36632,5.063838,17.97851,0,0,0,-22.35176,4.947072,17.95608
189.7627,-22.36707,5.064068,17.97704,0,0,0,-22.35176,4.947072,17.95608
189.7738,-22.36707,5.064068,17.97704,0,0,0,-22.35176,4.947072,17.95608
189.7831,-22.36779,5.063483,17.97921,0,0,0,-22.35176,4.947072,17.95608
189.7925,-22.36779,5.063483,17.97921,0,0,0,-22.35176,4.947072,17.95608
189.8008,-22.36632,5.063838,17.97851,0,0,0,-22.35176,4.947072,17.95608
189.8109,-22.36632,5.063838,17.97851,0,0,0,-22.35176,4.947072,17.95608
189.8186,-22.36632,5.063838,17.97851,0,0,0,-22.35176,4.947072,17.95608
189.8272,-22.36774,5.064068,17.97751,0,0,0,-22.35176,4.947072,17.95608
189.8369,-22.36774,5.064068,17.97751,0,0,0,-22.35176,4.947072,17.95608
189.8459,-22.36846,5.063484,17.97968,0,0,0,-22.35176,4.947072,17.95608
189.8546,-22.36846,5.063484,17.97968,0,0,0,-22.35176,4.947072,17.95608
189.863,-22.36846,5.063484,17.97968,0,0,0,-22.35176,4.947072,17.95608
189.8718,-22.36846,5.063484,17.97968,0,0,0,-22.35176,4.947072,17.95608
189.88,-22.36846,5.063484,17.97968,0,0,0,-22.35176,4.947072,17.95608
189.8876,-22.36921,5.063714,17.97821,0,0,0,-22.35176,4.947072,17.95608
189.8975,-22.36921,5.063714,17.97821,0,0,0,-22.35176,4.947072,17.95608
189.9054,-22.36699,5.063838,17.97898,0,0,0,-22.35176,4.947072,17.95608
189.9146,-22.36699,5.063838,17.97898,0,0,0,-22.35176,4.947072,17.95608
189.9225,-22.36699,5.063838,17.97898,0,0,0,-22.35176,4.947072,17.95608
189.9318,-22.36699,5.063838,17.97898,0,0,0,-22.35176,4.947072,17.95608
189.9395,-22.36699,5.063838,17.97898,0,0,0,-22.35176,4.947072,17.95608
189.9487,-22.36699,5.063838,17.97898,0,0,0,-22.35176,4.947072,17.95608
189.9585,-22.36699,5.063838,17.97898,0,0,0,-22.35176,4.947072,17.95608
189.9669,-22.36846,5.063484,17.97968,0,0,0,-22.35176,4.947072,17.95608
189.9757,-22.36846,5.063484,17.97968,0,0,0,-22.35176,4.947072,17.95608
189.9837,-22.36846,5.063484,17.97968,0,0,0,-22.35176,4.947072,17.95608
189.9939,-22.36846,5.063484,17.97968,0,0,0,-22.35176,4.947072,17.95608
190.0032,-22.36699,5.063838,17.97898,0,0,0,-22.35176,4.947072,17.95608
190.0125,-22.36699,5.063838,17.97898,0,0,0,-22.35176,4.947072,17.95608
190.0234,-22.36699,5.063838,17.97898,0,0,0,-22.35176,4.947072,17.95608
190.0335,-22.36699,5.063838,17.97898,0,0,0,-22.35176,4.947072,17.95608
190.0445,-22.36699,5.063838,17.97898,0,0,0,-22.35176,4.947072,17.95608
190.0572,-22.36699,5.063838,17.97898,0,0,0,-22.35176,4.947072,17.95608
190.0659,-22.36673,5.064278,17.97949,0,0,0,-22.35176,4.947072,17.95608
190.0766,-22.36673,5.064278,17.97949,0,0,0,-22.35176,4.947072,17.95608
190.0901,-22.36531,5.06405,17.9805,0,0,0,-22.35176,4.947072,17.95608
190.1006,-22.36753,5.063924,17.97972,0,0,0,-22.35176,4.947072,17.95608
190.1107,-22.36753,5.063924,17.97972,0,0,0,-22.35176,4.947072,17.95608
190.1209,-22.36661,5.063337,17.98153,0,0,0,-22.35176,4.947072,17.95608
190.1317,-22.36661,5.063337,17.98153,0,0,0,-22.35176,4.947072,17.95608
190.1445,-22.36514,5.06369,17.98083,0,0,0,-22.35176,4.947072,17.95608
190.1559,-22.36514,5.06369,17.98083,0,0,0,-22.35176,4.947072,17.95608
190.166,-22.36578,5.062975,17.98139,0,0,0,-22.35176,4.947072,17.95608
190.1767,-22.36578,5.062975,17.98139,0,0,0,-22.35176,4.947072,17.95608
190.1858,-22.36561,5.062615,17.98172,0,0,0,-22.35176,4.947072,17.95608
190.1954,-22.36561,5.062615,17.98172,0,0,0,-22.35176,4.947072,17.95608
190.2031,-22.36535,5.063057,17.98223,0,0,0,-22.35176,4.947072,17.95608
190.2121,-22.36535,5.063057,17.98223,0,0,0,-22.35176,4.947072,17.95608
190.2205,-22.36363,5.063853,17.98203,0,0,0,-22.35176,4.947072,17.95608
190.2296,-22.36363,5.063853,17.98203,0,0,0,-22.35176,4.947072,17.95608
190.2373,-22.36363,5.063853,17.98203,0,0,0,-22.35176,4.947072,17.95608
190.2461,-22.36437,5.06563,17.98061,0,0,0,-22.35176,4.947072,17.95608
190.2592,-22.36437,5.06563,17.98061,0,0,0,-22.35176,4.947072,17.95608
190.2669,-22.36436,5.067182,17.98066,0,0,0,-22.35176,4.947072,17.95608
190.2759,-22.36436,5.067182,17.98066,0,0,0,-22.35176,4.947072,17.95608
190.2839,-22.36658,5.068606,17.97994,0,0,0,-22.35176,4.947072,17.95608
190.2936,-22.36658,5.068606,17.97994,0,0,0,-22.35176,4.947072,17.95608
190.3013,-22.36682,5.069716,17.97948,0,0,0,-22.35176,4.947072,17.95608
190.3112,-22.36682,5.069716,17.97948,0,0,0,-22.35176,4.947072,17.95608
190.3189,-22.36682,5.069716,17.97948,0,0,0,-22.35176,4.947072,17.95608
190.3271,-22.36732,5.070387,17.97852,0,0,0,-22.35176,4.947072,17.95608
190.336,-22.36732,5.070387,17.97852,0,0,0,-22.35176,4.947072,17.95608
190.344,-22.36879,5.070035,17.97922,0,0,0,-22.35176,4.947072,17.95608
190.3527,-22.36879,5.070035,17.97922,0,0,0,-22.35176,4.947072,17.95608
190.3614,-22.36955,5.070267,17.97775,0,0,0,-22.35176,4.947072,17.95608
190.3703,-22.36955,5.070267,17.97775,0,0,0,-22.35176,4.947072,17.95608
190.3784,-22.36955,5.070267,17.97775,0,0,0,-22.35176,4.947072,17.95608
190.3886,-22.37152,5.070588,17.97749,0,0,0,-22.35176,4.947072,17.95608
190.3978,-22.37152,5.070588,17.97749,0,0,0,-22.35176,4.947072,17.95608
190.4056,-22.37081,5.071175,17.97532,0,0,0,-22.35176,4.947072,17.95608
190.4178,-22.37081,5.071175,17.97532,0,0,0,-22.35176,4.947072,17.95608
190.4263,-22.37203,5.071263,17.97653,0,0,0,-22.35176,4.947072,17.95608
190.4349,-22.37203,5.071263,17.97653,0,0,0,-22.35176,4.947072,17.95608
190.4431,-22.37278,5.0715,17.97506,0,0,0,-22.35176,4.947072,17.95608
190.4521,-22.37278,5.0715,17.97506,0,0,0,-22.35176,4.947072,17.95608
190.4603,-22.37262,5.072177,17.97363,0,0,0,-22.35176,4.947072,17.95608
190.4694,-22.37262,5.072177,17.97363,0,0,0,-22.35176,4.947072,17.95608
190.4774,-22.37262,5.072177,17.97363,0,0,0,-22.35176,4.947072,17.95608
190.4852,-22.37246,5.072854,17.9722,0,0,0,-22.35176,4.947072,17.95608
190.4947,-22.37246,5.072854,17.9722,0,0,0,-22.35176,4.947072,17.95608
190.5031,-22.37163,5.073533,17.97031,0,0,0,-22.35176,4.947072,17.95608
190.5128,-22.37163,5.073533,17.97031,0,0,0,-22.35176,4.947072,17.95608
190.5218,-22.3707,5.073968,17.97035,0,0,0,-22.35176,4.947072,17.95608
190.5338,-22.3707,5.073968,17.97035,0,0,0,-22.35176,4.947072,17.95608
190.5438,-22.37147,5.074211,17.96889,0,0,0,-22.35176,4.947072,17.95608
190.5582,-22.37147,5.074211,17.96889,0,0,0,-22.35176,4.947072,17.95608
190.5679,-22.3737,5.074108,17.96813,0,0,0,-22.35176,4.947072,17.95608
190.5809,-22.37516,5.073761,17.96884,0,0,0,-22.35176,4.947072,17.95608
190.5911,-22.37516,5.073761,17.96884,0,0,0,-22.35176,4.947072,17.95608
190.6028,-22.3774,5.073663,17.96808,0,0,0,-22.35176,4.947072,17.95608
190.6121,-22.3774,5.073663,17.96808,0,0,0,-22.35176,4.947072,17.95608
190.6204,-22.37887,5.07332,17.96879,0,0,0,-22.35176,4.947072,17.95608
190.6298,-22.37887,5.07332,17.96879,0,0,0,-22.35176,4.947072,17.95608
190.6377,-22.37887,5.07332,17.96879,0,0,0,-22.35176,4.947072,17.95608
190.6473,-22.38148,5.071921,17.97086,0,0,0,-22.35176,4.947072,17.95608
190.6578,-22.38148,5.071921,17.97086,0,0,0,-22.35176,4.947072,17.95608
190.6681,-22.38174,5.071085,17.97038,0,0,0,-22.35176,4.947072,17.95608
190.6797,-22.38174,5.071085,17.97038,0,0,0,-22.35176,4.947072,17.95608
190.6903,-22.38255,5.069302,17.9724,0,0,0,-22.35176,4.947072,17.95608
190.6996,-22.38255,5.069302,17.9724,0,0,0,-22.35176,4.947072,17.95608
190.7076,-22.38214,5.067417,17.97321,0,0,0,-22.35176,4.947072,17.95608
190.7171,-22.38214,5.067417,17.97321,0,0,0,-22.35176,4.947072,17.95608
190.7258,-22.38124,5.06549,17.97325,0,0,0,-22.35176,4.947072,17.95608
190.7345,-22.38124,5.06549,17.97325,0,0,0,-22.35176,4.947072,17.95608
190.7422,-22.3786,5.064733,17.97306,0,0,0,-22.35176,4.947072,17.95608
190.7512,-22.3786,5.064733,17.97306,0,0,0,-22.35176,4.947072,17.95608
190.7589,-22.3786,5.064733,17.97306,0,0,0,-22.35176,4.947072,17.95608
190.7664,-22.3751,5.064368,17.97108,0,0,0,-22.35176,4.947072,17.95608
190.7756,-22.3751,5.064368,17.97108,0,0,0,-22.35176,4.947072,17.95608
190.7836,-22.37237,5.064259,17.96763,0,0,0,-22.35176,4.947072,17.95608
190.7928,-22.37237,5.064259,17.96763,0,0,0,-22.35176,4.947072,17.95608
190.8011,-22.36821,5.063894,17.96517,0,0,0,-22.35176,4.947072,17.95608
190.8102,-22.36821,5.063894,17.96517,0,0,0,-22.35176,4.947072,17.95608
190.8178,-22.36821,5.063894,17.96517,0,0,0,-22.35176,4.947072,17.95608
190.8259,-22.35943,5.062962,17.95938,0,0,0,-22.35176,4.947072,17.95608
190.8345,-22.35943,5.062962,17.95938,0,0,0,-22.35176,4.947072,17.95608
190.8425,-22.35395,5.062683,17.95775,0,0,0,-22.35176,4.947072,17.95608
190.8514,-22.35395,5.062683,17.95775,0,0,0,-22.35176,4.947072,17.95608
190.8607,-22.34874,5.061971,17.9556,0,0,0,-22.35176,4.947072,17.95608
190.87,-22.34874,5.061971,17.9556,0,0,0,-22.35176,4.947072,17.95608
190.8791,-22.34874,5.061971,17.9556,0,0,0,-22.35176,4.947072,17.95608
190.8873,-22.3396,5.061444,17.95398,0,0,0,-22.35176,4.947072,17.95608
190.8975,-22.3396,5.061444,17.95398,0,0,0,-22.35176,4.947072,17.95608
190.9053,-22.33116,5.062499,17.95262,0,0,0,-22.35176,4.947072,17.95608
190.9143,-22.33116,5.062499,17.95262,0,0,0,-22.35176,4.947072,17.95608
190.9231,-22.32204,5.063982,17.95073,0,0,0,-22.35176,4.947072,17.95608
190.9318,-22.32204,5.063982,17.95073,0,0,0,-22.35176,4.947072,17.95608
190.9391,-22.32204,5.063982,17.95073,0,0,0,-22.35176,4.947072,17.95608
190.9473,-22.31163,5.067616,17.94614,0,0,0,-22.35176,4.947072,17.95608
190.956,-22.31163,5.067616,17.94614,0,0,0,-22.35176,4.947072,17.95608
190.9637,-22.30661,5.070788,17.94358,0,0,0,-22.35176,4.947072,17.95608
190.973,-22.30661,5.070788,17.94358,0,0,0,-22.35176,4.947072,17.95608
190.9824,-22.30056,5.072761,17.94118,0,0,0,-22.35176,4.947072,17.95608
190.9911,-22.30056,5.072761,17.94118,0,0,0,-22.35176,4.947072,17.95608
191.0018,-22.29462,5.074053,17.9402,0,0,0,-22.35176,4.947072,17.95608
191.0109,-22.29462,5.074053,17.9402,0,0,0,-22.35176,4.947072,17.95608
191.0194,-22.29462,5.074053,17.9402,0,0,0,-22.35176,4.947072,17.95608
191.0277,-22.29059,5.074627,17.94077,0,0,0,-22.35176,4.947072,17.95608
191.0368,-22.29059,5.074627,17.94077,0,0,0,-22.35176,4.947072,17.95608
191.0446,-22.29268,5.074153,17.94043,0,0,0,-22.35176,4.947072,17.95608
191.0532,-22.29268,5.074153,17.94043,0,0,0,-22.35176,4.947072,17.95608
191.0617,-22.29703,5.073714,17.94105,0,0,0,-22.35176,4.947072,17.95608
191.0702,-22.29703,5.073714,17.94105,0,0,0,-22.35176,4.947072,17.95608
191.078,-22.29703,5.073714,17.94105,0,0,0,-22.35176,4.947072,17.95608
191.0858,-22.30825,5.07158,17.94607,0,0,0,-22.35176,4.947072,17.95608
191.0943,-22.30825,5.07158,17.94607,0,0,0,-22.35176,4.947072,17.95608
191.1028,-22.31545,5.069289,17.95318,0,0,0,-22.35176,4.947072,17.95608
191.1129,-22.31545,5.069289,17.95318,0,0,0,-22.35176,4.947072,17.95608
191.1215,-22.33079,5.066543,17.96419,0,0,0,-22.35176,4.947072,17.95608
191.1316,-22.33079,5.066543,17.96419,0,0,0,-22.35176,4.947072,17.95608
191.1392,-22.33079,5.066543,17.96419,0,0,0,-22.35176,4.947072,17.95608
191.1487,-22.36103,5.061972,17.98384,0,0,0,-22.35176,4.947072,17.95608
191.1598,-22.36103,5.061972,17.98384,0,0,0,-22.35176,4.947072,17.95608
191.1702,-22.38231,5.05935,17.99617,0,0,0,-22.35176,4.947072,17.95608
191.1795,-22.38231,5.05935,17.99617,0,0,0,-22.35176,4.947072,17.95608
191.188,-22.39782,5.056917,18.00884,0,0,0,-22.35176,4.947072,17.95608
191.198,-22.39782,5.056917,18.00884,0,0,0,-22.35176,4.947072,17.95608
191.209,-22.41152,5.054407,18.01974,0,0,0,-22.35176,4.947072,17.95608
191.2201,-22.41934,5.052861,18.02779,0,0,0,-22.35176,4.947072,17.95608
191.2295,-22.41934,5.052861,18.02779,0,0,0,-22.35176,4.947072,17.95608
191.2396,-22.41934,5.052861,18.02779,0,0,0,-22.35176,4.947072,17.95608
191.2509,-22.44025,5.050447,18.04115,0,0,0,-22.35176,4.947072,17.95608
191.2617,-22.4438,5.049847,18.04499,0,0,0,-22.35176,4.947072,17.95608
191.2713,-22.4438,5.049847,18.04499,0,0,0,-22.35176,4.947072,17.95608
191.2791,-22.4438,5.049847,18.04499,0,0,0,-22.35176,4.947072,17.95608
191.287,-22.45498,5.049394,18.04864,0,0,0,-22.35176,4.947072,17.95608
191.2958,-22.45498,5.049394,18.04864,0,0,0,-22.35176,4.947072,17.95608
191.3044,-22.45948,5.049526,18.04725,0,0,0,-22.35176,4.947072,17.95608
191.3149,-22.45948,5.049526,18.04725,0,0,0,-22.35176,4.947072,17.95608
191.323,-22.46268,5.050313,18.04831,0,0,0,-22.35176,4.947072,17.95608
191.3319,-22.46268,5.050313,18.04831,0,0,0,-22.35176,4.947072,17.95608
191.3409,-22.46413,5.052247,18.04566,0,0,0,-22.35176,4.947072,17.95608
191.3497,-22.46413,5.052247,18.04566,0,0,0,-22.35176,4.947072,17.95608
191.3575,-22.46413,5.052247,18.04566,0,0,0,-22.35176,4.947072,17.95608
191.3654,-22.45871,5.055511,18.04192,0,0,0,-22.35176,4.947072,17.95608
191.3751,-22.45871,5.055511,18.04192,0,0,0,-22.35176,4.947072,17.95608
191.3826,-22.45556,5.059145,18.03913,0,0,0,-22.35176,4.947072,17.95608
191.391,-22.45556,5.059145,18.03913,0,0,0,-22.35176,4.947072,17.95608
191.3985,-22.45556,5.059145,18.03913,0,0,0,-22.35176,4.947072,17.95608
191.4062,-22.44667,5.065289,18.02621,0,0,0,-22.35176,4.947072,17.95608
191.4164,-22.44667,5.065289,18.02621,0,0,0,-22.35176,4.947072,17.95608
191.4262,-22.44159,5.070523,18.02015,0,0,0,-22.35176,4.947072,17.95608
191.4375,-22.44159,5.070523,18.02015,0,0,0,-22.35176,4.947072,17.95608
191.4451,-22.43656,5.07681,18.01236,0,0,0,-22.35176,4.947072,17.95608
191.4546,-22.43656,5.07681,18.01236,0,0,0,-22.35176,4.947072,17.95608
191.4626,-22.43231,5.083036,18.00147,0,0,0,-22.35176,4.947072,17.95608
191.4716,-22.43231,5.083036,18.00147,0,0,0,-22.35176,4.947072,17.95608
191.4794,-22.43231,5.083036,18.00147,0,0,0,-22.35176,4.947072,17.95608
191.4868,-22.42829,5.08965,17.98701,0,0,0,-22.35176,4.947072,17.95608
191.4956,-22.42829,5.08965,17.98701,0,0,0,-22.35176,4.947072,17.95608
191.503,-22.42345,5.094605,17.97921,0,0,0,-22.35176,4.947072,17.95608
191.512,-22.42345,5.094605,17.97921,0,0,0,-22.35176,4.947072,17.95608
191.5209,-22.41855,5.10258,17.96667,0,0,0,-22.35176,4.947072,17.95608
191.5327,-22.41855,5.10258,17.96667,0,0,0,-22.35176,4.947072,17.95608
191.5423,-22.41711,5.111844,17.94696,0,0,0,-22.35176,4.947072,17.95608
191.5519,-22.41711,5.111844,17.94696,0,0,0,-22.35176,4.947072,17.95608
191.5608,-22.41546,5.11997,17.92788,0,0,0,-22.35176,4.947072,17.95608
191.5696,-22.41546,5.11997,17.92788,0,0,0,-22.35176,4.947072,17.95608
191.5775,-22.41546,5.11997,17.92788,0,0,0,-22.35176,4.947072,17.95608
191.5866,-22.42028,5.12944,17.89873,0,0,0,-22.35176,4.947072,17.95608
191.5975,-22.42028,5.12944,17.89873,0,0,0,-22.35176,4.947072,17.95608
191.605,-22.42034,5.132847,17.88217,0,0,0,-22.35176,4.947072,17.95608
191.6155,-22.42034,5.132847,17.88217,0,0,0,-22.35176,4.947072,17.95608
191.6238,-22.42277,5.135796,17.86797,0,0,0,-22.35176,4.947072,17.95608
191.6353,-22.42277,5.135796,17.86797,0,0,0,-22.35176,4.947072,17.95608
191.6441,-22.42609,5.138122,17.85686,0,0,0,-22.35176,4.947072,17.95608
191.6537,-22.42609,5.138122,17.85686,0,0,0,-22.35176,4.947072,17.95608
191.6652,-22.4306,5.139941,17.84841,0,0,0,-22.35176,4.947072,17.95608
191.6757,-22.4306,5.139941,17.84841,0,0,0,-22.35176,4.947072,17.95608
191.6859,-22.4329,5.139969,17.8422,0,0,0,-22.35176,4.947072,17.95608
191.6963,-22.4329,5.139969,17.8422,0,0,0,-22.35176,4.947072,17.95608
191.7043,-22.4347,5.138645,17.83987,0,0,0,-22.35176,4.947072,17.95608
191.7164,-22.4347,5.138645,17.83987,0,0,0,-22.35176,4.947072,17.95608
191.7257,-22.43359,5.134842,17.84105,0,0,0,-22.35176,4.947072,17.95608
191.7353,-22.43359,5.134842,17.84105,0,0,0,-22.35176,4.947072,17.95608
191.7448,-22.4316,5.129272,17.84519,0,0,0,-22.35176,4.947072,17.95608
191.7547,-22.4316,5.129272,17.84519,0,0,0,-22.35176,4.947072,17.95608
191.7646,-22.42749,5.122772,17.8482,0,0,0,-22.35176,4.947072,17.95608
191.7741,-22.42749,5.122772,17.8482,0,0,0,-22.35176,4.947072,17.95608
191.7822,-22.42054,5.114644,17.85556,0,0,0,-22.35176,4.947072,17.95608
191.7927,-22.42054,5.114644,17.85556,0,0,0,-22.35176,4.947072,17.95608
191.8039,-22.40756,5.101819,17.86679,0,0,0,-22.35176,4.947072,17.95608
191.8145,-22.40756,5.101819,17.86679,0,0,0,-22.35176,4.947072,17.95608
191.8274,-22.38875,5.086148,17.87953,0,0,0,-22.35176,4.947072,17.95608
191.837,-22.38875,5.086148,17.87953,0,0,0,-22.35176,4.947072,17.95608
191.8479,-22.37438,5.072943,17.89218,0,0,0,-22.35176,4.947072,17.95608
191.857,-22.37438,5.072943,17.89218,0,0,0,-22.35176,4.947072,17.95608
191.865,-22.35964,5.064434,17.90176,0,0,0,-22.35176,4.947072,17.95608
191.8756,-22.35964,5.064434,17.90176,0,0,0,-22.35176,4.947072,17.95608
191.8834,-22.3495,5.058527,17.91001,0,0,0,-22.35176,4.947072,17.95608
191.8927,-22.3495,5.058527,17.91001,0,0,0,-22.35176,4.947072,17.95608
191.9014,-22.34067,5.052736,17.91614,0,0,0,-22.35176,4.947072,17.95608
191.9108,-22.34067,5.052736,17.91614,0,0,0,-22.35176,4.947072,17.95608
191.9189,-22.34067,5.052736,17.91614,0,0,0,-22.35176,4.947072,17.95608
191.927,-22.33115,5.044233,17.92467,0,0,0,-22.35176,4.947072,17.95608
191.9383,-22.33115,5.044233,17.92467,0,0,0,-22.35176,4.947072,17.95608
191.9473,-22.32596,5.039188,17.931,0,0,0,-22.35176,4.947072,17.95608
191.9562,-22.32596,5.039188,17.931,0,0,0,-22.35176,4.947072,17.95608
191.9646,-22.32098,5.036317,17.934,0,0,0,-22.35176,4.947072,17.95608
191.9737,-22.32098,5.036317,17.934,0,0,0,-22.35176,4.947072,17.95608
191.9821,-22.31969,5.035207,17.93591,0,0,0,-22.35176,4.947072,17.95608
191.9911,-22.31969,5.035207,17.93591,0,0,0,-22.35176,4.947072,17.95608
191.9988,-22.31969,5.035207,17.93591,0,0,0,-22.35176,4.947072,17.95608
192.0065,-22.32173,5.036323,17.93143,0,0,0,-22.35176,4.947072,17.95608
192.0154,-22.32173,5.036323,17.93143,0,0,0,-22.35176,4.947072,17.95608
192.0231,-22.32735,5.037654,17.92747,0,0,0,-22.35176,4.947072,17.95608
192.035,-22.32735,5.037654,17.92747,0,0,0,-22.35176,4.947072,17.95608
192.0458,-22.33461,5.04075,17.91956,0,0,0,-22.35176,4.947072,17.95608
192.0556,-22.33461,5.04075,17.91956,0,0,0,-22.35176,4.947072,17.95608
192.0649,-22.33938,5.04246,17.91523,0,0,0,-22.35176,4.947072,17.95608
192.0744,-22.33938,5.04246,17.91523,0,0,0,-22.35176,4.947072,17.95608
192.0824,-22.34661,5.043547,17.91451,0,0,0,-22.35176,4.947072,17.95608
192.092,-22.34661,5.043547,17.91451,0,0,0,-22.35176,4.947072,17.95608
192.0996,-22.34661,5.043547,17.91451,0,0,0,-22.35176,4.947072,17.95608
192.1071,-22.35452,5.044061,17.91842,0,0,0,-22.35176,4.947072,17.95608
192.1159,-22.35452,5.044061,17.91842,0,0,0,-22.35176,4.947072,17.95608
192.1236,-22.36017,5.043547,17.92441,0,0,0,-22.35176,4.947072,17.95608
192.1325,-22.36017,5.043547,17.92441,0,0,0,-22.35176,4.947072,17.95608
192.1401,-22.36595,5.042892,17.93032,0,0,0,-22.35176,4.947072,17.95608
192.1493,-22.36595,5.042892,17.93032,0,0,0,-22.35176,4.947072,17.95608
192.1583,-22.36595,5.042892,17.93032,0,0,0,-22.35176,4.947072,17.95608
192.1667,-22.37355,5.04175,17.93937,0,0,0,-22.35176,4.947072,17.95608
192.1758,-22.37355,5.04175,17.93937,0,0,0,-22.35176,4.947072,17.95608
192.1832,-22.37514,5.040901,17.94436,0,0,0,-22.35176,4.947072,17.95608
192.1924,-22.37514,5.040901,17.94436,0,0,0,-22.35176,4.947072,17.95608
192.2013,-22.38033,5.040281,17.94977,0,0,0,-22.35176,4.947072,17.95608
192.2103,-22.38033,5.040281,17.94977,0,0,0,-22.35176,4.947072,17.95608
192.2182,-22.38033,5.040281,17.94977,0,0,0,-22.35176,4.947072,17.95608
192.2259,-22.3857,5.03838,17.96102,0,0,0,-22.35176,4.947072,17.95608
192.2347,-22.3857,5.03838,17.96102,0,0,0,-22.35176,4.947072,17.95608
192.2431,-22.39189,5.038023,17.96498,0,0,0,-22.35176,4.947072,17.95608
192.2521,-22.39189,5.038023,17.96498,0,0,0,-22.35176,4.947072,17.95608
192.26,-22.39638,5.036948,17.97013,0,0,0,-22.35176,4.947072,17.95608
192.2688,-22.39638,5.036948,17.97013,0,0,0,-22.35176,4.947072,17.95608
192.2766,-22.39638,5.036948,17.97013,0,0,0,-22.35176,4.947072,17.95608
192.2851,-22.40159,5.037423,17.96954,0,0,0,-22.35176,4.947072,17.95608
192.2941,-22.40159,5.037423,17.96954,0,0,0,-22.35176,4.947072,17.95608
192.3023,-22.40527,5.037564,17.96988,0,0,0,-22.35176,4.947072,17.95608
192.3113,-22.40527,5.037564,17.96988,0,0,0,-22.35176,4.947072,17.95608
192.3189,-22.40527,5.037564,17.96988,0,0,0,-22.35176,4.947072,17.95608
192.3265,-22.40688,5.037816,17.96892,0,0,0,-22.35176,4.947072,17.95608
192.3352,-22.40688,5.037816,17.96892,0,0,0,-22.35176,4.947072,17.95608
192.3448,-22.40848,5.03807,17.96795,0,0,0,-22.35176,4.947072,17.95608
192.3536,-22.40848,5.03807,17.96795,0,0,0,-22.35176,4.947072,17.95608
192.3632,-22.40789,5.037974,17.96746,0,0,0,-22.35176,4.947072,17.95608
192.3739,-22.40789,5.037974,17.96746,0,0,0,-22.35176,4.947072,17.95608
192.3834,-22.40676,5.038328,17.96474,0,0,0,-22.35176,4.947072,17.95608
192.3939,-22.40676,5.038328,17.96474,0,0,0,-22.35176,4.947072,17.95608
192.402,-22.40544,5.038329,17.96384,0,0,0,-22.35176,4.947072,17.95608
192.415,-22.40544,5.038329,17.96384,0,0,0,-22.35176,4.947072,17.95608
192.4233,-22.40433,5.038685,17.96111,0,0,0,-22.35176,4.947072,17.95608
192.4341,-22.40433,5.038685,17.96111,0,0,0,-22.35176,4.947072,17.95608
192.446,-22.39757,5.037816,17.9626,0,0,0,-22.35176,4.947072,17.95608
192.4567,-22.39757,5.037816,17.9626,0,0,0,-22.35176,4.947072,17.95608
192.4672,-22.38485,5.036605,17.96421,0,0,0,-22.35176,4.947072,17.95608
192.478,-22.38485,5.036605,17.96421,0,0,0,-22.35176,4.947072,17.95608
192.4879,-22.3744,5.035714,17.96531,0,0,0,-22.35176,4.947072,17.95608
192.5029,-22.36615,5.035216,17.96595,0,0,0,-22.35176,4.947072,17.95608
192.5119,-22.36615,5.035216,17.96595,0,0,0,-22.35176,4.947072,17.95608
192.5202,-22.3607,5.034504,17.96834,0,0,0,-22.35176,4.947072,17.95608
192.5292,-22.3607,5.034504,17.96834,0,0,0,-22.35176,4.947072,17.95608
192.5382,-22.3607,5.034504,17.96834,0,0,0,-22.35176,4.947072,17.95608
192.5462,-22.35273,5.033679,17.96852,0,0,0,-22.35176,4.947072,17.95608
192.5548,-22.35273,5.033679,17.96852,0,0,0,-22.35176,4.947072,17.95608
192.5627,-22.34815,5.033338,17.96953,0,0,0,-22.35176,4.947072,17.95608
192.5757,-22.34815,5.033338,17.96953,0,0,0,-22.35176,4.947072,17.95608
192.584,-22.34373,5.033469,17.96878,0,0,0,-22.35176,4.947072,17.95608
192.5941,-22.34373,5.033469,17.96878,0,0,0,-22.35176,4.947072,17.95608
192.6022,-22.34005,5.033467,17.96842,0,0,0,-22.35176,4.947072,17.95608
192.6116,-22.34005,5.033467,17.96842,0,0,0,-22.35176,4.947072,17.95608
192.6208,-22.33636,5.033475,17.96806,0,0,0,-22.35176,4.947072,17.95608
192.6313,-22.33636,5.033475,17.96806,0,0,0,-22.35176,4.947072,17.95608
192.6405,-22.33194,5.033656,17.96731,0,0,0,-22.35176,4.947072,17.95608
192.6508,-22.33194,5.033656,17.96731,0,0,0,-22.35176,4.947072,17.95608
192.6599,-22.33194,5.033656,17.96731,0,0,0,-22.35176,4.947072,17.95608
192.6683,-22.3292,5.033271,17.96697,0,0,0,-22.35176,4.947072,17.95608
192.6781,-22.3292,5.033271,17.96697,0,0,0,-22.35176,4.947072,17.95608
192.6862,-22.32389,5.033192,17.96761,0,0,0,-22.35176,4.947072,17.95608
192.6954,-22.32389,5.033192,17.96761,0,0,0,-22.35176,4.947072,17.95608
192.7033,-22.32175,5.033546,17.96636,0,0,0,-22.35176,4.947072,17.95608
192.7123,-22.32175,5.033546,17.96636,0,0,0,-22.35176,4.947072,17.95608
192.7207,-22.31917,5.033323,17.96885,0,0,0,-22.35176,4.947072,17.95608
192.7298,-22.31917,5.033323,17.96885,0,0,0,-22.35176,4.947072,17.95608
192.7375,-22.31917,5.033323,17.96885,0,0,0,-22.35176,4.947072,17.95608
192.7454,-22.32021,5.033218,17.9718,0,0,0,-22.35176,4.947072,17.95608
192.754,-22.32021,5.033218,17.9718,0,0,0,-22.35176,4.947072,17.95608
192.7617,-22.32273,5.032744,17.9755,0,0,0,-22.35176,4.947072,17.95608
192.7709,-22.32273,5.032744,17.9755,0,0,0,-22.35176,4.947072,17.95608
192.7789,-22.32273,5.032744,17.9755,0,0,0,-22.35176,4.947072,17.95608
192.7868,-22.32673,5.031917,17.97994,0,0,0,-22.35176,4.947072,17.95608
192.7959,-22.32673,5.031917,17.97994,0,0,0,-22.35176,4.947072,17.95608
192.8034,-22.33006,5.031109,17.98391,0,0,0,-22.35176,4.947072,17.95608
192.8129,-22.33006,5.031109,17.98391,0,0,0,-22.35176,4.947072,17.95608
192.8207,-22.33199,5.030489,17.98702,0,0,0,-22.35176,4.947072,17.95608
192.8297,-22.33199,5.030489,17.98702,0,0,0,-22.35176,4.947072,17.95608
192.8374,-22.33199,5.030489,17.98702,0,0,0,-22.35176,4.947072,17.95608
192.848,-22.33481,5.030158,17.98874,0,0,0,-22.35176,4.947072,17.95608
192.8593,-22.33481,5.030158,17.98874,0,0,0,-22.35176,4.947072,17.95608
192.8675,-22.33621,5.029997,17.9896,0,0,0,-22.35176,4.947072,17.95608
192.8772,-22.33621,5.029997,17.9896,0,0,0,-22.35176,4.947072,17.95608
192.885,-22.3371,5.030279,17.98821,0,0,0,-22.35176,4.947072,17.95608
192.894,-22.3371,5.030279,17.98821,0,0,0,-22.35176,4.947072,17.95608
192.9027,-22.3385,5.030119,17.98907,0,0,0,-22.35176,4.947072,17.95608
192.9126,-22.3385,5.030119,17.98907,0,0,0,-22.35176,4.947072,17.95608
192.9201,-22.3385,5.030119,17.98907,0,0,0,-22.35176,4.947072,17.95608
192.9292,-22.3385,5.030119,17.98907,0,0,0,-22.35176,4.947072,17.95608
192.9369,-22.3385,5.030119,17.98907,0,0,0,-22.35176,4.947072,17.95608
192.9449,-22.33938,5.030404,17.98769,0,0,0,-22.35176,4.947072,17.95608
192.9555,-22.33938,5.030404,17.98769,0,0,0,-22.35176,4.947072,17.95608
192.9648,-22.34115,5.030979,17.98491,0,0,0,-22.35176,4.947072,17.95608
192.975,-22.34115,5.030979,17.98491,0,0,0,-22.35176,4.947072,17.95608
192.9843,-22.34344,5.031112,17.98438,0,0,0,-22.35176,4.947072,17.95608
192.9931,-22.34344,5.031112,17.98438,0,0,0,-22.35176,4.947072,17.95608
193.0007,-22.34291,5.031562,17.98214,0,0,0,-22.35176,4.947072,17.95608
193.0096,-22.34291,5.031562,17.98214,0,0,0,-22.35176,4.947072,17.95608
193.0174,-22.34291,5.031562,17.98214,0,0,0,-22.35176,4.947072,17.95608
193.0253,-22.34608,5.031996,17.98022,0,0,0,-22.35176,4.947072,17.95608
193.0355,-22.34608,5.031996,17.98022,0,0,0,-22.35176,4.947072,17.95608
193.0448,-22.34714,5.032689,17.97856,0,0,0,-22.35176,4.947072,17.95608
193.055,-22.34714,5.032689,17.97856,0,0,0,-22.35176,4.947072,17.95608
193.0626,-22.34714,5.032689,17.97856,0,0,0,-22.35176,4.947072,17.95608
193.0713,-22.34714,5.032689,17.97856,0,0,0,-22.35176,4.947072,17.95608
193.0824,-22.34662,5.033147,17.97631,0,0,0,-22.35176,4.947072,17.95608
193.0929,-22.34662,5.033147,17.97631,0,0,0,-22.35176,4.947072,17.95608
193.1017,-22.34978,5.033598,17.9744,0,0,0,-22.35176,4.947072,17.95608
193.1125,-22.34978,5.033598,17.9744,0,0,0,-22.35176,4.947072,17.95608
193.121,-22.35102,5.034684,17.96939,0,0,0,-22.35176,4.947072,17.95608
193.1318,-22.35102,5.034684,17.96939,0,0,0,-22.35176,4.947072,17.95608
193.1405,-22.3505,5.035156,17.96715,0,0,0,-22.35176,4.947072,17.95608
193.1501,-22.3505,5.035156,17.96715,0,0,0,-22.35176,4.947072,17.95608
193.1583,-22.3505,5.035156,17.96715,0,0,0,-22.35176,4.947072,17.95608
193.1672,-22.34702,5.037258,17.95734,0,0,0,-22.35176,4.947072,17.95608
193.1772,-22.34702,5.037258,17.95734,0,0,0,-22.35176,4.947072,17.95608
193.1878,-22.34827,5.038407,17.95234,0,0,0,-22.35176,4.947072,17.95608
193.2,-22.34827,5.038407,17.95234,0,0,0,-22.35176,4.947072,17.95608
193.2097,-22.34636,5.039086,17.94925,0,0,0,-22.35176,4.947072,17.95608
193.2204,-22.34584,5.039597,17.94702,0,0,0,-22.35176,4.947072,17.95608
193.231,-22.34584,5.039597,17.94702,0,0,0,-22.35176,4.947072,17.95608
193.2398,-22.34584,5.039597,17.94702,0,0,0,-22.35176,4.947072,17.95608
193.248,-22.34569,5.040967,17.94118,0,0,0,-22.35176,4.947072,17.95608
193.2571,-22.34569,5.040967,17.94118,0,0,0,-22.35176,4.947072,17.95608
193.2652,-22.34569,5.040967,17.94119,0,0,0,-22.35176,4.947072,17.95608
193.2758,-22.34569,5.040967,17.94119,0,0,0,-22.35176,4.947072,17.95608
193.285,-22.34518,5.041491,17.93896,0,0,0,-22.35176,4.947072,17.95608
193.2947,-22.34518,5.041491,17.93896,0,0,0,-22.35176,4.947072,17.95608
193.3054,-22.34467,5.042018,17.93673,0,0,0,-22.35176,4.947072,17.95608
193.3155,-22.34467,5.042018,17.93673,0,0,0,-22.35176,4.947072,17.95608
193.326,-22.34415,5.042552,17.9345,0,0,0,-22.35176,4.947072,17.95608
193.3354,-22.34415,5.042552,17.9345,0,0,0,-22.35176,4.947072,17.95608
193.3433,-22.34467,5.042019,17.93673,0,0,0,-22.35176,4.947072,17.95608
193.3523,-22.34467,5.042019,17.93673,0,0,0,-22.35176,4.947072,17.95608
193.362,-22.34415,5.042551,17.9345,0,0,0,-22.35176,4.947072,17.95608
193.3716,-22.34415,5.042551,17.9345,0,0,0,-22.35176,4.947072,17.95608
193.3794,-22.34415,5.042551,17.9345,0,0,0,-22.35176,4.947072,17.95608
193.3884,-22.34415,5.042552,17.9345,0,0,0,-22.35176,4.947072,17.95608
193.399,-22.34415,5.042552,17.9345,0,0,0,-22.35176,4.947072,17.95608
193.408,-22.34415,5.042552,17.9345,0,0,0,-22.35176,4.947072,17.95608
193.4175,-22.34415,5.042552,17.9345,0,0,0,-22.35176,4.947072,17.95608
193.4294,-22.34504,5.042897,17.93313,0,0,0,-22.35176,4.947072,17.95608
193.4387,-22.34504,5.042897,17.93313,0,0,0,-22.35176,4.947072,17.95608
193.4469,-22.34592,5.043246,17.93176,0,0,0,-22.35176,4.947072,17.95608
193.4567,-22.34592,5.043246,17.93176,0,0,0,-22.35176,4.947072,17.95608
193.4657,-22.34681,5.043596,17.93039,0,0,0,-22.35176,4.947072,17.95608
193.4754,-22.34681,5.043596,17.93039,0,0,0,-22.35176,4.947072,17.95608
193.4839,-22.34769,5.043949,17.92902,0,0,0,-22.35176,4.947072,17.95608
193.4933,-22.34769,5.043949,17.92902,0,0,0,-22.35176,4.947072,17.95608
193.5013,-22.34769,5.043949,17.92902,0,0,0,-22.35176,4.947072,17.95608
193.5104,-22.34769,5.043949,17.92902,0,0,0,-22.35176,4.947072,17.95608
193.5187,-22.34769,5.043949,17.92902,0,0,0,-22.35176,4.947072,17.95608
193.5266,-22.3477,5.04395,17.92902,0,0,0,-22.35176,4.947072,17.95608
193.5355,-22.3477,5.04395,17.92902,0,0,0,-22.35176,4.947072,17.95608
193.5465,-22.34998,5.044116,17.9285,0,0,0,-22.35176,4.947072,17.95608
193.5558,-22.34998,5.044116,17.9285,0,0,0,-22.35176,4.947072,17.95608
193.5638,-22.34858,5.044303,17.92765,0,0,0,-22.35176,4.947072,17.95608
193.5728,-22.34858,5.044303,17.92765,0,0,0,-22.35176,4.947072,17.95608
193.5818,-22.34947,5.04466,17.92628,0,0,0,-22.35176,4.947072,17.95608
193.5914,-22.34947,5.04466,17.92628,0,0,0,-22.35176,4.947072,17.95608
193.5992,-22.34947,5.04466,17.92628,0,0,0,-22.35176,4.947072,17.95608
193.6068,-22.35035,5.045019,17.92491,0,0,0,-22.35176,4.947072,17.95608
193.6164,-22.35035,5.045019,17.92491,0,0,0,-22.35176,4.947072,17.95608
193.6243,-22.35053,5.045412,17.92462,0,0,0,-22.35176,4.947072,17.95608
193.633,-22.35053,5.045412,17.92462,0,0,0,-22.35176,4.947072,17.95608
193.6409,-22.3521,5.045618,17.92519,0,0,0,-22.35176,4.947072,17.95608
193.6505,-22.3521,5.045618,17.92519,0,0,0,-22.35176,4.947072,17.95608
193.6607,-22.3521,5.045618,17.92519,0,0,0,-22.35176,4.947072,17.95608
193.6702,-22.3521,5.045618,17.92519,0,0,0,-22.35176,4.947072,17.95608
193.6794,-22.3521,5.045618,17.92519,0,0,0,-22.35176,4.947072,17.95608
193.6871,-22.35298,5.045978,17.92382,0,0,0,-22.35176,4.947072,17.95608
193.6971,-22.35298,5.045978,17.92382,0,0,0,-22.35176,4.947072,17.95608
193.7048,-22.35298,5.045978,17.92382,0,0,0,-22.35176,4.947072,17.95608
193.7144,-22.35298,5.045978,17.92382,0,0,0,-22.35176,4.947072,17.95608
193.7229,-22.35438,5.045793,17.92467,0,0,0,-22.35176,4.947072,17.95608
193.7318,-22.35438,5.045793,17.92467,0,0,0,-22.35176,4.947072,17.95608
193.7399,-22.35438,5.045793,17.92467,0,0,0,-22.35176,4.947072,17.95608
193.7482,-22.35577,5.045609,17.92553,0,0,0,-22.35176,4.947072,17.95608
193.7583,-22.35577,5.045609,17.92553,0,0,0,-22.35176,4.947072,17.95608
193.7675,-22.35629,5.045066,17.92775,0,0,0,-22.35176,4.947072,17.95608
193.7768,-22.35629,5.045066,17.92775,0,0,0,-22.35176,4.947072,17.95608
193.7849,-22.35796,5.043993,17.93267,0,0,0,-22.35176,4.947072,17.95608
193.7937,-22.35796,5.043993,17.93267,0,0,0,-22.35176,4.947072,17.95608
193.8019,-22.35583,5.042411,17.93901,0,0,0,-22.35176,4.947072,17.95608
193.8115,-22.35583,5.042411,17.93901,0,0,0,-22.35176,4.947072,17.95608
193.82,-22.35487,5.040354,17.94807,0,0,0,-22.35176,4.947072,17.95608
193.8293,-22.35487,5.040354,17.94807,0,0,0,-22.35176,4.947072,17.95608
193.8369,-22.35487,5.040354,17.94807,0,0,0,-22.35176,4.947072,17.95608
193.8449,-22.35481,5.038684,17.95576,0,0,0,-22.35176,4.947072,17.95608
193.8532,-22.35481,5.038684,17.95576,0,0,0,-22.35176,4.947072,17.95608
193.8611,-22.35357,5.037539,17.96075,0,0,0,-22.35176,4.947072,17.95608
193.8702,-22.35357,5.037539,17.96075,0,0,0,-22.35176,4.947072,17.95608
193.8784,-22.35357,5.037539,17.96075,0,0,0,-22.35176,4.947072,17.95608
193.8884,-22.35127,5.03571,17.96742,0,0,0,-22.35176,4.947072,17.95608
193.9,-22.35127,5.03571,17.96742,0,0,0,-22.35176,4.947072,17.95608
193.9088,-22.34951,5.035086,17.97019,0,0,0,-22.35176,4.947072,17.95608
193.919,-22.34951,5.035086,17.97019,0,0,0,-22.35176,4.947072,17.95608
193.9278,-22.34986,5.034222,17.97272,0,0,0,-22.35176,4.947072,17.95608
193.9376,-22.34986,5.034222,17.97272,0,0,0,-22.35176,4.947072,17.95608
193.9468,-22.34979,5.033032,17.97588,0,0,0,-22.35176,4.947072,17.95608
193.9603,-22.34838,5.033192,17.97502,0,0,0,-22.35176,4.947072,17.95608
193.9699,-22.34838,5.033192,17.97502,0,0,0,-22.35176,4.947072,17.95608
193.9786,-22.34838,5.033192,17.97502,0,0,0,-22.35176,4.947072,17.95608
193.9871,-22.34803,5.032427,17.97865,0,0,0,-22.35176,4.947072,17.95608
193.9966,-22.34803,5.032427,17.97865,0,0,0,-22.35176,4.947072,17.95608
194.0053,-22.34803,5.032427,17.97865,0,0,0,-22.35176,4.947072,17.95608
194.0152,-22.34803,5.032427,17.97865,0,0,0,-22.35176,4.947072,17.95608
194.0241,-22.34944,5.03227,17.97951,0,0,0,-22.35176,4.947072,17.95608
194.0335,-22.34944,5.03227,17.97951,0,0,0,-22.35176,4.947072,17.95608
194.0424,-22.34715,5.032128,17.98004,0,0,0,-22.35176,4.947072,17.95608
194.0531,-22.34715,5.032128,17.98004,0,0,0,-22.35176,4.947072,17.95608
194.0636,-22.34944,5.03227,17.97951,0,0,0,-22.35176,4.947072,17.95608
194.0724,-22.34944,5.03227,17.97951,0,0,0,-22.35176,4.947072,17.95608
194.0813,-22.34856,5.03197,17.9809,0,0,0,-22.35176,4.947072,17.95608
194.0901,-22.34856,5.03197,17.9809,0,0,0,-22.35176,4.947072,17.95608
194.0982,-22.34856,5.03197,17.9809,0,0,0,-22.35176,4.947072,17.95608
194.1067,-22.34832,5.032008,17.97819,0,0,0,-22.35176,4.947072,17.95608
194.1157,-22.34832,5.032008,17.97819,0,0,0,-22.35176,4.947072,17.95608
194.1238,-22.34885,5.03155,17.98043,0,0,0,-22.35176,4.947072,17.95608
194.1332,-22.34885,5.03155,17.98043,0,0,0,-22.35176,4.947072,17.95608
194.1416,-22.34832,5.032008,17.97819,0,0,0,-22.35176,4.947072,17.95608
194.1509,-22.34832,5.032008,17.97819,0,0,0,-22.35176,4.947072,17.95608
194.1595,-22.34832,5.032008,17.97819,0,0,0,-22.35176,4.947072,17.95608
194.1686,-22.34832,5.032008,17.97819,0,0,0,-22.35176,4.947072,17.95608
194.1801,-22.3492,5.03231,17.9768,0,0,0,-22.35176,4.947072,17.95608
194.1905,-22.3492,5.03231,17.9768,0,0,0,-22.35176,4.947072,17.95608
194.1994,-22.3492,5.03231,17.9768,0,0,0,-22.35176,4.947072,17.95608
194.2122,-22.35008,5.032615,17.97541,0,0,0,-22.35176,4.947072,17.95608
194.223,-22.35096,5.032922,17.97403,0,0,0,-22.35176,4.947072,17.95608
194.2339,-22.35096,5.032922,17.97403,0,0,0,-22.35176,4.947072,17.95608
194.2437,-22.35096,5.032922,17.97403,0,0,0,-22.35176,4.947072,17.95608
194.2565,-22.35096,5.032922,17.97403,0,0,0,-22.35176,4.947072,17.95608
194.2669,-22.35044,5.03339,17.97179,0,0,0,-22.35176,4.947072,17.95608
194.278,-22.35044,5.03339,17.97179,0,0,0,-22.35176,4.947072,17.95608
194.2884,-22.35131,5.0337,17.9704,0,0,0,-22.35176,4.947072,17.95608
194.2996,-22.35131,5.0337,17.9704,0,0,0,-22.35176,4.947072,17.95608
194.3095,-22.35131,5.0337,17.9704,0,0,0,-22.35176,4.947072,17.95608
194.3189,-22.35131,5.0337,17.9704,0,0,0,-22.35176,4.947072,17.95608
194.3292,-22.3522,5.034012,17.96902,0,0,0,-22.35176,4.947072,17.95608
194.3388,-22.3522,5.034012,17.96902,0,0,0,-22.35176,4.947072,17.95608
194.3504,-22.3522,5.034011,17.96902,0,0,0,-22.35176,4.947072,17.95608
194.3603,-22.35167,5.034489,17.96678,0,0,0,-22.35176,4.947072,17.95608
194.3694,-22.35167,5.034489,17.96678,0,0,0,-22.35176,4.947072,17.95608
194.3777,-22.35167,5.034489,17.96678,0,0,0,-22.35176,4.947072,17.95608
194.3875,-22.35196,5.034074,17.96632,0,0,0,-22.35176,4.947072,17.95608
194.3975,-22.35196,5.034074,17.96632,0,0,0,-22.35176,4.947072,17.95608
194.4057,-22.35196,5.034074,17.96632,0,0,0,-22.35176,4.947072,17.95608
194.4153,-22.35196,5.034074,17.96632,0,0,0,-22.35176,4.947072,17.95608
194.4241,-22.35196,5.034074,17.96632,0,0,0,-22.35176,4.947072,17.95608
194.4349,-22.35196,5.034074,17.96632,0,0,0,-22.35176,4.947072,17.95608
194.4437,-22.35196,5.034074,17.96632,0,0,0,-22.35176,4.947072,17.95608
194.4544,-22.35196,5.034074,17.96632,0,0,0,-22.35176,4.947072,17.95608
194.4636,-22.35055,5.034239,17.96546,0,0,0,-22.35176,4.947072,17.95608
194.473,-22.35055,5.034239,17.96546,0,0,0,-22.35176,4.947072,17.95608
194.4818,-22.35224,5.033661,17.96585,0,0,0,-22.35176,4.947072,17.95608
194.4923,-22.35224,5.033661,17.96585,0,0,0,-22.35176,4.947072,17.95608
194.502,-22.35312,5.033979,17.96447,0,0,0,-22.35176,4.947072,17.95608
194.518,-22.35312,5.033979,17.96447,0,0,0,-22.35176,4.947072,17.95608
194.5292,-22.35312,5.033979,17.96447,0,0,0,-22.35176,4.947072,17.95608
194.5406,-22.35224,5.033661,17.96585,0,0,0,-22.35176,4.947072,17.95608
194.5507,-22.35224,5.033661,17.96585,0,0,0,-22.35176,4.947072,17.95608
194.5611,-22.35341,5.033566,17.964,0,0,0,-22.35176,4.947072,17.95608
194.5723,-22.35341,5.033566,17.964,0,0,0,-22.35176,4.947072,17.95608
194.5814,-22.35275,5.033566,17.96353,0,0,0,-22.35176,4.947072,17.95608
194.5928,-22.35275,5.033566,17.96353,0,0,0,-22.35176,4.947072,17.95608
194.6018,-22.35187,5.033248,17.96491,0,0,0,-22.35176,4.947072,17.95608
194.6119,-22.35187,5.033248,17.96491,0,0,0,-22.35176,4.947072,17.95608
194.6228,-22.35075,5.032998,17.96359,0,0,0,-22.35176,4.947072,17.95608
194.6349,-22.35075,5.032998,17.96359,0,0,0,-22.35176,4.947072,17.95608
194.646,-22.35216,5.032835,17.96445,0,0,0,-22.35176,4.947072,17.95608
194.6562,-22.35216,5.032835,17.96445,0,0,0,-22.35176,4.947072,17.95608
194.6647,-22.35156,5.032104,17.96536,0,0,0,-22.35176,4.947072,17.95608
194.6755,-22.35156,5.032104,17.96536,0,0,0,-22.35176,4.947072,17.95608
194.6838,-22.35156,5.032103,17.96536,0,0,0,-22.35176,4.947072,17.95608
194.6941,-22.35156,5.032103,17.96536,0,0,0,-22.35176,4.947072,17.95608
194.7024,-22.35156,5.032103,17.96536,0,0,0,-22.35176,4.947072,17.95608
194.7118,-22.35156,5.032103,17.96536,0,0,0,-22.35176,4.947072,17.95608
194.7199,-22.35156,5.032103,17.96536,0,0,0,-22.35176,4.947072,17.95608
194.7281,-22.35068,5.031787,17.96675,0,0,0,-22.35176,4.947072,17.95608
194.7373,-22.35068,5.031787,17.96675,0,0,0,-22.35176,4.947072,17.95608
194.7458,-22.35097,5.031373,17.96628,0,0,0,-22.35176,4.947072,17.95608
194.7558,-22.35097,5.031373,17.96628,0,0,0,-22.35176,4.947072,17.95608
194.7654,-22.34957,5.031537,17.96542,0,0,0,-22.35176,4.947072,17.95608
194.7749,-22.34957,5.031537,17.96542,0,0,0,-22.35176,4.947072,17.95608
194.783,-22.34868,5.031222,17.96681,0,0,0,-22.35176,4.947072,17.95608
194.7922,-22.34868,5.031222,17.96681,0,0,0,-22.35176,4.947072,17.95608
194.8,-22.34868,5.031222,17.96681,0,0,0,-22.35176,4.947072,17.95608
194.808,-22.34991,5.030665,17.96795,0,0,0,-22.35176,4.947072,17.95608
194.8178,-22.34991,5.030665,17.96795,0,0,0,-22.35176,4.947072,17.95608
194.8262,-22.34991,5.030665,17.96795,0,0,0,-22.35176,4.947072,17.95608
194.8355,-22.34991,5.030665,17.96795,0,0,0,-22.35176,4.947072,17.95608
194.8442,-22.34991,5.030665,17.96795,0,0,0,-22.35176,4.947072,17.95608
194.8533,-22.34991,5.030665,17.96795,0,0,0,-22.35176,4.947072,17.95608
194.8629,-22.34851,5.030829,17.96709,0,0,0,-22.35176,4.947072,17.95608
194.8728,-22.34851,5.030829,17.96709,0,0,0,-22.35176,4.947072,17.95608
194.881,-22.34879,5.030413,17.96663,0,0,0,-22.35176,4.947072,17.95608
194.8899,-22.34879,5.030413,17.96663,0,0,0,-22.35176,4.947072,17.95608
194.9012,-22.34932,5.029937,17.96887,0,0,0,-22.35176,4.947072,17.95608
194.9129,-22.34932,5.029937,17.96887,0,0,0,-22.35176,4.947072,17.95608
194.9215,-22.34791,5.030101,17.96801,0,0,0,-22.35176,4.947072,17.95608
194.9324,-22.34791,5.030101,17.96801,0,0,0,-22.35176,4.947072,17.95608
194.9419,-22.34932,5.029937,17.96887,0,0,0,-22.35176,4.947072,17.95608
194.9535,-22.34932,5.029937,17.96887,0,0,0,-22.35176,4.947072,17.95608
194.962,-22.34791,5.030101,17.96801,0,0,0,-22.35176,4.947072,17.95608
194.9719,-22.34791,5.030101,17.96801,0,0,0,-22.35176,4.947072,17.95608
194.9802,-22.34703,5.029788,17.96939,0,0,0,-22.35176,4.947072,17.95608
194.9901,-22.34703,5.029788,17.96939,0,0,0,-22.35176,4.947072,17.95608
195.0036,-22.34932,5.029937,17.96887,0,0,0,-22.35176,4.947072,17.95608
195.0171,-22.34932,5.029937,17.96887,0,0,0,-22.35176,4.947072,17.95608
195.0269,-22.34932,5.029938,17.96886,0,0,0,-22.35176,4.947072,17.95608
195.0368,-22.34932,5.029938,17.96886,0,0,0,-22.35176,4.947072,17.95608
195.0455,-22.34791,5.030101,17.96801,0,0,0,-22.35176,4.947072,17.95608
195.0552,-22.34791,5.030101,17.96801,0,0,0,-22.35176,4.947072,17.95608
195.0635,-22.3482,5.029685,17.96754,0,0,0,-22.35176,4.947072,17.95608
195.0726,-22.3482,5.029685,17.96754,0,0,0,-22.35176,4.947072,17.95608
195.0807,-22.34908,5.03,17.96616,0,0,0,-22.35176,4.947072,17.95608
195.0933,-22.34908,5.03,17.96616,0,0,0,-22.35176,4.947072,17.95608
195.1011,-22.3482,5.029685,17.96754,0,0,0,-22.35176,4.947072,17.95608
195.1124,-22.3482,5.029685,17.96754,-22.34961,4.936328,17.94732,-22.35176,4.947072,17.95608
195.1216,-22.3468,5.02985,17.96669,-22.34961,4.936328,17.94732,-22.35176,4.947072,17.95608
195.1318,-22.3468,5.02985,17.96669,-22.3481,4.937167,17.94655,-22.35176,4.947072,17.95608
195.142,-22.34702,5.030165,17.96483,-22.3481,4.937167,17.94655,-22.35176,4.947072,17.95608
195.1523,-22.34702,5.030165,17.96483,-22.34839,4.937554,17.9446,-22.35176,4.947072,17.95608
195.1618,-22.34491,5.030426,17.96202,-22.34839,4.937554,17.9446,-22.35176,4.947072,17.95608
195.1719,-22.34491,5.030426,17.96202,-22.34613,4.939103,17.94184,-22.35176,4.947072,17.95608
195.1809,-22.3438,5.030184,17.96069,-22.34613,4.939103,17.94184,-22.35176,4.947072,17.95608
195.194,-22.3438,5.030184,17.96069,-22.34492,4.939785,17.94062,-22.35176,4.947072,17.95608
195.2028,-22.34416,5.030997,17.95708,-22.34492,4.939785,17.94062,-22.35176,4.947072,17.95608
195.214,-22.34416,5.030997,17.95708,-22.3453,4.940816,17.93678,-22.35176,4.947072,17.95608
195.2236,-22.34416,5.030997,17.95708,-22.3453,4.940816,17.93678,-22.35176,4.947072,17.95608
195.2344,-22.34416,5.030997,17.95708,-22.3453,4.940816,17.93678,-22.35176,4.947072,17.95608
195.2457,-22.34224,5.031674,17.95399,-22.3453,4.940816,17.93678,-22.35176,4.947072,17.95608
195.2556,-22.34224,5.031674,17.95399,-22.34323,4.942424,17.93367,-22.35176,4.947072,17.95608
195.268,-22.34224,5.031674,17.95399,-22.34323,4.942424,17.93367,-22.35176,4.947072,17.95608
195.2803,-22.34312,5.031999,17.95261,-22.34323,4.942424,17.93367,-22.35176,4.947072,17.95608
195.2923,-22.34312,5.031999,17.95261,-22.34418,4.942575,17.93215,-22.35176,4.947072,17.95608
195.302,-22.34172,5.032179,17.95175,-22.34418,4.942575,17.93215,-22.35176,4.947072,17.95608
195.3127,-22.34172,5.032179,17.95175,-22.34267,4.943302,17.93136,-22.35176,4.947072,17.95608
195.3215,-22.34172,5.032179,17.95175,-22.34267,4.943302,17.93136,-22.35176,4.947072,17.95608
195.3341,-22.34172,5.032179,17.95175,-22.34267,4.943302,17.93136,-22.35176,4.947072,17.95608
195.3435,-22.3412,5.032688,17.94952,-22.34267,4.943302,17.93136,-22.35176,4.947072,17.95608
195.3547,-22.3412,5.032688,17.94952,-22.34212,4.94418,17.92905,-22.35176,4.947072,17.95608
195.364,-22.34168,5.032294,17.95028,-22.34212,4.94418,17.92905,-22.35176,4.947072,17.95608
195.374,-22.34168,5.032294,17.95028,-22.34259,4.943797,17.92981,-22.35176,4.947072,17.95608
195.3829,-22.34028,5.032478,17.94942,-22.34259,4.943797,17.92981,-22.35176,4.947072,17.95608
195.3942,-22.34028,5.032478,17.94942,-22.34109,4.944523,17.92902,-22.35176,4.947072,17.95608
195.4079,-22.33939,5.032152,17.9508,-22.34109,4.944523,17.92902,-22.35176,4.947072,17.95608
195.4185,-22.33939,5.032152,17.9508,-22.34014,4.944372,17.93054,-22.35176,4.947072,17.95608
195.4307,-22.33862,5.031023,17.952,-22.34014,4.944372,17.93054,-22.35176,4.947072,17.95608
195.4436,-22.33774,5.030699,17.95338,-22.33932,4.94419,17.93202,-22.35176,4.947072,17.95608
195.4576,-22.33774,5.030699,17.95338,-22.33838,4.944038,17.93354,-22.35176,4.947072,17.95608
195.4674,-22.33697,5.029572,17.95458,-22.33838,4.944038,17.93354,-22.35176,4.947072,17.95608
195.4779,-22.33697,5.029572,17.95458,-22.33756,4.943858,17.93502,-22.35176,4.947072,17.95608
195.4896,-22.33679,5.029178,17.95486,-22.33756,4.943858,17.93502,-22.35176,4.947072,17.95608
195.5005,-22.33662,5.028784,17.95514,-22.33738,4.943807,17.93538,-22.35176,4.947072,17.95608
195.512,-22.33662,5.028784,17.95514,-22.3372,4.943755,17.93575,-22.35176,4.947072,17.95608
195.5224,-22.33691,5.028372,17.95468,-22.3372,4.943755,17.93575,-22.35176,4.947072,17.95608
195.5343,-22.33691,5.028372,17.95468,-22.3375,4.943777,17.93535,-22.35176,4.947072,17.95608
195.5446,-22.33473,5.027431,17.95502,-22.3375,4.943777,17.93535,-22.35176,4.947072,17.95608
195.5569,-22.33473,5.027431,17.95502,-22.33519,4.944321,17.93604,-22.35176,4.947072,17.95608
195.5663,-22.33614,5.027245,17.95588,-22.33519,4.944321,17.93604,-22.35176,4.947072,17.95608
195.5777,-22.33614,5.027245,17.95588,-22.33669,4.943597,17.93683,-22.35176,4.947072,17.95608
195.5874,-22.33508,5.026532,17.95754,-22.33669,4.943597,17.93683,-22.35176,4.947072,17.95608
195.5988,-22.33508,5.026532,17.95754,-22.33557,4.943395,17.9387,-22.35176,4.947072,17.95608
195.6081,-22.33508,5.026531,17.95754,-22.33557,4.943395,17.9387,-22.35176,4.947072,17.95608
195.6208,-22.33508,5.026532,17.95754,-22.33557,4.943395,17.9387,-22.35176,4.947072,17.95608
195.6317,-22.33508,5.026532,17.95754,-22.33557,4.943395,17.9387,-22.35176,4.947072,17.95608
195.641,-22.33508,5.026531,17.95754,-22.33557,4.943395,17.9387,-22.35176,4.947072,17.95608
195.6514,-22.33508,5.026531,17.95754,-22.33557,4.943395,17.9387,-22.35176,4.947072,17.95608
195.6635,-22.33508,5.026531,17.95754,-22.33557,4.943395,17.9387,-22.35176,4.947072,17.95608
195.6752,-22.33508,5.026531,17.95754,-22.33557,4.943395,17.9387,-22.35176,4.947072,17.95608
195.6863,-22.33191,5.026086,17.95945,-22.33557,4.943395,17.9387,-22.35176,4.947072,17.95608
195.6981,-22.33191,5.026086,17.95945,-22.33219,4.943818,17.94094,-22.35176,4.947072,17.95608
195.714,-22.33419,5.026215,17.95892,-22.33219,4.943818,17.94094,-22.35176,4.947072,17.95608
195.729,-22.33397,5.0259,17.96078,-22.33463,4.943244,17.94021,-22.35176,4.947072,17.95608
195.7405,-22.33397,5.0259,17.96078,-22.33434,4.942759,17.94213,-22.35176,4.947072,17.95608
195.7524,-22.33397,5.0259,17.96078,-22.33434,4.942759,17.94213,-22.35176,4.947072,17.95608
195.7626,-22.33552,5.026214,17.95988,-22.33434,4.942759,17.94213,-22.35176,4.947072,17.95608
195.7745,-22.33552,5.026214,17.95988,-22.33594,4.942576,17.94102,-22.35176,4.947072,17.95608
195.7839,-22.33464,5.0259,17.96126,-22.33594,4.942576,17.94102,-22.35176,4.947072,17.95608
195.7955,-22.33464,5.0259,17.96126,-22.335,4.942451,17.94254,-22.35176,4.947072,17.95608
195.8052,-22.33442,5.025587,17.96312,-22.335,4.942451,17.94254,-22.35176,4.947072,17.95608
195.817,-22.33442,5.025587,17.96312,-22.33471,4.942062,17.94448,-22.35176,4.947072,17.95608
195.828,-22.33575,5.025587,17.96408,-22.33471,4.942062,17.94448,-22.35176,4.947072,17.95608
195.839,-22.33575,5.025587,17.96408,-22.33603,4.941445,17.9453,-22.35176,4.947072,17.95608
195.85,-22.33915,5.025403,17.96636,-22.33603,4.941445,17.9453,-22.35176,4.947072,17.95608
195.861,-22.34154,5.024421,17.97179,-22.3395,4.939847,17.94733,-22.35176,4.947072,17.95608
195.8731,-22.34154,5.024421,17.97179,-22.34186,4.958215,17.95731,-22.35176,4.947072,17.95608
195.8832,-22.34918,5.02372,17.97662,-22.34186,4.958215,17.95731,-22.35176,4.947072,17.95608
195.8951,-22.34918,5.02372,17.97662,-22.34989,4.94489,17.95959,-22.35176,4.947072,17.95608
195.9048,-22.35476,5.023215,17.98011,-22.34989,4.94489,17.95959,-22.35176,4.947072,17.95608
195.9155,-22.35476,5.023215,17.98011,-22.35569,4.945896,17.96357,-22.35176,4.947072,17.95608
195.9255,-22.35899,5.022731,17.98266,-22.35569,4.945896,17.96357,-22.35176,4.947072,17.95608
195.9383,-22.35899,5.022731,17.98266,-22.36045,4.927807,17.96255,-22.35176,4.947072,17.95608
195.948,-22.36248,5.022419,17.98483,-22.36045,4.927807,17.96255,-22.35176,4.947072,17.95608
195.9595,-22.36248,5.022419,17.98483,-22.36418,4.925741,17.96447,-22.35176,4.947072,17.95608
195.9716,-22.3639,5.022266,17.98567,-22.36418,4.925741,17.96447,-22.35176,4.947072,17.95608
195.9829,-22.36531,5.022115,17.98652,-22.3657,4.925214,17.96531,-22.35176,4.947072,17.95608
195.9967,-22.36531,5.022115,17.98652,-22.36723,4.924761,17.96617,-22.35176,4.947072,17.95608
196.0074,-22.36618,5.022423,17.98513,-22.36723,4.924761,17.96617,-22.35176,4.947072,17.95608
196.0196,-22.36618,5.022423,17.98513,-22.36817,4.924718,17.96459,-22.35176,4.947072,17.95608
196.0296,-22.36759,5.022274,17.98598,-22.36817,4.924718,17.96459,-22.35176,4.947072,17.95608
196.0418,-22.36759,5.022275,17.98598,-22.3697,4.924265,17.96544,-22.35176,4.947072,17.95608
196.0543,-22.36759,5.022275,17.98598,-22.3697,4.924265,17.96544,-22.35176,4.947072,17.95608
196.0652,-22.369,5.022128,17.98683,-22.3697,4.924265,17.96544,-22.35176,4.947072,17.95608
196.0773,-22.369,5.022128,17.98683,-22.37123,4.923811,17.9663,-22.35176,4.947072,17.95608
196.0879,-22.369,5.022128,17.98684,-22.37123,4.923811,17.9663,-22.35176,4.947072,17.95608
196.1018,-22.369,5.022128,17.98684,-22.37123,4.923811,17.9663,-22.35176,4.947072,17.95608
196.1142,-22.369,5.022128,17.98684,-22.37123,4.923811,17.9663,-22.35176,4.947072,17.95608
196.1285,-22.36974,5.021982,17.98722,-22.37123,4.923811,17.9663,-22.35176,4.947072,17.95608
196.1405,-22.36994,5.022295,17.98536,-22.37209,4.923561,17.96673,-22.35176,4.947072,17.95608
196.1521,-22.36994,5.022295,17.98536,-22.37236,4.923724,17.96473,-22.35176,4.947072,17.95608
196.1629,-22.3694,5.022753,17.98312,-22.37236,4.923724,17.96473,-22.35176,4.947072,17.95608
196.175,-22.3694,5.022753,17.98312,-22.37178,4.924135,17.9623,-22.35176,4.947072,17.95608
196.1851,-22.3696,5.023068,17.98127,-22.37178,4.924135,17.9623,-22.35176,4.947072,17.95608
196.1964,-22.3696,5.023068,17.98127,-22.37206,4.924295,17.9603,-22.35176,4.947072,17.95608
196.2069,-22.36826,5.023068,17.98034,-22.37206,4.924295,17.9603,-22.35176,4.947072,17.95608
196.2209,-22.36826,5.023068,17.98034,-22.37073,4.924703,17.95946,-22.35176,4.947072,17.95608
196.2321,-22.36826,5.023068,17.98034,-22.37073,4.924703,17.95946,-22.35176,4.947072,17.95608
196.243,-22.36705,5.023532,17.97763,-22.37073,4.924703,17.95946,-22.35176,4.947072,17.95608
196.2562,-22.36705,5.023532,17.97763,-22.36948,4.925557,17.95666,-22.35176,4.947072,17.95608
196.2681,-22.36705,5.023532,17.97763,-22.36948,4.925557,17.95666,-22.35176,4.947072,17.95608
196.2809,-22.36651,5.024001,17.9754,-22.36948,4.925557,17.95666,-22.35176,4.947072,17.95608
196.2926,-22.36651,5.024001,17.9754,-22.36889,4.926412,17.95433,-22.35176,4.947072,17.95608
196.3055,-22.36792,5.023851,17.97625,-22.36889,4.926412,17.95433,-22.35176,4.947072,17.95608
196.3164,-22.36792,5.023851,17.97625,-22.37043,4.925567,17.9551,-22.35176,4.947072,17.95608
196.3266,-22.36598,5.024473,17.97316,-22.37043,4.925567,17.9551,-22.35176,4.947072,17.95608
196.3405,-22.36457,5.024626,17.97231,-22.36831,4.927267,17.95199,-22.35176,4.947072,17.95608
196.352,-22.36457,5.024626,17.97231,-22.36678,4.92811,17.95122,-22.35176,4.947072,17.95608
196.3636,-22.36457,5.024626,17.97231,-22.36678,4.92811,17.95122,-22.35176,4.947072,17.95608
196.3754,-22.36457,5.024626,17.97231,-22.36678,4.92811,17.95122,-22.35176,4.947072,17.95608
196.3852,-22.36229,5.024459,17.97284,-22.36678,4.92811,17.95122,-22.35176,4.947072,17.95608
196.3968,-22.36229,5.024459,17.97284,-22.3643,4.928941,17.95202,-22.35176,4.947072,17.95608
196.4073,-22.36316,5.024781,17.97145,-22.3643,4.928941,17.95202,-22.35176,4.947072,17.95608
196.4195,-22.36316,5.024781,17.97145,-22.36525,4.928952,17.95045,-22.35176,4.947072,17.95608
196.4314,-22.36175,5.024938,17.9706,-22.36525,4.928952,17.95045,-22.35176,4.947072,17.95608
196.4436,-22.36175,5.024938,17.9706,-22.36372,4.929793,17.94969,-22.35176,4.947072,17.95608
196.4553,-22.36175,5.024938,17.9706,-22.36372,4.929793,17.94969,-22.35176,4.947072,17.95608
196.4652,-22.35968,5.025096,17.96928,-22.36372,4.929793,17.94969,-22.35176,4.947072,17.95608
196.4773,-22.35968,5.025096,17.96928,-22.36126,4.944793,17.95157,-22.35176,4.947072,17.95608
196.4884,-22.35553,5.025422,17.96664,-22.36126,4.944793,17.95157,-22.35176,4.947072,17.95608
196.5,-22.35346,5.025587,17.96531,-22.35687,4.949655,17.94982,-22.35176,4.947072,17.95608
196.5116,-22.35346,5.025587,17.96531,-22.35472,4.949779,17.94844,-22.35176,4.947072,17.95608
196.5216,-22.34946,5.02642,17.9609,-22.35472,4.949779,17.94844,-22.35176,4.947072,17.95608
196.5333,-22.34946,5.02642,17.9609,-22.35071,4.937562,17.94083,-22.35176,4.947072,17.95608
196.544,-22.34458,5.026948,17.95787,-22.35071,4.937562,17.94083,-22.35176,4.947072,17.95608
196.5587,-22.34458,5.026948,17.95787,-22.34552,4.940339,17.93813,-22.35176,4.947072,17.95608
196.5695,-22.34125,5.02782,17.95393,-22.34552,4.940339,17.93813,-22.35176,4.947072,17.95608
196.5818,-22.33896,5.027681,17.95446,-22.34195,4.942667,17.93425,-22.35176,4.947072,17.95608
196.5964,-22.33896,5.027681,17.95446,-22.33951,4.943239,17.93497,-22.35176,4.947072,17.95608
196.6072,-22.33844,5.028195,17.95223,-22.33951,4.943239,17.93497,-22.35176,4.947072,17.95608
196.6187,-22.33844,5.028195,17.95223,-22.33895,4.944114,17.93267,-22.35176,4.947072,17.95608
196.6316,-22.33615,5.028061,17.95275,-22.33895,4.944114,17.93267,-22.35176,4.947072,17.95608
196.6455,-22.33704,5.028386,17.95138,-22.33651,4.944685,17.9334,-22.35176,4.947072,17.95608
196.6579,-22.33704,5.028386,17.95138,-22.33745,4.944837,17.93189,-22.35176,4.947072,17.95608
196.6711,-22.33563,5.028579,17.95052,-22.33745,4.944837,17.93189,-22.35176,4.947072,17.95608
196.6836,-22.33704,5.028386,17.95138,-22.33595,4.94556,17.9311,-22.35176,4.947072,17.95608
196.6963,-22.33704,5.028386,17.95138,-22.33745,4.944837,17.93189,-22.35176,4.947072,17.95608
196.7083,-22.33563,5.028579,17.95052,-22.33745,4.944837,17.93189,-22.35176,4.947072,17.95608
196.7219,-22.33563,5.028579,17.95052,-22.33595,4.94556,17.9311,-22.35176,4.947072,17.95608
196.7359,-22.33563,5.028579,17.95052,-22.33595,4.94556,17.9311,-22.35176,4.947072,17.95608
196.7473,-22.33387,5.027929,17.95328,-22.33595,4.94556,17.9311,-22.35176,4.947072,17.95608
196.7601,-22.33387,5.027929,17.95328,-22.33408,4.945256,17.93413,-22.35176,4.947072,17.95608
196.7744,-22.33387,5.027929,17.95328,-22.33408,4.945256,17.93413,-22.35176,4.947072,17.95608
196.7861,-22.33299,5.027608,17.95466,-22.33408,4.945256,17.93413,-22.35176,4.947072,17.95608
196.7986,-22.33299,5.027608,17.95466,-22.33314,4.945105,17.93564,-22.35176,4.947072,17.95608
196.81,-22.33299,5.027608,17.95466,-22.33314,4.945105,17.93564,-22.35176,4.947072,17.95608
196.8218,-22.33299,5.027608,17.95466,-22.33314,4.945105,17.93564,-22.35176,4.947072,17.95608
196.835,-22.33299,5.027608,17.95466,-22.33314,4.945105,17.93564,-22.35176,4.947072,17.95608
196.8459,-22.33277,5.027291,17.95653,-22.33314,4.945105,17.93564,-22.35176,4.947072,17.95608
196.8584,-22.33277,5.027291,17.95653,-22.33285,4.94462,17.93756,-22.35176,4.947072,17.95608
196.869,-22.33343,5.027291,17.957,-22.33285,4.94462,17.93756,-22.35176,4.947072,17.95608
196.8806,-22.33424,5.026367,17.95877,-22.33351,4.944286,17.93796,-22.35176,4.947072,17.95608
196.8932,-22.33424,5.026367,17.95877,-22.33437,4.943432,17.93987,-22.35176,4.947072,17.95608
196.9039,-22.33336,5.026052,17.96015,-22.33437,4.943432,17.93987,-22.35176,4.947072,17.95608
196.9164,-22.33336,5.026052,17.96015,-22.33343,4.94328,17.94138,-22.35176,4.947072,17.95608
196.9293,-22.33477,5.025859,17.961,-22.33343,4.94328,17.94138,-22.35176,4.947072,17.95608
196.9409,-22.33389,5.025547,17.96239,-22.33493,4.942563,17.94217,-22.35176,4.947072,17.95608
196.9518,-22.33389,5.025547,17.96239,-22.33399,4.942482,17.9437,-22.35176,4.947072,17.95608
196.9622,-22.33389,5.025548,17.96239,-22.33399,4.942482,17.9437,-22.35176,4.947072,17.95608
196.9776,-22.33389,5.025548,17.96239,-22.33399,4.942482,17.9437,-22.35176,4.947072,17.95608
196.9919,-22.33529,5.025359,17.96324,-22.33399,4.942482,17.9437,-22.35176,4.947072,17.95608
197.0035,-22.33441,5.025047,17.96462,-22.33549,4.941811,17.94451,-22.35176,4.947072,17.95608
197.0148,-22.33441,5.025047,17.96462,-22.33455,4.941731,17.94604,-22.35176,4.947072,17.95608
197.0264,-22.3356,5.024551,17.96734,-22.33455,4.941731,17.94604,-22.35176,4.947072,17.95608
197.0376,-22.3356,5.024551,17.96734,-22.33577,4.94067,17.94878,-22.35176,4.947072,17.95608
197.0483,-22.33768,5.024367,17.96867,-22.33577,4.94067,17.94878,-22.35176,4.947072,17.95608
197.0615,-22.34116,5.024003,17.97085,-22.33793,4.939689,17.94999,-22.35176,4.947072,17.95608
197.0784,-22.34116,5.024003,17.97085,-22.34149,4.957916,17.95636,-22.35176,4.947072,17.95608
197.0886,-22.3431,5.02334,17.97394,-22.34149,4.957916,17.95636,-22.35176,4.947072,17.95608
197.1004,-22.34518,5.023167,17.97526,-22.34353,4.957766,17.95973,-22.35176,4.947072,17.95608
197.1123,-22.34518,5.023167,17.97526,-22.34568,4.956427,17.96085,-22.35176,4.947072,17.95608
197.1236,-22.34605,5.023474,17.97388,-22.34568,4.956427,17.96085,-22.35176,4.947072,17.95608
197.1352,-22.34605,5.023474,17.97388,-22.3466,4.957504,17.95956,-22.35176,4.947072,17.95608
197.1462,-22.34813,5.023303,17.9752,-22.3466,4.957504,17.95956,-22.35176,4.947072,17.95608
197.1578,-22.34813,5.023303,17.9752,-22.34889,4.942039,17.95762,-22.35176,4.947072,17.95608
197.1687,-22.35021,5.023133,17.97652,-22.34889,4.942039,17.95762,-22.35176,4.947072,17.95608
197.181,-22.35162,5.022965,17.97738,-22.35101,4.946022,17.95989,-22.35176,4.947072,17.95608
197.1938,-22.35162,5.022965,17.97738,-22.3525,4.946531,17.96094,-22.35176,4.947072,17.95608
197.2043,-22.35303,5.022799,17.97823,-22.3525,4.946531,17.96094,-22.35176,4.947072,17.95608
197.2164,-22.35303,5.022799,17.97823,-22.35399,4.946765,17.96193,-22.35176,4.947072,17.95608
197.2274,-22.35424,5.022328,17.98094,-22.35399,4.946765,17.96193,-22.35176,4.947072,17.95608
197.2419,-22.35719,5.022474,17.98087,-22.35523,4.945712,17.96466,-22.35176,4.947072,17.95608
197.2549,-22.35719,5.022474,17.98087,-22.35834,4.943722,17.9641,-22.35176,4.947072,17.95608
197.2654,-22.35806,5.022784,17.97948,-22.35834,4.943722,17.9641,-22.35176,4.947072,17.95608
197.2784,-22.35806,5.022784,17.97948,-22.3593,4.942059,17.9622,-22.35176,4.947072,17.95608
197.2888,-22.36035,5.022936,17.97894,-22.3593,4.942059,17.9622,-22.35176,4.947072,17.95608
197.3005,-22.36122,5.02325,17.97755,-22.36197,4.928198,17.95862,-22.35176,4.947072,17.95608
197.3123,-22.36122,5.02325,17.97755,-22.36291,4.928211,17.95705,-22.35176,4.947072,17.95608
197.3245,-22.36263,5.023093,17.9784,-22.36291,4.928211,17.95705,-22.35176,4.947072,17.95608
197.3376,-22.36263,5.023093,17.9784,-22.36444,4.927369,17.95782,-22.35176,4.947072,17.95608
197.349,-22.36437,5.023727,17.97562,-22.36444,4.927369,17.95782,-22.35176,4.947072,17.95608
197.3632,-22.36437,5.023727,17.97562,-22.36632,4.927394,17.9547,-22.35176,4.947072,17.95608
197.3786,-22.36437,5.023727,17.97562,-22.36632,4.927394,17.9547,-22.35176,4.947072,17.95608
197.3903,-22.36558,5.024849,17.97062,-22.36632,4.927394,17.9547,-22.35176,4.947072,17.95608
197.4048,-22.36786,5.025019,17.97008,-22.36762,4.928273,17.94924,-22.35176,4.947072,17.95608
197.4197,-22.36786,5.025019,17.97008,-22.3701,4.927444,17.94843,-22.35176,4.947072,17.95608
197.4346,-22.36893,5.025678,17.96684,-22.3701,4.927444,17.94843,-22.35176,4.947072,17.95608
197.4511,-22.36914,5.026011,17.96499,-22.37133,4.927846,17.94492,-22.35176,4.947072,17.95608
197.4635,-22.37001,5.026346,17.96361,-22.37161,4.928175,17.94296,-22.35176,4.947072,17.95608
197.4797,-22.37001,5.026346,17.96361,-22.37257,4.928021,17.94135,-22.35176,4.947072,17.95608
197.4925,-22.36948,5.026838,17.96138,-22.37257,4.928021,17.94135,-22.35176,4.947072,17.95608
197.507,-22.36895,5.027337,17.95915,-22.37199,4.928655,17.93897,-22.35176,4.947072,17.95608
197.5199,-22.36895,5.027337,17.95915,-22.37141,4.929289,17.93659,-22.35176,4.947072,17.95608
197.5309,-22.36754,5.027498,17.9583,-22.37141,4.929289,17.93659,-22.35176,4.947072,17.95608
197.545,-22.36841,5.027839,17.95692,-22.36988,4.930077,17.93582,-22.35176,4.947072,17.95608
197.5593,-22.36841,5.027839,17.95692,-22.37083,4.929923,17.93421,-22.35176,4.947072,17.95608
197.5704,-22.367,5.028002,17.95607,-22.37083,4.929923,17.93421,-22.35176,4.947072,17.95608
197.5837,-22.36767,5.028002,17.95653,-22.3693,4.93071,17.93344,-22.35176,4.947072,17.95608
197.5964,-22.36767,5.028002,17.95653,-22.36996,4.930363,17.93382,-22.35176,4.947072,17.95608
197.6083,-22.36833,5.028002,17.957,-22.36996,4.930363,17.93382,-22.35176,4.947072,17.95608
197.6203,-22.36833,5.028002,17.957,-22.36996,4.930363,17.93382,-22.35176,4.947072,17.95608
197.6316,-22.36833,5.028002,17.957,-22.36996,4.930363,17.93382,-22.35176,4.947072,17.95608
197.6421,-22.36745,5.02766,17.95838,-22.36996,4.930363,17.93382,-22.35176,4.947072,17.95608
197.6533,-22.36745,5.02766,17.95838,-22.36996,4.930363,17.93382,-22.35176,4.947072,17.95608
197.663,-22.36535,5.027881,17.95863,-22.36996,4.930363,17.93382,-22.35176,4.947072,17.95608
197.6771,-22.36535,5.027881,17.95863,-22.36996,4.930363,17.93382,-22.35176,4.947072,17.95608
197.6868,-22.36501,5.027045,17.96225,-22.36996,4.930363,17.93382,-22.35176,4.947072,17.95608
197.6977,-22.36501,5.027045,17.96225,-22.36996,4.930363,17.93382,-22.35176,4.947072,17.95608
197.709,-22.36547,5.026713,17.96456,-22.36996,4.930363,17.93382,-22.35176,4.947072,17.95608
197.7236,-22.36526,5.026383,17.96642,-22.36996,4.930363,17.93382,-22.35176,4.947072,17.95608
197.7347,-22.36526,5.026383,17.96642,-22.36996,4.930363,17.93382,-22.35176,4.947072,17.95608
197.747,-22.36572,5.026054,17.96873,-22.36996,4.930363,17.93382,-22.35176,4.947072,17.95608
197.7581,-22.36572,5.026054,17.96873,-22.36996,4.930363,17.93382,-22.35176,4.947072,17.95608
197.7683,-22.36705,5.026055,17.96967,-22.36996,4.930363,17.93382,-22.35176,4.947072,17.95608
197.7806,-22.36752,5.025728,17.97199,-22.36996,4.930363,17.93382,-22.35176,4.947072,17.95608
197.7926,-22.36752,5.025728,17.97199,-22.36996,4.930363,17.93382,-22.35176,4.947072,17.95608
197.8058,-22.37074,5.02524,17.97608,-22.36996,4.930363,17.93382,-22.35176,4.947072,17.95608
197.8181,-22.37074,5.02524,17.97608,-22.36996,4.930363,17.93382,-22.35176,4.947072,17.95608
197.8293,-22.37679,5.024514,17.98341,-22.36996,4.930363,17.93382,-22.35176,4.947072,17.95608
197.8411,-22.37925,5.024849,17.98721,-22.36996,4.930363,17.93382,-22.35176,4.947072,17.95608
197.8541,-22.37925,5.024849,17.98721,-22.36996,4.930363,17.93382,-22.35176,4.947072,17.95608
197.867,-22.3873,5.025885,17.99438,-22.36996,4.930363,17.93382,-22.35176,4.947072,17.95608
197.8793,-22.3873,5.025885,17.99438,-22.36996,4.930363,17.93382,-22.35176,4.947072,17.95608
197.8891,-22.39734,5.027802,17.99833,-22.36996,4.930363,17.93382,-22.35176,4.947072,17.95608
197.9015,-22.40291,5.029087,18.00019,-22.36996,4.930363,17.93382,-22.35176,4.947072,17.95608
197.914,-22.40291,5.029087,18.00019,-22.36996,4.930363,17.93382,-22.35176,4.947072,17.95608
197.9241,-22.41212,5.030636,18.00391,-22.36996,4.930363,17.93382,-22.35176,4.947072,17.95608
197.9352,-22.41212,5.030636,18.00391,-22.36996,4.930363,17.93382,-22.35176,4.947072,17.95608
197.945,-22.42039,5.031372,18.00923,-22.36996,4.930363,17.93382,-22.35176,4.947072,17.95608
197.9562,-22.42039,5.031372,18.00923,-22.36996,4.930363,17.93382,-22.35176,4.947072,17.95608
197.9664,-22.42749,5.032922,18.00851,-22.36996,4.930363,17.93382,-22.35176,4.947072,17.95608
197.9777,-22.42749,5.032922,18.00851,-22.36996,4.930363,17.93382,-22.35176,4.947072,17.95608
197.9873,-22.43332,5.034996,18.00666,-22.36996,4.930363,17.93382,-22.35176,4.947072,17.95608
198.0015,-22.43829,5.03669,18.00466,-22.36996,4.930363,17.93382,-22.35176,4.947072,17.95608
198.0135,-22.43829,5.03669,18.00466,-22.36996,4.930363,17.93382,-22.35176,4.947072,17.95608
198.0237,-22.44546,5.038781,18.00365,-22.36996,4.930363,17.93382,-22.35176,4.947072,17.95608
198.0357,-22.44546,5.038781,18.00365,-22.36996,4.930363,17.93382,-22.35176,4.947072,17.95608
198.0452,-22.45168,5.042101,17.99938,-22.36996,4.930363,17.93382,-22.35176,4.947072,17.95608
198.0568,-22.45168,5.042101,17.99938,-22.36996,4.930363,17.93382,-22.35176,4.947072,17.95608
198.0666,-22.45806,5.045823,17.99479,-22.36996,4.930363,17.93382,-22.35176,4.947072,17.95608
198.0781,-22.45806,5.045823,17.99479,-22.36996,4.930363,17.93382,-22.35176,4.947072,17.95608
198.0878,-22.46766,5.04898,17.98948,-22.36996,4.930363,17.93382,-22.35176,4.947072,17.95608
198.099,-22.46766,5.04898,17.98948,-22.36996,4.930363,17.93382,-22.35176,4.947072,17.95608
198.1096,-22.47288,5.052054,17.98354,-22.36996,4.930363,17.93382,-22.35176,4.947072,17.95608
198.1208,-22.4779,5.053035,17.98129,-22.36996,4.930363,17.93382,-22.35176,4.947072,17.95608
198.1322,-22.4779,5.053035,17.98129,-22.36996,4.930363,17.93382,-22.35176,4.947072,17.95608
198.1424,-22.48405,5.054899,17.97845,-22.36996,4.930363,17.93382,-22.35176,4.947072,17.95608
198.1536,-22.48405,5.054899,17.97845,-22.36996,4.930363,17.93382,-22.35176,4.947072,17.95608
198.1656,-22.49203,5.057463,17.96913,-22.36996,4.930363,17.93382,-22.35176,4.947072,17.95608
198.1771,-22.49203,5.057463,17.96913,-22.36996,4.930363,17.93382,-22.35176,4.947072,17.95608
198.1879,-22.50018,5.060387,17.9578,-22.36996,4.930363,17.93382,-22.35176,4.947072,17.95608
198.2007,-22.50533,5.061071,17.95021,-22.36996,4.930363,17.93382,-22.35176,4.947072,17.95608
198.2182,-22.50533,5.061071,17.95021,-22.36996,4.930363,17.93382,-22.35176,4.947072,17.95608
198.2319,-22.51715,5.06284,17.93227,-22.36996,4.930363,17.93382,-22.35176,4.947072,17.95608
198.2438,-22.52169,5.062543,17.92235,-22.36996,4.930363,17.93382,-22.35176,4.947072,17.95608
198.2572,-22.52169,5.062543,17.92235,-22.36996,4.930363,17.93382,-22.35176,4.947072,17.95608
198.2701,-22.5277,5.063897,17.90147,-22.36996,4.930363,17.93382,-22.35176,4.947072,17.95608
198.2833,-22.52939,5.064847,17.89323,-22.36996,4.930363,17.93382,-22.35176,4.947072,17.95608
198.2956,-22.52939,5.064847,17.89323,-22.36996,4.930363,17.93382,-22.35176,4.947072,17.95608
198.3071,-22.53081,5.066463,17.88542,-22.36996,4.930363,17.93382,-22.35176,4.947072,17.95608
198.3198,-22.53081,5.066463,17.88542,-22.36996,4.930363,17.93382,-22.35176,4.947072,17.95608
198.3318,-22.53161,5.067065,17.88029,-22.36996,4.930363,17.93382,-22.35176,4.947072,17.95608
198.344,-22.53206,5.06756,17.87918,-22.36996,4.930363,17.93382,-22.35176,4.947072,17.95608
198.3552,-22.53206,5.06756,17.87918,-22.36996,4.930363,17.93382,-22.35176,4.947072,17.95608
198.3657,-22.53466,5.067547,17.87754,-22.36996,4.930363,17.93382,-22.35176,4.947072,17.95608
198.3779,-22.53466,5.067547,17.87754,-22.36996,4.930363,17.93382,-22.35176,4.947072,17.95608
198.3877,-22.53465,5.068047,17.87723,-22.36996,4.930363,17.93382,-22.35176,4.947072,17.95608
198.3994,-22.53465,5.068047,17.87723,-22.36996,4.930363,17.93382,-22.35176,4.947072,17.95608
198.4103,-22.53241,5.067737,17.87785,-22.36996,4.930363,17.93382,-22.35176,4.947072,17.95608
198.4225,-22.53331,5.067366,17.87775,-22.36996,4.930363,17.93382,-22.35176,4.947072,17.95608
198.4402,-22.53358,5.066996,17.87726,-22.36996,4.930363,17.93382,-22.35176,4.947072,17.95608
198.4524,-22.53358,5.066996,17.87726,-22.36996,4.930363,17.93382,-22.35176,4.947072,17.95608
198.4654,-22.53244,5.064845,17.87743,-22.36996,4.930363,17.93382,-22.35176,4.947072,17.95608
198.4784,-22.53244,5.064845,17.87743,-22.36996,4.930363,17.93382,-22.35176,4.947072,17.95608
198.4881,-22.53308,5.063288,17.87775,-22.36996,4.930363,17.93382,-22.35176,4.947072,17.95608
198.4988,-22.53308,5.063288,17.87775,-22.36996,4.930363,17.93382,-22.35176,4.947072,17.95608
198.5102,-22.53223,5.061584,17.88225,-22.36996,4.930363,17.93382,-22.35176,4.947072,17.95608
198.5216,-22.53009,5.060473,17.88417,-22.36996,4.930363,17.93382,-22.35176,4.947072,17.95608
198.5331,-22.53009,5.060473,17.88417,-22.36996,4.930363,17.93382,-22.35176,4.947072,17.95608
198.5436,-22.52893,5.057932,17.89228,-22.36996,4.930363,17.93382,-22.35176,4.947072,17.95608
198.5554,-22.52893,5.057932,17.89228,-22.36996,4.930363,17.93382,-22.35176,4.947072,17.95608
198.5663,-22.53037,5.056656,17.8989,-22.36996,4.930363,17.93382,-22.35176,4.947072,17.95608
198.5775,-22.53037,5.056656,17.8989,-22.36996,4.930363,17.93382,-22.35176,4.947072,17.95608
198.587,-22.53428,5.055483,17.90634,-22.36996,4.930363,17.93382,-22.35176,4.947072,17.95608
198.5979,-22.53428,5.055483,17.90634,-22.36996,4.930363,17.93382,-22.35176,4.947072,17.95608
198.608,-22.53996,5.055525,17.91063,-22.36996,4.930363,17.93382,-22.35176,4.947072,17.95608
198.6189,-22.53996,5.055525,17.91063,-22.36996,4.930363,17.93382,-22.35176,4.947072,17.95608
198.6293,-22.54612,5.055021,17.91587,-22.36996,4.930363,17.93382,-22.35176,4.947072,17.95608
198.6406,-22.54684,5.054442,17.91954,-22.36996,4.930363,17.93382,-22.35176,4.947072,17.95608
198.6556,-22.54684,5.054442,17.91954,-22.36996,4.930363,17.93382,-22.35176,4.947072,17.95608
198.668,-22.55244,5.053265,17.92271,-22.36996,4.930363,17.93382,-22.35176,4.947072,17.95608
198.6791,-22.55244,5.053265,17.92271,-22.36996,4.930363,17.93382,-22.35176,4.947072,17.95608
198.6901,-22.5551,5.052222,17.92786,-22.36996,4.930363,17.93382,-22.35176,4.947072,17.95608
198.7015,-22.55721,5.052107,17.92901,-22.36996,4.930363,17.93382,-22.35176,4.947072,17.95608
198.7122,-22.55721,5.052107,17.92901,-22.36996,4.930363,17.93382,-22.35176,4.947072,17.95608
198.7224,-22.5579,5.051594,17.9312,-22.36996,4.930363,17.93382,-22.35176,4.947072,17.95608
198.7346,-22.5579,5.051594,17.9312,-22.36996,4.930363,17.93382,-22.35176,4.947072,17.95608
198.7442,-22.56079,5.051884,17.93093,-22.36996,4.930363,17.93382,-22.35176,4.947072,17.95608
198.7568,-22.56079,5.051884,17.93093,-22.36996,4.930363,17.93382,-22.35176,4.947072,17.95608
198.7692,-22.56367,5.052178,17.93066,-22.36996,4.930363,17.93382,-22.35176,4.947072,17.95608
198.7803,-22.56367,5.052178,17.93066,-22.36996,4.930363,17.93382,-22.35176,4.947072,17.95608
198.791,-22.56367,5.052178,17.93066,-22.36996,4.930363,17.93382,-22.35176,4.947072,17.95608
198.8013,-22.56476,5.052159,17.93022,-22.36996,4.930363,17.93382,-22.35176,4.947072,17.95608
198.8146,-22.56476,5.052159,17.93022,-22.36996,4.930363,17.93382,-22.35176,4.947072,17.95608
198.8249,-22.5664,5.052418,17.93065,-22.36996,4.930363,17.93382,-22.35176,4.947072,17.95608
198.8355,-22.5664,5.052418,17.93065,-22.36996,4.930363,17.93382,-22.35176,4.947072,17.95608
198.8451,-22.56575,5.052418,17.93027,-22.36996,4.930363,17.93382,-22.35176,4.947072,17.95608
198.856,-22.56575,5.052418,17.93027,-22.36996,4.930363,17.93382,-22.35176,4.947072,17.95608
198.8656,-22.56363,5.052524,17.92912,-22.36996,4.930363,17.93382,-22.35176,4.947072,17.95608
198.8769,-22.56363,5.052524,17.92912,-22.36996,4.930363,17.93382,-22.35176,4.947072,17.95608
198.8863,-22.56445,5.052418,17.9295,-22.36996,4.930363,17.93382,-22.35176,4.947072,17.95608
198.8984,-22.56445,5.052418,17.9295,-22.36996,4.930363,17.93382,-22.35176,4.947072,17.95608
198.909,-22.56561,5.054523,17.92235,-22.36996,4.930363,17.93382,-22.35176,4.947072,17.95608
198.9205,-22.56716,5.055354,17.91951,-22.36996,4.930363,17.93382,-22.35176,4.947072,17.95608
198.932,-22.56716,5.055354,17.91951,-22.36996,4.930363,17.93382,-22.35176,4.947072,17.95608
198.9421,-22.56969,5.05645,17.91673,-22.36996,4.930363,17.93382,-22.35176,4.947072,17.95608
198.9529,-22.56969,5.05645,17.91673,-22.36996,4.930363,17.93382,-22.35176,4.947072,17.95608
198.9627,-22.56836,5.056978,17.91417,-22.36996,4.930363,17.93382,-22.35176,4.947072,17.95608
198.9759,-22.56836,5.056978,17.91417,-22.36996,4.930363,17.93382,-22.35176,4.947072,17.95608
198.9856,-22.56991,5.057828,17.91133,-22.36996,4.930363,17.93382,-22.35176,4.947072,17.95608
198.997,-22.56991,5.057828,17.91133,-22.36996,4.930363,17.93382,-22.35176,4.947072,17.95608
199.0065,-22.56967,5.058353,17.90833,-22.36996,4.930363,17.93382,-22.35176,4.947072,17.95608
199.0171,-22.56967,5.058353,17.90833,-22.36996,4.930363,17.93382,-22.35176,4.947072,17.95608
199.0266,-22.57225,5.059404,17.90703,-22.36996,4.930363,17.93382,-22.35176,4.947072,17.95608
199.0376,-22.57225,5.059404,17.90703,-22.36996,4.930363,17.93382,-22.35176,4.947072,17.95608
199.0475,-22.5733,5.059745,17.90506,-22.36996,4.930363,17.93382,-22.35176,4.947072,17.95608
199.0587,-22.5733,5.059745,17.90506,-22.36996,4.930363,17.93382,-22.35176,4.947072,17.95608
199.068,-22.57418,5.059723,17.90341,-22.36996,4.930363,17.93382,-22.35176,4.947072,17.95608
199.0786,-22.57418,5.059723,17.90341,-22.36996,4.930363,17.93382,-22.35176,4.947072,17.95608
199.0886,-22.5748,5.060074,17.90226,-22.36996,4.930363,17.93382,-22.35176,4.947072,17.95608
199.1016,-22.57507,5.0597,17.90176,-22.36996,4.930363,17.93382,-22.35176,4.947072,17.95608
199.1135,-22.57507,5.0597,17.90176,-22.36996,4.930363,17.93382,-22.35176,4.947072,17.95608
199.1248,-22.57672,5.060116,17.89869,-22.36996,4.930363,17.93382,-22.35176,4.947072,17.95608
199.1405,-22.57639,5.059668,17.89928,-22.36996,4.930363,17.93382,-22.35176,4.947072,17.95608
199.1516,-22.57639,5.059668,17.89928,-22.36996,4.930363,17.93382,-22.35176,4.947072,17.95608
199.1619,-22.57509,5.058772,17.90007,-22.36996,4.930363,17.93382,-22.35176,4.947072,17.95608
199.1743,-22.57509,5.058772,17.90007,-22.36996,4.930363,17.93382,-22.35176,4.947072,17.95608
199.185,-22.57229,5.05635,17.90204,-22.36996,4.930363,17.93382,-22.35176,4.947072,17.95608
199.1979,-22.57229,5.05635,17.90204,-22.36996,4.930363,17.93382,-22.35176,4.947072,17.95608
199.2096,-22.56804,5.054045,17.90324,-22.36996,4.930363,17.93382,-22.35176,4.947072,17.95608
199.222,-22.56702,5.052441,17.90506,-22.36996,4.930363,17.93382,-22.35176,4.947072,17.95608
199.2344,-22.56702,5.052441,17.90506,-22.36996,4.930363,17.93382,-22.35176,4.947072,17.95608
199.2482,-22.56487,5.050041,17.90741,-22.36996,4.930363,17.93382,-22.35176,4.947072,17.95608
199.2598,-22.56487,5.050041,17.90741,-22.36996,4.930363,17.93382,-22.35176,4.947072,17.95608
199.2698,-22.56216,5.04841,17.91077,-22.36996,4.930363,17.93382,-22.35176,4.947072,17.95608
199.281,-22.56138,5.047997,17.91219,-22.36996,4.930363,17.93382,-22.35176,4.947072,17.95608
199.2931,-22.56138,5.047997,17.91219,-22.36996,4.930363,17.93382,-22.35176,4.947072,17.95608
199.3035,-22.5621,5.047129,17.91117,-22.36996,4.930363,17.93382,-22.35176,4.947072,17.95608
199.3147,-22.5621,5.047129,17.91117,-22.36996,4.930363,17.93382,-22.35176,4.947072,17.95608
199.3274,-22.55803,5.046554,17.91015,-22.36996,4.930363,17.93382,-22.35176,4.947072,17.95608
199.3412,-22.55661,5.046143,17.91118,-22.36996,4.930363,17.93382,-22.35176,4.947072,17.95608
199.3538,-22.55661,5.046143,17.91118,-22.36996,4.930363,17.93382,-22.35176,4.947072,17.95608
199.3649,-22.55464,5.045465,17.91132,-22.36996,4.930363,17.93382,-22.35176,4.947072,17.95608
199.3791,-22.55464,5.045465,17.91132,-22.36996,4.930363,17.93382,-22.35176,4.947072,17.95608
199.3903,-22.55318,5.045578,17.91055,-22.36996,4.930363,17.93382,-22.35176,4.947072,17.95608
199.4019,-22.55336,5.04594,17.91022,-22.36996,4.930363,17.93382,-22.35176,4.947072,17.95608
199.4137,-22.55336,5.04594,17.91022,-22.36996,4.930363,17.93382,-22.35176,4.947072,17.95608
199.4267,-22.55254,5.046058,17.90984,-22.36996,4.930363,17.93382,-22.35176,4.947072,17.95608
199.4387,-22.55254,5.046058,17.90984,-22.36996,4.930363,17.93382,-22.35176,4.947072,17.95608
199.4517,-22.55271,5.046419,17.90952,-22.36996,4.930363,17.93382,-22.35176,4.947072,17.95608
199.465,-22.55299,5.046037,17.90901,-22.36996,4.930363,17.93382,-22.35176,4.947072,17.95608
199.4783,-22.55299,5.046037,17.90901,-22.36996,4.930363,17.93382,-22.35176,4.947072,17.95608
199.4911,-22.55425,5.046378,17.90824,-22.36996,4.930363,17.93382,-22.35176,4.947072,17.95608
199.5031,-22.5546,5.047099,17.90759,-22.36996,4.930363,17.93382,-22.35176,4.947072,17.95608
199.5144,-22.5546,5.047099,17.90759,-22.36996,4.930363,17.93382,-22.35176,4.947072,17.95608
199.5244,-22.55577,5.046678,17.90542,-22.36996,4.930363,17.93382,-22.35176,4.947072,17.95608
199.535,-22.55577,5.046678,17.90542,-22.36996,4.930363,17.93382,-22.35176,4.947072,17.95608
199.5442,-22.55589,5.046227,17.90517,-22.36996,4.930363,17.93382,-22.35176,4.947072,17.95608
199.5549,-22.55589,5.046227,17.90517,-22.36996,4.930363,17.93382,-22.35176,4.947072,17.95608
199.565,-22.55729,5.046979,17.9026,-22.36996,4.930363,17.93382,-22.35176,4.947072,17.95608
199.5762,-22.55729,5.046979,17.9026,-22.36996,4.930363,17.93382,-22.35176,4.947072,17.95608
199.5855,-22.55787,5.046166,17.90306,-22.36996,4.930363,17.93382,-22.35176,4.947072,17.95608
199.5965,-22.55787,5.046166,17.90306,-22.36996,4.930363,17.93382,-22.35176,4.947072,17.95608
199.607,-22.55822,5.045865,17.9005,-22.36996,4.930363,17.93382,-22.35176,4.947072,17.95608
199.6178,-22.55822,5.045865,17.9005,-22.36996,4.930363,17.93382,-22.35176,4.947072,17.95608
199.6278,-22.5587,5.045789,17.90114,-22.36996,4.930363,17.93382,-22.35176,4.947072,17.95608
199.6391,-22.5587,5.045789,17.90114,-22.36996,4.930363,17.93382,-22.35176,4.947072,17.95608
199.6485,-22.56198,5.04525,17.90012,-22.36996,4.930363,17.93382,-22.35176,4.947072,17.95608
199.6597,-22.56198,5.04525,17.90012,-22.36996,4.930363,17.93382,-22.35176,4.947072,17.95608
199.6723,-22.56172,5.044891,17.89864,-22.36996,4.930363,17.93382,-22.35176,4.947072,17.95608
199.6839,-22.56313,5.043958,17.89948,-22.36996,4.930363,17.93382,-22.35176,4.947072,17.95608
199.6964,-22.56313,5.043958,17.89948,-22.36996,4.930363,17.93382,-22.35176,4.947072,17.95608
199.709,-22.5637,5.04348,17.89837,-22.36996,4.930363,17.93382,-22.35176,4.947072,17.95608
199.7238,-22.56174,5.042806,17.89852,-22.36996,4.930363,17.93382,-22.35176,4.947072,17.95608
199.7359,-22.56174,5.042806,17.89852,-22.36996,4.930363,17.93382,-22.35176,4.947072,17.95608
199.748,-22.56114,5.04275,17.89961,-22.36996,4.930363,17.93382,-22.35176,4.947072,17.95608
199.7606,-22.5626,5.042632,17.90038,-22.36996,4.930363,17.93382,-22.35176,4.947072,17.95608
199.7752,-22.5626,5.042632,17.90038,-22.36996,4.930363,17.93382,-22.35176,4.947072,17.95608
199.7863,-22.56114,5.04275,17.89961,-22.36996,4.930363,17.93382,-22.35176,4.947072,17.95608
199.8067,-22.5626,5.042632,17.90038,-22.36996,4.930363,17.93382,-22.35176,4.947072,17.95608
199.819,-22.5626,5.042632,17.90038,-22.36996,4.930363,17.93382,-22.35176,4.947072,17.95608
199.83,-22.5626,5.042632,17.90038,-22.36996,4.930363,17.93382,-22.35176,4.947072,17.95608
199.8432,-22.56182,5.042222,17.90179,-22.36996,4.930363,17.93382,-22.35176,4.947072,17.95608
199.8548,-22.56182,5.042222,17.90179,-22.36996,4.930363,17.93382,-22.35176,4.947072,17.95608
199.8643,-22.5621,5.041841,17.90128,-22.36996,4.930363,17.93382,-22.35176,4.947072,17.95608
199.8751,-22.5621,5.041841,17.90128,-22.36996,4.930363,17.93382,-22.35176,4.947072,17.95608
199.8844,-22.5621,5.041841,17.90128,-22.36996,4.930363,17.93382,-22.35176,4.947072,17.95608
199.8955,-22.5621,5.041841,17.90128,-22.36996,4.930363,17.93382,-22.35176,4.947072,17.95608
199.9052,-22.56132,5.041432,17.9027,-22.36996,4.930363,17.93382,-22.35176,4.947072,17.95608
199.9164,-22.56132,5.041432,17.9027,-22.36996,4.930363,17.93382,-22.35176,4.947072,17.95608
199.9259,-22.55985,5.041551,17.90194,-22.36996,4.930363,17.93382,-22.35176,4.947072,17.95608
199.9366,-22.55985,5.041551,17.90194,-22.36996,4.930363,17.93382,-22.35176,4.947072,17.95608
199.9463,-22.55985,5.041551,17.90194,-22.36996,4.930363,17.93382,-22.35176,4.947072,17.95608
199.9577,-22.55985,5.041551,17.90194,-22.36996,4.930363,17.93382,-22.35176,4.947072,17.95608
199.9675,-22.56132,5.041432,17.9027,-22.36996,4.930363,17.93382,-22.35176,4.947072,17.95608
199.9803,-22.56159,5.041051,17.90219,-22.36996,4.930363,17.93382,-22.35176,4.947072,17.95608
199.9922,-22.56159,5.041051,17.90219,-22.36996,4.930363,17.93382,-22.35176,4.947072,17.95608
200.0014,-22.56159,5.041051,17.90219,-22.36996,4.930363,17.93382,-22.35176,4.947072,17.95608
200.0123,-22.56159,5.041051,17.90219,-22.36996,4.930363,17.93382,-22.35176,4.947072,17.95608
200.0219,-22.56159,5.041051,17.90219,-22.36996,4.930363,17.93382,-22.35176,4.947072,17.95608
200.033,-22.56159,5.041051,17.90219,-22.36996,4.930363,17.93382,-22.35176,4.947072,17.95608
200.0426,-22.56187,5.040668,17.90168,-22.36996,4.930363,17.93382,-22.35176,4.947072,17.95608
200.0531,-22.56187,5.040668,17.90168,-22.36996,4.930363,17.93382,-22.35176,4.947072,17.95608
200.0623,-22.56187,5.040668,17.90168,-22.36996,4.930363,17.93382,-22.35176,4.947072,17.95608
200.0758,-22.56187,5.040668,17.90168,-22.36996,4.930363,17.93382,-22.35176,4.947072,17.95608
200.0862,-22.56127,5.040618,17.90277,-22.36996,4.930363,17.93382,-22.35176,4.947072,17.95608
200.099,-22.56127,5.040618,17.90277,-22.36996,4.930363,17.93382,-22.35176,4.947072,17.95608
200.1106,-22.56268,5.041026,17.90174,-22.36996,4.930363,17.93382,-22.35176,4.947072,17.95608
200.1246,-22.5619,5.040618,17.90316,-22.36996,4.930363,17.93382,-22.35176,4.947072,17.95608
200.1373,-22.5619,5.040618,17.90316,-22.36996,4.930363,17.93382,-22.35176,4.947072,17.95608
200.1488,-22.56268,5.041026,17.90174,-22.36996,4.930363,17.93382,-22.35176,4.947072,17.95608
200.1609,-22.56282,5.040236,17.90303,-22.36996,4.930363,17.93382,-22.35176,4.947072,17.95608
200.1757,-22.56282,5.040236,17.90303,-22.36996,4.930363,17.93382,-22.35176,4.947072,17.95608
200.1865,-22.56387,5.040266,17.9011,-22.36996,4.930363,17.93382,-22.35176,4.947072,17.95608
200.2003,-22.56456,5.03974,17.90328,-22.36996,4.930363,17.93382,-22.35176,4.947072,17.95608
200.2143,-22.56456,5.03974,17.90328,-22.36996,4.930363,17.93382,-22.35176,4.947072,17.95608
200.2258,-22.56451,5.040266,17.90148,-22.36996,4.930363,17.93382,-22.35176,4.947072,17.95608
200.2375,-22.56451,5.040266,17.90148,-22.36996,4.930363,17.93382,-22.35176,4.947072,17.95608
200.2477,-22.56451,5.040266,17.90148,-22.36996,4.930363,17.93382,-22.35176,4.947072,17.95608
200.2598,-22.56451,5.040266,17.90148,-22.36996,4.930363,17.93382,-22.35176,4.947072,17.95608
200.2692,-22.56373,5.039857,17.9029,-22.36996,4.930363,17.93382,-22.35176,4.947072,17.95608
200.2807,-22.56373,5.039857,17.9029,-22.36996,4.930363,17.93382,-22.35176,4.947072,17.95608
200.2915,-22.56373,5.039857,17.9029,-22.36996,4.930363,17.93382,-22.35176,4.947072,17.95608
200.3016,-22.56537,5.040097,17.90334,-22.36996,4.930363,17.93382,-22.35176,4.947072,17.95608
200.313,-22.56537,5.040097,17.90334,-22.36996,4.930363,17.93382,-22.35176,4.947072,17.95608
200.3229,-22.56679,5.040505,17.9023,-22.36996,4.930363,17.93382,-22.35176,4.947072,17.95608
200.3338,-22.56679,5.040505,17.9023,-22.36996,4.930363,17.93382,-22.35176,4.947072,17.95608
200.3456,-22.56706,5.040126,17.90179,-22.36996,4.930363,17.93382,-22.35176,4.947072,17.95608
200.3566,-22.56706,5.040126,17.90179,-22.36996,4.930363,17.93382,-22.35176,4.947072,17.95608
200.3662,-22.56629,5.039717,17.90321,-22.36996,4.930363,17.93382,-22.35176,4.947072,17.95608
200.3774,-22.56629,5.039717,17.90321,-22.36996,4.930363,17.93382,-22.35176,4.947072,17.95608
200.3881,-22.56706,5.040126,17.90179,-22.36996,4.930363,17.93382,-22.35176,4.947072,17.95608
200.3999,-22.56706,5.040126,17.90179,-22.36996,4.930363,17.93382,-22.35176,4.947072,17.95608
200.4097,-22.56853,5.040012,17.90255,-22.36996,4.930363,17.93382,-22.35176,4.947072,17.95608
200.4203,-22.56724,5.040483,17.90146,-22.36996,4.930363,17.93382,-22.35176,4.947072,17.95608
200.4313,-22.56724,5.040483,17.90146,-22.36996,4.930363,17.93382,-22.35176,4.947072,17.95608
200.4446,-22.56948,5.040781,17.90081,-22.36996,4.930363,17.93382,-22.35176,4.947072,17.95608
200.456,-22.56948,5.040781,17.90081,-22.36996,4.930363,17.93382,-22.35176,4.947072,17.95608
200.4658,-22.56878,5.04131,17.89862,-22.36996,4.930363,17.93382,-22.35176,4.947072,17.95608
200.4776,-22.56878,5.04131,17.89862,-22.36996,4.930363,17.93382,-22.35176,4.947072,17.95608
200.4877,-22.57025,5.041196,17.89939,-22.36996,4.930363,17.93382,-22.35176,4.947072,17.95608
200.4988,-22.57025,5.041196,17.89939,-22.36996,4.930363,17.93382,-22.35176,4.947072,17.95608
200.5087,-22.57025,5.041196,17.89939,-22.36996,4.930363,17.93382,-22.35176,4.947072,17.95608
200.5221,-22.5702,5.041727,17.89758,-22.36996,4.930363,17.93382,-22.35176,4.947072,17.95608
200.5334,-22.5702,5.041727,17.89758,-22.36996,4.930363,17.93382,-22.35176,4.947072,17.95608
200.5438,-22.57166,5.041612,17.89835,-22.36996,4.930363,17.93382,-22.35176,4.947072,17.95608
200.5545,-22.57166,5.041612,17.89835,-22.36996,4.930363,17.93382,-22.35176,4.947072,17.95608
200.5648,-22.57166,5.041611,17.89835,-22.36996,4.930363,17.93382,-22.35176,4.947072,17.95608
200.5758,-22.57166,5.041611,17.89835,-22.36996,4.930363,17.93382,-22.35176,4.947072,17.95608
200.5906,-22.57166,5.041611,17.89835,-22.36996,4.930363,17.93382,-22.35176,4.947072,17.95608
200.6057,-22.57166,5.041611,17.89835,-22.36996,4.930363,17.93382,-22.35176,4.947072,17.95608
200.6178,-22.57166,5.041611,17.89835,-22.36996,4.930363,17.93382,-22.35176,4.947072,17.95608
200.6308,-22.5723,5.04161,17.89873,-22.36996,4.930363,17.93382,-22.35176,4.947072,17.95608
200.6441,-22.5723,5.04161,17.89873,-22.36996,4.930363,17.93382,-22.35176,4.947072,17.95608
200.658,-22.5723,5.04161,17.89873,-22.36996,4.930363,17.93382,-22.35176,4.947072,17.95608
200.6716,-22.57083,5.041726,17.89797,-22.36996,4.930363,17.93382,-22.35176,4.947072,17.95608
200.6851,-22.57083,5.041727,17.89797,-22.36996,4.930363,17.93382,-22.35176,4.947072,17.95608
200.697,-22.57083,5.041727,17.89797,-22.36996,4.930363,17.93382,-22.35176,4.947072,17.95608
200.7079,-22.57307,5.042029,17.89731,-22.36996,4.930363,17.93382,-22.35176,4.947072,17.95608
200.7252,-22.57307,5.042028,17.89731,-22.36996,4.930363,17.93382,-22.35176,4.947072,17.95608
200.7386,-22.57307,5.042028,17.89731,-22.36996,4.930363,17.93382,-22.35176,4.947072,17.95608
200.7485,-22.57307,5.042029,17.89731,-22.36996,4.930363,17.93382,-22.35176,4.947072,17.95608
200.7597,-22.57307,5.042029,17.89731,-22.36996,4.930363,17.93382,-22.35176,4.947072,17.95608
200.7712,-22.57412,5.042074,17.89538,-22.36996,4.930363,17.93382,-22.35176,4.947072,17.95608
200.7823,-22.57412,5.042074,17.89538,-22.36996,4.930363,17.93382,-22.35176,4.947072,17.95608
200.7936,-22.57412,5.042074,17.89538,-22.36996,4.930363,17.93382,-22.35176,4.947072,17.95608
200.8034,-22.57412,5.042074,17.89538,-22.36996,4.930363,17.93382,-22.35176,4.947072,17.95608
200.8168,-22.57412,5.042074,17.89538,-22.36996,4.930363,17.93382,-22.35176,4.947072,17.95608
200.829,-22.57412,5.042074,17.89538,-22.36996,4.930363,17.93382,-22.35176,4.947072,17.95608
200.8401,-22.57412,5.042074,17.89538,-22.36996,4.930363,17.93382,-22.35176,4.947072,17.95608
200.8521,-22.57412,5.042074,17.89538,-22.36996,4.930363,17.93382,-22.35176,4.947072,17.95608
200.8624,-22.5737,5.042236,17.89268,-22.36996,4.930363,17.93382,-22.35176,4.947072,17.95608
200.8731,-22.5737,5.042236,17.89268,-22.36996,4.930363,17.93382,-22.35176,4.947072,17.95608
200.8832,-22.57516,5.042122,17.89345,-22.36996,4.930363,17.93382,-22.35176,4.947072,17.95608
200.8956,-22.57516,5.042122,17.89345,-22.36996,4.930363,17.93382,-22.35176,4.947072,17.95608
200.9053,-22.57516,5.042122,17.89345,-22.36996,4.930363,17.93382,-22.35176,4.947072,17.95608
200.9174,-22.57516,5.042122,17.89345,-22.58148,4.939351,17.86609,-22.35176,4.947072,17.95608
200.9287,-22.5737,5.042236,17.89268,-22.58148,4.939351,17.86609,-22.35176,4.947072,17.95608
200.9422,-22.5737,5.042236,17.89268,-22.57993,4.938897,17.8651,-22.35176,4.947072,17.95608
200.9545,-22.5737,5.042236,17.89268,-22.57993,4.938897,17.8651,-22.35176,4.947072,17.95608
200.9683,-22.5737,5.042236,17.89268,-22.57993,4.938897,17.8651,-22.35176,4.947072,17.95608
200.9817,-22.5737,5.042236,17.89268,-22.57993,4.938897,17.8651,-22.35176,4.947072,17.95608
200.9939,-22.5737,5.042236,17.89268,-22.57993,4.938897,17.8651,-22.35176,4.947072,17.95608
201.0055,-22.57292,5.041812,17.8941,-22.57993,4.938897,17.8651,-22.35176,4.947072,17.95608
201.0177,-22.57292,5.041812,17.8941,-22.57907,4.938856,17.86675,-22.35176,4.947072,17.95608
201.0282,-22.57292,5.041812,17.8941,-22.57907,4.938856,17.86675,-22.35176,4.947072,17.95608
201.0407,-22.57229,5.041812,17.89372,-22.57907,4.938856,17.86675,-22.35176,4.947072,17.95608
201.0525,-22.57229,5.041812,17.89372,-22.57845,4.938672,17.86632,-22.35176,4.947072,17.95608
201.0632,-22.57152,5.041391,17.89514,-22.57845,4.938672,17.86632,-22.35176,4.947072,17.95608
201.0753,-22.57152,5.041391,17.89514,-22.57759,4.938631,17.86797,-22.35176,4.947072,17.95608
201.0855,-22.57229,5.041812,17.89372,-22.57759,4.938631,17.86797,-22.35176,4.947072,17.95608
201.0981,-22.57229,5.041812,17.89372,-22.57845,4.938672,17.86632,-22.35176,4.947072,17.95608
201.1095,-22.57229,5.041812,17.89372,-22.57845,4.938672,17.86632,-22.35176,4.947072,17.95608
201.1232,-22.57229,5.041812,17.89372,-22.57845,4.938672,17.86632,-22.35176,4.947072,17.95608
201.1351,-22.57229,5.041812,17.89372,-22.57845,4.938672,17.86632,-22.35176,4.947072,17.95608
201.1461,-22.57211,5.041455,17.89405,-22.57845,4.938672,17.86632,-22.35176,4.947072,17.95608
201.1609,-22.57289,5.041879,17.89263,-22.57845,4.938672,17.86632,-22.35176,4.947072,17.95608
201.1733,-22.57289,5.041879,17.89263,-22.57845,4.938672,17.86632,-22.35176,4.947072,17.95608
201.185,-22.57289,5.041879,17.89263,-22.57845,4.938672,17.86632,-22.35176,4.947072,17.95608
201.1997,-22.57289,5.041879,17.89263,-22.57845,4.938672,17.86632,-22.35176,4.947072,17.95608
201.2107,-22.57239,5.041079,17.89354,-22.57845,4.938672,17.86632,-22.35176,4.947072,17.95608
201.2253,-22.57316,5.041503,17.89212,-22.57853,4.938687,17.8663,-22.35176,4.947072,17.95608
201.2418,-22.57092,5.041195,17.89277,-22.57939,4.938728,17.86465,-22.35176,4.947072,17.95608
201.2572,-22.57092,5.041195,17.89277,-22.57698,4.938232,17.86532,-22.35176,4.947072,17.95608
201.2722,-22.57239,5.041079,17.89354,-22.57698,4.938232,17.86532,-22.35176,4.947072,17.95608
201.2863,-22.5717,5.04162,17.89136,-22.57853,4.938687,17.8663,-22.35176,4.947072,17.95608
201.3004,-22.57239,5.041079,17.89354,-22.57784,4.938274,17.86367,-22.35176,4.947072,17.95608
201.3132,-22.57239,5.041079,17.89354,-22.57853,4.938687,17.8663,-22.35176,4.947072,17.95608
201.3256,-22.5717,5.04162,17.89136,-22.57853,4.938687,17.8663,-22.35176,4.947072,17.95608
201.3387,-22.5717,5.04162,17.89136,-22.57784,4.938274,17.86367,-22.35176,4.947072,17.95608
201.3498,-22.57239,5.041079,17.89354,-22.57784,4.938274,17.86367,-22.35176,4.947072,17.95608
201.362,-22.57253,5.041503,17.89174,-22.57853,4.938687,17.8663,-22.35176,4.947072,17.95608
201.3754,-22.57253,5.041503,17.89174,-22.57878,4.938545,17.86422,-22.35176,4.947072,17.95608
201.3872,-22.57116,5.040887,17.89079,-22.57878,4.938545,17.86422,-22.35176,4.947072,17.95608
201.4016,-22.57199,5.040771,17.89117,-22.5773,4.938106,17.86322,-22.35176,4.947072,17.95608
201.4149,-22.57199,5.040771,17.89117,-22.57824,4.938377,17.86377,-22.35176,4.947072,17.95608
201.4266,-22.56975,5.040462,17.89182,-22.57824,4.938377,17.86377,-22.35176,4.947072,17.95608
201.4387,-22.56975,5.040462,17.89182,-22.57583,4.937881,17.86444,-22.35176,4.947072,17.95608
201.4518,-22.57122,5.040344,17.89259,-22.57583,4.937881,17.86444,-22.35176,4.947072,17.95608
201.4647,-22.56975,5.040462,17.89182,-22.57738,4.938335,17.86542,-22.35176,4.947072,17.95608
201.4784,-22.56975,5.040462,17.89182,-22.57583,4.937881,17.86444,-22.35176,4.947072,17.95608
201.4924,-22.57104,5.039987,17.89292,-22.57583,4.937881,17.86444,-22.35176,4.947072,17.95608
201.5051,-22.56958,5.040104,17.89215,-22.57718,4.938329,17.86584,-22.35176,4.947072,17.95608
201.518,-22.56958,5.040104,17.89215,-22.57563,4.937875,17.86486,-22.35176,4.947072,17.95608
201.5295,-22.56958,5.040104,17.89215,-22.57563,4.937875,17.86486,-22.35176,4.947072,17.95608
201.5434,-22.56958,5.040104,17.89215,-22.57563,4.937875,17.86486,-22.35176,4.947072,17.95608
201.5559,-22.56958,5.040104,17.89215,-22.57563,4.937875,17.86486,-22.35176,4.947072,17.95608
201.5677,-22.56863,5.039323,17.8939,-22.57563,4.937875,17.86486,-22.35176,4.947072,17.95608
201.5803,-22.56859,5.039388,17.89243,-22.57458,4.937829,17.86692,-22.35176,4.947072,17.95608
201.5933,-22.56859,5.039388,17.89243,-22.57463,4.937682,17.86527,-22.35176,4.947072,17.95608
201.6045,-22.56782,5.038965,17.89384,-22.57463,4.937682,17.86527,-22.35176,4.947072,17.95608
201.6169,-22.56782,5.038965,17.89384,-22.57376,4.93764,17.86691,-22.35176,4.947072,17.95608
201.6279,-22.56704,5.038545,17.89526,-22.57376,4.93764,17.86691,-22.35176,4.947072,17.95608
201.6406,-22.56654,5.037748,17.89616,-22.5729,4.937598,17.86856,-22.35176,4.947072,17.95608
201.6539,-22.56654,5.037748,17.89616,-22.57214,4.940573,17.87054,-22.35176,4.947072,17.95608
201.6658,-22.56559,5.036972,17.89791,-22.57214,4.940573,17.87054,-22.35176,4.947072,17.95608
201.6791,-22.56559,5.036972,17.89791,-22.57096,4.942767,17.87318,-22.35176,4.947072,17.95608
201.692,-22.56464,5.036198,17.89966,-22.57096,4.942767,17.87318,-22.35176,4.947072,17.95608
201.708,-22.56464,5.036199,17.89966,-22.56986,4.943668,17.87548,-22.35176,4.947072,17.95608
201.7212,-22.56386,5.035785,17.90108,-22.56986,4.943667,17.87548,-22.35176,4.947072,17.95608
201.7354,-22.56386,5.035785,17.90108,-22.56901,4.943428,17.87706,-22.35176,4.947072,17.95608
201.7476,-22.56309,5.035374,17.9025,-22.56901,4.943428,17.87706,-22.35176,4.947072,17.95608
201.7609,-22.56309,5.035374,17.9025,-22.56817,4.943104,17.87861,-22.35176,4.947072,17.95608
201.7742,-22.56309,5.035374,17.9025,-22.56817,4.943104,17.87861,-22.35176,4.947072,17.95608
201.786,-22.56231,5.034965,17.90392,-22.56817,4.943104,17.87861,-22.35176,4.947072,17.95608
201.7994,-22.56231,5.034965,17.90392,-22.56737,4.942073,17.87998,-22.35176,4.947072,17.95608
201.8116,-22.56154,5.034557,17.90533,-22.56737,4.942073,17.87998,-22.35176,4.947072,17.95608
201.8255,-22.56378,5.034846,17.90468,-22.56659,4.940728,17.88127,-22.35176,4.947072,17.95608
201.8423,-22.56231,5.034963,17.90392,-22.56891,4.942602,17.88097,-22.35176,4.947072,17.95608
201.8572,-22.56231,5.034963,17.90392,-22.56737,4.942073,17.87998,-22.35176,4.947072,17.95608
201.8711,-22.56154,5.034557,17.90533,-22.56737,4.942073,17.87998,-22.35176,4.947072,17.95608
201.8863,-22.56154,5.034557,17.90533,-22.56659,4.940728,17.88127,-22.35176,4.947072,17.95608
201.902,-22.56231,5.034965,17.90392,-22.56659,4.940728,17.88127,-22.35176,4.947072,17.95608
201.9175,-22.56231,5.034965,17.90392,-22.56737,4.942073,17.87998,-22.35176,4.947072,17.95608
201.931,-22.56154,5.034557,17.90534,-22.56737,4.942073,17.87998,-22.35176,4.947072,17.95608
201.946,-22.56231,5.034965,17.90392,-22.56659,4.940726,17.88127,-22.35176,4.947072,17.95608
201.9613,-22.56154,5.034557,17.90534,-22.56737,4.942073,17.87998,-22.35176,4.947072,17.95608
201.9758,-22.56154,5.034557,17.90534,-22.56659,4.940726,17.88127,-22.35176,4.947072,17.95608
201.9915,-22.56231,5.034965,17.90392,-22.56659,4.940726,17.88127,-22.35176,4.947072,17.95608
202.0057,-22.56231,5.034965,17.90392,-22.56737,4.942073,17.87998,-22.35176,4.947072,17.95608
202.0193,-22.56231,5.034965,17.90392,-22.56737,4.942073,17.87998,-22.35176,4.947072,17.95608
202.0313,-22.56231,5.034965,17.90392,-22.56737,4.942073,17.87998,-22.35176,4.947072,17.95608
202.045,-22.56231,5.034965,17.90392,-22.56737,4.942073,17.87998,-22.35176,4.947072,17.95608
202.0591,-22.56231,5.034965,17.90392,-22.56737,4.942073,17.87998,-22.35176,4.947072,17.95608
202.0714,-22.56231,5.034965,17.90392,-22.56737,4.942073,17.87998,-22.35176,4.947072,17.95608
202.0871,-22.56226,5.035492,17.90212,-22.56737,4.942073,17.87998,-22.35176,4.947072,17.95608
202.1009,-22.5645,5.035785,17.90146,-22.56725,4.942862,17.87807,-22.35176,4.947072,17.95608
202.1148,-22.5645,5.035785,17.90146,-22.56963,4.943583,17.87748,-22.35176,4.947072,17.95608
202.1269,-22.56355,5.035015,17.90321,-22.56963,4.943583,17.87748,-22.35176,4.947072,17.95608
202.14,-22.56433,5.035426,17.90179,-22.5686,4.943185,17.87943,-22.35176,4.947072,17.95608
202.1545,-22.56433,5.035426,17.90179,-22.56944,4.943508,17.87788,-22.35176,4.947072,17.95608
202.1668,-22.56433,5.035426,17.90179,-22.56944,4.943508,17.87788,-22.35176,4.947072,17.95608
202.1804,-22.5651,5.03584,17.90037,-22.56944,4.943508,17.87788,-22.35176,4.947072,17.95608
202.1941,-22.5651,5.03584,17.90037,-22.57028,4.943828,17.87632,-22.35176,4.947072,17.95608
202.2061,-22.56557,5.035481,17.90108,-22.57028,4.943828,17.87632,-22.35176,4.947072,17.95608
202.2189,-22.56557,5.035481,17.90108,-22.57071,4.943906,17.87715,-22.35176,4.947072,17.95608
202.2314,-22.56462,5.034709,17.90283,-22.57071,4.943906,17.87715,-22.35176,4.947072,17.95608
202.2473,-22.56444,5.03435,17.90316,-22.56968,4.943511,17.8791,-22.35176,4.947072,17.95608
202.2608,-22.56444,5.03435,17.90316,-22.56949,4.943436,17.87951,-22.35176,4.947072,17.95608
202.2749,-22.56444,5.03435,17.90316,-22.56949,4.943436,17.87951,-22.35176,4.947072,17.95608
202.2866,-22.56375,5.034883,17.90097,-22.56949,4.943436,17.87951,-22.35176,4.947072,17.95608
202.301,-22.56585,5.034764,17.90212,-22.56878,4.943365,17.877,-22.35176,4.947072,17.95608
202.3157,-22.56585,5.034764,17.90212,-22.57095,4.943919,17.87838,-22.35176,4.947072,17.95608
202.3302,-22.56585,5.034764,17.90212,-22.57095,4.943919,17.87838,-22.35176,4.947072,17.95608
202.3461,-22.56508,5.03435,17.90354,-22.57095,4.943919,17.87838,-22.35176,4.947072,17.95608
202.3607,-22.56585,5.034764,17.90212,-22.57011,4.943605,17.87993,-22.35176,4.947072,17.95608
202.3742,-22.56585,5.034764,17.90212,-22.57095,4.943919,17.87838,-22.35176,4.947072,17.95608
202.3874,-22.56508,5.03435,17.90354,-22.57095,4.943919,17.87838,-22.35176,4.947072,17.95608
202.4008,-22.56585,5.034764,17.90212,-22.57011,4.943605,17.87993,-22.35176,4.947072,17.95608
202.4143,-22.56585,5.034764,17.90212,-22.57095,4.943919,17.87838,-22.35176,4.947072,17.95608
202.4293,-22.56585,5.034764,17.90212,-22.57095,4.943919,17.87838,-22.35176,4.947072,17.95608
202.4457,-22.56585,5.034764,17.90212,-22.57095,4.943919,17.87838,-22.35176,4.947072,17.95608
202.4608,-22.56585,5.034764,17.90212,-22.57095,4.943919,17.87838,-22.35176,4.947072,17.95608
202.4767,-22.56585,5.034764,17.90212,-22.57095,4.943919,17.87838,-22.35176,4.947072,17.95608
202.4916,-22.56508,5.03435,17.90354,-22.57095,4.943919,17.87838,-22.35176,4.947072,17.95608
202.5098,-22.56649,5.034764,17.90251,-22.57011,4.943605,17.87993,-22.35176,4.947072,17.95608
202.5264,-22.56649,5.034764,17.90251,-22.57156,4.944088,17.8788,-22.35176,4.947072,17.95608
202.5453,-22.56649,5.034764,17.90251,-22.57156,4.944088,17.8788,-22.35176,4.947072,17.95608
202.5615,-22.56572,5.03435,17.90392,-22.57156,4.944088,17.8788,-22.35176,4.947072,17.95608
202.5793,-22.56572,5.03435,17.90392,-22.57073,4.943774,17.88036,-22.35176,4.947072,17.95608
202.5932,-22.56713,5.034764,17.90289,-22.57073,4.943774,17.88036,-22.35176,4.947072,17.95608
202.6082,-22.56636,5.03435,17.90431,-22.57218,4.944256,17.87923,-22.35176,4.947072,17.95608
202.623,-22.56636,5.03435,17.90431,-22.57135,4.943943,17.88078,-22.35176,4.947072,17.95608
202.6374,-22.56636,5.03435,17.90431,-22.57135,4.943943,17.88078,-22.35176,4.947072,17.95608
202.65,-22.56713,5.034764,17.90289,-22.57135,4.943943,17.88078,-22.35176,4.947072,17.95608
202.6637,-22.56777,5.034764,17.90327,-22.57218,4.944256,17.87923,-22.35176,4.947072,17.95608
202.6788,-22.56777,5.034764,17.90327,-22.57281,4.944425,17.87965,-22.35176,4.947072,17.95608
202.6929,-22.56847,5.034233,17.90545,-22.57281,4.944425,17.87965,-22.35176,4.947072,17.95608
202.7075,-22.567,5.03435,17.90469,-22.57351,4.944542,17.88217,-22.35176,4.947072,17.95608
202.7227,-22.567,5.03435,17.90469,-22.57351,4.944542,17.88217,-22.35176,4.947072,17.95608
202.737,-22.567,5.03435,17.90469,-22.57351,4.944542,17.88217,-22.35176,4.947072,17.95608
202.7516,-22.56896,5.035026,17.90455,-22.57351,4.944542,17.88217,-22.35176,4.947072,17.95608
202.7664,-22.56869,5.035405,17.90506,-22.57351,4.944542,17.88217,-22.35176,4.947072,17.95608
202.7817,-22.56842,5.035785,17.90558,-22.57351,4.944542,17.88217,-22.35176,4.947072,17.95608
202.7955,-22.56842,5.035785,17.90558,-22.57351,4.944542,17.88217,-22.35176,4.947072,17.95608
202.8078,-22.56814,5.036165,17.90609,-22.57351,4.944542,17.88217,-22.35176,4.947072,17.95608
202.8212,-22.56878,5.036165,17.90647,-22.57351,4.944542,17.88217,-22.35176,4.947072,17.95608
202.8338,-22.56878,5.036165,17.90647,-22.57351,4.944542,17.88217,-22.35176,4.947072,17.95608
202.8451,-22.57224,5.036993,17.90478,-22.57351,4.944542,17.88217,-22.35176,4.947072,17.95608
202.8587,-22.57224,5.036993,17.90478,-22.57351,4.944542,17.88217,-22.35176,4.947072,17.95608
202.8738,-22.57397,5.037109,17.90592,-22.57351,4.944542,17.88217,-22.35176,4.947072,17.95608
202.8862,-22.57737,5.036992,17.90782,-22.57351,4.944542,17.88217,-22.35176,4.947072,17.95608
202.8996,-22.57737,5.036992,17.90782,-22.57351,4.944542,17.88217,-22.35176,4.947072,17.95608
202.911,-22.58409,5.037295,17.90979,-22.57351,4.944542,17.88217,-22.35176,4.947072,17.95608
202.9241,-22.58978,5.037431,17.91247,-22.57351,4.944542,17.88217,-22.35176,4.947072,17.95608
202.9377,-22.58978,5.037431,17.91247,-22.57351,4.944542,17.88217,-22.35176,4.947072,17.95608
202.9498,-22.59958,5.037413,17.91883,-22.57351,4.944542,17.88217,-22.35176,4.947072,17.95608
202.9638,-22.60296,5.036841,17.92395,-22.57351,4.944542,17.88217,-22.35176,4.947072,17.95608
202.9773,-22.60296,5.036841,17.92395,-22.57351,4.944542,17.88217,-22.35176,4.947072,17.95608
202.9894,-22.61309,5.036709,17.93173,-22.57351,4.944542,17.88217,-22.35176,4.947072,17.95608
203.0017,-22.61644,5.036209,17.93536,-22.57351,4.944542,17.88217,-22.35176,4.947072,17.95608
203.0154,-22.61644,5.036209,17.93536,-22.57351,4.944542,17.88217,-22.35176,4.947072,17.95608
203.0266,-22.6272,5.036174,17.94197,-22.57351,4.944542,17.88217,-22.35176,4.947072,17.95608
203.0391,-22.6272,5.036174,17.94197,-22.57351,4.944542,17.88217,-22.35176,4.947072,17.95608
203.0518,-22.63568,5.035892,17.94777,-22.57351,4.944542,17.88217,-22.35176,4.947072,17.95608
203.0644,-22.63924,5.035774,17.95104,-22.57351,4.944542,17.88217,-22.35176,4.947072,17.95608
203.078,-22.63924,5.035774,17.95104,-22.57351,4.944542,17.88217,-22.35176,4.947072,17.95608
203.0898,-22.64789,5.036746,17.95284,-22.57351,4.944542,17.88217,-22.35176,4.947072,17.95608
203.102,-22.65393,5.036585,17.95482,-22.57351,4.944542,17.88217,-22.35176,4.947072,17.95608
203.1147,-22.65393,5.036585,17.95482,-22.57351,4.944542,17.88217,-22.35176,4.947072,17.95608
203.1264,-22.6603,5.037564,17.95576,-22.57351,4.944542,17.88217,-22.35176,4.947072,17.95608
203.1389,-22.6603,5.037564,17.95576,-22.57351,4.944542,17.88217,-22.35176,4.947072,17.95608
203.1494,-22.66573,5.038655,17.95483,-22.57351,4.944542,17.88217,-22.35176,4.947072,17.95608
203.1616,-22.66978,5.038922,17.95538,-22.57351,4.944542,17.88217,-22.35176,4.947072,17.95608
203.1747,-22.66978,5.038922,17.95538,-22.57351,4.944542,17.88217,-22.35176,4.947072,17.95608
203.1855,-22.67386,5.040431,17.95337,-22.57351,4.944542,17.88217,-22.35176,4.947072,17.95608
203.1988,-22.67386,5.040431,17.95337,-22.57351,4.944542,17.88217,-22.35176,4.947072,17.95608
203.2124,-22.68295,5.041827,17.95026,-22.57351,4.944542,17.88217,-22.35176,4.947072,17.95608
203.2259,-22.68743,5.042902,17.94773,-22.57351,4.944542,17.88217,-22.35176,4.947072,17.95608
203.2391,-22.68743,5.042902,17.94773,-22.57351,4.944542,17.88217,-22.35176,4.947072,17.95608
203.2516,-22.69518,5.044594,17.94169,-22.57351,4.944542,17.88217,-22.35176,4.947072,17.95608
203.2682,-22.70062,5.045587,17.9353,-22.57351,4.944542,17.88217,-22.35176,4.947072,17.95608
203.2819,-22.70459,5.047087,17.92642,-22.57351,4.944542,17.88217,-22.35176,4.947072,17.95608
203.297,-22.70459,5.047087,17.92642,-22.57351,4.944542,17.88217,-22.35176,4.947072,17.95608
203.3091,-22.70948,5.049589,17.9128,-22.57351,4.944542,17.88217,-22.35176,4.947072,17.95608
203.3247,-22.71044,5.051885,17.90411,-22.57351,4.944542,17.88217,-22.35176,4.947072,17.95608
203.3401,-22.71471,5.053352,17.89781,-22.57351,4.944542,17.88217,-22.35176,4.947072,17.95608
203.3535,-22.71471,5.053352,17.89781,-22.57351,4.944542,17.88217,-22.35176,4.947072,17.95608
203.3658,-22.71803,5.05495,17.889,-22.57351,4.944542,17.88217,-22.35176,4.947072,17.95608
203.3797,-22.71803,5.05495,17.889,-22.57351,4.944542,17.88217,-22.35176,4.947072,17.95608
203.3936,-22.72253,5.055858,17.88485,-22.57351,4.944542,17.88217,-22.35176,4.947072,17.95608
203.4104,-22.72479,5.056742,17.88276,-22.57351,4.944542,17.88217,-22.35176,4.947072,17.95608
203.425,-22.7274,5.057407,17.88212,-22.57351,4.944542,17.88217,-22.35176,4.947072,17.95608
203.4406,-22.7288,5.056898,17.88243,-22.57351,4.944542,17.88217,-22.35176,4.947072,17.95608
203.4579,-22.7288,5.056898,17.88243,-22.57351,4.944542,17.88217,-22.35176,4.947072,17.95608
203.4697,-22.73248,5.055058,17.87769,-22.57351,4.944542,17.88217,-22.35176,4.947072,17.95608
203.4844,-22.73279,5.053153,17.87698,-22.57351,4.944542,17.88217,-22.35176,4.947072,17.95608
203.4981,-22.73279,5.053153,17.87698,-22.57351,4.944542,17.88217,-22.35176,4.947072,17.95608
203.5096,-22.73315,5.052019,17.87553,-22.57351,4.944542,17.88217,-22.35176,4.947072,17.95608
203.5226,-22.73425,5.050457,17.87478,-22.57351,4.944542,17.88217,-22.35176,4.947072,17.95608
203.5352,-22.73425,5.050457,17.87478,-22.57351,4.944542,17.88217,-22.35176,4.947072,17.95608
203.5474,-22.73417,5.048277,17.87658,-22.57351,4.944542,17.88217,-22.35176,4.947072,17.95608
203.562,-22.73397,5.046238,17.87696,-22.57351,4.944542,17.88217,-22.35176,4.947072,17.95608
203.5775,-22.73397,5.046238,17.87696,-22.57351,4.944542,17.88217,-22.35176,4.947072,17.95608
203.5901,-22.73294,5.042542,17.87916,-22.57351,4.944542,17.88217,-22.35176,4.947072,17.95608
203.6033,-22.73276,5.041355,17.87953,-22.57351,4.944542,17.88217,-22.35176,4.947072,17.95608
203.6161,-22.73276,5.041355,17.87953,-22.57351,4.944542,17.88217,-22.35176,4.947072,17.95608
203.6293,-22.73147,5.038413,17.88403,-22.57351,4.944542,17.88217,-22.35176,4.947072,17.95608
203.6437,-22.72953,5.037682,17.88428,-22.57351,4.944542,17.88217,-22.35176,4.947072,17.95608
203.658,-22.72953,5.037682,17.88428,-22.57351,4.944542,17.88217,-22.35176,4.947072,17.95608
203.6688,-22.73161,5.036669,17.88882,-22.57351,4.944542,17.88217,-22.35176,4.947072,17.95608
203.6818,-22.73174,5.036551,17.89024,-22.57351,4.944542,17.88217,-22.35176,4.947072,17.95608
203.6943,-22.73174,5.036551,17.89024,-22.57351,4.944542,17.88217,-22.35176,4.947072,17.95608
203.7062,-22.7344,5.035867,17.89351,-22.57351,4.944542,17.88217,-22.35176,4.947072,17.95608
203.719,-22.7344,5.035867,17.89351,-22.57351,4.944542,17.88217,-22.35176,4.947072,17.95608
203.7308,-22.7359,5.035326,17.89595,-22.57351,4.944542,17.88217,-22.35176,4.947072,17.95608
203.7432,-22.73654,5.035326,17.89627,-22.57351,4.944542,17.88217,-22.35176,4.947072,17.95608
203.7568,-22.73654,5.035326,17.89627,-22.57351,4.944542,17.88217,-22.35176,4.947072,17.95608
203.7691,-22.73804,5.034791,17.8987,-22.57351,4.944542,17.88217,-22.35176,4.947072,17.95608
203.7823,-22.73933,5.03524,17.89754,-22.57351,4.944542,17.88217,-22.35176,4.947072,17.95608
203.795,-22.73933,5.03524,17.89754,-22.57351,4.944542,17.88217,-22.35176,4.947072,17.95608
203.8062,-22.74061,5.03524,17.89817,-22.57351,4.944542,17.88217,-22.35176,4.947072,17.95608
203.8197,-22.74061,5.03524,17.89817,-22.57351,4.944542,17.88217,-22.35176,4.947072,17.95608
203.8331,-22.7447,5.035606,17.8983,-22.57351,4.944542,17.88217,-22.35176,4.947072,17.95608
203.8484,-22.75062,5.036572,17.89835,-22.57351,4.944542,17.88217,-22.35176,4.947072,17.95608
203.8628,-22.75374,5.03717,17.8989,-22.57351,4.944542,17.88217,-22.35176,4.947072,17.95608
203.8769,-22.75374,5.03717,17.8989,-22.57351,4.944542,17.88217,-22.35176,4.947072,17.95608
203.8946,-22.76462,5.037458,17.90176,-22.57351,4.944542,17.88217,-22.35176,4.947072,17.95608
203.91,-22.76911,5.037277,17.90155,-22.57351,4.944542,17.88217,-22.35176,4.947072,17.95608
203.9263,-22.77343,5.035774,17.90407,-22.57351,4.944542,17.88217,-22.35176,4.947072,17.95608
203.94,-22.77454,5.03445,17.90742,-22.57351,4.944542,17.88217,-22.35176,4.947072,17.95608
203.9525,-22.77454,5.03445,17.90742,-22.57351,4.944542,17.88217,-22.35176,4.947072,17.95608
203.9643,-22.77629,5.032607,17.91168,-22.57351,4.944542,17.88217,-22.35176,4.947072,17.95608
203.9776,-22.77629,5.032607,17.91168,-22.57351,4.944542,17.88217,-22.35176,4.947072,17.95608
203.99,-22.77822,5.032529,17.91142,-22.57351,4.944542,17.88217,-22.35176,4.947072,17.95608
204.0031,-22.77757,5.032084,17.91289,-22.57351,4.944542,17.88217,-22.35176,4.947072,17.95608
204.017,-22.77757,5.032084,17.91289,-22.57351,4.944542,17.88217,-22.35176,4.947072,17.95608
204.0296,-22.77822,5.032529,17.91142,-22.57351,4.944542,17.88217,-22.35176,4.947072,17.95608
204.044,-22.77974,5.032482,17.91207,-22.57351,4.944542,17.88217,-22.35176,4.947072,17.95608
204.0601,-22.78039,5.032929,17.9106,-22.57351,4.944542,17.88217,-22.35176,4.947072,17.95608
204.0792,-22.78039,5.032929,17.9106,-22.57351,4.944542,17.88217,-22.35176,4.947072,17.95608
204.0922,-22.78104,5.033831,17.90736,-22.57351,4.944542,17.88217,-22.35176,4.947072,17.95608
204.1073,-22.78104,5.033831,17.90736,-22.57351,4.944542,17.88217,-22.35176,4.947072,17.95608
204.1244,-22.78168,5.034285,17.90589,-22.57351,4.944542,17.88217,-22.35176,4.947072,17.95608
204.1407,-22.78321,5.03424,17.90654,-22.57351,4.944542,17.88217,-22.35176,4.947072,17.95608
204.1551,-22.78321,5.03424,17.90654,-22.57351,4.944542,17.88217,-22.35176,4.947072,17.95608
204.1693,-22.78104,5.034285,17.90559,-22.57351,4.944542,17.88217,-22.35176,4.947072,17.95608
204.1837,-22.78104,5.034285,17.90559,-22.57351,4.944542,17.88217,-22.35176,4.947072,17.95608
204.197,-22.78104,5.034285,17.90559,-22.57351,4.944542,17.88217,-22.35176,4.947072,17.95608
204.2082,-22.78122,5.035534,17.9017,-22.57351,4.944542,17.88217,-22.35176,4.947072,17.95608
204.221,-22.7821,5.03549,17.90207,-22.57351,4.944542,17.88217,-22.35176,4.947072,17.95608
204.2337,-22.7821,5.03549,17.90207,-22.57351,4.944542,17.88217,-22.35176,4.947072,17.95608
204.2454,-22.77946,5.035871,17.90046,-22.57351,4.944542,17.88217,-22.35176,4.947072,17.95608
204.259,-22.77946,5.035871,17.90046,-22.57351,4.944542,17.88217,-22.35176,4.947072,17.95608
204.2743,-22.77833,5.035748,17.90127,-22.57351,4.944542,17.88217,-22.35176,4.947072,17.95608
204.291,-22.77898,5.036207,17.8998,-22.57351,4.944542,17.88217,-22.35176,4.947072,17.95608
204.3055,-22.7777,5.035892,17.89859,-22.57351,4.944542,17.88217,-22.35176,4.947072,17.95608
204.3193,-22.7777,5.035892,17.89859,-22.57351,4.944542,17.88217,-22.35176,4.947072,17.95608
204.3327,-22.7773,5.035532,17.89774,-22.57351,4.944542,17.88217,-22.35176,4.947072,17.95608
204.3506,-22.77732,5.035994,17.89598,-22.57351,4.944542,17.88217,-22.35176,4.947072,17.95608
204.366,-22.77666,5.035532,17.89745,-22.57351,4.944542,17.88217,-22.35176,4.947072,17.95608
204.3827,-22.77579,5.036043,17.89532,-22.57351,4.944542,17.88217,-22.35176,4.947072,17.95608
204.4019,-22.77516,5.036043,17.89502,-22.57351,4.944542,17.88217,-22.35176,4.947072,17.95608
204.4172,-22.77516,5.036043,17.89502,-22.57351,4.944542,17.88217,-22.35176,4.947072,17.95608
204.4332,-22.77029,5.035451,17.89261,-22.57351,4.944542,17.88217,-22.35176,4.947072,17.95608
204.4511,-22.76623,5.035205,17.89013,-22.57351,4.944542,17.88217,-22.35176,4.947072,17.95608
204.4647,-22.76279,5.034967,17.88795,-22.57351,4.944542,17.88217,-22.35176,4.947072,17.95608
204.4801,-22.76241,5.034608,17.8871,-22.57351,4.944542,17.88217,-22.35176,4.947072,17.95608
204.4942,-22.76241,5.034608,17.8871,-22.57351,4.944542,17.88217,-22.35176,4.947072,17.95608
204.506,-22.75897,5.034378,17.88492,-22.57351,4.944542,17.88217,-22.35176,4.947072,17.95608
204.5188,-22.75897,5.034378,17.88492,-22.57351,4.944542,17.88217,-22.35176,4.947072,17.95608
204.5316,-22.75489,5.033693,17.8842,-22.57351,4.944542,17.88217,-22.35176,4.947072,17.95608
204.5445,-22.75274,5.033765,17.88323,-22.57351,4.944542,17.88217,-22.35176,4.947072,17.95608
204.5581,-22.75274,5.033765,17.88323,-22.57351,4.944542,17.88217,-22.35176,4.947072,17.95608
204.5698,-22.74865,5.033092,17.8825,-22.57351,4.944542,17.88217,-22.35176,4.947072,17.95608
204.583,-22.74647,5.032709,17.8833,-22.57351,4.944542,17.88217,-22.35176,4.947072,17.95608
204.5955,-22.74647,5.032709,17.8833,-22.57351,4.944542,17.88217,-22.35176,4.947072,17.95608
204.6073,-22.74671,5.032349,17.88275,-22.57351,4.944542,17.88217,-22.35176,4.947072,17.95608
204.62,-22.74519,5.03243,17.88209,-22.57351,4.944542,17.88217,-22.35176,4.947072,17.95608
204.6381,-22.74519,5.03243,17.88209,-22.57351,4.944542,17.88217,-22.35176,4.947072,17.95608
204.6519,-22.74392,5.032153,17.88087,-22.57351,4.944542,17.88217,-22.35176,4.947072,17.95608
204.6662,-22.74326,5.031692,17.88234,-22.57351,4.944542,17.88217,-22.35176,4.947072,17.95608
204.6795,-22.74326,5.031692,17.88234,-22.57351,4.944542,17.88217,-22.35176,4.947072,17.95608
204.6923,-22.74375,5.030972,17.88123,-22.57351,4.944542,17.88217,-22.35176,4.947072,17.95608
204.7093,-22.74161,5.029261,17.88598,-22.57351,4.944542,17.88217,-22.35176,4.947072,17.95608
204.7251,-22.74053,5.027993,17.88835,-22.57351,4.944542,17.88217,-22.35176,4.947072,17.95608
204.7402,-22.73987,5.027542,17.88982,-22.57351,4.944542,17.88217,-22.35176,4.947072,17.95608
204.7535,-22.73987,5.027542,17.88982,-22.57351,4.944542,17.88217,-22.35176,4.947072,17.95608
204.7701,-22.73943,5.026281,17.89251,-22.57351,4.944542,17.88217,-22.35176,4.947072,17.95608
204.7835,-22.73724,5.025921,17.89331,-22.57351,4.944542,17.88217,-22.35176,4.947072,17.95608
204.7966,-22.73724,5.025921,17.89331,-22.57351,4.944542,17.88217,-22.35176,4.947072,17.95608
204.8106,-22.73749,5.025556,17.89276,-22.57351,4.944542,17.88217,-22.35176,4.947072,17.95608
204.8268,-22.73835,5.025026,17.89489,-22.57351,4.944542,17.88217,-22.35176,4.947072,17.95608
204.8416,-22.73965,5.025471,17.89373,-22.57351,4.944542,17.88217,-22.35176,4.947072,17.95608
204.8547,-22.73965,5.025471,17.89373,-22.57351,4.944542,17.88217,-22.35176,4.947072,17.95608
204.8681,-22.73965,5.025471,17.89373,-22.57351,4.944542,17.88217,-22.35176,4.947072,17.95608
204.8824,-22.73812,5.025556,17.89307,-22.57351,4.944542,17.88217,-22.35176,4.947072,17.95608
204.8961,-22.73812,5.025556,17.89307,-22.57351,4.944542,17.88217,-22.35176,4.947072,17.95608
204.9096,-22.73965,5.025471,17.89373,-22.57351,4.944542,17.88217,-22.35176,4.947072,17.95608
204.9228,-22.73965,5.025471,17.89373,-22.57351,4.944542,17.88217,-22.35176,4.947072,17.95608
204.9371,-22.73965,5.025471,17.89373,-22.57351,4.944542,17.88217,-22.35176,4.947072,17.95608
204.9492,-22.74031,5.025916,17.89227,-22.57351,4.944542,17.88217,-22.35176,4.947072,17.95608
204.9638,-22.74097,5.026365,17.8908,-22.57351,4.944542,17.88217,-22.35176,4.947072,17.95608
204.9774,-22.74097,5.026365,17.8908,-22.57351,4.944542,17.88217,-22.35176,4.947072,17.95608
204.9893,-22.74226,5.026814,17.88965,-22.57351,4.944542,17.88217,-22.35176,4.947072,17.95608
205.0021,-22.74444,5.027183,17.88884,-22.57351,4.944542,17.88217,-22.35176,4.947072,17.95608
205.0178,-22.74444,5.027183,17.88884,-22.57351,4.944542,17.88217,-22.35176,4.947072,17.95608
205.0308,-22.74444,5.027183,17.88884,-22.57351,4.944542,17.88217,-22.35176,4.947072,17.95608
205.049,-22.74576,5.028093,17.88591,-22.57351,4.944542,17.88217,-22.35176,4.947072,17.95608
205.065,-22.74642,5.028551,17.88445,-22.57351,4.944542,17.88217,-22.35176,4.947072,17.95608
205.0793,-22.74642,5.028551,17.88445,-22.57351,4.944542,17.88217,-22.35176,4.947072,17.95608
205.095,-22.74708,5.029011,17.88299,-22.57351,4.944542,17.88217,-22.35176,4.947072,17.95608
205.1097,-22.74774,5.029473,17.88152,-22.57351,4.944542,17.88217,-22.35176,4.947072,17.95608
205.1259,-22.7484,5.029937,17.88006,-22.57351,4.944542,17.88217,-22.35176,4.947072,17.95608
205.1407,-22.7484,5.029937,17.88006,-22.57351,4.944542,17.88217,-22.35176,4.947072,17.95608
205.1552,-22.7484,5.029937,17.88006,-22.57351,4.944542,17.88217,-22.35176,4.947072,17.95608
205.1679,-22.74906,5.030403,17.8786,-22.57351,4.944542,17.88217,-22.35176,4.947072,17.95608
205.1837,-22.74971,5.030872,17.87714,-22.57351,4.944542,17.88217,-22.35176,4.947072,17.95608
205.198,-22.74971,5.030872,17.87714,-22.57351,4.944542,17.88217,-22.35176,4.947072,17.95608
205.2101,-22.74906,5.030403,17.8786,-22.57351,4.944542,17.88217,-22.35176,4.947072,17.95608
205.2247,-22.74971,5.030872,17.87714,-22.57351,4.944542,17.88217,-22.35176,4.947072,17.95608
205.2372,-22.74971,5.030872,17.87714,-22.57351,4.944542,17.88217,-22.35176,4.947072,17.95608
205.2493,-22.74971,5.030872,17.87714,-22.57351,4.944542,17.88217,-22.35176,4.947072,17.95608
205.2646,-22.75037,5.031342,17.87568,-22.57351,4.944542,17.88217,-22.35176,4.947072,17.95608
205.2775,-22.75037,5.031342,17.87568,-22.57351,4.944542,17.88217,-22.35176,4.947072,17.95608
205.2888,-22.75037,5.031342,17.87568,-22.57351,4.944542,17.88217,-22.35176,4.947072,17.95608
205.3041,-22.75021,5.031006,17.87604,-22.57351,4.944542,17.88217,-22.35176,4.947072,17.95608
205.3167,-22.75021,5.031006,17.87604,-22.57351,4.944542,17.88217,-22.35176,4.947072,17.95608
205.3293,-22.75095,5.030589,17.87675,-22.57351,4.944542,17.88217,-22.35176,4.947072,17.95608
205.3428,-22.74943,5.03067,17.87609,-22.57351,4.944542,17.88217,-22.35176,4.947072,17.95608
205.3562,-22.74943,5.03067,17.87609,-22.57351,4.944542,17.88217,-22.35176,4.947072,17.95608
205.3673,-22.74943,5.03067,17.87609,-22.57351,4.944542,17.88217,-22.35176,4.947072,17.95608
205.3805,-22.75092,5.030118,17.87852,-22.57351,4.944542,17.88217,-22.35176,4.947072,17.95608
205.3966,-22.75092,5.030118,17.87852,-22.57351,4.944542,17.88217,-22.35176,4.947072,17.95608
205.4075,-22.7496,5.029184,17.88144,-22.57351,4.944542,17.88217,-22.35176,4.947072,17.95608
205.4203,-22.74981,5.02818,17.88502,-22.57351,4.944542,17.88217,-22.35176,4.947072,17.95608
205.4334,-22.74981,5.02818,17.88502,-22.57351,4.944542,17.88217,-22.35176,4.947072,17.95608
205.4471,-22.74936,5.026729,17.89008,-22.57351,4.944542,17.88217,-22.35176,4.947072,17.95608
205.4611,-22.7487,5.026276,17.89154,-22.57351,4.944542,17.88217,-22.35176,4.947072,17.95608
205.4745,-22.7487,5.026276,17.89154,-22.57351,4.944542,17.88217,-22.35176,4.947072,17.95608
205.486,-22.7489,5.025299,17.89514,-22.57351,4.944542,17.88217,-22.35176,4.947072,17.95608
205.4992,-22.7489,5.025299,17.89514,-22.57351,4.944542,17.88217,-22.35176,4.947072,17.95608
205.5107,-22.74824,5.024852,17.8966,-22.57351,4.944542,17.88217,-22.35176,4.947072,17.95608
205.5251,-22.74824,5.024852,17.8966,-22.57351,4.944542,17.88217,-22.35176,4.947072,17.95608
205.5403,-22.7489,5.025299,17.89514,-22.57351,4.944542,17.88217,-22.35176,4.947072,17.95608
205.5546,-22.7489,5.025299,17.89514,-22.57351,4.944542,17.88217,-22.35176,4.947072,17.95608
205.5664,-22.74824,5.024852,17.8966,-22.57351,4.944542,17.88217,-22.35176,4.947072,17.95608
205.5816,-22.74824,5.024852,17.8966,-22.57351,4.944542,17.88217,-22.35176,4.947072,17.95608
205.5992,-22.74824,5.024852,17.8966,-22.57351,4.944542,17.88217,-22.35176,4.947072,17.95608
205.6116,-22.74911,5.024334,17.89873,-22.57351,4.944542,17.88217,-22.35176,4.947072,17.95608
205.6254,-22.74911,5.024334,17.89873,-22.57351,4.944542,17.88217,-22.35176,4.947072,17.95608
205.64,-22.7504,5.024779,17.89757,-22.57351,4.944542,17.88217,-22.35176,4.947072,17.95608
205.6568,-22.7504,5.024779,17.89757,-22.57351,4.944542,17.88217,-22.35176,4.947072,17.95608
205.6695,-22.75106,5.025227,17.89611,-22.57351,4.944542,17.88217,-22.35176,4.947072,17.95608
205.6829,-22.7504,5.024779,17.89757,-22.57351,4.944542,17.88217,-22.35176,4.947072,17.95608
205.6964,-22.7504,5.024779,17.89757,-22.57351,4.944542,17.88217,-22.35176,4.947072,17.95608
205.708,-22.75106,5.025227,17.89611,-22.57351,4.944542,17.88217,-22.35176,4.947072,17.95608
205.721,-22.75172,5.025677,17.89464,-22.57351,4.944542,17.88217,-22.35176,4.947072,17.95608
205.7342,-22.75172,5.025677,17.89464,-22.57351,4.944542,17.88217,-22.35176,4.947072,17.95608
205.7453,-22.75238,5.026128,17.89317,-22.57351,4.944542,17.88217,-22.35176,4.947072,17.95608
205.7585,-22.75238,5.026128,17.89317,-22.57351,4.944542,17.88217,-22.35176,4.947072,17.95608
205.7698,-22.75369,5.027039,17.89024,-22.57351,4.944542,17.88217,-22.35176,4.947072,17.95608
205.7834,-22.75369,5.02704,17.89024,-22.57351,4.944542,17.88217,-22.35176,4.947072,17.95608
205.7977,-22.75369,5.02704,17.89024,-22.57351,4.944542,17.88217,-22.35176,4.947072,17.95608
205.8096,-22.75435,5.027496,17.88878,-22.57351,4.944542,17.88217,-22.35176,4.947072,17.95608
205.8229,-22.75498,5.027496,17.88908,-22.57351,4.944542,17.88217,-22.35176,4.947072,17.95608
205.8357,-22.75498,5.027496,17.88908,-22.57351,4.944542,17.88217,-22.35176,4.947072,17.95608
205.849,-22.7578,5.027887,17.88859,-22.57351,4.944542,17.88217,-22.35176,4.947072,17.95608
205.8627,-22.7578,5.027887,17.88859,-22.57351,4.944542,17.88217,-22.35176,4.947072,17.95608
205.8782,-22.7578,5.027887,17.88859,-22.57351,4.944542,17.88217,-22.35176,4.947072,17.95608
205.8896,-22.76302,5.02815,17.88911,-22.57351,4.944542,17.88217,-22.35176,4.947072,17.95608
205.903,-22.76368,5.028615,17.88764,-22.57351,4.944542,17.88217,-22.35176,4.947072,17.95608
205.9168,-22.76368,5.028615,17.88764,-22.57351,4.944542,17.88217,-22.35176,4.947072,17.95608
205.9295,-22.76585,5.02902,17.88684,-22.57351,4.944542,17.88217,-22.35176,4.947072,17.95608
205.9426,-22.76651,5.029488,17.88538,-22.57351,4.944542,17.88217,-22.35176,4.947072,17.95608
205.9559,-22.76651,5.029488,17.88538,-22.57351,4.944542,17.88217,-22.35176,4.947072,17.95608
205.9681,-22.76651,5.029488,17.88538,-22.57351,4.944542,17.88217,-22.35176,4.947072,17.95608
205.9831,-22.76651,5.029488,17.88538,-22.57351,4.944542,17.88217,-22.35176,4.947072,17.95608
205.997,-22.76651,5.029488,17.88538,-22.57351,4.944542,17.88217,-22.35176,4.947072,17.95608
206.0087,-22.76803,5.029428,17.88604,-22.57351,4.944542,17.88217,-22.35176,4.947072,17.95608
206.0229,-22.76651,5.029488,17.88538,-22.57351,4.944542,17.88217,-22.35176,4.947072,17.95608
206.0362,-22.76651,5.029488,17.88538,-22.57351,4.944542,17.88217,-22.35176,4.947072,17.95608
206.0478,-22.76787,5.029091,17.8864,-22.57351,4.944542,17.88217,-22.35176,4.947072,17.95608
206.0609,-22.76852,5.029562,17.88494,-22.57351,4.944542,17.88217,-22.35176,4.947072,17.95608
206.0742,-22.76852,5.029562,17.88494,-22.57351,4.944542,17.88217,-22.35176,4.947072,17.95608
206.0865,-22.76724,5.02909,17.8861,-22.57351,4.944542,17.88217,-22.35176,4.947072,17.95608
206.1022,-22.76789,5.029562,17.88464,-22.57351,4.944542,17.88217,-22.35176,4.947072,17.95608
206.1151,-22.76789,5.029562,17.88464,-22.57351,4.944542,17.88217,-22.35176,4.947072,17.95608
206.1275,-22.76724,5.02909,17.8861,-22.57351,4.944542,17.88217,-22.35176,4.947072,17.95608
206.1413,-22.76724,5.02909,17.8861,-22.57351,4.944542,17.88217,-22.35176,4.947072,17.95608
206.1591,-22.76724,5.02909,17.8861,-22.57351,4.944542,17.88217,-22.35176,4.947072,17.95608
206.1758,-22.76724,5.02909,17.8861,-22.57351,4.944542,17.88217,-22.35176,4.947072,17.95608
206.193,-22.76595,5.028623,17.88726,-22.57351,4.944542,17.88217,-22.35176,4.947072,17.95608
206.2087,-22.76595,5.028623,17.88726,-22.57351,4.944542,17.88217,-22.35176,4.947072,17.95608
206.2234,-22.76661,5.029091,17.8858,-22.57351,4.944542,17.88217,-22.35176,4.947072,17.95608
206.2367,-22.76661,5.029091,17.8858,-22.57351,4.944542,17.88217,-22.35176,4.947072,17.95608
206.249,-22.76595,5.028623,17.88726,-22.57351,4.944542,17.88217,-22.35176,4.947072,17.95608
206.2625,-22.76532,5.028622,17.88696,-22.57351,4.944542,17.88217,-22.35176,4.947072,17.95608
206.2755,-22.76532,5.028622,17.88696,-22.57351,4.944542,17.88217,-22.35176,4.947072,17.95608
206.2888,-22.76532,5.028622,17.88696,-22.57351,4.944542,17.88217,-22.35176,4.947072,17.95608
206.3024,-22.76314,5.028216,17.88775,-22.57351,4.944542,17.88217,-22.35176,4.947072,17.95608
206.315,-22.76314,5.028216,17.88775,-22.57351,4.944542,17.88217,-22.35176,4.947072,17.95608
206.3266,-22.76251,5.028216,17.88745,-22.57351,4.944542,17.88217,-22.35176,4.947072,17.95608
206.3395,-22.76251,5.028216,17.88745,-22.57351,4.944542,17.88217,-22.35176,4.947072,17.95608
206.3512,-22.76337,5.027693,17.88958,-22.57351,4.944542,17.88217,-22.35176,4.947072,17.95608
206.3638,-22.76272,5.027231,17.89104,-22.57351,4.944542,17.88217,-22.35176,4.947072,17.95608
206.3771,-22.76272,5.027231,17.89104,-22.57351,4.944542,17.88217,-22.35176,4.947072,17.95608
206.388,-22.76119,5.027291,17.89038,-22.57351,4.944542,17.88217,-22.35176,4.947072,17.95608
206.4008,-22.76013,5.026011,17.89275,-22.57351,4.944542,17.88217,-22.35176,4.947072,17.95608
206.4137,-22.76013,5.026011,17.89275,-22.57351,4.944542,17.88217,-22.35176,4.947072,17.95608
206.4254,-22.76013,5.026011,17.89275,-22.57351,4.944542,17.88217,-22.35176,4.947072,17.95608
206.4385,-22.76013,5.026011,17.89275,-22.57351,4.944542,17.88217,-22.35176,4.947072,17.95608
206.4514,-22.75947,5.025554,17.89421,-22.57351,4.944542,17.88217,-22.35176,4.947072,17.95608
206.4646,-22.75947,5.025554,17.89421,-22.57351,4.944542,17.88217,-22.35176,4.947072,17.95608
206.4775,-22.75947,5.025554,17.89421,-22.57351,4.944542,17.88217,-22.35176,4.947072,17.95608
206.4888,-22.75881,5.0251,17.89568,-22.57351,4.944542,17.88217,-22.35176,4.947072,17.95608
206.5012,-22.76033,5.02504,17.89635,-22.57351,4.944542,17.88217,-22.35176,4.947072,17.95608
206.514,-22.76033,5.02504,17.89635,-22.57351,4.944542,17.88217,-22.35176,4.947072,17.95608
206.5283,-22.75815,5.024648,17.89714,-22.57351,4.944542,17.88217,-22.35176,4.947072,17.95608
206.544,-22.76033,5.02504,17.89635,-22.57351,4.944542,17.88217,-22.35176,4.947072,17.95608
206.5567,-22.76033,5.02504,17.89635,-22.57351,4.944542,17.88217,-22.35176,4.947072,17.95608
206.5678,-22.75815,5.024648,17.89714,-22.57351,4.944542,17.88217,-22.35176,4.947072,17.95608
206.5812,-22.76033,5.02504,17.89635,-22.57351,4.944542,17.88217,-22.35176,4.947072,17.95608
206.5938,-22.76033,5.02504,17.89635,-22.57351,4.944542,17.88217,-22.35176,4.947072,17.95608
206.6069,-22.75992,5.024225,17.89725,-22.57351,4.944542,17.88217,-22.35176,4.947072,17.95608
206.6206,-22.7584,5.024285,17.89659,-22.57351,4.944542,17.88217,-22.35176,4.947072,17.95608
206.6331,-22.7584,5.024285,17.89659,-22.57351,4.944542,17.88217,-22.35176,4.947072,17.95608
206.644,-22.7593,5.024376,17.89457,-22.57351,4.944542,17.88217,-22.35176,4.947072,17.95608
206.6572,-22.7593,5.024376,17.89457,-22.57351,4.944542,17.88217,-22.35176,4.947072,17.95608
206.6676,-22.75865,5.023921,17.89604,-22.57351,4.944542,17.88217,-22.35176,4.947072,17.95608
206.6799,-22.75865,5.023921,17.89604,-22.57351,4.944542,17.88217,-22.35176,4.947072,17.95608
206.6915,-22.75778,5.024437,17.89391,-22.57351,4.944542,17.88217,-22.35176,4.947072,17.95608
206.705,-22.7593,5.024376,17.89457,-22.76601,4.920105,17.8652,-22.35176,4.947072,17.95608
206.7187,-22.7593,5.024376,17.89457,-22.76768,4.919788,17.86586,-22.35176,4.947072,17.95608
206.7304,-22.76062,5.02529,17.89164,-22.76768,4.919788,17.86586,-22.35176,4.947072,17.95608
206.743,-22.76128,5.02575,17.89018,-22.76768,4.919788,17.86586,-22.35176,4.947072,17.95608
206.7557,-22.76128,5.02575,17.89018,-22.76768,4.919788,17.86586,-22.35176,4.947072,17.95608
206.7705,-22.75978,5.026275,17.88775,-22.76768,4.919788,17.86586,-22.35176,4.947072,17.95608
206.7831,-22.75915,5.026273,17.88744,-22.76768,4.919788,17.86586,-22.35176,4.947072,17.95608
206.797,-22.75915,5.026273,17.88744,-22.76768,4.919788,17.86586,-22.35176,4.947072,17.95608
206.8151,-22.75981,5.026738,17.88598,-22.76768,4.919788,17.86586,-22.35176,4.947072,17.95608
206.8328,-22.75981,5.026738,17.88598,-22.76768,4.919788,17.86586,-22.35176,4.947072,17.95608
206.8468,-22.76046,5.027205,17.88452,-22.76768,4.919788,17.86586,-22.35176,4.947072,17.95608
206.8627,-22.76046,5.027205,17.88452,-22.76768,4.919788,17.86586,-22.35176,4.947072,17.95608
206.877,-22.76046,5.027205,17.88452,-22.76768,4.919788,17.86586,-22.35176,4.947072,17.95608
206.8895,-22.75983,5.027205,17.88422,-22.76768,4.919788,17.86586,-22.35176,4.947072,17.95608
206.9037,-22.75983,5.027205,17.88422,-22.76768,4.919788,17.86586,-22.35176,4.947072,17.95608
206.9162,-22.75983,5.027205,17.88422,-22.76768,4.919788,17.86586,-22.35176,4.947072,17.95608
206.9269,-22.75897,5.027737,17.88209,-22.76768,4.919788,17.86586,-22.35176,4.947072,17.95608
206.94,-22.75897,5.027737,17.88209,-22.76768,4.919788,17.86586,-22.35176,4.947072,17.95608
206.9507,-22.75881,5.027399,17.88245,-22.76768,4.919788,17.86586,-22.35176,4.947072,17.95608
206.9636,-22.75881,5.027399,17.88245,-22.76768,4.919788,17.86586,-22.35176,4.947072,17.95608
206.9774,-22.75881,5.027399,17.88245,-22.76768,4.919788,17.86586,-22.35176,4.947072,17.95608
206.9891,-22.75881,5.027399,17.88245,-22.76768,4.919788,17.86586,-22.35176,4.947072,17.95608
207.0046,-22.75815,5.026931,17.88391,-22.76768,4.919788,17.86586,-22.35176,4.947072,17.95608
207.0168,-22.75815,5.026931,17.88391,-22.76768,4.919788,17.86586,-22.35176,4.947072,17.95608
207.0286,-22.75815,5.026931,17.88391,-22.76768,4.919788,17.86586,-22.35176,4.947072,17.95608
207.0412,-22.75815,5.026931,17.88391,-22.76768,4.919788,17.86586,-22.35176,4.947072,17.95608
207.0529,-22.75815,5.026931,17.88391,-22.76768,4.919788,17.86586,-22.35176,4.947072,17.95608
207.064,-22.75663,5.026997,17.88324,-22.76768,4.919788,17.86586,-22.35176,4.947072,17.95608
207.0759,-22.75663,5.026997,17.88324,-22.76768,4.919788,17.86586,-22.35176,4.947072,17.95608
207.0871,-22.75584,5.02666,17.88329,-22.76768,4.919788,17.86586,-22.35176,4.947072,17.95608
207.0995,-22.75584,5.02666,17.88329,-22.76768,4.919788,17.86586,-22.35176,4.947072,17.95608
207.1104,-22.75489,5.025986,17.8837,-22.76768,4.919788,17.86586,-22.35176,4.947072,17.95608
207.1243,-22.75337,5.026054,17.88304,-22.76768,4.919788,17.86586,-22.35176,4.947072,17.95608
207.137,-22.75337,5.026054,17.88304,-22.76768,4.919788,17.86586,-22.35176,4.947072,17.95608
207.1474,-22.75337,5.026054,17.88304,-22.76768,4.919788,17.86586,-22.35176,4.947072,17.95608
207.1623,-22.75296,5.025229,17.88394,-22.76768,4.919788,17.86586,-22.35176,4.947072,17.95608
207.1767,-22.75296,5.025229,17.88394,-22.76768,4.919788,17.86586,-22.35176,4.947072,17.95608
207.1881,-22.7523,5.024764,17.8854,-22.76768,4.919788,17.86586,-22.35176,4.947072,17.95608
207.2014,-22.75254,5.024406,17.88485,-22.76768,4.919788,17.86586,-22.35176,4.947072,17.95608
207.2134,-22.75254,5.024406,17.88485,-22.76768,4.919788,17.86586,-22.35176,4.947072,17.95608
207.2253,-22.74907,5.023551,17.8868,-22.76768,4.919788,17.86586,-22.35176,4.947072,17.95608
207.238,-22.74907,5.023551,17.8868,-22.76768,4.919788,17.86586,-22.35176,4.947072,17.95608
207.2485,-22.74993,5.023021,17.88893,-22.76768,4.919788,17.86586,-22.35176,4.947072,17.95608
207.2606,-22.74841,5.023091,17.88826,-22.76768,4.919788,17.86586,-22.35176,4.947072,17.95608
207.2724,-22.74841,5.023091,17.88826,-22.76768,4.919788,17.86586,-22.35176,4.947072,17.95608
207.2825,-22.74774,5.022635,17.88972,-22.76768,4.919788,17.86586,-22.35176,4.947072,17.95608
207.2943,-22.74774,5.022635,17.88972,-22.76768,4.919788,17.86586,-22.35176,4.947072,17.95608
207.3051,-22.74708,5.02218,17.89119,-22.76768,4.919788,17.86586,-22.35176,4.947072,17.95608
207.317,-22.74708,5.02218,17.89119,-22.76768,4.919788,17.86586,-22.35176,4.947072,17.95608
207.3274,-22.74576,5.021275,17.89411,-22.76768,4.919788,17.86586,-22.35176,4.947072,17.95608
207.3406,-22.74423,5.021348,17.89345,-22.76768,4.919788,17.86586,-22.35176,4.947072,17.95608
207.3526,-22.74423,5.021348,17.89345,-22.76768,4.919788,17.86586,-22.35176,4.947072,17.95608
207.3634,-22.74357,5.020899,17.89491,-22.76768,4.919788,17.86586,-22.35176,4.947072,17.95608
207.3762,-22.74357,5.020899,17.89491,-22.76768,4.919788,17.86586,-22.35176,4.947072,17.95608
207.3879,-22.74357,5.020899,17.89491,-22.76768,4.919788,17.86586,-22.35176,4.947072,17.95608
207.4003,-22.74357,5.020899,17.89491,-22.76768,4.919788,17.86586,-22.35176,4.947072,17.95608
207.4136,-22.74357,5.020899,17.89491,-22.76768,4.919788,17.86586,-22.35176,4.947072,17.95608
207.4238,-22.74357,5.020899,17.89491,-22.76768,4.919788,17.86586,-22.35176,4.947072,17.95608
207.4368,-22.74357,5.020899,17.89491,-22.76768,4.919788,17.86586,-22.35176,4.947072,17.95608
207.4471,-22.74357,5.020899,17.89491,-22.76768,4.919788,17.86586,-22.35176,4.947072,17.95608
207.4614,-22.74357,5.020899,17.89491,-22.76768,4.919788,17.86586,-22.35176,4.947072,17.95608
207.4737,-22.74357,5.020899,17.89491,-22.76768,4.919788,17.86586,-22.35176,4.947072,17.95608
207.4848,-22.74205,5.020974,17.89425,-22.76768,4.919788,17.86586,-22.35176,4.947072,17.95608
207.5022,-22.74205,5.020974,17.89425,-22.76768,4.919788,17.86586,-22.35176,4.947072,17.95608
207.5158,-22.74205,5.020974,17.89425,-22.76768,4.919788,17.86586,-22.35176,4.947072,17.95608
207.5274,-22.74205,5.020974,17.89425,-22.76768,4.919788,17.86586,-22.35176,4.947072,17.95608
207.542,-22.74205,5.020974,17.89425,-22.76768,4.919788,17.86586,-22.35176,4.947072,17.95608
207.5565,-22.74205,5.020974,17.89425,-22.76768,4.919788,17.86586,-22.35176,4.947072,17.95608
207.5692,-22.74401,5.021873,17.89163,-22.76768,4.919788,17.86586,-22.35176,4.947072,17.95608
207.5823,-22.74683,5.022253,17.89114,-22.76768,4.919788,17.86586,-22.35176,4.947072,17.95608
207.6005,-22.74597,5.022782,17.88901,-22.76768,4.919788,17.86586,-22.35176,4.947072,17.95608
207.615,-22.74597,5.022782,17.88901,-22.76768,4.919788,17.86586,-22.35176,4.947072,17.95608
207.6268,-22.74663,5.023238,17.88755,-22.76768,4.919788,17.86586,-22.35176,4.947072,17.95608
207.6433,-22.74663,5.023237,17.88755,-22.76768,4.919788,17.86586,-22.35176,4.947072,17.95608
207.6554,-22.74663,5.023237,17.88755,-22.76768,4.919788,17.86586,-22.35176,4.947072,17.95608
207.6658,-22.74881,5.023623,17.88675,-22.76768,4.919788,17.86586,-22.35176,4.947072,17.95608
207.678,-22.74881,5.023623,17.88675,-22.76768,4.919788,17.86586,-22.35176,4.947072,17.95608
207.6898,-22.74881,5.023624,17.88675,-22.76768,4.919788,17.86586,-22.35176,4.947072,17.95608
207.7028,-22.74944,5.023623,17.88706,-22.76768,4.919788,17.86586,-22.35176,4.947072,17.95608
207.7158,-22.74944,5.023623,17.88706,-22.76768,4.919788,17.86586,-22.35176,4.947072,17.95608
207.7297,-22.7501,5.024085,17.8856,-22.76768,4.919788,17.86586,-22.35176,4.947072,17.95608
207.7415,-22.75074,5.024085,17.8859,-22.76768,4.919788,17.86586,-22.35176,4.947072,17.95608
207.7538,-22.75074,5.024085,17.8859,-22.76768,4.919788,17.86586,-22.35176,4.947072,17.95608
207.7645,-22.75074,5.024085,17.8859,-22.76768,4.919788,17.86586,-22.35176,4.947072,17.95608
207.7797,-22.75074,5.024085,17.8859,-22.76768,4.919788,17.86586,-22.35176,4.947072,17.95608
207.791,-22.75074,5.024085,17.8859,-22.76768,4.919788,17.86586,-22.35176,4.947072,17.95608
207.802,-22.7514,5.024549,17.88444,-22.76768,4.919788,17.86586,-22.35176,4.947072,17.95608
207.8133,-22.7514,5.024549,17.88444,-22.76768,4.919788,17.86586,-22.35176,4.947072,17.95608
207.8239,-22.7514,5.024549,17.88444,-22.76768,4.919788,17.86586,-22.35176,4.947072,17.95608
207.8354,-22.7514,5.024549,17.88444,-22.76768,4.919788,17.86586,-22.35176,4.947072,17.95608
207.8465,-22.7514,5.024549,17.88444,-22.76768,4.919788,17.86586,-22.35176,4.947072,17.95608
207.8583,-22.7514,5.024549,17.88444,-22.76768,4.919788,17.86586,-22.35176,4.947072,17.95608
207.8698,-22.75206,5.025014,17.88298,-22.76768,4.919788,17.86586,-22.35176,4.947072,17.95608
207.8813,-22.75206,5.025014,17.88298,-22.76768,4.919788,17.86586,-22.35176,4.947072,17.95608
207.8932,-22.75206,5.025014,17.88298,-22.76768,4.919788,17.86586,-22.35176,4.947072,17.95608
207.9039,-22.7523,5.024655,17.88243,-22.76768,4.919788,17.86586,-22.35176,4.947072,17.95608
207.9168,-22.7523,5.024655,17.88243,-22.76768,4.919788,17.86586,-22.35176,4.947072,17.95608
207.9278,-22.7523,5.024655,17.88243,-22.76768,4.919788,17.86586,-22.35176,4.947072,17.95608
207.9397,-22.7523,5.024655,17.88243,-22.76768,4.919788,17.86586,-22.35176,4.947072,17.95608
207.9509,-22.7523,5.024655,17.88243,-22.76768,4.919788,17.86586,-22.35176,4.947072,17.95608
207.9627,-22.7523,5.024655,17.88243,-22.76768,4.919788,17.86586,-22.35176,4.947072,17.95608
207.9771,-22.7523,5.024655,17.88243,-22.76032,4.919579,17.85245,-22.35176,4.947072,17.95608
207.9902,-22.75296,5.025124,17.88097,-22.76032,4.919579,17.85245,-22.35176,4.947072,17.95608
208.0042,-22.7523,5.024655,17.88243,-22.76161,4.912597,17.84872,-22.35176,4.947072,17.95608
208.0226,-22.7523,5.024655,17.88243,-22.76032,4.919579,17.85245,-22.35176,4.947072,17.95608
208.0381,-22.7523,5.024655,17.88243,-22.76032,4.919579,17.85245,-22.35176,4.947072,17.95608
208.0503,-22.75293,5.024655,17.88273,-22.76032,4.919579,17.85245,-22.35176,4.947072,17.95608
208.0637,-22.75356,5.024655,17.88304,-22.76106,4.917989,17.85229,-22.35176,4.947072,17.95608
208.0771,-22.75356,5.024655,17.88304,-22.76211,4.912254,17.85096,-22.35176,4.947072,17.95608
208.0893,-22.75482,5.024656,17.88366,-22.76211,4.912254,17.85096,-22.35176,4.947072,17.95608
208.1018,-22.75761,5.024583,17.88493,-22.76334,4.91232,17.85159,-22.35176,4.947072,17.95608
208.1151,-22.75761,5.024583,17.88493,-22.7662,4.912765,17.85306,-22.35176,4.947072,17.95608
208.1267,-22.76129,5.024445,17.88655,-22.7662,4.912765,17.85306,-22.35176,4.947072,17.95608
208.1413,-22.76281,5.02438,17.88721,-22.77008,4.913374,17.85502,-22.35176,4.947072,17.95608
208.1569,-22.76281,5.02438,17.88721,-22.77171,4.913633,17.85583,-22.35176,4.947072,17.95608
208.1684,-22.76738,5.024194,17.88919,-22.77171,4.913633,17.85583,-22.35176,4.947072,17.95608
208.1823,-22.7689,5.024137,17.88986,-22.7766,4.914407,17.85826,-22.35176,4.947072,17.95608
208.1953,-22.7689,5.024137,17.88986,-22.77823,4.914665,17.85907,-22.35176,4.947072,17.95608
208.2075,-22.76956,5.024604,17.88839,-22.77823,4.914665,17.85907,-22.35176,4.947072,17.95608
208.2221,-22.77043,5.02408,17.89052,-22.77895,4.915056,17.85745,-22.35176,4.947072,17.95608
208.2354,-22.77043,5.02408,17.89052,-22.77986,4.914923,17.85988,-22.35176,4.947072,17.95608
208.2486,-22.77108,5.024548,17.88906,-22.77986,4.914923,17.85988,-22.35176,4.947072,17.95608
208.2628,-22.7726,5.024496,17.88972,-22.78058,4.915314,17.85826,-22.35176,4.947072,17.95608
208.2783,-22.7726,5.024496,17.88972,-22.78221,4.915572,17.85906,-22.35176,4.947072,17.95608
208.2922,-22.77325,5.024966,17.88826,-22.78221,4.915572,17.85906,-22.35176,4.947072,17.95608
208.3075,-22.77325,5.024966,17.88826,-22.78293,4.915963,17.85744,-22.35176,4.947072,17.95608
208.3219,-22.77325,5.024966,17.88825,-22.78293,4.915963,17.85744,-22.35176,4.947072,17.95608
208.3365,-22.77325,5.024966,17.88825,-22.78293,4.915963,17.85744,-22.35176,4.947072,17.95608
208.3488,-22.77262,5.024966,17.88795,-22.78293,4.915963,17.85744,-22.35176,4.947072,17.95608
208.3628,-22.77262,5.024966,17.88795,-22.78232,4.915869,17.85712,-22.35176,4.947072,17.95608
208.3794,-22.77262,5.024966,17.88795,-22.78232,4.915869,17.85712,-22.35176,4.947072,17.95608
208.3918,-22.77049,5.025492,17.88523,-22.78232,4.915869,17.85712,-22.35176,4.947072,17.95608
208.4055,-22.77201,5.025437,17.8859,-22.78019,4.915814,17.85404,-22.35176,4.947072,17.95608
208.4205,-22.7729,5.025386,17.88626,-22.78181,4.91607,17.85486,-22.35176,4.947072,17.95608
208.4354,-22.7729,5.025386,17.88626,-22.78283,4.916234,17.85534,-22.35176,4.947072,17.95608
208.4473,-22.76844,5.025155,17.88469,-22.78283,4.916234,17.85534,-22.35176,4.947072,17.95608
208.4623,-22.76781,5.025155,17.88439,-22.77818,4.915432,17.8535,-22.35176,4.947072,17.95608
208.4763,-22.76781,5.025155,17.88439,-22.77757,4.915339,17.85317,-22.35176,4.947072,17.95608
208.4888,-22.76397,5.02493,17.88311,-22.77757,4.915339,17.85317,-22.35176,4.947072,17.95608
208.5016,-22.76248,5.025464,17.88068,-22.77352,4.914631,17.85164,-22.35176,4.947072,17.95608
208.5189,-22.76248,5.025464,17.88068,-22.77201,4.914674,17.84888,-22.35176,4.947072,17.95608
208.5312,-22.75887,5.024421,17.88061,-22.77201,4.914674,17.84888,-22.35176,4.947072,17.95608
208.5453,-22.75656,5.024148,17.88,-22.76808,4.913785,17.84883,-22.35176,4.947072,17.95608
208.5606,-22.7564,5.023811,17.88035,-22.76567,4.913336,17.8481,-22.35176,4.947072,17.95608
208.5735,-22.7564,5.023811,17.88035,-22.76549,4.913235,17.84853,-22.35176,4.947072,17.95608
208.5854,-22.75238,5.0228,17.88119,-22.76549,4.913235,17.84853,-22.35176,4.947072,17.95608
208.5987,-22.75238,5.0228,17.88119,-22.76111,4.912575,17.84949,-22.35176,4.947072,17.95608
208.6117,-22.75172,5.022329,17.88265,-22.76111,4.912575,17.84949,-22.35176,4.947072,17.95608
208.6248,-22.74954,5.021932,17.88345,-22.75971,4.920802,17.85358,-22.35176,4.947072,17.95608
208.6406,-22.74888,5.021466,17.8849,-22.75721,4.922157,17.85494,-22.35176,4.947072,17.95608
208.6547,-22.74888,5.021466,17.8849,-22.75645,4.922216,17.85668,-22.35176,4.947072,17.95608
208.6675,-22.74781,5.02018,17.88727,-22.75645,4.922216,17.85668,-22.35176,4.947072,17.95608
208.684,-22.74629,5.020254,17.88661,-22.75529,4.920905,17.85925,-22.35176,4.947072,17.95608
208.6977,-22.74629,5.020254,17.88661,-22.75368,4.920516,17.8584,-22.35176,4.947072,17.95608
208.7094,-22.74546,5.019454,17.88843,-22.75368,4.920516,17.8584,-22.35176,4.947072,17.95608
208.7258,-22.7448,5.018994,17.88989,-22.75295,4.917736,17.85979,-22.35176,4.947072,17.95608
208.7399,-22.7448,5.018994,17.88989,-22.75258,4.912467,17.86003,-22.35176,4.947072,17.95608
208.7517,-22.74345,5.01763,17.89459,-22.75258,4.912467,17.86003,-22.35176,4.947072,17.95608
208.7651,-22.74279,5.017179,17.89605,-22.75097,4.912086,17.86541,-22.35176,4.947072,17.95608
208.7781,-22.74279,5.017179,17.89605,-22.75023,4.911993,17.8671,-22.35176,4.947072,17.95608
208.7904,-22.74171,5.015919,17.89843,-22.75023,4.911993,17.8671,-22.35176,4.947072,17.95608
208.8058,-22.7413,5.015108,17.89934,-22.74898,4.911831,17.87,-22.35176,4.947072,17.95608
208.819,-22.7413,5.015108,17.89934,-22.74848,4.911759,17.8712,-22.35176,4.947072,17.95608
208.8334,-22.74064,5.014664,17.9008,-22.74848,4.911759,17.8712,-22.35176,4.947072,17.95608
208.847,-22.74064,5.014664,17.9008,-22.74773,4.911662,17.8729,-22.35176,4.947072,17.95608
208.8595,-22.74064,5.014664,17.9008,-22.74773,4.911662,17.8729,-22.35176,4.947072,17.95608
208.8751,-22.74128,5.014664,17.90112,-22.74773,4.911662,17.8729,-22.35176,4.947072,17.95608
208.8884,-22.74062,5.014223,17.90258,-22.74837,4.911538,17.87317,-22.35176,4.947072,17.95608
208.9015,-22.74128,5.014665,17.90112,-22.74763,4.91144,17.87486,-22.35176,4.947072,17.95608
208.9161,-22.74128,5.014665,17.90112,-22.74837,4.911538,17.87317,-22.35176,4.947072,17.95608
208.9282,-22.74128,5.014664,17.90112,-22.74837,4.911538,17.87317,-22.35176,4.947072,17.95608
208.9414,-22.74128,5.014664,17.90112,-22.74837,4.911538,17.87317,-22.35176,4.947072,17.95608
208.9542,-22.74128,5.014664,17.90112,-22.74837,4.911538,17.87317,-22.35176,4.947072,17.95608
208.9663,-22.74128,5.014664,17.90112,-22.74837,4.911538,17.87317,-22.35176,4.947072,17.95608
208.9815,-22.74194,5.015109,17.89965,-22.74837,4.911538,17.87317,-22.35176,4.947072,17.95608
208.9953,-22.74194,5.015109,17.89965,-22.74911,4.911636,17.87148,-22.35176,4.947072,17.95608
209.0067,-22.74392,5.016453,17.89525,-22.74911,4.911636,17.87148,-22.35176,4.947072,17.95608
209.0204,-22.74522,5.016905,17.8941,-22.75134,4.91193,17.8664,-22.35176,4.947072,17.95608
209.0354,-22.74522,5.016905,17.8941,-22.75271,4.911905,17.86498,-22.35176,4.947072,17.95608
209.0486,-22.74667,5.017698,17.89259,-22.75271,4.911905,17.86498,-22.35176,4.947072,17.95608
209.064,-22.74708,5.018516,17.89168,-22.75427,4.911909,17.86311,-22.35176,4.947072,17.95608
209.0803,-22.74774,5.018973,17.89021,-22.75478,4.911982,17.8619,-22.35176,4.947072,17.95608
209.0965,-22.74774,5.018973,17.89021,-22.75478,4.911982,17.8619,-22.35176,4.947072,17.95608
209.1128,-22.75119,5.019359,17.89003,-22.75478,4.911982,17.8619,-22.35176,4.947072,17.95608
209.1273,-22.7507,5.020078,17.89114,-22.75478,4.911982,17.8619,-22.35176,4.947072,17.95608
209.1416,-22.75175,5.020898,17.89054,-22.75478,4.911982,17.8619,-22.35176,4.947072,17.95608
209.1555,-22.75175,5.020898,17.89054,-22.75478,4.911982,17.8619,-22.35176,4.947072,17.95608
209.1678,-22.75404,5.021546,17.89292,-22.75478,4.911982,17.8619,-22.35176,4.947072,17.95608
209.1866,-22.75725,5.022296,17.89329,-22.75478,4.911982,17.8619,-22.35176,4.947072,17.95608
209.2011,-22.76006,5.022691,17.89279,-22.75478,4.911982,17.8619,-22.35176,4.947072,17.95608
209.2145,-22.76006,5.022691,17.89279,-22.75478,4.911982,17.8619,-22.35176,4.947072,17.95608
209.2254,-22.7644,5.023025,17.89294,-22.75478,4.911982,17.8619,-22.35176,4.947072,17.95608
209.2408,-22.7681,5.02337,17.8928,-22.75478,4.911982,17.8619,-22.35176,4.947072,17.95608
209.2535,-22.7681,5.02337,17.8928,-22.75478,4.911982,17.8619,-22.35176,4.947072,17.95608
209.2643,-22.77001,5.023671,17.89431,-22.75478,4.911982,17.8619,-22.35176,4.947072,17.95608
209.2771,-22.77001,5.023671,17.89431,-22.75478,4.911982,17.8619,-22.35176,4.947072,17.95608
209.2889,-22.77217,5.023614,17.89527,-22.75478,4.911982,17.8619,-22.35176,4.947072,17.95608
209.3023,-22.77345,5.02392,17.89649,-22.75478,4.911982,17.8619,-22.35176,4.947072,17.95608
209.3169,-22.77345,5.02392,17.89649,-22.75478,4.911982,17.8619,-22.35176,4.947072,17.95608
209.3311,-22.77562,5.024335,17.89568,-22.75478,4.911982,17.8619,-22.35176,4.947072,17.95608
209.3472,-22.77626,5.024335,17.89598,-22.75478,4.911982,17.8619,-22.35176,4.947072,17.95608
209.3612,-22.77626,5.024335,17.89598,-22.75478,4.911982,17.8619,-22.35176,4.947072,17.95608
209.3773,-22.77626,5.024335,17.89598,-22.75478,4.911982,17.8619,-22.35176,4.947072,17.95608
209.3896,-22.78,5.024962,17.89681,-22.75478,4.911982,17.8619,-22.35176,4.947072,17.95608
209.4042,-22.7832,5.024741,17.89953,-22.75478,4.911982,17.8619,-22.35176,4.947072,17.95608
209.419,-22.7832,5.024741,17.89953,-22.75478,4.911982,17.8619,-22.35176,4.947072,17.95608
209.4316,-22.78477,5.023367,17.9077,-22.75478,4.911982,17.8619,-22.35176,4.947072,17.95608
209.4491,-22.78516,5.022307,17.91271,-22.75478,4.911982,17.8619,-22.35176,4.947072,17.95608
209.4652,-22.78619,5.021712,17.91625,-22.75478,4.911982,17.8619,-22.35176,4.947072,17.95608
209.4796,-22.78619,5.021712,17.91625,-22.75478,4.911982,17.8619,-22.35176,4.947072,17.95608
209.4914,-22.78674,5.021465,17.91914,-22.75478,4.911982,17.8619,-22.35176,4.947072,17.95608
209.5047,-22.78802,5.020524,17.92213,-22.75478,4.911982,17.8619,-22.35176,4.947072,17.95608
209.5181,-22.78802,5.020524,17.92213,-22.75478,4.911982,17.8619,-22.35176,4.947072,17.95608
209.5299,-22.78865,5.021869,17.92069,-22.75478,4.911982,17.8619,-22.35176,4.947072,17.95608
209.5431,-22.78993,5.02137,17.92191,-22.75478,4.911982,17.8619,-22.35176,4.947072,17.95608
209.5589,-22.78993,5.02137,17.92191,-22.75478,4.911982,17.8619,-22.35176,4.947072,17.95608
209.5702,-22.79153,5.021642,17.92,-22.75478,4.911982,17.8619,-22.35176,4.947072,17.95608
209.5829,-22.79209,5.021945,17.91872,-22.75478,4.911982,17.8619,-22.35176,4.947072,17.95608
209.5985,-22.79209,5.021945,17.91872,-22.75478,4.911982,17.8619,-22.35176,4.947072,17.95608
209.6099,-22.79248,5.020239,17.9178,-22.75478,4.911982,17.8619,-22.35176,4.947072,17.95608
209.6233,-22.7924,5.020104,17.91799,-22.75478,4.911982,17.8619,-22.35176,4.947072,17.95608
209.6394,-22.7924,5.020104,17.91799,-22.75478,4.911982,17.8619,-22.35176,4.947072,17.95608
209.6509,-22.79383,5.020535,17.9147,-22.75478,4.911982,17.8619,-22.35176,4.947072,17.95608
209.6685,-22.79599,5.020699,17.90972,-22.75478,4.911982,17.8619,-22.35176,4.947072,17.95608
209.6821,-22.7984,5.020792,17.90835,-22.75478,4.911982,17.8619,-22.35176,4.947072,17.95608
209.6975,-22.7984,5.020792,17.90835,-22.75478,4.911982,17.8619,-22.35176,4.947072,17.95608
209.7089,-22.80129,5.021292,17.89752,-22.75478,4.911982,17.8619,-22.35176,4.947072,17.95608
209.7259,-22.80387,5.021703,17.89577,-22.75478,4.911982,17.8619,-22.35176,4.947072,17.95608
209.7393,-22.80387,5.021703,17.89577,-22.75478,4.911982,17.8619,-22.35176,4.947072,17.95608
209.7514,-22.80452,5.021891,17.8901,-22.75478,4.911982,17.8619,-22.35176,4.947072,17.95608
209.7648,-22.80428,5.021407,17.89064,-22.75478,4.911982,17.8619,-22.35176,4.947072,17.95608
209.7816,-22.80645,5.020533,17.89156,-22.75478,4.911982,17.8619,-22.35176,4.947072,17.95608
209.7941,-22.80645,5.020533,17.89156,-22.75478,4.911982,17.8619,-22.35176,4.947072,17.95608
209.8053,-22.80508,5.020888,17.89054,-22.75478,4.911982,17.8619,-22.35176,4.947072,17.95608
209.8175,-22.80508,5.020888,17.89054,-22.75478,4.911982,17.8619,-22.35176,4.947072,17.95608
209.8289,-22.80701,5.020825,17.89026,-22.75478,4.911982,17.8619,-22.35176,4.947072,17.95608
209.8432,-22.80589,5.020819,17.88868,-22.75478,4.911982,17.8619,-22.35176,4.947072,17.95608
209.8563,-22.80589,5.020819,17.88868,-22.75478,4.911982,17.8619,-22.35176,4.947072,17.95608
209.8668,-22.80645,5.021111,17.88738,-22.75478,4.911982,17.8619,-22.35176,4.947072,17.95608
209.8793,-22.80645,5.021111,17.88738,-22.75478,4.911982,17.8619,-22.35176,4.947072,17.95608
209.8904,-22.80557,5.020178,17.88939,-22.75478,4.911982,17.8619,-22.35176,4.947072,17.95608
209.9052,-22.80582,5.019816,17.88882,-22.75478,4.911982,17.8619,-22.35176,4.947072,17.95608
209.9182,-22.80582,5.019816,17.88882,-22.75478,4.911982,17.8619,-22.35176,4.947072,17.95608
209.9318,-22.80823,5.019424,17.8892,-22.75478,4.911982,17.8619,-22.35176,4.947072,17.95608
209.9453,-22.80686,5.019779,17.88818,-22.75478,4.911982,17.8619,-22.35176,4.947072,17.95608
209.9603,-22.80701,5.020106,17.88781,-22.75478,4.911982,17.8619,-22.35176,4.947072,17.95608
209.9746,-22.80701,5.020106,17.88781,-22.75478,4.911982,17.8619,-22.35176,4.947072,17.95608
209.9871,-22.80942,5.020571,17.88818,-22.75478,4.911982,17.8619,-22.35176,4.947072,17.95608
210.0011,-22.81165,5.020823,17.88652,-22.75478,4.911982,17.8619,-22.35176,4.947072,17.95608
210.016,-22.81165,5.020823,17.88652,-22.75478,4.911982,17.8619,-22.35176,4.947072,17.95608
210.0298,-22.81515,5.022372,17.88365,-22.75478,4.911982,17.8619,-22.35176,4.947072,17.95608
210.0459,-22.81811,5.023683,17.87853,-22.75478,4.911982,17.8619,-22.35176,4.947072,17.95608
210.0617,-22.82132,5.023224,17.87701,-22.75478,4.911982,17.8619,-22.35176,4.947072,17.95608
210.0769,-22.82132,5.023224,17.87701,-22.75478,4.911982,17.8619,-22.35176,4.947072,17.95608
210.0903,-22.82316,5.023115,17.87447,-22.75478,4.911982,17.8619,-22.35176,4.947072,17.95608
210.1041,-22.82421,5.022956,17.87623,-22.75478,4.911982,17.8619,-22.35176,4.947072,17.95608
210.1175,-22.82421,5.022956,17.87623,-22.75478,4.911982,17.8619,-22.35176,4.947072,17.95608
210.1294,-22.82572,5.023055,17.87446,-22.75478,4.911982,17.8619,-22.35176,4.947072,17.95608
210.1425,-22.82482,5.023539,17.87234,-22.75478,4.911982,17.8619,-22.35176,4.947072,17.95608
210.1586,-22.82482,5.023539,17.87234,-22.75478,4.911982,17.8619,-22.35176,4.947072,17.95608
210.1715,-22.82667,5.024158,17.87225,-22.75478,4.911982,17.8619,-22.35176,4.947072,17.95608
210.1867,-22.8253,5.024503,17.87122,-22.75478,4.911982,17.8619,-22.35176,4.947072,17.95608
210.1995,-22.8253,5.024503,17.87122,-22.75478,4.911982,17.8619,-22.35176,4.947072,17.95608
210.2137,-22.82787,5.024905,17.86946,-22.75478,4.911982,17.8619,-22.35176,4.947072,17.95608
210.2273,-22.82658,5.024573,17.86824,-22.75478,4.911982,17.8619,-22.35176,4.947072,17.95608
210.2438,-22.82721,5.025039,17.86677,-22.75478,4.911982,17.8619,-22.35176,4.947072,17.95608
210.2603,-22.82784,5.025505,17.8653,-22.75478,4.911982,17.8619,-22.35176,4.947072,17.95608
210.2731,-22.82784,5.025505,17.8653,-22.75478,4.911982,17.8619,-22.35176,4.947072,17.95608
210.284,-22.82784,5.025504,17.8653,-22.75478,4.911982,17.8619,-22.35176,4.947072,17.95608
210.2965,-22.82784,5.025504,17.8653,-22.75478,4.911982,17.8619,-22.35176,4.947072,17.95608
210.3075,-22.82784,5.025504,17.86529,-22.75478,4.911982,17.8619,-22.35176,4.947072,17.95608
210.3219,-22.82631,5.025532,17.86464,-22.75478,4.911982,17.8619,-22.35176,4.947072,17.95608
210.3352,-22.82631,5.025532,17.86464,-22.75478,4.911982,17.8619,-22.35176,4.947072,17.95608
210.3464,-22.82632,5.026,17.8629,-22.75478,4.911982,17.8619,-22.35176,4.947072,17.95608
210.3587,-22.82632,5.026,17.8629,-22.75478,4.911982,17.8619,-22.35176,4.947072,17.95608
210.373,-22.82786,5.025974,17.86355,-22.75478,4.911982,17.8619,-22.35176,4.947072,17.95608
210.3871,-22.82696,5.026472,17.86143,-22.75478,4.911982,17.8619,-22.35176,4.947072,17.95608
210.3993,-22.82696,5.026472,17.86143,-22.75478,4.911982,17.8619,-22.35176,4.947072,17.95608
210.4099,-22.82696,5.026472,17.86143,-22.75478,4.911982,17.8619,-22.35176,4.947072,17.95608
210.4226,-22.82759,5.026946,17.85995,-22.75478,4.911982,17.8619,-22.35176,4.947072,17.95608
210.4351,-22.82759,5.026946,17.85995,-22.75478,4.911982,17.8619,-22.35176,4.947072,17.95608
210.4464,-22.82606,5.026974,17.8593,-22.75478,4.911982,17.8619,-22.35176,4.947072,17.95608
210.4623,-22.82543,5.0265,17.86077,-22.75478,4.911982,17.8619,-22.35176,4.947072,17.95608
210.4746,-22.82543,5.0265,17.86077,-22.75478,4.911982,17.8619,-22.35176,4.947072,17.95608
210.4852,-22.82236,5.026563,17.85947,-22.75478,4.911982,17.8619,-22.35176,4.947072,17.95608
210.4976,-22.82236,5.026563,17.85947,-22.75478,4.911982,17.8619,-22.35176,4.947072,17.95608
210.5085,-22.82083,5.026598,17.85882,-22.75478,4.911982,17.8619,-22.35176,4.947072,17.95608
210.5223,-22.81993,5.027108,17.85671,-22.75478,4.911982,17.8619,-22.35176,4.947072,17.95608
210.5355,-22.81993,5.027108,17.85671,-22.75478,4.911982,17.8619,-22.35176,4.947072,17.95608
210.5485,-22.81915,5.026787,17.8568,-22.75478,4.911982,17.8619,-22.35176,4.947072,17.95608
210.562,-22.81899,5.026465,17.85717,-22.75478,4.911982,17.8619,-22.35176,4.947072,17.95608
210.576,-22.81899,5.026465,17.85717,-22.75478,4.911982,17.8619,-22.35176,4.947072,17.95608
210.588,-22.81684,5.026504,17.85623,-22.75478,4.911982,17.8619,-22.35176,4.947072,17.95608
210.6026,-22.81684,5.026504,17.85624,-22.75478,4.911982,17.8619,-22.35176,4.947072,17.95608
210.6165,-22.81684,5.026504,17.85624,-22.75478,4.911982,17.8619,-22.35176,4.947072,17.95608
210.6317,-22.81622,5.026503,17.85596,-22.75478,4.911982,17.8619,-22.35176,4.947072,17.95608
210.646,-22.8156,5.026504,17.85568,-22.75478,4.911982,17.8619,-22.35176,4.947072,17.95608
210.6589,-22.8156,5.026504,17.85568,-22.75478,4.911982,17.8619,-22.35176,4.947072,17.95608
210.6713,-22.81407,5.026544,17.85502,-22.75478,4.911982,17.8619,-22.35176,4.947072,17.95608
210.6859,-22.81254,5.026586,17.85437,-22.75478,4.911982,17.8619,-22.35176,4.947072,17.95608
210.7007,-22.81254,5.026587,17.85437,-22.75478,4.911982,17.8619,-22.35176,4.947072,17.95608
210.7133,-22.81254,5.026587,17.85437,-22.75478,4.911982,17.8619,-22.35176,4.947072,17.95608
210.7273,-22.81254,5.026587,17.85437,-22.75478,4.911982,17.8619,-22.35176,4.947072,17.95608
210.74,-22.81254,5.026587,17.85438,-22.75478,4.911982,17.8619,-22.35176,4.947072,17.95608
210.7524,-22.81254,5.026587,17.85438,-22.75478,4.911982,17.8619,-22.35176,4.947072,17.95608
210.7642,-22.81254,5.026587,17.85438,-22.75478,4.911982,17.8619,-22.35176,4.947072,17.95608
210.7766,-22.81254,5.026587,17.85438,-22.75478,4.911982,17.8619,-22.35176,4.947072,17.95608
210.7874,-22.81021,5.025837,17.85556,-22.75478,4.911982,17.8619,-22.35176,4.947072,17.95608
210.7996,-22.81021,5.025837,17.85556,-22.75478,4.911982,17.8619,-22.35176,4.947072,17.95608
210.811,-22.8111,5.025321,17.85768,-22.75478,4.911982,17.8619,-22.35176,4.947072,17.95608
210.8241,-22.8111,5.025321,17.85768,-22.75478,4.911982,17.8619,-22.35176,4.947072,17.95608
210.8372,-22.8111,5.025321,17.85768,-22.75478,4.911982,17.8619,-22.35176,4.947072,17.95608
210.8482,-22.81094,5.024999,17.85806,-22.75478,4.911982,17.8619,-22.35176,4.947072,17.95608
210.8607,-22.81094,5.024999,17.85806,-22.75478,4.911982,17.8619,-22.35176,4.947072,17.95608
210.874,-22.81094,5.024999,17.85806,-22.75478,4.911982,17.8619,-22.35176,4.947072,17.95608
210.8849,-22.81157,5.024999,17.85834,-22.75478,4.911982,17.8619,-22.35176,4.947072,17.95608
210.898,-22.81157,5.024999,17.85834,-22.75478,4.911982,17.8619,-22.35176,4.947072,17.95608
210.9092,-22.8094,5.024575,17.85916,-22.75478,4.911982,17.8619,-22.35176,4.947072,17.95608
210.9223,-22.81157,5.024999,17.85834,-22.75478,4.911982,17.8619,-22.35176,4.947072,17.95608
210.9349,-22.81157,5.024999,17.85834,-22.75478,4.911982,17.8619,-22.35176,4.947072,17.95608
210.9465,-22.81093,5.024529,17.85981,-22.75478,4.911982,17.8619,-22.35176,4.947072,17.95608
210.9595,-22.81093,5.024529,17.85981,-22.75478,4.911982,17.8619,-22.35176,4.947072,17.95608
210.9709,-22.81093,5.02453,17.85981,-22.75478,4.911982,17.8619,-22.35176,4.947072,17.95608
210.9853,-22.81077,5.024208,17.86018,-22.75478,4.911982,17.8619,-22.35176,4.947072,17.95608
211,-22.81077,5.024208,17.86018,-22.75478,4.911982,17.8619,-22.35176,4.947072,17.95608
211.0102,-22.81077,5.024208,17.86018,-22.75478,4.911982,17.8619,-22.35176,4.947072,17.95608
211.0231,-22.81077,5.024208,17.86018,-22.75478,4.911982,17.8619,-22.35176,4.947072,17.95608
211.0356,-22.81077,5.024208,17.86018,-22.75478,4.911982,17.8619,-22.35176,4.947072,17.95608
211.0473,-22.81013,5.023741,17.86165,-22.75478,4.911982,17.8619,-22.35176,4.947072,17.95608
211.062,-22.81077,5.024208,17.86018,-22.75478,4.911982,17.8619,-22.35176,4.947072,17.95608
211.0742,-22.81077,5.024208,17.86018,-22.75478,4.911982,17.8619,-22.35176,4.947072,17.95608
211.0845,-22.8095,5.023275,17.86312,-22.75478,4.911982,17.8619,-22.35176,4.947072,17.95608
211.0997,-22.8095,5.023275,17.86312,-22.75478,4.911982,17.8619,-22.35176,4.947072,17.95608
211.1126,-22.8095,5.023274,17.86312,-22.75478,4.911982,17.8619,-22.35176,4.947072,17.95608
211.1269,-22.8095,5.023274,17.86312,-22.75478,4.911982,17.8619,-22.35176,4.947072,17.95608
211.1409,-22.8095,5.023275,17.86312,-22.75478,4.911982,17.8619,-22.35176,4.947072,17.95608
211.1558,-22.8095,5.023275,17.86312,-22.75478,4.911982,17.8619,-22.35176,4.947072,17.95608
211.1691,-22.8095,5.023275,17.86312,-22.75478,4.911982,17.8619,-22.35176,4.947072,17.95608
211.1838,-22.8095,5.023275,17.86312,-22.75478,4.911982,17.8619,-22.35176,4.947072,17.95608
211.1995,-22.8095,5.023275,17.86312,-22.75478,4.911982,17.8619,-22.35176,4.947072,17.95608
211.2124,-22.8095,5.023275,17.86312,-22.75478,4.911982,17.8619,-22.35176,4.947072,17.95608
211.2271,-22.81013,5.023741,17.86165,-22.75478,4.911982,17.8619,-22.35176,4.947072,17.95608
211.2436,-22.81013,5.023741,17.86165,-22.75478,4.911982,17.8619,-22.35176,4.947072,17.95608
211.2607,-22.81087,5.022911,17.86414,-22.75478,4.911982,17.8619,-22.35176,4.947072,17.95608
211.2751,-22.81087,5.022911,17.86414,-22.75478,4.911982,17.8619,-22.35176,4.947072,17.95608
211.2865,-22.80997,5.023418,17.86202,-22.75478,4.911982,17.8619,-22.35176,4.947072,17.95608
211.3011,-22.80997,5.023418,17.86202,-22.75478,4.911982,17.8619,-22.35176,4.947072,17.95608
211.317,-22.80997,5.023418,17.86202,-22.75478,4.911982,17.8619,-22.35176,4.947072,17.95608
211.3285,-22.80997,5.023418,17.86202,-22.75478,4.911982,17.8619,-22.35176,4.947072,17.95608
211.342,-22.80997,5.023419,17.86202,-22.75478,4.911982,17.8619,-22.35176,4.947072,17.95608
211.3545,-22.80997,5.023419,17.86202,-22.75478,4.911982,17.8619,-22.35176,4.947072,17.95608
211.3666,-22.81061,5.023885,17.86055,-22.75478,4.911982,17.8619,-22.35176,4.947072,17.95608
211.379,-22.81061,5.023885,17.86055,-22.75478,4.911982,17.8619,-22.35176,4.947072,17.95608
211.3898,-22.81061,5.023885,17.86055,-22.75478,4.911982,17.8619,-22.35176,4.947072,17.95608
211.4046,-22.81061,5.023885,17.86055,-22.75478,4.911982,17.8619,-22.35176,4.947072,17.95608
211.4171,-22.81061,5.023885,17.86055,-22.75478,4.911982,17.8619,-22.35176,4.947072,17.95608
211.4282,-22.81171,5.024033,17.85973,-22.75478,4.911982,17.8619,-22.35176,4.947072,17.95608
211.4403,-22.81171,5.024033,17.85973,-22.75478,4.911982,17.8619,-22.35176,4.947072,17.95608
211.4525,-22.81171,5.024033,17.85973,-22.75478,4.911982,17.8619,-22.35176,4.947072,17.95608
211.4647,-22.81171,5.024033,17.85973,-22.75478,4.911982,17.8619,-22.35176,4.947072,17.95608
211.4777,-22.81171,5.024033,17.85973,-22.75478,4.911982,17.8619,-22.35176,4.947072,17.95608
211.4881,-22.81171,5.024033,17.85973,-22.75478,4.911982,17.8619,-22.35176,4.947072,17.95608
211.5006,-22.81171,5.024033,17.85973,-22.75478,4.911982,17.8619,-22.35176,4.947072,17.95608
211.5131,-22.81171,5.024033,17.85973,-22.75478,4.911982,17.8619,-22.35176,4.947072,17.95608
211.5238,-22.81171,5.024033,17.85973,-22.75478,4.911982,17.8619,-22.35176,4.947072,17.95608
211.5367,-22.81171,5.024033,17.85973,-22.75478,4.911982,17.8619,-22.35176,4.947072,17.95608
211.5476,-22.81388,5.024461,17.85891,-22.75478,4.911982,17.8619,-22.35176,4.947072,17.95608
211.5606,-22.81324,5.023989,17.86038,-22.75478,4.911982,17.8619,-22.35176,4.947072,17.95608
211.5729,-22.81324,5.023989,17.86038,-22.75478,4.911982,17.8619,-22.35176,4.947072,17.95608
211.584,-22.81234,5.024504,17.85826,-22.75478,4.911982,17.8619,-22.35176,4.947072,17.95608
211.5983,-22.81234,5.024504,17.85826,-22.75478,4.911982,17.8619,-22.35176,4.947072,17.95608
211.6086,-22.81171,5.024033,17.85973,-22.75478,4.911982,17.8619,-22.35176,4.947072,17.95608
211.6215,-22.81234,5.024504,17.85826,-22.75478,4.911982,17.8619,-22.35176,4.947072,17.95608
211.6346,-22.81234,5.024504,17.85826,-22.75478,4.911982,17.8619,-22.35176,4.947072,17.95608
211.6471,-22.81234,5.024503,17.85826,-22.75478,4.911982,17.8619,-22.35176,4.947072,17.95608
211.6595,-22.81234,5.024503,17.85826,-22.75478,4.911982,17.8619,-22.35176,4.947072,17.95608
211.671,-22.81372,5.024138,17.85928,-22.75478,4.911982,17.8619,-22.35176,4.947072,17.95608
211.6841,-22.81246,5.023667,17.86047,-22.75478,4.911982,17.8619,-22.35176,4.947072,17.95608
211.6961,-22.81246,5.023667,17.86047,-22.75478,4.911982,17.8619,-22.35176,4.947072,17.95608
211.7086,-22.81294,5.023816,17.85937,-22.75478,4.911982,17.8619,-22.35176,4.947072,17.95608
211.7208,-22.81294,5.023816,17.85937,-22.75478,4.911982,17.8619,-22.35176,4.947072,17.95608
211.7333,-22.81294,5.023816,17.85937,-22.75478,4.911982,17.8619,-22.35176,4.947072,17.95608
211.7449,-22.81124,5.023535,17.85909,-22.75478,4.911982,17.8619,-22.35176,4.947072,17.95608
211.7568,-22.81124,5.023535,17.85909,-22.75478,4.911982,17.8619,-22.35176,4.947072,17.95608
211.7677,-22.81124,5.023536,17.85909,-22.75478,4.911982,17.8619,-22.35176,4.947072,17.95608
211.7818,-22.81214,5.023021,17.86121,-22.75478,4.911982,17.8619,-22.35176,4.947072,17.95608
211.7945,-22.81214,5.023021,17.86121,-22.75478,4.911982,17.8619,-22.35176,4.947072,17.95608
211.806,-22.81214,5.023021,17.86121,-22.75478,4.911982,17.8619,-22.35176,4.947072,17.95608
211.8225,-22.81152,5.023022,17.86093,-22.75478,4.911982,17.8619,-22.35176,4.947072,17.95608
211.8356,-22.81152,5.023022,17.86093,-22.75478,4.911982,17.8619,-22.35176,4.947072,17.95608
211.8469,-22.81152,5.023022,17.86093,-22.75478,4.911982,17.8619,-22.35176,4.947072,17.95608
211.8641,-22.81152,5.023022,17.86093,-22.75478,4.911982,17.8619,-22.35176,4.947072,17.95608
211.8824,-22.81152,5.023022,17.86093,-22.75478,4.911982,17.8619,-22.35176,4.947072,17.95608
211.8968,-22.81152,5.023022,17.86093,-22.75478,4.911982,17.8619,-22.35176,4.947072,17.95608
211.9108,-22.81088,5.022551,17.8624,-22.75478,4.911982,17.8619,-22.35176,4.947072,17.95608
211.9272,-22.81024,5.022084,17.86387,-22.75478,4.911982,17.8619,-22.35176,4.947072,17.95608
211.9393,-22.81024,5.022084,17.86387,-22.75478,4.911982,17.8619,-22.35176,4.947072,17.95608
211.9499,-22.81024,5.022084,17.86387,-22.75478,4.911982,17.8619,-22.35176,4.947072,17.95608
211.9627,-22.81178,5.022044,17.86452,-22.75478,4.911982,17.8619,-22.35176,4.947072,17.95608
211.9751,-22.81178,5.022044,17.86452,-22.75478,4.911982,17.8619,-22.35176,4.947072,17.95608
211.9866,-22.81087,5.022084,17.86415,-22.75478,4.911982,17.8619,-22.35176,4.947072,17.95608
211.9989,-22.81087,5.022084,17.86415,-22.75478,4.911982,17.8619,-22.35176,4.947072,17.95608
212.0094,-22.81087,5.022084,17.86415,-22.75478,4.911982,17.8619,-22.35176,4.947072,17.95608
212.0216,-22.81087,5.022085,17.86415,-22.75478,4.911982,17.8619,-22.35176,4.947072,17.95608
212.0339,-22.81087,5.022085,17.86415,-22.75478,4.911982,17.8619,-22.35176,4.947072,17.95608
212.0481,-22.81304,5.022511,17.86333,-22.75478,4.911982,17.8619,-22.35176,4.947072,17.95608
212.0611,-22.81304,5.022511,17.86333,-22.75478,4.911982,17.8619,-22.35176,4.947072,17.95608
212.0732,-22.81304,5.022511,17.86333,-22.75478,4.911982,17.8619,-22.35176,4.947072,17.95608
212.0838,-22.8124,5.022045,17.8648,-22.75478,4.911982,17.8619,-22.35176,4.947072,17.95608
212.097,-22.8124,5.022045,17.8648,-22.75478,4.911982,17.8619,-22.35176,4.947072,17.95608
212.1091,-22.8124,5.022045,17.8648,-22.75478,4.911982,17.8619,-22.35176,4.947072,17.95608
212.1232,-22.81304,5.022511,17.86333,-22.75478,4.911982,17.8619,-22.35176,4.947072,17.95608
212.1369,-22.81304,5.022511,17.86333,-22.75478,4.911982,17.8619,-22.35176,4.947072,17.95608
212.1476,-22.8124,5.022045,17.8648,-22.75478,4.911982,17.8619,-22.35176,4.947072,17.95608
212.1601,-22.8115,5.022552,17.86268,-22.75478,4.911982,17.8619,-22.35176,4.947072,17.95608
212.173,-22.8115,5.022552,17.86268,-22.75478,4.911982,17.8619,-22.35176,4.947072,17.95608
212.1835,-22.81304,5.022511,17.86333,-22.75478,4.911982,17.8619,-22.35176,4.947072,17.95608
212.1954,-22.81304,5.022511,17.86333,-22.75478,4.911982,17.8619,-22.35176,4.947072,17.95608
212.206,-22.81304,5.022511,17.86333,-22.75478,4.911982,17.8619,-22.35176,4.947072,17.95608
212.2182,-22.81304,5.022511,17.86333,-22.75478,4.911982,17.8619,-22.35176,4.947072,17.95608
212.2294,-22.81304,5.022511,17.86333,-22.75478,4.911982,17.8619,-22.35176,4.947072,17.95608
212.2452,-22.8152,5.022941,17.86251,-22.75478,4.911982,17.8619,-22.35176,4.947072,17.95608
212.2575,-22.8152,5.022941,17.86251,-22.75478,4.911982,17.8619,-22.35176,4.947072,17.95608
212.268,-22.81457,5.022472,17.86398,-22.75478,4.911982,17.8619,-22.35176,4.947072,17.95608
212.2809,-22.81441,5.02215,17.86435,-22.75478,4.911982,17.8619,-22.35176,4.947072,17.95608
212.2926,-22.81441,5.02215,17.86435,-22.75478,4.911982,17.8619,-22.35176,4.947072,17.95608
212.3028,-22.81504,5.022618,17.86288,-22.75478,4.911982,17.8619,-22.35176,4.947072,17.95608
212.3152,-22.81504,5.022618,17.86288,-22.75478,4.911982,17.8619,-22.35176,4.947072,17.95608
212.3259,-22.81568,5.02309,17.86141,-22.75478,4.911982,17.8619,-22.35176,4.947072,17.95608
212.3381,-22.81568,5.02309,17.86141,-22.75478,4.911982,17.8619,-22.35176,4.947072,17.95608
212.3508,-22.81568,5.02309,17.86141,-22.75478,4.911982,17.8619,-22.35176,4.947072,17.95608
212.3644,-22.81721,5.023054,17.86206,-22.75478,4.911982,17.8619,-22.35176,4.947072,17.95608
212.3766,-22.81721,5.023054,17.86206,-22.75478,4.911982,17.8619,-22.35176,4.947072,17.95608
212.3873,-22.81568,5.02309,17.86141,-22.75478,4.911982,17.8619,-22.35176,4.947072,17.95608
212.399,-22.81568,5.02309,17.86141,-22.75478,4.911982,17.8619,-22.35176,4.947072,17.95608
212.4092,-22.81721,5.023054,17.86206,-22.75478,4.911982,17.8619,-22.35176,4.947072,17.95608
212.4215,-22.81721,5.023054,17.86206,-22.75478,4.911982,17.8619,-22.35176,4.947072,17.95608
212.4358,-22.81721,5.023054,17.86206,-22.75478,4.911982,17.8619,-22.35176,4.947072,17.95608
212.4495,-22.81568,5.02309,17.86141,-22.75478,4.911982,17.8619,-22.35176,4.947072,17.95608
212.4624,-22.81632,5.023564,17.85994,-22.75478,4.911982,17.8619,-22.35176,4.947072,17.95608
212.4748,-22.81632,5.023564,17.85994,-22.75478,4.911982,17.8619,-22.35176,4.947072,17.95608
212.4847,-22.81721,5.023054,17.86206,-22.75478,4.911982,17.8619,-22.35176,4.947072,17.95608
212.4965,-22.81721,5.023054,17.86206,-22.75478,4.911982,17.8619,-22.35176,4.947072,17.95608
212.5077,-22.81721,5.023054,17.86206,-22.75478,4.911982,17.8619,-22.35176,4.947072,17.95608
212.5202,-22.81721,5.023054,17.86206,-22.75478,4.911982,17.8619,-22.35176,4.947072,17.95608
212.5325,-22.81721,5.023054,17.86206,-22.75478,4.911982,17.8619,-22.35176,4.947072,17.95608
212.5447,-22.81721,5.023054,17.86206,-22.75478,4.911982,17.8619,-22.35176,4.947072,17.95608
212.5592,-22.81721,5.023054,17.86206,-22.75478,4.911982,17.8619,-22.35176,4.947072,17.95608
212.5714,-22.81658,5.022583,17.86353,-22.75478,4.911982,17.8619,-22.35176,4.947072,17.95608
212.5845,-22.81721,5.023054,17.86206,-22.75478,4.911982,17.8619,-22.35176,4.947072,17.95608
212.6025,-22.81658,5.022583,17.86353,-22.75478,4.911982,17.8619,-22.35176,4.947072,17.95608
212.6168,-22.81658,5.022583,17.86353,-22.75478,4.911982,17.8619,-22.35176,4.947072,17.95608
212.6283,-22.81811,5.022548,17.86418,-22.75478,4.911982,17.8619,-22.35176,4.947072,17.95608
212.643,-22.81811,5.022548,17.86418,-22.75478,4.911982,17.8619,-22.35176,4.947072,17.95608
212.6572,-22.81811,5.022548,17.86418,-22.75478,4.911982,17.8619,-22.35176,4.947072,17.95608
212.6677,-22.81747,5.022079,17.86565,-22.75478,4.911982,17.8619,-22.35176,4.947072,17.95608
212.6798,-22.81747,5.022079,17.86565,-22.75478,4.911982,17.8619,-22.35176,4.947072,17.95608
212.69,-22.81684,5.021612,17.86712,-22.75478,4.911982,17.8619,-22.35176,4.947072,17.95608
212.7048,-22.81684,5.021612,17.86712,-22.75478,4.911982,17.8619,-22.35176,4.947072,17.95608
212.7171,-22.81684,5.021612,17.86712,-22.75478,4.911982,17.8619,-22.35176,4.947072,17.95608
212.7278,-22.81684,5.021612,17.86712,-22.75478,4.911982,17.8619,-22.35176,4.947072,17.95608
212.7401,-22.8162,5.021147,17.8686,-22.75478,4.911982,17.8619,-22.35176,4.947072,17.95608
212.7519,-22.8162,5.021147,17.8686,-22.75478,4.911982,17.8619,-22.35176,4.947072,17.95608
212.7618,-22.81581,5.020327,17.8695,-22.75478,4.911982,17.8619,-22.35176,4.947072,17.95608
212.7755,-22.81581,5.020327,17.8695,-22.75478,4.911982,17.8619,-22.35176,4.947072,17.95608
212.7852,-22.81517,5.019866,17.87097,-22.75478,4.911982,17.8619,-22.35176,4.947072,17.95608
212.7971,-22.81517,5.019866,17.87097,-22.75478,4.911982,17.8619,-22.35176,4.947072,17.95608
212.8078,-22.81517,5.019866,17.87097,-22.75478,4.911982,17.8619,-22.35176,4.947072,17.95608
212.8226,-22.81455,5.019866,17.87069,-22.75478,4.911982,17.8619,-22.35176,4.947072,17.95608
212.8356,-22.81455,5.019866,17.87069,-22.75478,4.911982,17.8619,-22.35176,4.947072,17.95608
212.847,-22.81455,5.019866,17.87069,-22.75478,4.911982,17.8619,-22.35176,4.947072,17.95608
212.859,-22.81455,5.019866,17.87069,-22.75478,4.911982,17.8619,-22.35176,4.947072,17.95608
212.8713,-22.81455,5.019866,17.87069,-22.75478,4.911982,17.8619,-22.35176,4.947072,17.95608
212.8832,-22.81608,5.019833,17.87134,-22.75478,4.911982,17.8619,-22.35176,4.947072,17.95608
212.8963,-22.81608,5.019833,17.87134,-22.75478,4.911982,17.8619,-22.35176,4.947072,17.95608
212.9075,-22.81455,5.019866,17.87069,-22.75478,4.911982,17.8619,-22.35176,4.947072,17.95608
212.9198,-22.81455,5.019866,17.87069,-22.75478,4.911982,17.8619,-22.35176,4.947072,17.95608
212.9326,-22.81518,5.020327,17.86922,-22.75478,4.911982,17.8619,-22.35176,4.947072,17.95608
212.9444,-22.81518,5.020327,17.86922,-22.75478,4.911982,17.8619,-22.35176,4.947072,17.95608
212.9562,-22.81518,5.020327,17.86922,-22.75478,4.911982,17.8619,-22.35176,4.947072,17.95608
212.9661,-22.81518,5.020327,17.86922,-22.75478,4.911982,17.8619,-22.35176,4.947072,17.95608
212.9778,-22.81518,5.020327,17.86922,-22.75478,4.911982,17.8619,-22.35176,4.947072,17.95608
212.9874,-22.81518,5.020327,17.86922,-22.75478,4.911982,17.8619,-22.35176,4.947072,17.95608
212.9992,-22.81518,5.020327,17.86922,-22.75478,4.911982,17.8619,-22.35176,4.947072,17.95608
213.0095,-22.81518,5.020328,17.86922,-22.75478,4.911982,17.8619,-22.35176,4.947072,17.95608
213.0215,-22.81518,5.020328,17.86922,-22.75478,4.911982,17.8619,-22.35176,4.947072,17.95608
213.0331,-22.81518,5.020328,17.86922,-22.75478,4.911982,17.8619,-22.35176,4.947072,17.95608
213.043,-22.81518,5.020328,17.86922,-22.75478,4.911982,17.8619,-22.35176,4.947072,17.95608
213.0541,-22.81518,5.020328,17.86922,-22.75478,4.911982,17.8619,-22.35176,4.947072,17.95608
213.0635,-22.81518,5.020328,17.86922,-22.75478,4.911982,17.8619,-22.35176,4.947072,17.95608
213.0748,-22.81518,5.020328,17.86922,-22.75478,4.911982,17.8619,-22.35176,4.947072,17.95608
213.0841,-22.81581,5.020327,17.8695,-22.75478,4.911982,17.8619,-22.35176,4.947072,17.95608
213.096,-22.81581,5.020327,17.8695,-22.75478,4.911982,17.8619,-22.35176,4.947072,17.95608
213.106,-22.81645,5.02079,17.86803,-22.75478,4.911982,17.8619,-22.35176,4.947072,17.95608
213.1176,-22.81645,5.02079,17.86803,-22.75478,4.911982,17.8619,-22.35176,4.947072,17.95608
213.1282,-22.81645,5.020789,17.86802,-22.75478,4.911982,17.8619,-22.35176,4.947072,17.95608
213.1408,-22.81581,5.020327,17.8695,-22.75478,4.911982,17.8619,-22.35176,4.947072,17.95608
213.1518,-22.81581,5.020327,17.8695,-22.75478,4.911982,17.8619,-22.35176,4.947072,17.95608
213.1614,-22.81581,5.020328,17.8695,-22.75478,4.911982,17.8619,-22.35176,4.947072,17.95608
213.1725,-22.81581,5.020328,17.8695,-22.75478,4.911982,17.8619,-22.35176,4.947072,17.95608
213.1819,-22.81581,5.020328,17.8695,-22.75478,4.911982,17.8619,-22.35176,4.947072,17.95608
213.1933,-22.81581,5.020328,17.8695,-22.75478,4.911982,17.8619,-22.35176,4.947072,17.95608
213.2036,-22.81581,5.020328,17.8695,-22.75478,4.911982,17.8619,-22.35176,4.947072,17.95608
213.215,-22.81581,5.020328,17.8695,-22.75478,4.911982,17.8619,-22.35176,4.947072,17.95608
213.225,-22.81581,5.020328,17.8695,-22.75478,4.911982,17.8619,-22.35176,4.947072,17.95608
213.2396,-22.81581,5.020328,17.8695,-22.82278,4.946659,17.84936,-22.35176,4.947072,17.95608
213.2561,-22.81605,5.019971,17.86893,-22.82278,4.946659,17.84936,-22.35176,4.947072,17.95608
213.2705,-22.81669,5.020435,17.86746,-22.82296,4.947062,17.84897,-22.35176,4.947072,17.95608
213.2841,-22.81669,5.020435,17.86746,-22.82364,4.947476,17.84739,-22.35176,4.947072,17.95608
213.2988,-22.81669,5.020435,17.86746,-22.82364,4.947476,17.84739,-22.35176,4.947072,17.95608
213.3107,-22.81822,5.020403,17.86811,-22.82364,4.947476,17.84739,-22.35176,4.947072,17.95608
213.3247,-22.81733,5.020901,17.86599,-22.82522,4.947895,17.8482,-22.35176,4.947072,17.95608
213.3411,-22.81733,5.020901,17.86599,-22.82573,4.933173,17.84175,-22.35176,4.947072,17.95608
213.3568,-22.81733,5.020901,17.86599,-22.82573,4.933173,17.84175,-22.35176,4.947072,17.95608
213.3705,-22.81798,5.02184,17.86276,-22.82573,4.933173,17.84175,-22.35176,4.947072,17.95608
213.3849,-22.81798,5.02184,17.86276,-22.82507,4.948636,17.84235,-22.35176,4.947072,17.95608
213.3997,-22.81798,5.02184,17.86276,-22.82507,4.948636,17.84235,-22.35176,4.947072,17.95608
213.4118,-22.81861,5.022312,17.8613,-22.82507,4.948636,17.84235,-22.35176,4.947072,17.95608
213.4267,-22.81861,5.022312,17.8613,-22.82573,4.949357,17.84086,-22.35176,4.947072,17.95608
213.4424,-22.81925,5.022788,17.85983,-22.82573,4.949357,17.84086,-22.35176,4.947072,17.95608
213.4585,-22.81925,5.022788,17.85983,-22.82647,4.949127,17.8391,-22.35176,4.947072,17.95608
213.4706,-22.81925,5.022788,17.85983,-22.82647,4.949127,17.8391,-22.35176,4.947072,17.95608
213.4843,-22.81925,5.022787,17.85983,-22.82647,4.949127,17.8391,-22.35176,4.947072,17.95608
213.4982,-22.81925,5.022787,17.85983,-22.82647,4.949146,17.8391,-22.35176,4.947072,17.95608
213.5114,-22.81989,5.023264,17.85836,-22.82647,4.949146,17.8391,-22.35176,4.947072,17.95608
213.5255,-22.82013,5.022912,17.85779,-22.82861,4.934861,17.83337,-22.35176,4.947072,17.95608
213.5425,-22.82013,5.022912,17.85779,-22.82882,4.934946,17.83289,-22.35176,4.947072,17.95608
213.5558,-22.82013,5.022912,17.85779,-22.82882,4.934946,17.83289,-22.35176,4.947072,17.95608
213.5676,-22.82013,5.022912,17.85779,-22.82882,4.934946,17.83289,-22.35176,4.947072,17.95608
213.5838,-22.8186,5.022947,17.85714,-22.82882,4.934946,17.83289,-22.35176,4.947072,17.95608
213.5969,-22.8186,5.022947,17.85714,-22.82726,4.934204,17.83197,-22.35176,4.947072,17.95608
213.6085,-22.8186,5.022947,17.85714,-22.82726,4.934204,17.83197,-22.35176,4.947072,17.95608
213.6248,-22.81997,5.022589,17.85816,-22.82726,4.934204,17.83197,-22.35176,4.947072,17.95608
213.6385,-22.81997,5.022589,17.85816,-22.82864,4.934874,17.83333,-22.35176,4.947072,17.95608
213.6529,-22.81868,5.022273,17.85694,-22.82864,4.934874,17.83333,-22.35176,4.947072,17.95608
213.666,-22.81868,5.022273,17.85694,-22.82729,4.934218,17.83193,-22.35176,4.947072,17.95608
213.679,-22.81868,5.022273,17.85694,-22.82729,4.934218,17.83193,-22.35176,4.947072,17.95608
213.6908,-22.81958,5.02176,17.85906,-22.82729,4.934218,17.83193,-22.35176,4.947072,17.95608
213.705,-22.81877,5.021597,17.85674,-22.82676,4.948806,17.83847,-22.35176,4.947072,17.95608
213.7176,-22.81877,5.021597,17.85674,-22.82733,4.934233,17.83189,-22.35176,4.947072,17.95608
213.7289,-22.81813,5.02112,17.85821,-22.82733,4.934233,17.83189,-22.35176,4.947072,17.95608
213.7427,-22.81822,5.020444,17.85801,-22.82662,4.933956,17.83353,-22.35176,4.947072,17.95608
213.7553,-22.81822,5.020444,17.85801,-22.82666,4.93397,17.83349,-22.35176,4.947072,17.95608
213.7661,-22.81975,5.020409,17.85866,-22.82666,4.93397,17.83349,-22.35176,4.947072,17.95608
213.7803,-22.81742,5.019643,17.85985,-22.82683,4.948715,17.83837,-22.35176,4.947072,17.95608
213.7942,-22.81742,5.019643,17.85985,-22.82577,4.93362,17.83556,-22.35176,4.947072,17.95608
213.8053,-22.81793,5.018308,17.86287,-22.82577,4.93362,17.83556,-22.35176,4.947072,17.95608
213.8186,-22.81793,5.018308,17.86287,-22.82477,4.947937,17.84319,-22.35176,4.947072,17.95608
213.8299,-22.8169,5.017013,17.86524,-22.82477,4.947937,17.84319,-22.35176,4.947072,17.95608
213.8432,-22.81563,5.016078,17.86818,-22.82502,4.932843,17.84188,-22.35176,4.947072,17.95608
213.8572,-22.81563,5.016078,17.86818,-22.82225,4.946651,17.84909,-22.35176,4.947072,17.95608
213.8692,-22.8146,5.014795,17.87055,-22.82225,4.946651,17.84909,-22.35176,4.947072,17.95608
213.883,-22.81444,5.014471,17.87092,-22.8225,4.931106,17.84772,-22.35176,4.947072,17.95608
213.8983,-22.81444,5.014471,17.87092,-22.82232,4.930981,17.84815,-22.35176,4.947072,17.95608
213.9097,-22.8138,5.014009,17.87239,-22.82232,4.930981,17.84815,-22.35176,4.947072,17.95608
213.922,-22.8138,5.014009,17.87239,-22.82164,4.93051,17.84972,-22.35176,4.947072,17.95608
213.9377,-22.8138,5.014009,17.87239,-22.82164,4.93051,17.84972,-22.35176,4.947072,17.95608
213.9489,-22.8138,5.014009,17.87239,-22.82164,4.93051,17.84972,-22.35176,4.947072,17.95608
213.9625,-22.8138,5.014009,17.87239,-22.82164,4.93051,17.84972,-22.35176,4.947072,17.95608
213.9752,-22.8138,5.014009,17.87239,-22.82164,4.93051,17.84973,-22.35176,4.947072,17.95608
213.9903,-22.81317,5.013552,17.87387,-22.82164,4.93051,17.84973,-22.35176,4.947072,17.95608
214.006,-22.81317,5.013551,17.87387,-22.82096,4.93004,17.8513,-22.35176,4.947072,17.95608
214.019,-22.81317,5.013551,17.87387,-22.82096,4.93004,17.8513,-22.35176,4.947072,17.95608
214.0297,-22.8138,5.014009,17.87239,-22.82096,4.93004,17.8513,-22.35176,4.947072,17.95608
214.0432,-22.8138,5.014009,17.87239,-22.82164,4.93051,17.84972,-22.35176,4.947072,17.95608
214.0571,-22.8138,5.014009,17.87239,-22.82164,4.93051,17.84972,-22.35176,4.947072,17.95608
214.0695,-22.8138,5.014009,17.87239,-22.82164,4.93051,17.84972,-22.35176,4.947072,17.95608
214.083,-22.81317,5.01355,17.87387,-22.82164,4.93051,17.84973,-22.35176,4.947072,17.95608
214.1017,-22.81317,5.01355,17.87387,-22.82096,4.93004,17.8513,-22.35176,4.947072,17.95608
214.1171,-22.81317,5.01355,17.87387,-22.82096,4.93004,17.8513,-22.35176,4.947072,17.95608
214.13,-22.8138,5.014009,17.87239,-22.82096,4.93004,17.8513,-22.35176,4.947072,17.95608
214.1443,-22.81534,5.013977,17.87305,-22.82164,4.93051,17.84972,-22.35176,4.947072,17.95608
214.1605,-22.81443,5.014009,17.87267,-22.82322,4.931111,17.85059,-22.35176,4.947072,17.95608
214.1766,-22.81443,5.014009,17.87267,-22.82224,4.930737,17.85007,-22.35176,4.947072,17.95608
214.1906,-22.81443,5.014009,17.87267,-22.82224,4.930737,17.85007,-22.35176,4.947072,17.95608
214.2099,-22.81443,5.014009,17.87267,-22.82224,4.930737,17.85007,-22.35176,4.947072,17.95608
214.2247,-22.81443,5.014009,17.87267,-22.82224,4.930737,17.85007,-22.35176,4.947072,17.95608
214.2398,-22.81443,5.014009,17.87267,-22.82224,4.930737,17.85007,-22.35176,4.947072,17.95608
214.2521,-22.81507,5.014471,17.8712,-22.82224,4.930737,17.85007,-22.35176,4.947072,17.95608
214.2664,-22.81507,5.014471,17.8712,-22.82292,4.931207,17.84849,-22.35176,4.947072,17.95608
214.2801,-22.81353,5.014505,17.87055,-22.82292,4.931207,17.84849,-22.35176,4.947072,17.95608
214.2938,-22.81353,5.014505,17.87055,-22.82135,4.930605,17.84762,-22.35176,4.947072,17.95608
214.3071,-22.81507,5.014471,17.8712,-22.82135,4.930605,17.84762,-22.35176,4.947072,17.95608
214.3223,-22.81633,5.014934,17.87001,-22.82292,4.931207,17.84849,-22.35176,4.947072,17.95608
214.3371,-22.81633,5.014934,17.87001,-22.8242,4.931903,17.84725,-22.35176,4.947072,17.95608
214.3502,-22.81543,5.015433,17.86789,-22.8242,4.931903,17.84725,-22.35176,4.947072,17.95608
214.3658,-22.81543,5.015433,17.86789,-22.8219,4.946653,17.84891,-22.35176,4.947072,17.95608
214.3817,-22.81697,5.015399,17.86854,-22.8219,4.946653,17.84891,-22.35176,4.947072,17.95608
214.4024,-22.81607,5.015899,17.86642,-22.8235,4.946788,17.84964,-22.35176,4.947072,17.95608
214.42,-22.81607,5.015899,17.86642,-22.82256,4.947256,17.84739,-22.35176,4.947072,17.95608
214.4338,-22.81824,5.016334,17.8656,-22.82256,4.947256,17.84739,-22.35176,4.947072,17.95608
214.4525,-22.81824,5.016335,17.8656,-22.82496,4.946533,17.8462,-22.35176,4.947072,17.95608
214.4685,-22.81824,5.016335,17.8656,-22.82496,4.946533,17.8462,-22.35176,4.947072,17.95608
214.4869,-22.81887,5.016805,17.86413,-22.82496,4.946534,17.8462,-22.35176,4.947072,17.95608
214.5009,-22.81887,5.016805,17.86413,-22.82557,4.947568,17.84479,-22.35176,4.947072,17.95608
214.5157,-22.81887,5.016805,17.86413,-22.82557,4.947568,17.84479,-22.35176,4.947072,17.95608
214.5304,-22.81797,5.017312,17.86201,-22.82557,4.947568,17.84479,-22.35176,4.947072,17.95608
214.545,-22.82014,5.017751,17.86119,-22.82464,4.948029,17.84254,-22.35176,4.947072,17.95608
214.5595,-22.82014,5.017751,17.86119,-22.82677,4.950046,17.84211,-22.35176,4.947072,17.95608
214.5731,-22.82014,5.017751,17.86119,-22.82677,4.950046,17.84211,-22.35176,4.947072,17.95608
214.5867,-22.82077,5.018229,17.85972,-22.82677,4.950046,17.84211,-22.35176,4.947072,17.95608
214.6004,-22.82077,5.018229,17.85972,-22.82747,4.950203,17.84046,-22.35176,4.947072,17.95608
214.6145,-22.82077,5.018229,17.85972,-22.82747,4.950203,17.84046,-22.35176,4.947072,17.95608
214.6285,-22.82077,5.018229,17.85972,-22.82747,4.950203,17.84046,-22.35176,4.947072,17.95608
214.6434,-22.81924,5.018264,17.85907,-22.82747,4.950203,17.84046,-22.35176,4.947072,17.95608
214.6609,-22.82141,5.018709,17.85825,-22.82598,4.948976,17.83942,-22.35176,4.947072,17.95608
214.6764,-22.82141,5.018709,17.85825,-22.82827,4.949465,17.83856,-22.35176,4.947072,17.95608
214.691,-22.81924,5.018265,17.85907,-22.82827,4.949465,17.83856,-22.35176,4.947072,17.95608
214.7076,-22.81963,5.019094,17.85817,-22.82598,4.948996,17.83942,-22.35176,4.947072,17.95608
214.7216,-22.81963,5.019095,17.85817,-22.82598,4.948996,17.83942,-22.35176,4.947072,17.95608
214.7401,-22.82092,5.019411,17.85939,-22.82598,4.948996,17.83942,-22.35176,4.947072,17.95608
214.7562,-22.82092,5.019411,17.85939,-22.82598,4.948996,17.83942,-22.35176,4.947072,17.95608
214.7688,-22.81865,5.0205,17.86045,-22.82598,4.948996,17.83942,-22.35176,4.947072,17.95608
214.7848,-22.81969,5.02117,17.86224,-22.82598,4.948996,17.83942,-22.35176,4.947072,17.95608
214.8029,-22.81896,5.022228,17.86394,-22.82598,4.948996,17.83942,-22.35176,4.947072,17.95608
214.8157,-22.81896,5.022228,17.86394,-22.82598,4.948996,17.83942,-22.35176,4.947072,17.95608
214.8313,-22.82129,5.023227,17.86695,-22.82598,4.948996,17.83942,-22.35176,4.947072,17.95608
214.8442,-22.82346,5.02367,17.86613,-22.82598,4.948996,17.83942,-22.35176,4.947072,17.95608
214.8577,-22.82346,5.02367,17.86613,-22.82598,4.948996,17.83942,-22.35176,4.947072,17.95608
214.8688,-22.82601,5.024948,17.86441,-22.82598,4.948996,17.83942,-22.35176,4.947072,17.95608
214.8814,-22.82728,5.025907,17.86147,-22.82598,4.948996,17.83942,-22.35176,4.947072,17.95608
214.8941,-22.82728,5.025907,17.86147,-22.82598,4.948996,17.83942,-22.35176,4.947072,17.95608
214.9056,-22.82806,5.027573,17.85967,-22.82598,4.948996,17.83942,-22.35176,4.947072,17.95608
214.9191,-22.82806,5.027573,17.85967,-22.82598,4.948996,17.83942,-22.35176,4.947072,17.95608
214.9301,-22.8291,5.029383,17.85557,-22.82598,4.948996,17.83942,-22.35176,4.947072,17.95608
214.9465,-22.8304,5.030196,17.85505,-22.82598,4.948996,17.83942,-22.35176,4.947072,17.95608
214.9586,-22.8304,5.030196,17.85505,-22.82598,4.948996,17.83942,-22.35176,4.947072,17.95608
214.9708,-22.82833,5.031529,17.85131,-22.82598,4.948996,17.83942,-22.35176,4.947072,17.95608
214.9846,-22.82711,5.032023,17.84902,-22.82598,4.948996,17.83942,-22.35176,4.947072,17.95608
214.9975,-22.82711,5.032023,17.84902,-22.82598,4.948996,17.83942,-22.35176,4.947072,17.95608
215.0081,-22.82406,5.032521,17.84589,-22.82598,4.948996,17.83942,-22.35176,4.947072,17.95608
215.022,-22.82072,5.033045,17.84266,-22.82598,4.948996,17.83942,-22.35176,4.947072,17.95608
215.0337,-22.82072,5.033045,17.84266,-22.82598,4.948996,17.83942,-22.35176,4.947072,17.95608
215.0445,-22.81581,5.033045,17.84042,-22.82598,4.948996,17.83942,-22.35176,4.947072,17.95608
215.0574,-22.81581,5.033045,17.84042,-22.82598,4.948996,17.83942,-22.35176,4.947072,17.95608
215.0686,-22.80762,5.033631,17.83497,-22.82598,4.948996,17.83942,-22.35176,4.947072,17.95608
215.0819,-22.8034,5.034202,17.83132,-22.82598,4.948996,17.83942,-22.35176,4.947072,17.95608
215.0983,-22.8034,5.034202,17.83132,-22.82598,4.948996,17.83942,-22.35176,4.947072,17.95608
215.1105,-22.79854,5.034276,17.82911,-22.82598,4.948996,17.83942,-22.35176,4.947072,17.95608
215.1259,-22.79429,5.03436,17.82718,-22.82598,4.948996,17.83942,-22.35176,4.947072,17.95608
215.1411,-22.79216,5.034405,17.82621,-22.82598,4.948996,17.83942,-22.35176,4.947072,17.95608
215.1551,-22.79216,5.034405,17.82621,-22.82598,4.948996,17.83942,-22.35176,4.947072,17.95608
215.1689,-22.78943,5.034452,17.82496,-22.82598,4.948996,17.83942,-22.35176,4.947072,17.95608
215.1859,-22.78883,5.034452,17.82467,-22.82598,4.948996,17.83942,-22.35176,4.947072,17.95608
215.2002,-22.78756,5.033949,17.82582,-22.82598,4.948996,17.83942,-22.35176,4.947072,17.95608
215.2142,-22.78756,5.033949,17.82582,-22.82598,4.948996,17.83942,-22.35176,4.947072,17.95608
215.2253,-22.78265,5.033546,17.82533,-22.82598,4.948996,17.83942,-22.35176,4.947072,17.95608
215.2383,-22.78265,5.033546,17.82533,-22.82598,4.948996,17.83942,-22.35176,4.947072,17.95608
215.2491,-22.77732,5.032312,17.82571,-22.82598,4.948996,17.83942,-22.35176,4.947072,17.95608
215.2622,-22.77666,5.031817,17.82716,-22.82598,4.948996,17.83942,-22.35176,4.947072,17.95608
215.2751,-22.77666,5.031817,17.82716,-22.82598,4.948996,17.83942,-22.35176,4.947072,17.95608
215.287,-22.77314,5.030399,17.83083,-22.82598,4.948996,17.83942,-22.35176,4.947072,17.95608
215.2997,-22.77314,5.030399,17.83083,-22.82598,4.948996,17.83942,-22.35176,4.947072,17.95608
215.3131,-22.77049,5.028651,17.83425,-22.82598,4.948996,17.83942,-22.35176,4.947072,17.95608
215.3256,-22.77105,5.028169,17.8363,-22.82598,4.948996,17.83942,-22.35176,4.947072,17.95608
215.3386,-22.77105,5.028169,17.8363,-22.82598,4.948996,17.83942,-22.35176,4.947072,17.95608
215.3523,-22.77278,5.02721,17.8407,-22.82598,4.948996,17.83942,-22.35176,4.947072,17.95608
215.3661,-22.77609,5.026674,17.84403,-22.82598,4.948996,17.83942,-22.35176,4.947072,17.95608
215.3795,-22.77609,5.026674,17.84403,-22.82598,4.948996,17.83942,-22.35176,4.947072,17.95608
215.3929,-22.78658,5.026659,17.8519,-22.82598,4.948996,17.83942,-22.35176,4.947072,17.95608
215.4056,-22.79372,5.026662,17.85486,-22.82598,4.948996,17.83942,-22.35176,4.947072,17.95608
215.4183,-22.79372,5.026662,17.85486,-22.82598,4.948996,17.83942,-22.35176,4.947072,17.95608
215.4305,-22.80249,5.027007,17.85919,-22.82598,4.948996,17.83942,-22.35176,4.947072,17.95608
215.4444,-22.8096,5.027332,17.86051,-22.82598,4.948996,17.83942,-22.35176,4.947072,17.95608
215.4574,-22.8096,5.027332,17.86051,-22.82598,4.948996,17.83942,-22.35176,4.947072,17.95608
215.4689,-22.82093,5.029706,17.85972,-22.82598,4.948996,17.83942,-22.35176,4.947072,17.95608
215.4831,-22.82517,5.03088,17.85756,-22.82598,4.948996,17.83942,-22.35176,4.947072,17.95608
215.4967,-22.82517,5.03088,17.85756,-22.82598,4.948996,17.83942,-22.35176,4.947072,17.95608
215.5074,-22.83485,5.032575,17.85463,-22.82598,4.948996,17.83942,-22.35176,4.947072,17.95608
215.5202,-22.83883,5.0341,17.85301,-22.82598,4.948996,17.83942,-22.35176,4.947072,17.95608
215.5332,-22.83883,5.0341,17.85301,-22.82598,4.948996,17.83942,-22.35176,4.947072,17.95608
215.5476,-22.84728,5.037339,17.84614,-22.82598,4.948996,17.83942,-22.35176,4.947072,17.95608
215.5609,-22.85415,5.039893,17.84197,-22.82598,4.948996,17.83942,-22.35176,4.947072,17.95608
215.5738,-22.85415,5.039893,17.84197,-22.82598,4.948996,17.83942,-22.35176,4.947072,17.95608
215.5864,-22.86145,5.044881,17.82999,-22.82598,4.948996,17.83942,-22.35176,4.947072,17.95608
215.6,-22.86145,5.044881,17.82999,-22.82598,4.948996,17.83942,-22.35176,4.947072,17.95608
215.6122,-22.86882,5.049206,17.82033,-22.82598,4.948996,17.83942,-22.35176,4.947072,17.95608
215.6256,-22.87113,5.051381,17.81491,-22.82598,4.948996,17.83942,-22.35176,4.947072,17.95608
215.6405,-22.87499,5.053078,17.80753,-22.82598,4.948996,17.83942,-22.35176,4.947072,17.95608
215.6566,-22.87499,5.053078,17.80753,-22.82598,4.948996,17.83942,-22.35176,4.947072,17.95608
215.6724,-22.88046,5.05607,17.79469,-22.82598,4.948996,17.83942,-22.35176,4.947072,17.95608
215.6862,-22.88115,5.057357,17.78882,-22.82598,4.948996,17.83942,-22.35176,4.947072,17.95608
215.7006,-22.88168,5.058356,17.78335,-22.82598,4.948996,17.83942,-22.35176,4.947072,17.95608
215.7137,-22.88168,5.058356,17.78335,-22.82598,4.948996,17.83942,-22.35176,4.947072,17.95608
215.7258,-22.88315,5.05894,17.77567,-22.82598,4.948996,17.83942,-22.35176,4.947072,17.95608
215.7387,-22.88315,5.05894,17.77567,-22.82598,4.948996,17.83942,-22.35176,4.947072,17.95608
215.7507,-22.88301,5.058896,17.77337,-22.82598,4.948996,17.83942,-22.35176,4.947072,17.95608
215.7636,-22.88288,5.058854,17.77106,-22.82598,4.948996,17.83942,-22.35176,4.947072,17.95608
215.777,-22.88288,5.058854,17.77106,-22.82598,4.948996,17.83942,-22.35176,4.947072,17.95608
215.7885,-22.88441,5.058279,17.76974,-22.82598,4.948996,17.83942,-22.35176,4.947072,17.95608
215.8014,-22.88658,5.057622,17.76786,-22.82598,4.948996,17.83942,-22.35176,4.947072,17.95608
215.8141,-22.88658,5.057622,17.76786,-22.82598,4.948996,17.83942,-22.35176,4.947072,17.95608
215.8254,-22.89278,5.056331,17.76455,-22.82598,4.948996,17.83942,-22.35176,4.947072,17.95608
215.8397,-22.89278,5.056331,17.76455,-22.82598,4.948996,17.83942,-22.35176,4.947072,17.95608
215.8508,-22.899,5.056555,17.76006,-22.82598,4.948996,17.83942,-22.35176,4.947072,17.95608
215.8633,-22.90633,5.057961,17.75822,-22.82598,4.948996,17.83942,-22.35176,4.947072,17.95608
215.8757,-22.90633,5.057961,17.75822,-22.82598,4.948996,17.83942,-22.35176,4.947072,17.95608
215.8867,-22.91566,5.059233,17.75192,-22.82598,4.948996,17.83942,-22.35176,4.947072,17.95608
215.9021,-22.92552,5.060937,17.7436,-22.82598,4.948996,17.83942,-22.35176,4.947072,17.95608
215.9148,-22.92552,5.060937,17.7436,-22.82598,4.948996,17.83942,-22.35176,4.947072,17.95608
215.926,-22.93682,5.061729,17.73646,-22.82598,4.948996,17.83942,-22.35176,4.947072,17.95608
215.9412,-22.94331,5.061495,17.73296,-22.82598,4.948996,17.83942,-22.35176,4.947072,17.95608
215.9568,-22.94331,5.061495,17.73296,-22.82598,4.948996,17.83942,-22.35176,4.947072,17.95608
215.9671,-22.94886,5.06133,17.73174,-22.82598,4.948996,17.83942,-22.35176,4.947072,17.95608
215.9793,-22.94886,5.06133,17.73174,-22.82598,4.948996,17.83942,-22.35176,4.947072,17.95608
215.9901,-22.95302,5.060122,17.7341,-22.82598,4.948996,17.83942,-22.35176,4.947072,17.95608
216.003,-22.9556,5.059881,17.73711,-22.82598,4.948996,17.83942,-22.35176,4.947072,17.95608
216.0152,-22.9556,5.059881,17.73711,-22.82598,4.948996,17.83942,-22.35176,4.947072,17.95608
216.0264,-22.95648,5.058311,17.74331,-22.82598,4.948996,17.83942,-22.35176,4.947072,17.95608
216.039,-22.95648,5.058311,17.74331,-22.82598,4.948996,17.83942,-22.35176,4.947072,17.95608
216.0503,-22.95878,5.05701,17.74883,-22.82598,4.948996,17.83942,-22.35176,4.947072,17.95608
216.0632,-22.96247,5.056487,17.75196,-22.82598,4.948996,17.83942,-22.35176,4.947072,17.95608
216.0767,-22.96247,5.056487,17.75196,-22.82598,4.948996,17.83942,-22.35176,4.947072,17.95608
216.0871,-22.96234,5.053911,17.7604,-22.82598,4.948996,17.83942,-22.35176,4.947072,17.95608
216.0989,-22.96234,5.053911,17.7604,-22.82598,4.948996,17.83942,-22.35176,4.947072,17.95608
216.1098,-22.96276,5.0529,17.76397,-22.82598,4.948996,17.83942,-22.35176,4.947072,17.95608
216.1278,-22.96254,5.052016,17.76922,-22.82598,4.948996,17.83942,-22.35176,4.947072,17.95608
216.1426,-22.96312,5.050815,17.7741,-22.82598,4.948996,17.83942,-22.35176,4.947072,17.95608
216.166,-22.9618,5.051973,17.77757,-22.82598,4.948996,17.83942,-22.35176,4.947072,17.95608
216.1817,-22.96111,5.053004,17.77936,-22.82598,4.948996,17.83942,-22.35176,4.947072,17.95608
216.1949,-22.96111,5.053004,17.77936,-22.82598,4.948996,17.83942,-22.35176,4.947072,17.95608
216.2079,-22.96043,5.054036,17.78115,-22.82598,4.948996,17.83942,-22.35176,4.947072,17.95608
216.2241,-22.96008,5.055901,17.78204,-22.82598,4.948996,17.83942,-22.35176,4.947072,17.95608
216.2373,-22.96008,5.055901,17.78204,-22.82598,4.948996,17.83942,-22.35176,4.947072,17.95608
216.2481,-22.95933,5.057562,17.784,-22.82598,4.948996,17.83942,-22.35176,4.947072,17.95608
216.2626,-22.96078,5.059095,17.78489,-22.82598,4.948996,17.83942,-22.35176,4.947072,17.95608
216.2786,-22.96078,5.059095,17.78489,-22.82598,4.948996,17.83942,-22.35176,4.947072,17.95608
216.2902,-22.95656,5.059915,17.78657,-22.82598,4.948996,17.83942,-22.35176,4.947072,17.95608
216.3025,-22.95444,5.059431,17.78746,-22.82598,4.948996,17.83942,-22.35176,4.947072,17.95608
216.3192,-22.95444,5.059431,17.78746,-22.82598,4.948996,17.83942,-22.35176,4.947072,17.95608
216.3301,-22.95151,5.058826,17.79045,-22.82598,4.948996,17.83942,-22.35176,4.947072,17.95608
216.3461,-22.95109,5.058635,17.79154,-22.82598,4.948996,17.83942,-22.35176,4.947072,17.95608
216.3584,-22.95109,5.058635,17.79154,-22.82598,4.948996,17.83942,-22.35176,4.947072,17.95608
216.3693,-22.94937,5.057237,17.79603,-22.82598,4.948996,17.83942,-22.35176,4.947072,17.95608
216.3817,-22.94836,5.057054,17.7969,-22.82598,4.948996,17.83942,-22.35176,4.947072,17.95608
216.3959,-22.94836,5.057054,17.7969,-22.82598,4.948996,17.83942,-22.35176,4.947072,17.95608
216.4071,-22.94565,5.056134,17.7993,-22.82598,4.948996,17.83942,-22.35176,4.947072,17.95608
216.4196,-22.94565,5.056134,17.7993,-22.82598,4.948996,17.83942,-22.35176,4.947072,17.95608
216.4318,-22.94352,5.055677,17.8002,-22.82598,4.948996,17.83942,-22.35176,4.947072,17.95608
216.4456,-22.94254,5.056134,17.7981,-22.82598,4.948996,17.83942,-22.35176,4.947072,17.95608
216.4596,-22.94254,5.056134,17.7981,-22.82598,4.948996,17.83942,-22.35176,4.947072,17.95608
216.4732,-22.94155,5.056596,17.79601,-22.82598,4.948996,17.83942,-22.35176,4.947072,17.95608
216.4871,-22.94057,5.05706,17.79391,-22.82598,4.948996,17.83942,-22.35176,4.947072,17.95608
216.4995,-22.94057,5.05706,17.79391,-22.82598,4.948996,17.83942,-22.35176,4.947072,17.95608
216.5119,-22.94016,5.057994,17.79033,-22.82598,4.948996,17.83942,-22.35176,4.947072,17.95608
216.5244,-22.93917,5.058469,17.78823,-22.82598,4.948996,17.83942,-22.35176,4.947072,17.95608
216.5374,-22.93917,5.058469,17.78823,-22.82598,4.948996,17.83942,-22.35176,4.947072,17.95608
216.5482,-22.93819,5.058949,17.78614,-22.82598,4.948996,17.83942,-22.35176,4.947072,17.95608
216.5618,-22.9372,5.059433,17.78405,-22.82598,4.948996,17.83942,-22.35176,4.947072,17.95608
216.5761,-22.9372,5.059433,17.78405,-22.82598,4.948996,17.83942,-22.35176,4.947072,17.95608
216.5871,-22.93681,5.05992,17.7822,-22.82598,4.948996,17.83942,-22.35176,4.947072,17.95608
216.599,-22.93681,5.05992,17.7822,-22.82598,4.948996,17.83942,-22.35176,4.947072,17.95608
216.6091,-22.93525,5.059938,17.7816,-22.82598,4.948996,17.83942,-22.35176,4.947072,17.95608
216.6214,-22.93427,5.060432,17.77952,-22.82598,4.948996,17.83942,-22.35176,4.947072,17.95608
216.6337,-22.93427,5.060432,17.77952,-22.82598,4.948996,17.83942,-22.35176,4.947072,17.95608
216.6457,-22.93368,5.060432,17.77929,-22.82598,4.948996,17.83942,-22.35176,4.947072,17.95608
216.6585,-22.93368,5.060432,17.77929,-22.82598,4.948996,17.83942,-22.35176,4.947072,17.95608
216.6718,-22.9321,5.060929,17.77697,-22.82598,4.948996,17.83942,-22.35176,4.947072,17.95608
216.6852,-22.93366,5.060909,17.77756,-22.82598,4.948996,17.83942,-22.35176,4.947072,17.95608
216.6993,-22.93366,5.060909,17.77756,-22.82598,4.948996,17.83942,-22.35176,4.947072,17.95608
216.7099,-22.92994,5.061433,17.77441,-22.82598,4.948996,17.83942,-22.35176,4.947072,17.95608
216.7236,-22.92838,5.061939,17.7721,-22.82598,4.948996,17.83942,-22.35176,4.947072,17.95608
216.7371,-22.92838,5.061939,17.7721,-22.82598,4.948996,17.83942,-22.35176,4.947072,17.95608
216.7475,-22.92525,5.062479,17.76918,-22.82598,4.948996,17.83942,-22.35176,4.947072,17.95608
216.7598,-22.92525,5.062479,17.76918,-22.82598,4.948996,17.83942,-22.35176,4.947072,17.95608
216.772,-22.92311,5.062512,17.76835,-22.82598,4.948996,17.83942,-22.35176,4.947072,17.95608
216.7854,-22.92057,5.063067,17.76568,-22.82598,4.948996,17.83942,-22.35176,4.947072,17.95608
216.798,-22.92057,5.063067,17.76568,-22.82598,4.948996,17.83942,-22.35176,4.947072,17.95608
216.8111,-22.91999,5.062582,17.76717,-22.82598,4.948996,17.83942,-22.35176,4.947072,17.95608
216.8252,-22.91688,5.062662,17.76599,-22.82598,4.948996,17.83942,-22.35176,4.947072,17.95608
216.8393,-22.91688,5.062662,17.76599,-22.82598,4.948996,17.83942,-22.35176,4.947072,17.95608
216.8516,-22.9159,5.063188,17.76391,-22.82598,4.948996,17.83942,-22.35176,4.947072,17.95608
216.8656,-22.91376,5.062748,17.76481,-22.82598,4.948996,17.83942,-22.35176,4.947072,17.95608
216.8813,-22.91434,5.063232,17.76332,-22.82598,4.948996,17.83942,-22.35176,4.947072,17.95608
216.8954,-22.91434,5.063232,17.76332,-22.82598,4.948996,17.83942,-22.35176,4.947072,17.95608
216.9077,-22.91318,5.062265,17.7663,-22.82598,4.948996,17.83942,-22.35176,4.947072,17.95608
216.9221,-22.91162,5.062313,17.76571,-22.82598,4.948996,17.83942,-22.35176,4.947072,17.95608
216.9363,-22.91162,5.062313,17.76571,-22.82598,4.948996,17.83942,-22.35176,4.947072,17.95608
216.9477,-22.90914,5.061055,17.76751,-22.82598,4.948996,17.83942,-22.35176,4.947072,17.95608
216.9605,-22.90856,5.060579,17.769,-22.82598,4.948996,17.83942,-22.35176,4.947072,17.95608
216.9736,-22.90856,5.060579,17.769,-22.82598,4.948996,17.83942,-22.35176,4.947072,17.95608
216.9845,-22.90798,5.060104,17.77049,-22.82598,4.948996,17.83942,-22.35176,4.947072,17.95608
216.9977,-22.90798,5.060104,17.77049,-22.82598,4.948996,17.83942,-22.35176,4.947072,17.95608
217.0095,-22.90701,5.060154,17.77015,-22.82598,4.948996,17.83942,-22.35176,4.947072,17.95608
217.0225,-22.90545,5.060207,17.76956,-22.82598,4.948996,17.83942,-22.35176,4.947072,17.95608
217.0356,-22.90545,5.060207,17.76956,-22.82598,4.948996,17.83942,-22.35176,4.947072,17.95608
217.0459,-22.90602,5.060682,17.76807,-22.82598,4.948996,17.83942,-22.35176,4.947072,17.95608
217.0582,-22.90602,5.060682,17.76807,-22.82598,4.948996,17.83942,-22.35176,4.947072,17.95608
217.0688,-22.90388,5.060262,17.76897,-22.82598,4.948996,17.83942,-22.35176,4.947072,17.95608
217.0845,-22.90504,5.060736,17.76773,-22.82598,4.948996,17.83942,-22.35176,4.947072,17.95608
217.0962,-22.90504,5.060736,17.76773,-22.82598,4.948996,17.83942,-22.35176,4.947072,17.95608
217.1072,-22.90562,5.061213,17.76624,-22.82598,4.948996,17.83942,-22.35176,4.947072,17.95608
217.1191,-22.90562,5.061213,17.76624,-22.82598,4.948996,17.83942,-22.35176,4.947072,17.95608
217.129,-22.90563,5.060736,17.76797,-22.82598,4.948996,17.83942,-22.35176,4.947072,17.95608
217.1408,-22.90563,5.060736,17.76797,-22.82598,4.948996,17.83942,-22.35176,4.947072,17.95608
217.1542,-22.90563,5.060736,17.76797,-22.82598,4.948996,17.83942,-22.35176,4.947072,17.95608
217.1679,-22.90464,5.061271,17.76589,-22.82598,4.948996,17.83942,-22.35176,4.947072,17.95608
217.1802,-22.90464,5.061271,17.76589,-22.82598,4.948996,17.83942,-22.35176,4.947072,17.95608
217.1929,-22.90464,5.061271,17.76589,-22.82598,4.948996,17.83942,-22.35176,4.947072,17.95608
217.2071,-22.90522,5.061749,17.7644,-22.82598,4.948996,17.83942,-22.35176,4.947072,17.95608
217.2191,-22.90522,5.061749,17.7644,-22.82598,4.948996,17.83942,-22.35176,4.947072,17.95608
217.2296,-22.9058,5.062231,17.76291,-22.82598,4.948996,17.83942,-22.35176,4.947072,17.95608
217.242,-22.90678,5.061693,17.76499,-22.82598,4.948996,17.83942,-22.35176,4.947072,17.95608
217.2538,-22.90678,5.061693,17.76499,-22.82598,4.948996,17.83942,-22.35176,4.947072,17.95608
217.2655,-22.90736,5.062174,17.7635,-22.82598,4.948996,17.83942,-22.35176,4.947072,17.95608
217.2781,-22.90736,5.062174,17.7635,-22.82598,4.948996,17.83942,-22.35176,4.947072,17.95608
217.2888,-22.90793,5.062655,17.76201,-22.82598,4.948996,17.83942,-22.35176,4.947072,17.95608
217.3013,-22.90736,5.062174,17.7635,-22.82598,4.948996,17.83942,-22.35176,4.947072,17.95608
217.3158,-22.90736,5.062174,17.7635,-22.82598,4.948996,17.83942,-22.35176,4.947072,17.95608
217.3273,-22.9072,5.061895,17.7639,-22.82598,4.948996,17.83942,-22.35176,4.947072,17.95608
217.3393,-22.9072,5.061895,17.7639,-22.82598,4.948996,17.83942,-22.35176,4.947072,17.95608
217.3495,-22.90918,5.062044,17.7634,-22.82598,4.948996,17.83942,-22.35176,4.947072,17.95608
217.3616,-22.90762,5.0621,17.76282,-22.82598,4.948996,17.83942,-22.35176,4.947072,17.95608
217.3741,-22.90762,5.0621,17.76282,-22.82598,4.948996,17.83942,-22.35176,4.947072,17.95608
217.3848,-22.90762,5.0621,17.76282,-22.82598,4.948996,17.83942,-22.35176,4.947072,17.95608
217.3993,-22.90762,5.0621,17.76282,-22.82598,4.948996,17.83942,-22.35176,4.947072,17.95608
217.4098,-22.90903,5.061766,17.76381,-22.82598,4.948996,17.83942,-22.35176,4.947072,17.95608
217.4248,-22.90903,5.061766,17.76381,-22.82598,4.948996,17.83942,-22.35176,4.947072,17.95608
217.4367,-22.90903,5.061766,17.76381,-22.82598,4.948996,17.83942,-22.35176,4.947072,17.95608
217.4474,-22.9096,5.062251,17.76232,-22.82598,4.948996,17.83942,-22.35176,4.947072,17.95608
217.4591,-22.9096,5.062251,17.76232,-22.82598,4.948996,17.83942,-22.35176,4.947072,17.95608
217.4704,-22.90887,5.061487,17.76421,-22.82598,4.948996,17.83942,-22.35176,4.947072,17.95608
217.487,-22.91043,5.061434,17.7648,-22.82598,4.948996,17.83942,-22.35176,4.947072,17.95608
217.499,-22.91043,5.061434,17.7648,-22.82598,4.948996,17.83942,-22.35176,4.947072,17.95608
217.5106,-22.91043,5.061434,17.7648,-22.82598,4.948996,17.83942,-22.35176,4.947072,17.95608
217.5265,-22.91183,5.061104,17.76579,-22.82598,4.948996,17.83942,-22.35176,4.947072,17.95608
217.5446,-22.91324,5.060776,17.76678,-22.82598,4.948996,17.83942,-22.35176,4.947072,17.95608
217.5587,-22.91324,5.060776,17.76678,-22.82598,4.948996,17.83942,-22.35176,4.947072,17.95608
217.5722,-22.91636,5.060685,17.76796,-22.82598,4.948996,17.83942,-22.35176,4.947072,17.95608
217.5859,-22.91792,5.060641,17.76855,-22.82598,4.948996,17.83942,-22.35176,4.947072,17.95608
217.6011,-22.9189,5.060117,17.77063,-22.82598,4.948996,17.83942,-22.35176,4.947072,17.95608
217.617,-22.9189,5.060117,17.77063,-22.82598,4.948996,17.83942,-22.35176,4.947072,17.95608
217.6323,-22.92104,5.060563,17.76973,-22.82598,4.948996,17.83942,-22.35176,4.947072,17.95608
217.648,-22.92358,5.060009,17.7724,-22.82598,4.948996,17.83942,-22.35176,4.947072,17.95608
217.6612,-22.92514,5.059977,17.77299,-22.82598,4.948996,17.83942,-22.35176,4.947072,17.95608
217.6755,-22.92514,5.059977,17.77299,-22.82598,4.948996,17.83942,-22.35176,4.947072,17.95608
217.6871,-22.92456,5.059496,17.77448,-22.82598,4.948996,17.83942,-22.35176,4.947072,17.95608
217.7002,-22.92456,5.059496,17.77448,-22.82598,4.948996,17.83942,-22.35176,4.947072,17.95608
217.7126,-22.92456,5.059496,17.77448,-22.82598,4.948996,17.83942,-22.35176,4.947072,17.95608
217.7236,-22.92612,5.059466,17.77507,-22.82598,4.948996,17.83942,-22.35176,4.947072,17.95608
217.7363,-22.92612,5.059466,17.77507,-22.82598,4.948996,17.83942,-22.35176,4.947072,17.95608
217.7475,-22.92768,5.059438,17.77566,-22.82598,4.948996,17.83942,-22.35176,4.947072,17.95608
217.7602,-22.9271,5.058959,17.77716,-22.82598,4.948996,17.83942,-22.35176,4.947072,17.95608
217.773,-22.9271,5.058959,17.77716,-22.82598,4.948996,17.83942,-22.35176,4.947072,17.95608
217.7839,-22.92924,5.059412,17.77626,-22.82598,4.948996,17.83942,-22.35176,4.947072,17.95608
217.7966,-22.92924,5.059412,17.77626,-22.82598,4.948996,17.83942,-22.35176,4.947072,17.95608
217.8073,-22.93022,5.058909,17.77834,-22.82598,4.948996,17.83942,-22.35176,4.947072,17.95608
217.8224,-22.92924,5.059412,17.77626,-22.82598,4.948996,17.83942,-22.35176,4.947072,17.95608
217.8349,-22.92924,5.059412,17.77626,-22.82598,4.948996,17.83942,-22.35176,4.947072,17.95608
217.8457,-22.9308,5.059388,17.77685,-22.82598,4.948996,17.83942,-22.35176,4.947072,17.95608
217.8582,-22.9308,5.059388,17.77685,-22.82598,4.948996,17.83942,-22.35176,4.947072,17.95608
217.8696,-22.93022,5.058909,17.77834,-22.82598,4.948996,17.83942,-22.35176,4.947072,17.95608
217.8826,-22.93022,5.058909,17.77834,-22.82598,4.948996,17.83942,-22.35176,4.947072,17.95608
217.8975,-22.93022,5.058909,17.77834,-22.82598,4.948996,17.83942,-22.35176,4.947072,17.95608
217.9081,-22.93022,5.058909,17.77834,-22.82598,4.948996,17.83942,-22.35176,4.947072,17.95608
217.921,-22.93235,5.059366,17.77744,-22.82598,4.948996,17.83942,-22.35176,4.947072,17.95608
217.9359,-22.93235,5.059366,17.77744,-22.82598,4.948996,17.83942,-22.35176,4.947072,17.95608
217.9465,-22.93178,5.058886,17.77893,-22.82598,4.948996,17.83942,-22.35176,4.947072,17.95608
217.96,-22.93022,5.058908,17.77834,-22.82598,4.948996,17.83942,-22.35176,4.947072,17.95608
217.975,-22.93022,5.058908,17.77834,-22.82598,4.948996,17.83942,-22.35176,4.947072,17.95608
217.9864,-22.93178,5.058887,17.77893,-22.82598,4.948996,17.83942,-22.35176,4.947072,17.95608
217.9985,-22.93178,5.058887,17.77893,-22.82598,4.948996,17.83942,-22.35176,4.947072,17.95608
218.0088,-22.93235,5.059365,17.77744,-22.82598,4.948996,17.83942,-22.35176,4.947072,17.95608
218.0216,-22.93178,5.058887,17.77893,-22.82598,4.948996,17.83942,-22.35176,4.947072,17.95608
218.0357,-22.93178,5.058887,17.77893,-22.82598,4.948996,17.83942,-22.35176,4.947072,17.95608
218.048,-22.9308,5.059388,17.77685,-22.82598,4.948996,17.83942,-22.35176,4.947072,17.95608
218.0609,-22.9308,5.059388,17.77685,-22.82598,4.948996,17.83942,-22.35176,4.947072,17.95608
218.0735,-22.9308,5.059388,17.77685,-22.82598,4.948996,17.83942,-22.35176,4.947072,17.95608
218.0841,-22.9308,5.059388,17.77685,-22.82598,4.948996,17.83942,-22.35176,4.947072,17.95608
218.0971,-22.9308,5.059388,17.77685,-22.82598,4.948996,17.83942,-22.35176,4.947072,17.95608
218.1081,-22.9308,5.059388,17.77685,-22.82598,4.948996,17.83942,-22.35176,4.947072,17.95608
218.1205,-22.93022,5.058909,17.77834,-22.82598,4.948996,17.83942,-22.35176,4.947072,17.95608
218.1326,-22.93022,5.058909,17.77834,-22.82598,4.948996,17.83942,-22.35176,4.947072,17.95608
218.1456,-22.93022,5.058909,17.77834,-22.82598,4.948996,17.83942,-22.35176,4.947072,17.95608
218.1571,-22.93022,5.058909,17.77834,-22.82598,4.948996,17.83942,-22.35176,4.947072,17.95608
218.1679,-22.9308,5.059388,17.77685,-22.82598,4.948996,17.83942,-22.35176,4.947072,17.95608
218.1823,-22.9308,5.059388,17.77685,-22.82598,4.948996,17.83942,-22.35176,4.947072,17.95608
218.1953,-22.9308,5.059388,17.77685,-22.82598,4.948996,17.83942,-22.35176,4.947072,17.95608
218.2062,-22.93021,5.059388,17.77662,-22.82598,4.948996,17.83942,-22.35176,4.947072,17.95608
218.2192,-22.93021,5.059388,17.77662,-22.82598,4.948996,17.83942,-22.35176,4.947072,17.95608
218.2302,-22.93021,5.059388,17.77662,-22.82598,4.948996,17.83942,-22.35176,4.947072,17.95608
218.2427,-22.93079,5.059869,17.77513,-22.82598,4.948996,17.83942,-22.35176,4.947072,17.95608
218.256,-22.93079,5.059869,17.77513,-22.82598,4.948996,17.83942,-22.35176,4.947072,17.95608
218.2676,-22.93079,5.059869,17.77512,-22.82598,4.948996,17.83942,-22.35176,4.947072,17.95608
218.2807,-22.93079,5.059869,17.77512,-22.82598,4.948996,17.83942,-22.35176,4.947072,17.95608
218.295,-22.93079,5.059869,17.77512,-22.82598,4.948996,17.83942,-22.35176,4.947072,17.95608
218.3064,-22.93079,5.059869,17.77513,-22.82598,4.948996,17.83942,-22.35176,4.947072,17.95608
218.3191,-22.93079,5.059869,17.77513,-22.82598,4.948996,17.83942,-22.35176,4.947072,17.95608
218.3327,-22.93079,5.059869,17.77512,-22.82598,4.948996,17.83942,-22.35176,4.947072,17.95608
218.3521,-22.93234,5.059846,17.77572,-22.82598,4.948996,17.83942,-22.35176,4.947072,17.95608
218.3664,-22.93079,5.059868,17.77512,-22.82598,4.948996,17.83942,-22.35176,4.947072,17.95608
218.3817,-22.93136,5.060352,17.77363,-22.82598,4.948996,17.83942,-22.35176,4.947072,17.95608
218.399,-22.93136,5.060352,17.77363,-22.82598,4.948996,17.83942,-22.35176,4.947072,17.95608
218.4138,-22.93079,5.059869,17.77512,-22.82598,4.948996,17.83942,-22.35176,4.947072,17.95608
218.4288,-22.9298,5.060375,17.77304,-22.82598,4.948996,17.83942,-22.35176,4.947072,17.95608
218.4426,-22.93136,5.060351,17.77363,-22.82598,4.948996,17.83942,-22.35176,4.947072,17.95608
218.4553,-22.93136,5.060351,17.77363,-22.82598,4.948996,17.83942,-22.35176,4.947072,17.95608
218.4669,-22.92922,5.060374,17.7728,-22.82598,4.948996,17.83942,-22.35176,4.947072,17.95608
218.4845,-22.9302,5.059868,17.77489,-22.82598,4.948996,17.83942,-22.35176,4.947072,17.95608
218.4995,-22.9302,5.059868,17.77489,-22.82598,4.948996,17.83942,-22.35176,4.947072,17.95608
218.5112,-22.92961,5.059869,17.77466,-22.82598,4.948996,17.83942,-22.35176,4.947072,17.95608
218.526,-22.93019,5.060351,17.77316,-22.82598,4.948996,17.83942,-22.35176,4.947072,17.95608
218.5426,-22.92903,5.059868,17.77442,-22.82598,4.948996,17.83942,-22.35176,4.947072,17.95608
218.5592,-22.92903,5.059868,17.77442,-22.82598,4.948996,17.83942,-22.35176,4.947072,17.95608
218.5722,-22.92805,5.060376,17.77233,-22.82598,4.948996,17.83942,-22.35176,4.947072,17.95608
218.5881,-22.92903,5.059869,17.77442,-22.82598,4.948996,17.83942,-22.35176,4.947072,17.95608
218.6038,-22.92688,5.059893,17.77359,-22.82598,4.948996,17.83942,-22.35176,4.947072,17.95608
218.6171,-22.92688,5.059893,17.77359,-22.82598,4.948996,17.83942,-22.35176,4.947072,17.95608
218.6346,-22.92844,5.059869,17.77419,-22.82598,4.948996,17.83942,-22.35176,4.947072,17.95608
218.6489,-22.92673,5.059614,17.77399,-22.82598,4.948996,17.83942,-22.35176,4.947072,17.95608
218.6617,-22.92673,5.059614,17.77399,-22.82598,4.948996,17.83942,-22.35176,4.947072,17.95608
218.6742,-22.92673,5.059614,17.77399,-22.82598,4.948996,17.83942,-22.35176,4.947072,17.95608
218.6844,-22.92731,5.060096,17.7725,-22.82598,4.948996,17.83942,-22.35176,4.947072,17.95608
218.6967,-22.92731,5.060096,17.7725,-22.82598,4.948996,17.83942,-22.35176,4.947072,17.95608
218.708,-22.92501,5.059359,17.7738,-22.82598,4.948996,17.83942,-22.35176,4.947072,17.95608
218.7205,-22.92501,5.05936,17.7738,-22.82598,4.948996,17.83942,-22.35176,4.947072,17.95608
218.7322,-22.92501,5.05936,17.7738,-22.82598,4.948996,17.83942,-22.35176,4.947072,17.95608
218.7441,-22.92501,5.05936,17.7738,-22.82598,4.948996,17.83942,-22.35176,4.947072,17.95608
218.7609,-22.92501,5.05936,17.7738,-22.82598,4.948996,17.83942,-22.35176,4.947072,17.95608
218.7767,-22.92501,5.05936,17.7738,-22.82598,4.948996,17.83942,-22.35176,4.947072,17.95608
218.7879,-22.92501,5.05936,17.7738,-22.82598,4.948996,17.83942,-22.35176,4.947072,17.95608
218.8012,-22.92501,5.05936,17.7738,-22.82598,4.948996,17.83942,-22.35176,4.947072,17.95608
218.8141,-22.92501,5.05936,17.7738,-22.82598,4.948996,17.83942,-22.35176,4.947072,17.95608
218.8277,-22.92486,5.05908,17.77421,-22.82598,4.948996,17.83942,-22.35176,4.947072,17.95608
218.8409,-22.92486,5.05908,17.77421,-22.82598,4.948996,17.83942,-22.35176,4.947072,17.95608
218.8545,-22.92486,5.05908,17.77421,-22.82598,4.948996,17.83942,-22.35176,4.947072,17.95608
218.866,-22.92486,5.05908,17.77421,-22.82598,4.948996,17.83942,-22.35176,4.947072,17.95608
218.8889,-22.92486,5.05908,17.77421,-22.82598,4.948996,17.83942,-22.35176,4.947072,17.95608
218.9028,-22.92509,5.058733,17.77362,-22.82598,4.948996,17.83942,-22.35176,4.947072,17.95608
218.9162,-22.92509,5.058733,17.77362,-22.82598,4.948996,17.83942,-22.35176,4.947072,17.95608
218.9274,-22.92353,5.058762,17.77302,-22.82598,4.948996,17.83942,-22.35176,4.947072,17.95608
218.9422,-22.92353,5.058762,17.77302,-22.82598,4.948996,17.83942,-22.35176,4.947072,17.95608
218.9554,-22.92353,5.058762,17.77302,-22.93325,4.952486,17.74236,-22.35176,4.947072,17.95608
218.9667,-22.92353,5.058762,17.77302,-22.93325,4.952486,17.74236,-22.35176,4.947072,17.95608
218.98,-22.92353,5.058762,17.77302,-22.93325,4.952486,17.74236,-22.35176,4.947072,17.95608
218.9921,-22.92411,5.059245,17.77153,-22.93325,4.952486,17.74236,-22.35176,4.947072,17.95608
219.006,-22.92411,5.059245,17.77153,-22.93388,4.953011,17.74075,-22.35176,4.947072,17.95608
219.0194,-22.92411,5.059245,17.77153,-22.93388,4.953011,17.74075,-22.35176,4.947072,17.95608
219.0307,-22.92255,5.059275,17.77094,-22.93388,4.953011,17.74075,-22.35176,4.947072,17.95608
219.0459,-22.92353,5.058762,17.77302,-22.93238,4.950882,17.73948,-22.35176,4.947072,17.95608
219.0599,-22.92353,5.058762,17.77302,-22.93325,4.952486,17.74236,-22.35176,4.947072,17.95608
219.0715,-22.92255,5.059275,17.77094,-22.93325,4.952486,17.74236,-22.35176,4.947072,17.95608
219.0868,-22.92099,5.059308,17.77034,-22.93238,4.950882,17.73948,-22.35176,4.947072,17.95608
219.1007,-22.92099,5.059307,17.77034,-22.93189,4.937548,17.73494,-22.35176,4.947072,17.95608
219.1191,-22.92099,5.059307,17.77034,-22.93189,4.937548,17.73494,-22.35176,4.947072,17.95608
219.1328,-22.92099,5.059308,17.77034,-22.93189,4.937548,17.73494,-22.35176,4.947072,17.95608
219.1474,-22.91943,5.059341,17.76975,-22.93189,4.937548,17.73494,-22.35176,4.947072,17.95608
219.1614,-22.91885,5.059342,17.76951,-22.9302,4.937433,17.73425,-22.35176,4.947072,17.95608
219.1769,-22.91885,5.059342,17.76951,-22.92963,4.937393,17.734,-22.35176,4.947072,17.95608
219.19,-22.91885,5.059342,17.76951,-22.92963,4.937393,17.734,-22.35176,4.947072,17.95608
219.206,-22.91885,5.059342,17.76951,-22.92963,4.937393,17.734,-22.35176,4.947072,17.95608
219.2215,-22.91729,5.059378,17.76892,-22.92963,4.937393,17.734,-22.35176,4.947072,17.95608
219.2386,-22.91729,5.059378,17.76892,-22.92794,4.937278,17.7333,-22.35176,4.947072,17.95608
219.2528,-22.91613,5.058894,17.77017,-22.92794,4.937278,17.7333,-22.35176,4.947072,17.95608
219.2657,-22.91671,5.059377,17.76868,-22.92667,4.937502,17.73492,-22.35176,4.947072,17.95608
219.2805,-22.91457,5.058933,17.76957,-22.92737,4.937237,17.73306,-22.35176,4.947072,17.95608
219.2939,-22.91457,5.058933,17.76957,-22.92497,4.937385,17.73422,-22.35176,4.947072,17.95608
219.3057,-22.91464,5.058306,17.76938,-22.92497,4.937385,17.73422,-22.35176,4.947072,17.95608
219.3211,-22.91464,5.058305,17.76938,-22.92501,4.937377,17.73417,-22.35176,4.947072,17.95608
219.3336,-22.91464,5.058305,17.76938,-22.92501,4.937377,17.73417,-22.35176,4.947072,17.95608
219.3445,-22.91449,5.058025,17.76979,-22.92501,4.937377,17.73417,-22.35176,4.947072,17.95608
219.3575,-22.91449,5.058025,17.76979,-22.92482,4.93745,17.73467,-22.35176,4.947072,17.95608
219.3695,-22.91449,5.058026,17.76979,-22.92482,4.93745,17.73467,-22.35176,4.947072,17.95608
219.3826,-22.91391,5.057545,17.77128,-22.92482,4.937449,17.73467,-22.35176,4.947072,17.95608
219.3962,-22.91391,5.057545,17.77128,-22.92336,4.9466,17.73911,-22.35176,4.947072,17.95608
219.4075,-22.91235,5.057585,17.77068,-22.92336,4.9466,17.73911,-22.35176,4.947072,17.95608
219.4211,-22.91235,5.057585,17.77068,-22.92169,4.94634,17.73838,-22.35176,4.947072,17.95608
219.4337,-22.91235,5.057585,17.77068,-22.92169,4.94634,17.73838,-22.35176,4.947072,17.95608
219.4451,-22.91391,5.057544,17.77128,-22.92169,4.94634,17.73838,-22.35176,4.947072,17.95608
219.4594,-22.91391,5.057544,17.77128,-22.92336,4.9466,17.73911,-22.35176,4.947072,17.95608
219.4726,-22.91177,5.057105,17.77217,-22.92336,4.9466,17.73911,-22.35176,4.947072,17.95608
219.4871,-22.91177,5.057105,17.77217,-22.92171,4.937995,17.73774,-22.35176,4.947072,17.95608
219.5033,-22.91177,5.057105,17.77217,-22.92171,4.937995,17.73774,-22.35176,4.947072,17.95608
219.5178,-22.91177,5.057105,17.77217,-22.92171,4.937995,17.73774,-22.35176,4.947072,17.95608
219.5293,-22.91119,5.056626,17.77366,-22.92171,4.937995,17.73774,-22.35176,4.947072,17.95608
219.5439,-22.91061,5.056149,17.77516,-22.92101,4.938341,17.73962,-22.35176,4.947072,17.95608
219.5578,-22.91061,5.056149,17.77516,-22.9203,4.938686,17.7415,-22.35176,4.947072,17.95608
219.5712,-22.91026,5.055327,17.77605,-22.9203,4.938686,17.7415,-22.35176,4.947072,17.95608
219.5866,-22.90968,5.054854,17.77754,-22.91982,4.938925,17.74281,-22.35176,4.947072,17.95608
219.6017,-22.9091,5.054383,17.77904,-22.91912,4.93927,17.74468,-22.35176,4.947072,17.95608
219.6157,-22.9091,5.054383,17.77904,-22.91841,4.939613,17.74656,-22.35176,4.947072,17.95608
219.6312,-22.9091,5.054383,17.77904,-22.91841,4.939613,17.74656,-22.35176,4.947072,17.95608
219.6465,-22.9091,5.054383,17.77904,-22.91841,4.939613,17.74656,-22.35176,4.947072,17.95608
219.6615,-22.90969,5.054382,17.77928,-22.91841,4.939613,17.74656,-22.35176,4.947072,17.95608
219.6751,-22.90969,5.054382,17.77928,-22.91899,4.939642,17.7468,-22.35176,4.947072,17.95608
219.6891,-22.91027,5.054383,17.77952,-22.91899,4.939642,17.7468,-22.35176,4.947072,17.95608
219.7027,-22.91125,5.053874,17.78161,-22.91956,4.93967,17.74705,-22.35176,4.947072,17.95608
219.7152,-22.91125,5.053874,17.78161,-22.92055,4.940088,17.7496,-22.35176,4.947072,17.95608
219.7268,-22.91067,5.053408,17.7831,-22.92055,4.940088,17.7496,-22.35176,4.947072,17.95608
219.7402,-22.90911,5.053448,17.78251,-22.91984,4.940432,17.75147,-22.35176,4.947072,17.95608
219.754,-22.90911,5.053448,17.78251,-22.91815,4.940357,17.75079,-22.35176,4.947072,17.95608
219.7666,-22.90911,5.053449,17.78251,-22.91815,4.940357,17.75079,-22.35176,4.947072,17.95608
219.7796,-22.90911,5.053449,17.78251,-22.91815,4.940357,17.75079,-22.35176,4.947072,17.95608
219.7918,-22.90911,5.053448,17.78251,-22.91815,4.940357,17.75079,-22.35176,4.947072,17.95608
219.8051,-22.90911,5.053449,17.78251,-22.91815,4.940357,17.75079,-22.35176,4.947072,17.95608
219.8186,-22.90911,5.053449,17.78251,-22.91815,4.940357,17.75079,-22.35176,4.947072,17.95608
219.8298,-22.91067,5.053408,17.7831,-22.91815,4.940357,17.75079,-22.35176,4.947072,17.95608
219.8444,-22.90969,5.053915,17.78102,-22.91984,4.940432,17.75147,-22.35176,4.947072,17.95608
219.8576,-22.90969,5.053915,17.78102,-22.91885,4.940013,17.74892,-22.35176,4.947072,17.95608
219.8716,-22.91067,5.053408,17.7831,-22.91885,4.940013,17.74892,-22.35176,4.947072,17.95608
219.8855,-22.91067,5.053408,17.7831,-22.91984,4.940432,17.75147,-22.35176,4.947072,17.95608
219.899,-22.91067,5.053408,17.7831,-22.91984,4.940432,17.75147,-22.35176,4.947072,17.95608
219.9106,-22.91125,5.053875,17.78161,-22.91984,4.940432,17.75147,-22.35176,4.947072,17.95608
219.9234,-22.91125,5.053875,17.78161,-22.92055,4.940088,17.7496,-22.35176,4.947072,17.95608
219.937,-22.91125,5.053875,17.78161,-22.92055,4.940088,17.7496,-22.35176,4.947072,17.95608
219.9486,-22.91183,5.054344,17.78011,-22.92055,4.940088,17.7496,-22.35176,4.947072,17.95608
219.962,-22.91183,5.054344,17.78011,-22.92125,4.939744,17.74773,-22.35176,4.947072,17.95608
219.9767,-22.91183,5.054344,17.78011,-22.92125,4.939744,17.74773,-22.35176,4.947072,17.95608
219.9907,-22.91241,5.054813,17.77862,-22.92125,4.939744,17.74773,-22.35176,4.947072,17.95608
220.0074,-22.91241,5.054813,17.77862,-22.92195,4.939401,17.74586,-22.35176,4.947072,17.95608
220.0243,-22.91299,5.055286,17.77713,-22.92195,4.939401,17.74586,-22.35176,4.947072,17.95608
220.039,-22.91299,5.055286,17.77713,-22.92266,4.939056,17.74398,-22.35176,4.947072,17.95608
220.0531,-22.91299,5.055286,17.77713,-22.92266,4.939056,17.74398,-22.35176,4.947072,17.95608
220.073,-22.91143,5.055327,17.77654,-22.92266,4.939056,17.74398,-22.35176,4.947072,17.95608
220.0882,-22.91299,5.055286,17.77713,-22.92096,4.938982,17.7433,-22.35176,4.947072,17.95608
220.1038,-22.91202,5.055327,17.77678,-22.92266,4.939056,17.74398,-22.35176,4.947072,17.95608
220.1191,-22.91202,5.055327,17.77678,-22.92153,4.93901,17.74355,-22.35176,4.947072,17.95608
220.132,-22.91416,5.055761,17.77588,-22.92153,4.93901,17.74355,-22.35176,4.947072,17.95608
220.1466,-22.9126,5.055801,17.77529,-22.92393,4.938746,17.74235,-22.35176,4.947072,17.95608
220.1602,-22.91416,5.055761,17.77588,-22.92224,4.938665,17.74167,-22.35176,4.947072,17.95608
220.1744,-22.91416,5.055761,17.77588,-22.92393,4.938746,17.74235,-22.35176,4.947072,17.95608
220.1871,-22.91416,5.055761,17.77588,-22.92393,4.938746,17.74235,-22.35176,4.947072,17.95608
220.2033,-22.91473,5.056238,17.77439,-22.92393,4.938746,17.74235,-22.35176,4.947072,17.95608
220.2177,-22.91473,5.056238,17.77439,-22.92463,4.938423,17.74048,-22.35176,4.947072,17.95608
220.2299,-22.91532,5.056237,17.77463,-22.92463,4.938423,17.74048,-22.35176,4.947072,17.95608
220.2501,-22.9149,5.056042,17.77571,-22.9252,4.93847,17.74073,-22.35176,4.947072,17.95608
220.2652,-22.91646,5.056004,17.77631,-22.92469,4.938705,17.74209,-22.35176,4.947072,17.95608
220.2802,-22.91704,5.05648,17.77481,-22.92638,4.938836,17.74279,-22.35176,4.947072,17.95608
220.2955,-22.91704,5.05648,17.77481,-22.92638,4.946719,17.74327,-22.35176,4.947072,17.95608
220.3081,-22.91762,5.05648,17.77505,-22.92638,4.946719,17.74327,-22.35176,4.947072,17.95608
220.3232,-22.91977,5.056443,17.77588,-22.92694,4.946928,17.74356,-22.35176,4.947072,17.95608
220.3377,-22.91977,5.056443,17.77588,-22.92918,4.947184,17.74453,-22.35176,4.947072,17.95608
220.3505,-22.92075,5.055933,17.77797,-22.92918,4.947184,17.74453,-22.35176,4.947072,17.95608
220.3657,-22.92133,5.056409,17.77648,-22.93019,4.947314,17.74699,-22.35176,4.947072,17.95608
220.3811,-22.92289,5.056376,17.77707,-22.9316,4.938868,17.7428,-22.35176,4.947072,17.95608
220.3963,-22.92289,5.056376,17.77707,-22.93329,4.938999,17.7435,-22.35176,4.947072,17.95608
220.4087,-22.92133,5.056409,17.77648,-22.93329,4.938999,17.7435,-22.35176,4.947072,17.95608
220.4226,-22.92289,5.056377,17.77707,-22.9316,4.938868,17.7428,-22.35176,4.947072,17.95608
220.4372,-22.92289,5.056377,17.77707,-22.93329,4.938998,17.7435,-22.35176,4.947072,17.95608
220.4491,-22.92231,5.0559,17.77856,-22.93329,4.938998,17.7435,-22.35176,4.947072,17.95608
220.4644,-22.92289,5.056376,17.77707,-22.93186,4.947599,17.74772,-22.35176,4.947072,17.95608
220.4811,-22.92444,5.056346,17.77766,-22.93329,4.938999,17.7435,-22.35176,4.947072,17.95608
220.4971,-22.92444,5.056346,17.77766,-22.93498,4.939129,17.74419,-22.35176,4.947072,17.95608
220.509,-22.92289,5.056376,17.77707,-22.93498,4.939129,17.74419,-22.35176,4.947072,17.95608
220.5229,-22.92346,5.056854,17.77558,-22.93329,4.938999,17.7435,-22.35176,4.947072,17.95608
220.5376,-22.92346,5.056854,17.77558,-22.93299,4.949881,17.74484,-22.35176,4.947072,17.95608
220.5524,-22.92346,5.056855,17.77558,-22.93299,4.949881,17.74484,-22.35176,4.947072,17.95608
220.5685,-22.92288,5.056855,17.77534,-22.933,4.94983,17.74483,-22.35176,4.947072,17.95608
220.5841,-22.92443,5.056825,17.77593,-22.9325,4.94902,17.74436,-22.35176,4.947072,17.95608
220.5987,-22.92443,5.056825,17.77593,-22.93405,4.950474,17.74543,-22.35176,4.947072,17.95608
220.6127,-22.92501,5.057307,17.77444,-22.93405,4.950474,17.74543,-22.35176,4.947072,17.95608
220.6347,-22.92501,5.057307,17.77444,-22.93455,4.952423,17.74422,-22.35176,4.947072,17.95608
220.6508,-22.92559,5.057789,17.77295,-22.93455,4.952423,17.74422,-22.35176,4.947072,17.95608
220.6668,-22.92536,5.058135,17.77354,-22.93455,4.952423,17.74422,-22.35176,4.947072,17.95608
220.6862,-22.92513,5.058482,17.77414,-22.93455,4.952423,17.74422,-22.35176,4.947072,17.95608
220.701,-22.92548,5.059309,17.77324,-22.93455,4.952423,17.74422,-22.35176,4.947072,17.95608
220.7169,-22.92548,5.059309,17.77324,-22.93455,4.952423,17.74422,-22.35176,4.947072,17.95608
220.7298,-22.92525,5.059656,17.77383,-22.93455,4.952423,17.74422,-22.35176,4.947072,17.95608
220.7437,-22.92583,5.060141,17.77234,-22.93455,4.952423,17.74422,-22.35176,4.947072,17.95608
220.7561,-22.92583,5.060141,17.77234,-22.93455,4.952423,17.74422,-22.35176,4.947072,17.95608
220.7681,-22.92583,5.060141,17.77234,-22.93455,4.952423,17.74422,-22.35176,4.947072,17.95608
220.7813,-22.92583,5.060141,17.77234,-22.93455,4.952423,17.74422,-22.35176,4.947072,17.95608
220.7949,-22.92583,5.060141,17.77234,-22.93455,4.952423,17.74422,-22.35176,4.947072,17.95608
220.8062,-22.9264,5.060628,17.77085,-22.93455,4.952423,17.74422,-22.35176,4.947072,17.95608
220.8197,-22.9264,5.060628,17.77085,-22.93455,4.952423,17.74422,-22.35176,4.947072,17.95608
220.8305,-22.92641,5.060141,17.77258,-22.93455,4.952423,17.74422,-22.35176,4.947072,17.95608
220.8433,-22.92698,5.060627,17.77109,-22.93455,4.952423,17.74422,-22.35176,4.947072,17.95608
220.8568,-22.92698,5.060627,17.77109,-22.93455,4.952423,17.74422,-22.35176,4.947072,17.95608
220.8677,-22.92698,5.060627,17.77109,-22.93455,4.952423,17.74422,-22.35176,4.947072,17.95608
220.8823,-22.92698,5.060627,17.77109,-22.93455,4.952423,17.74422,-22.35176,4.947072,17.95608
220.8967,-22.92698,5.060627,17.77109,-22.93455,4.952423,17.74422,-22.35176,4.947072,17.95608
220.9086,-22.92717,5.061146,17.76948,-22.93455,4.952423,17.74422,-22.35176,4.947072,17.95608
220.9224,-22.92874,5.060627,17.77179,-22.93455,4.952423,17.74422,-22.35176,4.947072,17.95608
220.9356,-22.92874,5.060627,17.77179,-22.93455,4.952423,17.74422,-22.35176,4.947072,17.95608
220.9478,-22.93108,5.060627,17.77273,-22.93455,4.952423,17.74422,-22.35176,4.947072,17.95608
220.9611,-22.93227,5.060141,17.77492,-22.93455,4.952423,17.74422,-22.35176,4.947072,17.95608
220.9737,-22.93227,5.060141,17.77492,-22.93455,4.952423,17.74422,-22.35176,4.947072,17.95608
220.9855,-22.93585,5.0588,17.77906,-22.93455,4.952423,17.74422,-22.35176,4.947072,17.95608
220.9982,-22.93585,5.0588,17.77906,-22.93455,4.952423,17.74422,-22.35176,4.947072,17.95608
221.0091,-22.94161,5.057442,17.78401,-22.93455,4.952423,17.74422,-22.35176,4.947072,17.95608
221.0226,-22.94382,5.056468,17.78827,-22.93455,4.952423,17.74422,-22.35176,4.947072,17.95608
221.0356,-22.94382,5.056468,17.78827,-22.93455,4.952423,17.74422,-22.35176,4.947072,17.95608
221.0474,-22.94845,5.055033,17.79517,-22.93455,4.952423,17.74422,-22.35176,4.947072,17.95608
221.0634,-22.95401,5.054533,17.79895,-22.93455,4.952423,17.74422,-22.35176,4.947072,17.95608
221.0765,-22.95401,5.054533,17.79895,-22.93455,4.952423,17.74422,-22.35176,4.947072,17.95608
221.0908,-22.9594,5.053871,17.80391,-22.93455,4.952423,17.74422,-22.35176,4.947072,17.95608
221.1041,-22.96239,5.053871,17.80501,-22.93455,4.952423,17.74422,-22.35176,4.947072,17.95608
221.1175,-22.96239,5.053871,17.80501,-22.93455,4.952423,17.74422,-22.35176,4.947072,17.95608
221.1281,-22.96821,5.053398,17.80884,-22.93455,4.952423,17.74422,-22.35176,4.947072,17.95608
221.1411,-22.97333,5.05385,17.80898,-22.93455,4.952423,17.74422,-22.35176,4.947072,17.95608
221.1559,-22.97333,5.05385,17.80898,-22.93455,4.952423,17.74422,-22.35176,4.947072,17.95608
221.1698,-22.98189,5.055504,17.80963,-22.93455,4.952423,17.74422,-22.35176,4.947072,17.95608
221.1829,-22.9857,5.056527,17.80836,-22.93455,4.952423,17.74422,-22.35176,4.947072,17.95608
221.1964,-22.9857,5.056527,17.80836,-22.93455,4.952423,17.74422,-22.35176,4.947072,17.95608
221.208,-22.99325,5.057831,17.80792,-22.93455,4.952423,17.74422,-22.35176,4.947072,17.95608
221.2212,-22.99653,5.058387,17.80813,-22.93455,4.952423,17.74422,-22.35176,4.947072,17.95608
221.2364,-22.99653,5.058387,17.80813,-22.93455,4.952423,17.74422,-22.35176,4.947072,17.95608
221.2492,-23.00577,5.05996,17.80775,-22.93455,4.952423,17.74422,-22.35176,4.947072,17.95608
221.263,-23.01049,5.060232,17.80888,-22.93455,4.952423,17.74422,-22.35176,4.947072,17.95608
221.2759,-23.01049,5.060232,17.80888,-22.93455,4.952423,17.74422,-22.35176,4.947072,17.95608
221.2892,-23.01923,5.061337,17.80994,-22.93455,4.952423,17.74422,-22.35176,4.947072,17.95608
221.3048,-23.02371,5.06189,17.81048,-22.93455,4.952423,17.74422,-22.35176,4.947072,17.95608
221.3185,-23.02371,5.06189,17.81048,-22.93455,4.952423,17.74422,-22.35176,4.947072,17.95608
221.3307,-23.03351,5.062716,17.81227,-22.93455,4.952423,17.74422,-22.35176,4.947072,17.95608
221.3476,-23.03786,5.062992,17.81318,-22.93455,4.952423,17.74422,-22.35176,4.947072,17.95608
221.3616,-23.04207,5.062992,17.81451,-22.93455,4.952423,17.74422,-22.35176,4.947072,17.95608
221.3754,-23.04207,5.062992,17.81451,-22.93455,4.952423,17.74422,-22.35176,4.947072,17.95608
221.3867,-23.04903,5.060186,17.81903,-22.93455,4.952423,17.74422,-22.35176,4.947072,17.95608
221.399,-23.04903,5.060186,17.81903,-22.93455,4.952423,17.74422,-22.35176,4.947072,17.95608
221.4109,-23.05778,5.055398,17.8177,-22.93455,4.952423,17.74422,-22.35176,4.947072,17.95608
221.4238,-23.06067,5.052436,17.81903,-22.93455,4.952423,17.74422,-22.35176,4.947072,17.95608
221.4372,-23.06067,5.052436,17.81903,-22.93455,4.952423,17.74422,-22.35176,4.947072,17.95608
221.4506,-23.06963,5.04824,17.82134,-22.93455,4.952423,17.74422,-22.35176,4.947072,17.95608
221.4635,-23.07416,5.046495,17.81931,-22.93455,4.952423,17.74422,-22.35176,4.947072,17.95608
221.4764,-23.07416,5.046495,17.81931,-22.93455,4.952423,17.74422,-22.35176,4.947072,17.95608
221.4924,-23.0833,5.041959,17.82091,-22.93455,4.952423,17.74422,-22.35176,4.947072,17.95608
221.5066,-23.08754,5.039279,17.82207,-22.93455,4.952423,17.74422,-22.35176,4.947072,17.95608
221.52,-23.09162,5.037071,17.82152,-22.93455,4.952423,17.74422,-22.35176,4.947072,17.95608
221.5326,-23.09162,5.037071,17.82152,-22.93455,4.952423,17.74422,-22.35176,4.947072,17.95608
221.5442,-23.09938,5.033017,17.82094,-22.93455,4.952423,17.74422,-22.35176,4.947072,17.95608
221.5568,-23.09938,5.033017,17.82094,-22.93455,4.952423,17.74422,-22.35176,4.947072,17.95608
221.5678,-23.10616,5.03055,17.82153,-22.93455,4.952423,17.74422,-22.35176,4.947072,17.95608
221.5822,-23.10892,5.02986,17.82092,-22.93455,4.952423,17.74422,-22.35176,4.947072,17.95608
221.5981,-23.10892,5.02986,17.82092,-22.93455,4.952423,17.74422,-22.35176,4.947072,17.95608
221.6167,-23.11671,5.027682,17.82167,-22.93455,4.952423,17.74422,-22.35176,4.947072,17.95608
221.6295,-23.1194,5.027559,17.82051,-22.93455,4.952423,17.74422,-22.35176,4.947072,17.95608
221.6429,-23.12109,5.026822,17.82307,-22.93455,4.952423,17.74422,-22.35176,4.947072,17.95608
221.6558,-23.12109,5.026822,17.82307,-22.93455,4.952423,17.74422,-22.35176,4.947072,17.95608
221.669,-23.1211,5.027282,17.8214,-22.93455,4.952423,17.74422,-22.35176,4.947072,17.95608
221.6819,-23.12315,5.027644,17.82262,-22.93455,4.952423,17.74422,-22.35176,4.947072,17.95608
221.6981,-23.12315,5.027644,17.82262,-22.93455,4.952423,17.74422,-22.35176,4.947072,17.95608
221.7096,-23.1235,5.029855,17.82861,-22.93455,4.952423,17.74422,-22.35176,4.947072,17.95608
221.7224,-23.12325,5.031712,17.82956,-22.93455,4.952423,17.74422,-22.35176,4.947072,17.95608
221.7355,-23.12325,5.031712,17.82956,-22.93455,4.952423,17.74422,-22.35176,4.947072,17.95608
221.7487,-23.12249,5.034611,17.8324,-22.93455,4.952423,17.74422,-22.35176,4.947072,17.95608
221.7618,-23.12257,5.035776,17.8321,-22.93455,4.952423,17.74422,-22.35176,4.947072,17.95608
221.7745,-23.12257,5.035776,17.8321,-22.93455,4.952423,17.74422,-22.35176,4.947072,17.95608
221.7856,-23.12153,5.038561,17.82952,-22.93455,4.952423,17.74422,-22.35176,4.947072,17.95608
221.7976,-23.12153,5.038561,17.82952,-22.93455,4.952423,17.74422,-22.35176,4.947072,17.95608
221.8103,-23.12109,5.041355,17.8271,-22.93455,4.952423,17.74422,-22.35176,4.947072,17.95608
221.8248,-23.12178,5.042525,17.82696,-22.93455,4.952423,17.74422,-22.35176,4.947072,17.95608
221.8368,-23.12178,5.042525,17.82696,-22.93455,4.952423,17.74422,-22.35176,4.947072,17.95608
221.8473,-23.12032,5.043418,17.83088,-22.93455,4.952423,17.74422,-22.35176,4.947072,17.95608
221.8608,-23.11882,5.044446,17.83247,-22.93455,4.952423,17.74422,-22.35176,4.947072,17.95608
221.8731,-23.11882,5.044446,17.83247,-22.93455,4.952423,17.74422,-22.35176,4.947072,17.95608
221.8835,-23.11498,5.0457,17.83643,-22.93455,4.952423,17.74422,-22.35176,4.947072,17.95608
221.8975,-23.11498,5.0457,17.83643,-22.93455,4.952423,17.74422,-22.35176,4.947072,17.95608
221.9082,-23.11406,5.048667,17.84336,-22.93455,4.952423,17.74422,-22.35176,4.947072,17.95608
221.9214,-23.11431,5.050788,17.8474,-22.93455,4.952423,17.74422,-22.35176,4.947072,17.95608
221.934,-23.11431,5.050788,17.8474,-22.93455,4.952423,17.74422,-22.35176,4.947072,17.95608
221.9463,-23.11149,5.05533,17.85414,-22.93455,4.952423,17.74422,-22.35176,4.947072,17.95608
221.9607,-23.10918,5.057393,17.85639,-22.93455,4.952423,17.74422,-22.35176,4.947072,17.95608
221.9764,-23.10918,5.057393,17.85639,-22.93455,4.952423,17.74422,-22.35176,4.947072,17.95608
221.9911,-23.10475,5.059936,17.85607,-22.93455,4.952423,17.74422,-22.35176,4.947072,17.95608
222.0038,-23.10365,5.06066,17.85368,-22.93455,4.952423,17.74422,-22.35176,4.947072,17.95608
222.0222,-23.10115,5.060952,17.85258,-22.93455,4.952423,17.74422,-22.35176,4.947072,17.95608
222.0361,-23.10115,5.060952,17.85258,-22.93455,4.952423,17.74422,-22.35176,4.947072,17.95608
222.0472,-23.10115,5.060952,17.85258,-22.93455,4.952423,17.74422,-22.35176,4.947072,17.95608
222.0626,-23.0977,5.059644,17.85667,-22.93455,4.952423,17.74422,-22.35176,4.947072,17.95608
222.0761,-23.0977,5.059644,17.85667,-22.93455,4.952423,17.74422,-22.35176,4.947072,17.95608
222.0882,-23.09641,5.058736,17.86165,-22.93455,4.952423,17.74422,-22.35176,4.947072,17.95608
222.1032,-23.09442,5.058021,17.86524,-22.93455,4.952423,17.74422,-22.35176,4.947072,17.95608
222.118,-23.09442,5.058021,17.86524,-22.93455,4.952423,17.74422,-22.35176,4.947072,17.95608
222.1291,-23.09375,5.058129,17.86781,-22.93455,4.952423,17.74422,-22.35176,4.947072,17.95608
222.1423,-23.09356,5.058261,17.86853,-22.93455,4.952423,17.74422,-22.35176,4.947072,17.95608
222.1555,-23.09356,5.058261,17.86853,-22.93455,4.952423,17.74422,-22.35176,4.947072,17.95608
222.1658,-23.0936,5.058938,17.86839,-22.93455,4.952423,17.74422,-22.35176,4.947072,17.95608
222.1795,-23.0936,5.058938,17.86839,-22.93455,4.952423,17.74422,-22.35176,4.947072,17.95608
222.19,-23.0919,5.059359,17.86827,-22.93455,4.952423,17.74422,-22.35176,4.947072,17.95608
222.2026,-23.09311,5.058933,17.87025,-22.93455,4.952423,17.74422,-22.35176,4.947072,17.95608
222.216,-23.09311,5.058933,17.87025,-22.93455,4.952423,17.74422,-22.35176,4.947072,17.95608
222.2267,-23.09374,5.059886,17.86783,-22.93455,4.952423,17.74422,-22.35176,4.947072,17.95608
222.2395,-23.09374,5.059886,17.86783,-22.93455,4.952423,17.74422,-22.35176,4.947072,17.95608
222.2513,-23.09183,5.059762,17.86856,-22.93455,4.952423,17.74422,-22.35176,4.947072,17.95608
222.2659,-23.09164,5.058951,17.87186,-22.93455,4.952423,17.74422,-22.35176,4.947072,17.95608
222.28,-23.09164,5.058951,17.87186,-22.93455,4.952423,17.74422,-22.35176,4.947072,17.95608
222.2901,-23.09083,5.058147,17.875,-22.93455,4.952423,17.74422,-22.35176,4.947072,17.95608
222.3023,-23.09043,5.057748,17.87657,-22.93455,4.952423,17.74422,-22.35176,4.947072,17.95608
222.3145,-23.09043,5.057748,17.87657,-22.93455,4.952423,17.74422,-22.35176,4.947072,17.95608
222.3256,-23.09051,5.056853,17.87883,-22.93455,4.952423,17.74422,-22.35176,4.947072,17.95608
222.3378,-23.09051,5.056853,17.87883,-22.93455,4.952423,17.74422,-22.35176,4.947072,17.95608
222.3482,-23.09107,5.05634,17.88188,-22.93455,4.952423,17.74422,-22.35176,4.947072,17.95608
222.361,-23.09192,5.05688,17.8812,-22.93455,4.952423,17.74422,-22.35176,4.947072,17.95608
222.3761,-23.09192,5.05688,17.8812,-22.93455,4.952423,17.74422,-22.35176,4.947072,17.95608
222.3897,-23.09303,5.057724,17.88212,-22.93455,4.952423,17.74422,-22.35176,4.947072,17.95608
222.4025,-23.09365,5.058649,17.8797,-22.93455,4.952423,17.74422,-22.35176,4.947072,17.95608
222.4141,-23.09365,5.058649,17.8797,-22.93455,4.952423,17.74422,-22.35176,4.947072,17.95608
222.4265,-23.09281,5.059216,17.87623,-22.93455,4.952423,17.74422,-22.35176,4.947072,17.95608
222.4412,-23.09333,5.059878,17.87424,-22.93455,4.952423,17.74422,-22.35176,4.947072,17.95608
222.4538,-23.09333,5.059878,17.87424,-22.93455,4.952423,17.74422,-22.35176,4.947072,17.95608
222.4645,-23.09391,5.061066,17.86936,-22.93455,4.952423,17.74422,-22.35176,4.947072,17.95608
222.4767,-23.09391,5.061066,17.86936,-22.93455,4.952423,17.74422,-22.35176,4.947072,17.95608
222.4899,-23.09482,5.062137,17.86579,-22.93455,4.952423,17.74422,-22.35176,4.947072,17.95608
222.5026,-23.09343,5.062692,17.86453,-22.93455,4.952423,17.74422,-22.35176,4.947072,17.95608
222.5163,-23.09343,5.062692,17.86453,-22.93455,4.952423,17.74422,-22.35176,4.947072,17.95608
222.5285,-23.08599,5.065363,17.85732,-22.93455,4.952423,17.74422,-22.35176,4.947072,17.95608
222.5406,-23.0832,5.066495,17.85479,-22.93455,4.952423,17.74422,-22.35176,4.947072,17.95608
222.5539,-23.0832,5.066495,17.85479,-22.93455,4.952423,17.74422,-22.35176,4.947072,17.95608
222.5669,-23.07644,5.069392,17.84859,-22.93455,4.952423,17.74422,-22.35176,4.947072,17.95608
222.5792,-23.07644,5.069392,17.84859,-22.93455,4.952423,17.74422,-22.35176,4.947072,17.95608
222.5898,-23.0737,5.073044,17.84007,-22.93455,4.952423,17.74422,-22.35176,4.947072,17.95608
222.6028,-23.07481,5.074864,17.83411,-22.93455,4.952423,17.74422,-22.35176,4.947072,17.95608
222.618,-23.07481,5.074864,17.83411,-22.93455,4.952423,17.74422,-22.35176,4.947072,17.95608
222.629,-23.07614,5.078906,17.82299,-22.93455,4.952423,17.74422,-22.35176,4.947072,17.95608
222.6425,-23.07693,5.081203,17.81565,-22.93455,4.952423,17.74422,-22.35176,4.947072,17.95608
222.6555,-23.07693,5.081203,17.81565,-22.93455,4.952423,17.74422,-22.35176,4.947072,17.95608
222.6655,-23.0777,5.083535,17.80832,-22.93455,4.952423,17.74422,-22.35176,4.947072,17.95608
222.6785,-23.0777,5.083535,17.80832,-22.93455,4.952423,17.74422,-22.35176,4.947072,17.95608
222.6893,-23.07899,5.085126,17.8032,-22.93455,4.952423,17.74422,-22.35176,4.947072,17.95608
222.7024,-23.0793,5.084411,17.80197,-22.93455,4.952423,17.74422,-22.35176,4.947072,17.95608
222.7149,-23.0793,5.084411,17.80197,-22.93455,4.952423,17.74422,-22.35176,4.947072,17.95608
222.7269,-23.07915,5.083578,17.80255,-22.93455,4.952423,17.74422,-22.35176,4.947072,17.95608
222.7447,-23.08072,5.083736,17.80141,-22.93455,4.952423,17.74422,-22.35176,4.947072,17.95608
222.7591,-23.08072,5.083736,17.80141,-22.93455,4.952423,17.74422,-22.35176,4.947072,17.95608
222.7708,-23.08192,5.084833,17.79997,-22.93455,4.952423,17.74422,-22.35176,4.947072,17.95608
222.7854,-23.08576,5.085795,17.79913,-22.93455,4.952423,17.74422,-22.35176,4.947072,17.95608
222.7991,-23.08576,5.085795,17.79913,-22.93455,4.952423,17.74422,-22.35176,4.947072,17.95608
222.8136,-23.09289,5.086143,17.79967,-22.93455,4.952423,17.74422,-22.35176,4.947072,17.95608
222.8276,-23.09635,5.086427,17.79777,-22.93455,4.952423,17.74422,-22.35176,4.947072,17.95608
222.841,-23.10093,5.085954,17.79824,-22.93455,4.952423,17.74422,-22.35176,4.947072,17.95608
222.8544,-23.10093,5.085954,17.79824,-22.93455,4.952423,17.74422,-22.35176,4.947072,17.95608
222.8653,-23.10718,5.084531,17.79897,-22.93455,4.952423,17.74422,-22.35176,4.947072,17.95608
222.8788,-23.10718,5.084531,17.79897,-22.93455,4.952423,17.74422,-22.35176,4.947072,17.95608
222.8898,-23.10933,5.081895,17.79717,-22.93455,4.952423,17.74422,-22.35176,4.947072,17.95608
222.9027,-23.11147,5.080687,17.79803,-22.93455,4.952423,17.74422,-22.35176,4.947072,17.95608
222.9147,-23.11147,5.080687,17.79803,-22.93455,4.952423,17.74422,-22.35176,4.947072,17.95608
222.9258,-23.11264,5.079032,17.80029,-22.93455,4.952423,17.74422,-22.35176,4.947072,17.95608
222.94,-23.11381,5.077385,17.80255,-22.93455,4.952423,17.74422,-22.35176,4.947072,17.95608
222.9548,-23.11381,5.077385,17.80255,-22.93455,4.952423,17.74422,-22.35176,4.947072,17.95608
222.9681,-23.11505,5.076903,17.8045,-22.93455,4.952423,17.74422,-22.35176,4.947072,17.95608
222.9831,-23.1163,5.076424,17.80645,-22.93455,4.952423,17.74422,-22.35176,4.947072,17.95608
222.9984,-23.1163,5.076424,17.80645,-22.93455,4.952423,17.74422,-22.35176,4.947072,17.95608
223.0097,-23.1163,5.076423,17.80645,-22.93455,4.952423,17.74422,-22.35176,4.947072,17.95608
223.0231,-23.1163,5.076424,17.80645,-22.93455,4.952423,17.74422,-22.35176,4.947072,17.95608
223.0361,-23.1163,5.076424,17.80645,-22.93455,4.952423,17.74422,-22.35176,4.947072,17.95608
223.0487,-23.11792,5.076387,17.80683,-22.93455,4.952423,17.74422,-22.35176,4.947072,17.95608
223.0625,-23.11732,5.076387,17.80667,-22.93455,4.952423,17.74422,-22.35176,4.947072,17.95608
223.0759,-23.11732,5.076387,17.80667,-22.93455,4.952423,17.74422,-22.35176,4.947072,17.95608
223.0864,-23.11608,5.076864,17.80472,-22.93455,4.952423,17.74422,-22.35176,4.947072,17.95608
223.0985,-23.11608,5.076864,17.80472,-22.93455,4.952423,17.74422,-22.35176,4.947072,17.95608
223.1089,-23.1177,5.076828,17.80511,-22.93455,4.952423,17.74422,-22.35176,4.947072,17.95608
223.1214,-23.11732,5.076388,17.80667,-22.93455,4.952423,17.74422,-22.35176,4.947072,17.95608
223.1345,-23.11732,5.076388,17.80667,-22.93455,4.952423,17.74422,-22.35176,4.947072,17.95608
223.146,-23.11509,5.075188,17.80879,-22.93455,4.952423,17.74422,-22.35176,4.947072,17.95608
223.1595,-23.11509,5.075188,17.80879,-22.93455,4.952423,17.74422,-22.35176,4.947072,17.95608
223.1699,-23.11438,5.073704,17.81174,-22.93455,4.952423,17.74422,-22.35176,4.947072,17.95608
223.1827,-23.114,5.073272,17.8133,-22.93455,4.952423,17.74422,-22.35176,4.947072,17.95608
223.1953,-23.114,5.073272,17.8133,-22.93455,4.952423,17.74422,-22.35176,4.947072,17.95608
223.2064,-23.11214,5.072519,17.81386,-22.93455,4.952423,17.74422,-22.35176,4.947072,17.95608
223.2189,-23.11214,5.072519,17.81386,-22.93455,4.952423,17.74422,-22.35176,4.947072,17.95608
223.2291,-23.11029,5.071768,17.81442,-22.93455,4.952423,17.74422,-22.35176,4.947072,17.95608
223.2422,-23.10882,5.071447,17.81341,-22.93455,4.952423,17.74422,-22.35176,4.947072,17.95608
223.2574,-23.10882,5.071447,17.81341,-22.93455,4.952423,17.74422,-22.35176,4.947072,17.95608
223.2683,-23.10658,5.070276,17.81554,-22.93455,4.952423,17.74422,-22.35176,4.947072,17.95608
223.2808,-23.10658,5.070276,17.81554,-22.93455,4.952423,17.74422,-22.35176,4.947072,17.95608
223.2935,-23.10658,5.070276,17.81554,-22.93455,4.952423,17.74422,-22.35176,4.947072,17.95608
223.3045,-23.10583,5.06943,17.81868,-22.93455,4.952423,17.74422,-22.35176,4.947072,17.95608
223.3168,-23.10583,5.06943,17.81868,-22.93455,4.952423,17.74422,-22.35176,4.947072,17.95608
223.3276,-23.10397,5.068692,17.81924,-22.93455,4.952423,17.74422,-22.35176,4.947072,17.95608
223.3415,-23.10359,5.068274,17.82081,-22.93455,4.952423,17.74422,-22.35176,4.947072,17.95608
223.3535,-23.10359,5.068274,17.82081,-22.93455,4.952423,17.74422,-22.35176,4.947072,17.95608
223.3667,-23.10374,5.067908,17.82018,-22.93455,4.952423,17.74422,-22.35176,4.947072,17.95608
223.3788,-23.10374,5.067908,17.82018,-22.93455,4.952423,17.74422,-22.35176,4.947072,17.95608
223.3899,-23.10336,5.067491,17.82176,-22.93455,4.952423,17.74422,-22.35176,4.947072,17.95608
223.4025,-23.10314,5.066709,17.8227,-22.93455,4.952423,17.74422,-22.35176,4.947072,17.95608
223.4145,-23.10314,5.066709,17.8227,-22.93455,4.952423,17.74422,-22.35176,4.947072,17.95608
223.4247,-23.10314,5.066709,17.8227,-22.93455,4.952423,17.74422,-22.35176,4.947072,17.95608
223.4372,-23.10314,5.066709,17.8227,-22.93455,4.952423,17.74422,-22.35176,4.947072,17.95608
223.4472,-23.10151,5.066757,17.82232,-22.93455,4.952423,17.74422,-22.35176,4.947072,17.95608
223.4596,-23.10151,5.066757,17.82232,-22.93455,4.952423,17.74422,-22.35176,4.947072,17.95608
223.4711,-23.10314,5.066709,17.8227,-22.93455,4.952423,17.74422,-22.35176,4.947072,17.95608
223.484,-23.1039,5.067543,17.81956,-22.93455,4.952423,17.74422,-22.35176,4.947072,17.95608
223.5006,-23.10265,5.068011,17.81761,-22.93455,4.952423,17.74422,-22.35176,4.947072,17.95608
223.5162,-23.10265,5.068011,17.81761,-22.93455,4.952423,17.74422,-22.35176,4.947072,17.95608
223.5288,-23.10515,5.068129,17.81701,-22.93455,4.952423,17.74422,-22.35176,4.947072,17.95608
223.5428,-23.10353,5.068177,17.81663,-22.93455,4.952423,17.74422,-22.35176,4.947072,17.95608
223.5557,-23.10353,5.068177,17.81663,-22.93455,4.952423,17.74422,-22.35176,4.947072,17.95608
223.5682,-23.1038,5.068346,17.8155,-22.93455,4.952423,17.74422,-22.35176,4.947072,17.95608
223.5814,-23.1038,5.068345,17.8155,-22.93455,4.952423,17.74422,-22.35176,4.947072,17.95608
223.5961,-23.1038,5.068345,17.8155,-22.93455,4.952423,17.74422,-22.35176,4.947072,17.95608
223.6091,-23.1051,5.067254,17.81726,-22.93455,4.952423,17.74422,-22.35176,4.947072,17.95608
223.6252,-23.10472,5.066831,17.81883,-22.93455,4.952423,17.74422,-22.35176,4.947072,17.95608
223.6412,-23.10261,5.066203,17.82045,-22.93455,4.952423,17.74422,-22.35176,4.947072,17.95608
223.6579,-23.10261,5.066203,17.82045,-22.93455,4.952423,17.74422,-22.35176,4.947072,17.95608
223.6722,-23.10435,5.06548,17.823,-22.93455,4.952423,17.74422,-22.35176,4.947072,17.95608
223.6863,-23.10247,5.064441,17.82637,-22.93455,4.952423,17.74422,-22.35176,4.947072,17.95608
223.7009,-23.10222,5.063362,17.83011,-22.93455,4.952423,17.74422,-22.35176,4.947072,17.95608
223.7137,-23.10222,5.063362,17.83011,-22.93455,4.952423,17.74422,-22.35176,4.947072,17.95608
223.7246,-23.10146,5.062548,17.83326,-22.93455,4.952423,17.74422,-22.35176,4.947072,17.95608
223.7379,-23.10146,5.062548,17.83326,-22.93455,4.952423,17.74422,-22.35176,4.947072,17.95608
223.7484,-23.09985,5.060687,17.84,-22.93455,4.952423,17.74422,-22.35176,4.947072,17.95608
223.7636,-23.09951,5.059662,17.84138,-22.93455,4.952423,17.74422,-22.35176,4.947072,17.95608
223.7797,-23.09951,5.059662,17.84138,-22.93455,4.952423,17.74422,-22.35176,4.947072,17.95608
223.7912,-23.09889,5.058228,17.84671,-22.93455,4.952423,17.74422,-22.35176,4.947072,17.95608
223.8051,-23.09851,5.05784,17.84829,-22.93455,4.952423,17.74422,-22.35176,4.947072,17.95608
223.8196,-23.09851,5.05784,17.84829,-22.93455,4.952423,17.74422,-22.35176,4.947072,17.95608
223.8332,-23.09867,5.055625,17.85479,-22.93455,4.952423,17.74422,-22.35176,4.947072,17.95608
223.8472,-23.09667,5.055295,17.856,-22.93455,4.952423,17.74422,-22.35176,4.947072,17.95608
223.8613,-23.09792,5.054871,17.85795,-22.93455,4.952423,17.74422,-22.35176,4.947072,17.95608
223.8748,-23.09792,5.054871,17.85795,-22.93455,4.952423,17.74422,-22.35176,4.947072,17.95608
223.886,-23.09716,5.054123,17.86112,-22.93455,4.952423,17.74422,-22.35176,4.947072,17.95608
223.9035,-23.09716,5.054124,17.86112,-22.93455,4.952423,17.74422,-22.35176,4.947072,17.95608
223.917,-23.09716,5.054124,17.86112,-22.93455,4.952423,17.74422,-22.35176,4.947072,17.95608
223.9301,-23.09678,5.053754,17.8627,-22.93455,4.952423,17.74422,-22.35176,4.947072,17.95608
223.9436,-23.09841,5.053708,17.86308,-22.93455,4.952423,17.74422,-22.35176,4.947072,17.95608
223.9562,-23.09841,5.053708,17.86308,-22.93455,4.952423,17.74422,-22.35176,4.947072,17.95608
223.967,-23.09716,5.054124,17.86112,-22.93455,4.952423,17.74422,-22.35176,4.947072,17.95608
223.98,-23.09716,5.054124,17.86112,-22.93455,4.952423,17.74422,-22.35176,4.947072,17.95608
223.9903,-23.09754,5.054496,17.85954,-22.93455,4.952423,17.74422,-22.35176,4.947072,17.95608
224.0027,-23.09792,5.054871,17.85795,-22.93455,4.952423,17.74422,-22.35176,4.947072,17.95608
224.0196,-23.09792,5.054871,17.85795,-22.93455,4.952423,17.74422,-22.35176,4.947072,17.95608
224.0304,-23.1003,5.055578,17.85517,-22.93455,4.952423,17.74422,-22.35176,4.947072,17.95608
224.0444,-23.09867,5.055625,17.85479,-22.93455,4.952423,17.74422,-22.35176,4.947072,17.95608
224.0601,-23.09943,5.056388,17.85163,-22.93455,4.952423,17.74422,-22.35176,4.947072,17.95608
224.0748,-23.09943,5.056388,17.85163,-22.93455,4.952423,17.74422,-22.35176,4.947072,17.95608
224.0884,-23.09943,5.056388,17.85163,-22.93455,4.952423,17.74422,-22.35176,4.947072,17.95608
224.103,-23.10068,5.055959,17.85359,-22.93455,4.952423,17.74422,-22.35176,4.947072,17.95608
224.1183,-23.10068,5.055959,17.85359,-22.93455,4.952423,17.74422,-22.35176,4.947072,17.95608
224.1293,-23.09943,5.056388,17.85163,-22.93455,4.952423,17.74422,-22.35176,4.947072,17.95608
224.1442,-23.10106,5.056341,17.85201,-22.93455,4.952423,17.74422,-22.35176,4.947072,17.95608
224.1578,-23.10106,5.056341,17.85201,-22.93455,4.952423,17.74422,-22.35176,4.947072,17.95608
224.1698,-23.09981,5.056772,17.85005,-22.93455,4.952423,17.74422,-22.35176,4.947072,17.95608
224.1818,-23.10019,5.057158,17.84847,-22.93455,4.952423,17.74422,-22.35176,4.947072,17.95608
224.1941,-23.10019,5.057158,17.84847,-22.93455,4.952423,17.74422,-22.35176,4.947072,17.95608
224.2065,-23.10033,5.057938,17.84515,-22.93455,4.952423,17.74422,-22.35176,4.947072,17.95608
224.2199,-23.10033,5.057938,17.84515,-22.93455,4.952423,17.74422,-22.35176,4.947072,17.95608
224.2305,-23.10108,5.058726,17.842,-22.93455,4.952423,17.74422,-22.35176,4.947072,17.95608
224.2454,-23.10146,5.059124,17.84042,-22.93455,4.952423,17.74422,-22.35176,4.947072,17.95608
224.2588,-23.10146,5.059124,17.84042,-22.93455,4.952423,17.74422,-22.35176,4.947072,17.95608
224.2696,-23.10222,5.059924,17.83727,-22.93455,4.952423,17.74422,-22.35176,4.947072,17.95608
224.2826,-23.10422,5.06028,17.83607,-22.93455,4.952423,17.74422,-22.35176,4.947072,17.95608
224.2953,-23.10422,5.06028,17.83607,-22.93455,4.952423,17.74422,-22.35176,4.947072,17.95608
224.3065,-23.10297,5.060731,17.83412,-22.93455,4.952423,17.74422,-22.35176,4.947072,17.95608
224.3188,-23.10297,5.060731,17.83412,-22.93455,4.952423,17.74422,-22.35176,4.947072,17.95608
224.3302,-23.10535,5.061502,17.83135,-22.93455,4.952423,17.74422,-22.35176,4.947072,17.95608
224.3451,-23.10373,5.061549,17.83097,-22.93455,4.952423,17.74422,-22.35176,4.947072,17.95608
224.3588,-23.10373,5.061549,17.83097,-22.93455,4.952423,17.74422,-22.35176,4.947072,17.95608
224.373,-23.10411,5.06196,17.8294,-22.93455,4.952423,17.74422,-22.35176,4.947072,17.95608
224.3879,-23.10448,5.062373,17.82783,-22.93455,4.952423,17.74422,-22.35176,4.947072,17.95608
224.4029,-23.10448,5.062373,17.82783,-22.93455,4.952423,17.74422,-22.35176,4.947072,17.95608
224.418,-23.10448,5.062373,17.82783,-22.93455,4.952423,17.74422,-22.35176,4.947072,17.95608
224.4292,-23.10486,5.062788,17.82625,-22.93455,4.952423,17.74422,-22.35176,4.947072,17.95608
224.4462,-23.10524,5.063207,17.82468,-22.93455,4.952423,17.74422,-22.35176,4.947072,17.95608
224.4637,-23.10524,5.063207,17.82468,-22.93455,4.952423,17.74422,-22.35176,4.947072,17.95608
224.481,-23.10686,5.06316,17.82506,-22.93455,4.952423,17.74422,-22.35176,4.947072,17.95608
224.5001,-23.10539,5.062841,17.82405,-22.93455,4.952423,17.74422,-22.35176,4.947072,17.95608
224.5133,-23.10539,5.062841,17.82405,-22.93455,4.952423,17.74422,-22.35176,4.947072,17.95608
224.5245,-23.10754,5.062852,17.82223,-22.93455,4.952423,17.74422,-22.35176,4.947072,17.95608
224.537,-23.10754,5.062852,17.82223,-22.93455,4.952423,17.74422,-22.35176,4.947072,17.95608
224.5484,-23.10592,5.062898,17.82185,-22.93455,4.952423,17.74422,-22.35176,4.947072,17.95608
224.5609,-23.10554,5.062478,17.82342,-22.93455,4.952423,17.74422,-22.35176,4.947072,17.95608
224.5734,-23.10554,5.062478,17.82342,-22.93455,4.952423,17.74422,-22.35176,4.947072,17.95608
224.5837,-23.10554,5.062478,17.82342,-22.93455,4.952423,17.74422,-22.35176,4.947072,17.95608
224.5956,-23.10554,5.062478,17.82342,-22.93455,4.952423,17.74422,-22.35176,4.947072,17.95608
224.6057,-23.10754,5.062852,17.82223,-22.93455,4.952423,17.74422,-22.35176,4.947072,17.95608
224.6185,-23.10754,5.062852,17.82223,-22.93455,4.952423,17.74422,-22.35176,4.947072,17.95608
224.6282,-23.10607,5.062535,17.82122,-22.93455,4.952423,17.74422,-22.35176,4.947072,17.95608
224.6408,-23.10569,5.062113,17.82279,-22.93455,4.952423,17.74422,-22.35176,4.947072,17.95608
224.6535,-23.10569,5.062113,17.82279,-22.93455,4.952423,17.74422,-22.35176,4.947072,17.95608
224.6647,-23.10569,5.062113,17.82279,-22.93455,4.952423,17.74422,-22.35176,4.947072,17.95608
224.677,-23.10569,5.062113,17.82279,-22.93455,4.952423,17.74422,-22.35176,4.947072,17.95608
224.688,-23.10559,5.061856,17.82323,-22.93455,4.952423,17.74422,-22.35176,4.947072,17.95608
224.7033,-23.10521,5.061435,17.8248,-22.93455,4.952423,17.74422,-22.35176,4.947072,17.95608
224.7195,-23.10521,5.061435,17.8248,-22.93455,4.952423,17.74422,-22.35176,4.947072,17.95608
224.73,-23.10476,5.06107,17.82401,-22.93455,4.952423,17.74422,-22.35176,4.947072,17.95608
224.7413,-23.10438,5.060653,17.82558,-22.93455,4.952423,17.74422,-22.35176,4.947072,17.95608
224.7539,-23.10438,5.060653,17.82558,-22.93455,4.952423,17.74422,-22.35176,4.947072,17.95608
224.7643,-23.104,5.060236,17.82715,-22.93455,4.952423,17.74422,-22.35176,4.947072,17.95608
224.7777,-23.104,5.060236,17.82715,-22.93455,4.952423,17.74422,-22.35176,4.947072,17.95608
224.7887,-23.10362,5.059823,17.82872,-22.93455,4.952423,17.74422,-22.35176,4.947072,17.95608
224.8018,-23.1034,5.059044,17.82966,-22.93455,4.952423,17.74422,-22.35176,4.947072,17.95608
224.8155,-23.1034,5.059044,17.82966,-22.93455,4.952423,17.74422,-22.35176,4.947072,17.95608
224.826,-23.1034,5.059044,17.82966,-22.93455,4.952423,17.74422,-22.35176,4.947072,17.95608
224.838,-23.1034,5.059044,17.82966,-22.93455,4.952423,17.74422,-22.35176,4.947072,17.95608
224.8508,-23.10464,5.058587,17.83162,-22.93455,4.952423,17.74422,-22.35176,4.947072,17.95608
224.8647,-23.10302,5.058633,17.83124,-22.93455,4.952423,17.74422,-22.35176,4.947072,17.95608
224.8781,-23.10302,5.058633,17.83124,-22.93455,4.952423,17.74422,-22.35176,4.947072,17.95608
224.8894,-23.10426,5.058177,17.83319,-22.93455,4.952423,17.74422,-22.35176,4.947072,17.95608
224.907,-23.10254,5.057967,17.83325,-22.93455,4.952423,17.74422,-22.35176,4.947072,17.95608
224.9188,-23.10254,5.057967,17.83325,-22.93455,4.952423,17.74422,-22.35176,4.947072,17.95608
224.9288,-23.10378,5.057512,17.8352,-22.93455,4.952423,17.74422,-22.35176,4.947072,17.95608
224.9403,-23.10254,5.057966,17.83325,-22.93455,4.952423,17.74422,-22.35176,4.947072,17.95608
224.9527,-23.10254,5.057966,17.83325,-22.93455,4.952423,17.74422,-22.35176,4.947072,17.95608
224.9624,-23.10154,5.05756,17.83466,-22.93455,4.952423,17.74422,-22.35176,4.947072,17.95608
224.9746,-23.10154,5.05756,17.83466,-22.93455,4.952423,17.74422,-22.35176,4.947072,17.95608
224.9866,-23.10192,5.057967,17.83308,-22.93455,4.952423,17.74422,-22.35176,4.947072,17.95608
224.9977,-23.10192,5.057967,17.83308,-22.93455,4.952423,17.74422,-22.35176,4.947072,17.95608
225.008,-23.10154,5.05756,17.83466,-22.93455,4.952423,17.74422,-22.35176,4.947072,17.95608
225.0194,-23.10154,5.05756,17.83466,-22.93455,4.952423,17.74422,-22.35176,4.947072,17.95608
225.031,-23.10154,5.05756,17.83466,-22.93455,4.952423,17.74422,-22.35176,4.947072,17.95608
225.0425,-23.10192,5.057967,17.83308,-22.93455,4.952423,17.74422,-22.35176,4.947072,17.95608
225.0543,-23.10192,5.057967,17.83308,-22.93455,4.952423,17.74422,-22.35176,4.947072,17.95608
225.0637,-23.10131,5.057967,17.83292,-22.93455,4.952423,17.74422,-22.35176,4.947072,17.95608
225.0756,-23.10131,5.057967,17.83292,-22.93455,4.952423,17.74422,-22.35176,4.947072,17.95608
225.0869,-23.10131,5.057967,17.83292,-22.93455,4.952423,17.74422,-22.35176,4.947072,17.95608
225.0987,-23.10131,5.057967,17.83292,-22.93455,4.952423,17.74422,-22.35176,4.947072,17.95608
225.109,-23.10147,5.057599,17.83229,-22.93455,4.952423,17.74422,-22.35176,4.947072,17.95608
225.1222,-23.10147,5.057599,17.83229,-22.93455,4.952423,17.74422,-22.35176,4.947072,17.95608
225.1344,-23.10147,5.057599,17.83229,-22.93455,4.952423,17.74422,-22.35176,4.947072,17.95608
225.1444,-23.10086,5.057599,17.83212,-22.93455,4.952423,17.74422,-22.35176,4.947072,17.95608
225.1555,-23.10086,5.057599,17.83212,-22.93455,4.952423,17.74422,-22.35176,4.947072,17.95608
225.1647,-23.10086,5.057599,17.83212,-22.93455,4.952423,17.74422,-22.35176,4.947072,17.95608
225.1761,-23.10086,5.057599,17.83212,-22.93455,4.952423,17.74422,-22.35176,4.947072,17.95608
225.1861,-23.10086,5.057599,17.83212,-22.93455,4.952423,17.74422,-22.35176,4.947072,17.95608
225.197,-23.10086,5.057599,17.83212,-22.93455,4.952423,17.74422,-22.35176,4.947072,17.95608
225.2074,-23.09862,5.057647,17.83158,-22.93455,4.952423,17.74422,-22.35176,4.947072,17.95608
225.2195,-23.09862,5.057647,17.83158,-22.93455,4.952423,17.74422,-22.35176,4.947072,17.95608
225.2294,-23.10025,5.057598,17.83196,-22.93455,4.952423,17.74422,-22.35176,4.947072,17.95608
225.2427,-23.09862,5.057647,17.83158,-22.93455,4.952423,17.74422,-22.35176,4.947072,17.95608
225.2575,-23.09862,5.057647,17.83158,-22.93455,4.952423,17.74422,-22.35176,4.947072,17.95608
225.2715,-23.10014,5.05734,17.8324,-22.93455,4.952423,17.74422,-22.35176,4.947072,17.95608
225.2843,-23.10029,5.056973,17.83176,-22.93455,4.952423,17.74422,-22.35176,4.947072,17.95608
225.2978,-23.10029,5.056973,17.83176,-22.93455,4.952423,17.74422,-22.35176,4.947072,17.95608
225.3086,-23.09969,5.056973,17.8316,-22.93455,4.952423,17.74422,-22.35176,4.947072,17.95608
225.3216,-23.09958,5.056715,17.83203,-22.93455,4.952423,17.74422,-22.35176,4.947072,17.95608
225.3378,-23.09958,5.056715,17.83203,-22.93455,4.952423,17.74422,-22.35176,4.947072,17.95608
225.3481,-23.09958,5.056715,17.83203,-22.93455,4.952423,17.74422,-22.35176,4.947072,17.95608
225.3625,-23.09958,5.056715,17.83203,-22.93455,4.952423,17.74422,-22.35176,4.947072,17.95608
225.3749,-23.09958,5.056715,17.83203,-22.93455,4.952423,17.74422,-22.35176,4.947072,17.95608
225.385,-23.09958,5.056715,17.83203,-22.93455,4.952423,17.74422,-22.35176,4.947072,17.95608
225.4011,-23.09958,5.056715,17.83203,-22.93455,4.952423,17.74422,-22.35176,4.947072,17.95608
225.4127,-23.09958,5.056715,17.83203,-22.93455,4.952423,17.74422,-22.35176,4.947072,17.95608
225.4237,-23.09958,5.056715,17.83203,-22.93455,4.952423,17.74422,-22.35176,4.947072,17.95608
225.436,-23.09958,5.056715,17.83203,-22.93455,4.952423,17.74422,-22.35176,4.947072,17.95608
225.4467,-23.09973,5.056347,17.8314,-22.93455,4.952423,17.74422,-22.35176,4.947072,17.95608
225.459,-23.09973,5.056347,17.8314,-22.93455,4.952423,17.74422,-22.35176,4.947072,17.95608
225.4696,-23.09973,5.056347,17.8314,-22.93455,4.952423,17.74422,-22.35176,4.947072,17.95608
225.4836,-23.09951,5.055571,17.83234,-22.93455,4.952423,17.74422,-22.35176,4.947072,17.95608
225.4975,-23.09951,5.055571,17.83234,-22.93455,4.952423,17.74422,-22.35176,4.947072,17.95608
225.5103,-23.09989,5.05598,17.83077,-22.93455,4.952423,17.74422,-22.35176,4.947072,17.95608
225.5225,-23.09842,5.055661,17.82976,-22.93455,4.952423,17.74422,-22.35176,4.947072,17.95608
225.5353,-23.09842,5.055661,17.82976,-23.102,4.932631,17.79848,-22.35176,4.947072,17.95608
225.5458,-23.09842,5.055661,17.82976,-23.102,4.932631,17.79848,-22.35176,4.947072,17.95608
225.5599,-23.09842,5.055661,17.82976,-23.102,4.93263,17.79848,-22.35176,4.947072,17.95608
225.5727,-23.09842,5.055661,17.82976,-23.102,4.93263,17.79848,-22.35176,4.947072,17.95608
225.5851,-23.09842,5.055661,17.82976,-23.102,4.932631,17.79848,-22.35176,4.947072,17.95608
225.5972,-23.09842,5.055661,17.82976,-23.102,4.93263,17.79848,-22.35176,4.947072,17.95608
225.6089,-23.09842,5.055661,17.82976,-23.102,4.93263,17.79848,-22.35176,4.947072,17.95608
225.6213,-23.0988,5.056073,17.82818,-23.102,4.932631,17.79848,-22.35176,4.947072,17.95608
225.6337,-23.0988,5.056073,17.82818,-23.10245,4.932192,17.79653,-22.35176,4.947072,17.95608
225.6468,-23.09781,5.055661,17.82959,-23.10245,4.932192,17.79653,-22.35176,4.947072,17.95608
225.6596,-23.09781,5.055661,17.82959,-23.1014,4.932856,17.79838,-22.35176,4.947072,17.95608
225.6703,-23.09819,5.056073,17.82802,-23.1014,4.932856,17.79838,-22.35176,4.947072,17.95608
225.6835,-23.09758,5.056073,17.82786,-23.10185,4.932418,17.79642,-22.35176,4.947072,17.95608
225.7037,-23.09758,5.056073,17.82786,-23.10124,4.932645,17.79632,-22.35176,4.947072,17.95608
225.7164,-23.09758,5.056073,17.82786,-23.10124,4.932645,17.79632,-22.35176,4.947072,17.95608
225.7281,-23.09535,5.056124,17.82731,-23.10124,4.932645,17.79632,-22.35176,4.947072,17.95608
225.7444,-23.09535,5.056124,17.82731,-23.09884,4.933555,17.79595,-22.35176,4.947072,17.95608
225.7574,-23.09535,5.056124,17.82731,-23.09884,4.933555,17.79595,-22.35176,4.947072,17.95608
225.7687,-23.09327,5.05581,17.82613,-23.09884,4.933555,17.79595,-22.35176,4.947072,17.95608
225.7827,-23.09343,5.055444,17.82549,-23.09616,4.950471,17.7991,-22.35176,4.947072,17.95608
225.7961,-23.09343,5.055444,17.82549,-23.09633,4.949882,17.79836,-22.35176,4.947072,17.95608
225.8073,-23.0918,5.055499,17.82511,-23.09633,4.949882,17.79836,-22.35176,4.947072,17.95608
225.8215,-23.09158,5.055914,17.82338,-23.09454,4.951102,17.79825,-22.35176,4.947072,17.95608
225.8358,-23.09158,5.055914,17.82338,-23.09438,4.950956,17.79623,-22.35176,4.947072,17.95608
225.8476,-23.09074,5.055132,17.82415,-23.09438,4.950956,17.79623,-22.35176,4.947072,17.95608
225.8631,-23.09074,5.055131,17.82415,-23.09349,4.95149,17.79744,-22.35176,4.947072,17.95608
225.8773,-23.09074,5.055131,17.82415,-23.09349,4.95149,17.79744,-22.35176,4.947072,17.95608
225.89,-23.09014,5.055132,17.82398,-23.09349,4.95149,17.79744,-22.35176,4.947072,17.95608
225.906,-23.09014,5.055133,17.82398,-23.09289,4.951726,17.79733,-22.35176,4.947072,17.95608
225.9223,-23.08752,5.054776,17.825,-23.09289,4.951726,17.79733,-22.35176,4.947072,17.95608
225.9406,-23.08958,5.054509,17.82361,-23.09013,4.950954,17.79835,-22.35176,4.947072,17.95608
225.9564,-23.08958,5.054509,17.82361,-23.09234,4.951759,17.79709,-22.35176,4.947072,17.95608
225.9688,-23.08796,5.054565,17.82323,-23.09234,4.951759,17.79709,-22.35176,4.947072,17.95608
225.9828,-23.08762,5.053528,17.8246,-23.09059,4.951819,17.79668,-22.35176,4.947072,17.95608
225.9975,-23.08762,5.053528,17.8246,-23.09022,4.951071,17.79822,-22.35176,4.947072,17.95608
226.0098,-23.08685,5.052703,17.82774,-23.09022,4.951071,17.79822,-22.35176,4.947072,17.95608
226.0238,-23.08623,5.05152,17.83025,-23.0897,4.937532,17.79839,-22.35176,4.947072,17.95608
226.039,-23.08623,5.05152,17.83025,-23.08897,4.938255,17.80164,-22.35176,4.947072,17.95608
226.0508,-23.08623,5.05152,17.83025,-23.08897,4.938255,17.80164,-22.35176,4.947072,17.95608
226.0645,-23.08411,5.050914,17.83188,-23.08897,4.938255,17.80164,-22.35176,4.947072,17.95608
226.0787,-23.08411,5.050914,17.83188,-23.08663,4.939481,17.80384,-22.35176,4.947072,17.95608
226.0904,-23.08373,5.050511,17.83345,-23.08663,4.939481,17.80384,-22.35176,4.947072,17.95608
226.1041,-23.08423,5.050252,17.83405,-23.08619,4.939914,17.80577,-22.35176,4.947072,17.95608
226.1197,-23.08423,5.050252,17.83405,-23.08668,4.939804,17.80641,-22.35176,4.947072,17.95608
226.1309,-23.08283,5.049911,17.83542,-23.08668,4.939804,17.80641,-22.35176,4.947072,17.95608
226.1457,-23.08283,5.04991,17.83542,-23.08507,4.940684,17.80819,-22.35176,4.947072,17.95608
226.1607,-23.08283,5.049911,17.83542,-23.08507,4.940684,17.80819,-22.35176,4.947072,17.95608
226.1752,-23.08283,5.049911,17.83542,-23.08507,4.940684,17.80819,-22.35176,4.947072,17.95608
226.1871,-23.08445,5.04985,17.8358,-23.08507,4.940684,17.80819,-22.35176,4.947072,17.95608
226.2006,-23.08445,5.04985,17.8358,-23.08685,4.94001,17.80845,-22.35176,4.947072,17.95608
226.2147,-23.08445,5.04985,17.8358,-23.08685,4.94001,17.80845,-22.35176,4.947072,17.95608
226.2266,-23.08445,5.04985,17.8358,-23.08685,4.94001,17.80845,-22.35176,4.947072,17.95608
226.2407,-23.08445,5.04985,17.8358,-23.08685,4.94001,17.80845,-22.35176,4.947072,17.95608
226.2557,-23.08445,5.04985,17.8358,-23.08685,4.94001,17.80845,-22.35176,4.947072,17.95608
226.2683,-23.08568,5.04985,17.83614,-23.08685,4.94001,17.80845,-22.35176,4.947072,17.95608
226.2823,-23.08568,5.04985,17.83614,-23.08806,4.939557,17.80868,-22.35176,4.947072,17.95608
226.2958,-23.08568,5.04985,17.83614,-23.08806,4.939557,17.80868,-22.35176,4.947072,17.95608
226.3076,-23.08728,5.050251,17.83491,-23.08806,4.939557,17.80868,-22.35176,4.947072,17.95608
226.3214,-23.08713,5.050621,17.83554,-23.08971,4.938672,17.80697,-22.35176,4.947072,17.95608
226.3348,-23.08713,5.050621,17.83554,-23.08954,4.93882,17.8076,-22.35176,4.947072,17.95608
226.3472,-23.08789,5.051429,17.83239,-23.08954,4.93882,17.8076,-22.35176,4.947072,17.95608
226.3617,-23.0899,5.051777,17.8312,-23.09042,4.937957,17.80373,-22.35176,4.947072,17.95608
226.3761,-23.0899,5.051777,17.8312,-23.09203,4.962087,17.80845,-22.35176,4.947072,17.95608
226.3887,-23.08942,5.053069,17.8261,-23.09203,4.962087,17.80845,-22.35176,4.947072,17.95608
226.4038,-23.09143,5.053426,17.82491,-23.09182,4.951071,17.7998,-22.35176,4.947072,17.95608
226.4176,-23.09143,5.053426,17.82491,-23.09399,4.951383,17.79849,-22.35176,4.947072,17.95608
226.4286,-23.09166,5.054207,17.82397,-23.09399,4.951383,17.79849,-22.35176,4.947072,17.95608
226.4422,-23.09303,5.055046,17.821,-23.09426,4.951111,17.79718,-22.35176,4.947072,17.95608
226.4554,-23.09303,5.055046,17.821,-23.09616,4.933722,17.78916,-22.35176,4.947072,17.95608
226.4672,-23.09542,5.055837,17.81824,-23.09616,4.933722,17.78916,-22.35176,4.947072,17.95608
226.4812,-23.0958,5.056264,17.81667,-23.09884,4.932162,17.78549,-22.35176,4.947072,17.95608
226.4985,-23.0958,5.056264,17.81667,-23.09929,4.931724,17.78353,-22.35176,4.947072,17.95608
226.5108,-23.09433,5.05718,17.81299,-23.09929,4.931724,17.78353,-22.35176,4.947072,17.95608
226.5256,-23.09433,5.057179,17.81299,-23.09778,4.931712,17.77923,-22.35176,4.947072,17.95608
226.5417,-23.09472,5.057613,17.81143,-23.09778,4.931712,17.77923,-22.35176,4.947072,17.95608
226.5585,-23.09472,5.057613,17.81143,-23.09822,4.931229,17.77724,-22.35176,4.947072,17.95608
226.5732,-23.09662,5.057733,17.81068,-23.09822,4.931229,17.77724,-22.35176,4.947072,17.95608
226.589,-23.09489,5.05753,17.81073,-23.10036,4.930191,17.77605,-22.35176,4.947072,17.95608
226.6074,-23.09478,5.05727,17.81116,-23.09844,4.931005,17.77634,-22.35176,4.947072,17.95608
226.6235,-23.09592,5.05652,17.81354,-23.09832,4.931134,17.77688,-22.35176,4.947072,17.95608
226.6421,-23.0957,5.056955,17.81181,-23.09956,4.931063,17.77965,-22.35176,4.947072,17.95608
226.6565,-23.0957,5.056955,17.81181,-23.09942,4.930801,17.77757,-22.35176,4.947072,17.95608
226.6688,-23.09549,5.056435,17.81268,-23.09942,4.930801,17.77757,-22.35176,4.947072,17.95608
226.6863,-23.0945,5.056,17.81408,-23.09918,4.931061,17.77864,-22.35176,4.947072,17.95608
226.7033,-23.09439,5.055739,17.81451,-23.09814,4.931766,17.78052,-22.35176,4.947072,17.95608
226.7173,-23.09439,5.055739,17.81451,-23.09802,4.931896,17.78106,-22.35176,4.947072,17.95608
226.7294,-23.09429,5.055479,17.81494,-23.09802,4.931896,17.78106,-22.35176,4.947072,17.95608
226.7452,-23.09342,5.054355,17.81851,-23.0979,4.932017,17.78159,-22.35176,4.947072,17.95608
226.7591,-23.09342,5.054355,17.81851,-23.09689,4.933017,17.78605,-22.35176,4.947072,17.95608
226.7751,-23.09298,5.053043,17.82031,-23.09689,4.933017,17.78605,-22.35176,4.947072,17.95608
226.7902,-23.09249,5.052355,17.82231,-23.09637,4.933543,17.78846,-22.35176,4.947072,17.95608
226.8052,-23.0921,5.051929,17.82388,-23.09581,4.9341,17.79095,-22.35176,4.947072,17.95608
226.8219,-23.09048,5.051986,17.8235,-23.09491,4.950822,17.7972,-22.35176,4.947072,17.95608
226.8397,-23.09048,5.051986,17.8235,-23.09314,4.951601,17.79697,-22.35176,4.947072,17.95608
226.8546,-23.09184,5.050823,17.82762,-23.09314,4.951601,17.79697,-22.35176,4.947072,17.95608
226.8761,-23.09184,5.050822,17.82762,-23.09454,4.950952,17.80153,-22.35176,4.947072,17.95608
226.8932,-23.09145,5.050403,17.82919,-23.09454,4.950952,17.80153,-22.35176,4.947072,17.95608
226.9087,-23.09145,5.050404,17.82919,-23.09412,4.950719,17.80328,-22.35176,4.947072,17.95608
226.9231,-23.09145,5.050404,17.82919,-23.09412,4.950719,17.80328,-22.35176,4.947072,17.95608
226.9367,-23.09145,5.050404,17.82919,-23.09412,4.950719,17.80328,-22.35176,4.947072,17.95608
226.9486,-23.09107,5.049985,17.83076,-23.09412,4.950719,17.80328,-22.35176,4.947072,17.95608
226.9653,-23.09107,5.049985,17.83076,-23.09335,4.963551,17.8084,-22.35176,4.947072,17.95608
226.9821,-23.09107,5.049985,17.83076,-23.09335,4.963551,17.8084,-22.35176,4.947072,17.95608
226.9992,-23.09107,5.049985,17.83076,-23.09335,4.963551,17.8084,-22.35176,4.947072,17.95608
227.0123,-23.09145,5.050404,17.82919,-23.09335,4.963551,17.8084,-22.35176,4.947072,17.95608
227.0273,-23.09145,5.050404,17.82919,-23.09412,4.950719,17.80328,-22.35176,4.947072,17.95608
227.0416,-23.0927,5.049932,17.83114,-23.09412,4.950719,17.80328,-22.35176,4.947072,17.95608
227.0571,-23.0927,5.049932,17.83114,-23.09506,4.964581,17.80909,-22.35176,4.947072,17.95608
227.0743,-23.09308,5.050349,17.82957,-23.09506,4.964581,17.80909,-22.35176,4.947072,17.95608
227.0931,-23.09308,5.050348,17.82957,-23.09552,4.96297,17.80688,-22.35176,4.947072,17.95608
227.1087,-23.09145,5.050403,17.82919,-23.09552,4.963032,17.8069,-22.35176,4.947072,17.95608
227.1262,-23.09145,5.050404,17.82919,-23.09412,4.950719,17.80328,-22.35176,4.947072,17.95608
227.142,-23.09145,5.050404,17.82919,-23.09412,4.950719,17.80328,-22.35176,4.947072,17.95608
227.1597,-23.09145,5.050404,17.82919,-23.09412,4.950719,17.80328,-22.35176,4.947072,17.95608
227.1753,-23.09145,5.050404,17.82919,-23.09412,4.950719,17.80328,-22.35176,4.947072,17.95608
227.1928,-23.09145,5.050404,17.82919,-23.09412,4.950719,17.80328,-22.35176,4.947072,17.95608
227.2108,-23.0927,5.049932,17.83114,-23.09412,4.950719,17.80328,-22.35176,4.947072,17.95608
227.2259,-23.0927,5.049932,17.83114,-23.09505,4.964624,17.8091,-22.35176,4.947072,17.95608
227.2408,-23.09308,5.050348,17.82957,-23.09506,4.964581,17.80909,-22.35176,4.947072,17.95608
227.2562,-23.09308,5.050348,17.82957,-23.09552,4.963032,17.8069,-22.35176,4.947072,17.95608
227.2695,-23.09145,5.050403,17.82919,-23.09552,4.963032,17.8069,-22.35176,4.947072,17.95608
227.2833,-23.09135,5.050142,17.82962,-23.09412,4.950719,17.80328,-22.35176,4.947072,17.95608
227.298,-23.09135,5.050142,17.82962,-23.09401,4.950582,17.80374,-22.35176,4.947072,17.95608
227.3114,-23.09297,5.050087,17.83,-23.09401,4.950582,17.80374,-22.35176,4.947072,17.95608
227.327,-23.09135,5.050141,17.82962,-23.09539,4.963732,17.80758,-22.35176,4.947072,17.95608
227.3417,-23.09097,5.049724,17.83119,-23.09401,4.950581,17.80374,-22.35176,4.947072,17.95608
227.3574,-23.09097,5.049724,17.83119,-23.09323,4.963827,17.80898,-22.35176,4.947072,17.95608
227.3703,-23.09221,5.049255,17.83314,-23.09323,4.963827,17.80898,-22.35176,4.947072,17.95608
227.3849,-23.09243,5.048842,17.83488,-23.09452,4.964819,17.81145,-22.35176,4.947072,17.95608
227.4002,-23.09243,5.048841,17.83488,-23.09471,4.964342,17.81328,-22.35176,4.947072,17.95608
227.416,-23.09243,5.048841,17.83488,-23.09471,4.964342,17.81328,-22.35176,4.947072,17.95608
227.4285,-23.09337,5.049111,17.8381,-23.09471,4.964342,17.81328,-22.35176,4.947072,17.95608
227.4413,-23.09159,5.049532,17.83835,-23.09471,4.964342,17.81328,-22.35176,4.947072,17.95608
227.4541,-23.09159,5.049532,17.83835,-23.09471,4.964342,17.81328,-22.35176,4.947072,17.95608
227.4657,-23.09453,5.050165,17.84038,-23.09471,4.964342,17.81328,-22.35176,4.947072,17.95608
227.485,-23.09562,5.05008,17.84296,-23.09471,4.964342,17.81328,-22.35176,4.947072,17.95608
227.5067,-23.098,5.050846,17.8402,-23.09471,4.964342,17.81328,-22.35176,4.947072,17.95608
227.5254,-23.10001,5.05121,17.83901,-23.09471,4.964342,17.81328,-22.35176,4.947072,17.95608
227.5447,-23.10039,5.051622,17.83743,-23.09471,4.964342,17.81328,-22.35176,4.947072,17.95608
227.5624,-23.1024,5.051992,17.83625,-23.09471,4.964342,17.81328,-22.35176,4.947072,17.95608
227.5792,-23.1024,5.051992,17.83625,-23.09471,4.964342,17.81328,-22.35176,4.947072,17.95608
227.5929,-23.10441,5.052367,17.83507,-23.09471,4.964342,17.81328,-22.35176,4.947072,17.95608
227.6096,-23.10565,5.051913,17.83702,-23.09471,4.964342,17.81328,-22.35176,4.947072,17.95608
227.6244,-23.10928,5.052259,17.83622,-23.09471,4.964342,17.81328,-22.35176,4.947072,17.95608
227.64,-23.10889,5.051844,17.8378,-23.09471,4.964342,17.81328,-22.35176,4.947072,17.95608
227.6533,-23.10889,5.051844,17.8378,-23.09471,4.964342,17.81328,-22.35176,4.947072,17.95608
227.6638,-23.11122,5.051325,17.84234,-23.09471,4.964342,17.81328,-22.35176,4.947072,17.95608
227.6786,-23.11122,5.051325,17.84234,-23.09471,4.964342,17.81328,-22.35176,4.947072,17.95608
227.6919,-23.11564,5.049249,17.85178,-23.09471,4.964342,17.81328,-22.35176,4.947072,17.95608
227.7071,-23.11961,5.048015,17.85775,-23.09471,4.964342,17.81328,-22.35176,4.947072,17.95608
227.7205,-23.12258,5.046826,17.86349,-23.09471,4.964342,17.81328,-22.35176,4.947072,17.95608
227.7353,-23.12258,5.046826,17.86349,-23.09471,4.964342,17.81328,-22.35176,4.947072,17.95608
227.7492,-23.13058,5.044485,17.87543,-23.09471,4.964342,17.81328,-22.35176,4.947072,17.95608
227.7621,-23.13449,5.043723,17.87736,-23.09471,4.964342,17.81328,-22.35176,4.947072,17.95608
227.7765,-23.13449,5.043723,17.87736,-23.09471,4.964342,17.81328,-22.35176,4.947072,17.95608
227.7891,-23.14067,5.042234,17.8855,-23.09471,4.964342,17.81328,-22.35176,4.947072,17.95608
227.8025,-23.1422,5.041872,17.88753,-23.09471,4.964342,17.81328,-22.35176,4.947072,17.95608
227.8158,-23.1422,5.041872,17.88753,-23.09471,4.964342,17.81328,-22.35176,4.947072,17.95608
227.8269,-23.15115,5.041507,17.89125,-23.09471,4.964342,17.81328,-22.35176,4.947072,17.95608
227.8416,-23.15333,5.041147,17.89341,-23.09471,4.964342,17.81328,-22.35176,4.947072,17.95608
227.8563,-23.15333,5.041147,17.89341,-23.09471,4.964342,17.81328,-22.35176,4.947072,17.95608
227.8676,-23.16231,5.040805,17.89708,-23.09471,4.964342,17.81328,-22.35176,4.947072,17.95608
227.882,-23.16549,5.040805,17.89777,-23.09471,4.964342,17.81328,-22.35176,4.947072,17.95608
227.8967,-23.16549,5.040805,17.89777,-23.09471,4.964342,17.81328,-22.35176,4.947072,17.95608
227.9091,-23.17222,5.040471,17.9009,-23.09471,4.964342,17.81328,-22.35176,4.947072,17.95608
227.9225,-23.17512,5.040483,17.90153,-23.09471,4.964342,17.81328,-22.35176,4.947072,17.95608
227.9354,-23.17512,5.040483,17.90153,-23.09471,4.964342,17.81328,-22.35176,4.947072,17.95608
227.9465,-23.18137,5.039777,17.90385,-23.09471,4.964342,17.81328,-22.35176,4.947072,17.95608
227.9599,-23.18137,5.039777,17.90385,-23.09471,4.964342,17.81328,-22.35176,4.947072,17.95608
227.9744,-23.1862,5.039797,17.90486,-23.09471,4.964342,17.81328,-22.35176,4.947072,17.95608
227.9913,-23.18738,5.039536,17.90555,-23.09471,4.964342,17.81328,-22.35176,4.947072,17.95608
228.008,-23.18827,5.039628,17.90452,-23.09471,4.964342,17.81328,-22.35176,4.947072,17.95608
228.0236,-23.18882,5.039365,17.90508,-23.09471,4.964342,17.81328,-22.35176,4.947072,17.95608
228.039,-23.18882,5.039365,17.90508,-23.09471,4.964342,17.81328,-22.35176,4.947072,17.95608
228.0525,-23.19154,5.038862,17.90656,-23.09471,4.964342,17.81328,-22.35176,4.947072,17.95608
228.067,-23.19331,5.03905,17.90449,-23.09471,4.964342,17.81328,-22.35176,4.947072,17.95608
228.0823,-23.19701,5.038908,17.90448,-23.09471,4.964342,17.81328,-22.35176,4.947072,17.95608
228.1023,-23.20003,5.038381,17.90597,-23.09471,4.964342,17.81328,-22.35176,4.947072,17.95608
228.1182,-23.20003,5.038381,17.90597,-23.09471,4.964342,17.81328,-22.35176,4.947072,17.95608
228.1305,-23.20672,5.036253,17.90944,-23.09471,4.964342,17.81328,-22.35176,4.947072,17.95608
228.1445,-23.21132,5.03516,17.91338,-23.09471,4.964342,17.81328,-22.35176,4.947072,17.95608
228.1588,-23.21132,5.03516,17.91338,-23.09471,4.964342,17.81328,-22.35176,4.947072,17.95608
228.1701,-23.22019,5.033466,17.9179,-23.09471,4.964342,17.81328,-22.35176,4.947072,17.95608
228.1838,-23.22383,5.032353,17.92159,-23.09471,4.964342,17.81328,-22.35176,4.947072,17.95608
228.1967,-23.22383,5.032353,17.92159,-23.09471,4.964342,17.81328,-22.35176,4.947072,17.95608
228.2083,-23.23118,5.029881,17.92714,-23.09471,4.964342,17.81328,-22.35176,4.947072,17.95608
228.2219,-23.23401,5.028037,17.93166,-23.09471,4.964342,17.81328,-22.35176,4.947072,17.95608
228.2362,-23.23401,5.028037,17.93166,-23.09471,4.964342,17.81328,-22.35176,4.947072,17.95608
228.2482,-23.24129,5.025081,17.94123,-23.09471,4.964342,17.81328,-22.35176,4.947072,17.95608
228.2612,-23.24441,5.024258,17.94434,-23.09471,4.964342,17.81328,-22.35176,4.947072,17.95608
228.2759,-23.24441,5.024258,17.94434,-23.09471,4.964342,17.81328,-22.35176,4.947072,17.95608
228.2877,-23.24902,5.021358,17.95218,-23.09471,4.964342,17.81328,-22.35176,4.947072,17.95608
228.3012,-23.25103,5.019673,17.95765,-23.09471,4.964342,17.81328,-22.35176,4.947072,17.95608
228.3154,-23.25103,5.019673,17.95765,-23.09471,4.964342,17.81328,-22.35176,4.947072,17.95608
228.3278,-23.25274,5.016908,17.96484,-23.09471,4.964342,17.81328,-22.35176,4.947072,17.95608
228.3414,-23.25507,5.015558,17.9687,-23.09471,4.964342,17.81328,-22.35176,4.947072,17.95608
228.3543,-23.25507,5.015558,17.9687,-23.09471,4.964342,17.81328,-22.35176,4.947072,17.95608
228.366,-23.2561,5.013715,17.97427,-23.09471,4.964342,17.81328,-22.35176,4.947072,17.95608
228.3793,-23.2561,5.013715,17.97427,-23.09471,4.964342,17.81328,-22.35176,4.947072,17.95608
228.3931,-23.25716,5.012031,17.97973,-23.09471,4.964342,17.81328,-22.35176,4.947072,17.95608
228.4068,-23.25724,5.010767,17.98305,-23.09471,4.964342,17.81328,-22.35176,4.947072,17.95608
228.4216,-23.2578,5.009617,17.98754,-23.09471,4.964342,17.81328,-22.35176,4.947072,17.95608
228.4353,-23.2578,5.009617,17.98754,-23.09471,4.964342,17.81328,-22.35176,4.947072,17.95608
228.4476,-23.25844,5.007759,17.99716,-23.09471,4.964342,17.81328,-22.35176,4.947072,17.95608
228.4614,-23.25853,5.007219,18.00442,-23.09471,4.964342,17.81328,-22.35176,4.947072,17.95608
228.4761,-23.25853,5.007219,18.00442,-23.09471,4.964342,17.81328,-22.35176,4.947072,17.95608
228.4877,-23.25662,5.009286,18.01892,-23.09471,4.964342,17.81328,-22.35176,4.947072,17.95608
228.5062,-23.2561,5.010661,18.02579,-23.09471,4.964342,17.81328,-22.35176,4.947072,17.95608
228.5198,-23.2561,5.010661,18.02579,-23.09471,4.964342,17.81328,-22.35176,4.947072,17.95608
228.531,-23.25423,5.01114,18.03619,-23.09471,4.964342,17.81328,-22.35176,4.947072,17.95608
228.5445,-23.25202,5.010561,18.03913,-23.09471,4.964342,17.81328,-22.35176,4.947072,17.95608
228.5591,-23.25202,5.010561,18.03913,-23.09471,4.964342,17.81328,-22.35176,4.947072,17.95608
228.5728,-23.2527,5.00947,18.04485,-23.09471,4.964342,17.81328,-22.35176,4.947072,17.95608
228.5896,-23.25108,5.010336,18.04448,-23.09471,4.964342,17.81328,-22.35176,4.947072,17.95608
228.6035,-23.2507,5.010561,18.04659,-23.09471,4.964342,17.81328,-22.35176,4.947072,17.95608
228.6184,-23.2507,5.010561,18.04659,-23.09471,4.964342,17.81328,-22.35176,4.947072,17.95608
228.6308,-23.25325,5.010635,18.0458,-23.09471,4.964342,17.81328,-22.35176,4.947072,17.95608
228.6451,-23.25417,5.010644,18.0447,-23.09471,4.964342,17.81328,-22.35176,4.947072,17.95608
228.6591,-23.25417,5.010644,18.0447,-23.09471,4.964342,17.81328,-22.35176,4.947072,17.95608
228.6709,-23.25477,5.01029,18.04392,-23.09471,4.964342,17.81328,-22.35176,4.947072,17.95608
228.6876,-23.25724,5.010076,18.04355,-23.09471,4.964342,17.81328,-22.35176,4.947072,17.95608
228.7028,-23.25794,5.010076,18.04365,-23.09471,4.964342,17.81328,-22.35176,4.947072,17.95608
228.7162,-23.25794,5.010076,18.04365,-23.09471,4.964342,17.81328,-22.35176,4.947072,17.95608
228.7277,-23.25962,5.010382,18.04223,-23.09471,4.964342,17.81328,-22.35176,4.947072,17.95608
228.7409,-23.26043,5.00998,18.04169,-23.09471,4.964342,17.81328,-22.35176,4.947072,17.95608
228.7554,-23.26043,5.00998,18.04169,-23.09471,4.964342,17.81328,-22.35176,4.947072,17.95608
228.769,-23.26321,5.009979,18.04208,-23.09471,4.964342,17.81328,-22.35176,4.947072,17.95608
228.7856,-23.26436,5.009911,18.04217,-23.09471,4.964342,17.81328,-22.35176,4.947072,17.95608
228.8005,-23.26481,5.009843,18.04216,-23.09471,4.964342,17.81328,-22.35176,4.947072,17.95608
228.8157,-23.26481,5.009843,18.04216,-23.09471,4.964342,17.81328,-22.35176,4.947072,17.95608
228.8278,-23.27034,5.008974,18.04155,-23.09471,4.964342,17.81328,-22.35176,4.947072,17.95608
228.8446,-23.27309,5.008108,18.04055,-23.09471,4.964342,17.81328,-22.35176,4.947072,17.95608
228.8587,-23.27309,5.008108,18.04055,-23.09471,4.964342,17.81328,-22.35176,4.947072,17.95608
228.8725,-23.27811,5.007264,18.03862,-23.09471,4.964342,17.81328,-22.35176,4.947072,17.95608
228.8888,-23.27924,5.007205,18.03871,-23.09471,4.964342,17.81328,-22.35176,4.947072,17.95608
228.9059,-23.28338,5.005961,18.04116,-23.09471,4.964342,17.81328,-22.35176,4.947072,17.95608
228.921,-23.28345,5.004827,18.03901,-23.09471,4.964342,17.81328,-22.35176,4.947072,17.95608
228.9356,-23.28345,5.004827,18.03901,-23.09471,4.964342,17.81328,-22.35176,4.947072,17.95608
228.9479,-23.28418,5.002449,18.03885,-23.09471,4.964342,17.81328,-22.35176,4.947072,17.95608
228.9625,-23.28247,5.002097,18.039,-23.09471,4.964342,17.81328,-22.35176,4.947072,17.95608
228.9787,-23.28247,5.002097,18.039,-23.09471,4.964342,17.81328,-22.35176,4.947072,17.95608
228.9902,-23.28386,5.001837,18.04089,-23.09471,4.964342,17.81328,-22.35176,4.947072,17.95608
229.0036,-23.28196,5.001465,18.04224,-23.09471,4.964342,17.81328,-22.35176,4.947072,17.95608
229.0204,-23.28265,5.001207,18.04404,-23.09471,4.964342,17.81328,-22.35176,4.947072,17.95608
229.0344,-23.28265,5.001207,18.04404,-23.09471,4.964342,17.81328,-22.35176,4.947072,17.95608
229.0454,-23.2817,5.000896,18.04557,-23.09471,4.964342,17.81328,-22.35176,4.947072,17.95608
229.0593,-23.2817,5.000896,18.04557,-23.09471,4.964342,17.81328,-22.35176,4.947072,17.95608
229.0708,-23.28075,5.000587,18.0471,-23.09471,4.964342,17.81328,-22.35176,4.947072,17.95608
229.0848,-23.27979,5.00028,18.04863,-23.09471,4.964342,17.81328,-22.35176,4.947072,17.95608
229.0984,-23.27979,5.00028,18.04863,-23.09471,4.964342,17.81328,-22.35176,4.947072,17.95608
229.1097,-23.27719,4.999919,18.04989,-23.09471,4.964342,17.81328,-22.35176,4.947072,17.95608
229.1261,-23.2782,5.000271,18.04965,-23.09471,4.964342,17.81328,-22.35176,4.947072,17.95608
229.1408,-23.27757,5.000566,18.04914,-23.09471,4.964342,17.81328,-22.35176,4.947072,17.95608
229.1575,-23.27757,5.000566,18.04914,-23.09471,4.964342,17.81328,-22.35176,4.947072,17.95608
229.1704,-23.27269,5.000814,18.04678,-23.09471,4.964342,17.81328,-22.35176,4.947072,17.95608
229.1851,-23.26664,5.000965,18.04414,-23.09471,4.964342,17.81328,-22.35176,4.947072,17.95608
229.2011,-23.26126,5.000871,18.04329,-23.09471,4.964342,17.81328,-22.35176,4.947072,17.95608
229.2169,-23.26126,5.000871,18.04329,-23.09471,4.964342,17.81328,-22.35176,4.947072,17.95608
229.2306,-23.25364,5.00131,18.03995,-23.09471,4.964342,17.81328,-22.35176,4.947072,17.95608
229.2445,-23.25137,5.001569,18.03915,-23.09471,4.964342,17.81328,-22.35176,4.947072,17.95608
229.2603,-23.24962,5.001937,18.03951,-23.09471,4.964342,17.81328,-22.35176,4.947072,17.95608
229.2751,-23.24962,5.001937,18.03951,-23.09471,4.964342,17.81328,-22.35176,4.947072,17.95608
229.2872,-23.2464,5.00217,18.03854,-23.09471,4.964342,17.81328,-22.35176,4.947072,17.95608
229.3018,-23.24693,5.002793,18.0353,-23.09471,4.964342,17.81328,-22.35176,4.947072,17.95608
229.3184,-23.24693,5.002793,18.0353,-23.09471,4.964342,17.81328,-22.35176,4.947072,17.95608
229.3297,-23.24556,5.003079,18.03341,-23.09471,4.964342,17.81328,-22.35176,4.947072,17.95608
229.344,-23.24556,5.003078,18.03341,-23.09471,4.964342,17.81328,-22.35176,4.947072,17.95608
229.3617,-23.24582,5.003396,18.03179,-23.09471,4.964342,17.81328,-22.35176,4.947072,17.95608
229.3758,-23.24582,5.003396,18.03179,-23.09471,4.964342,17.81328,-22.35176,4.947072,17.95608
229.3881,-23.24487,5.003371,18.03162,-23.09471,4.964342,17.81328,-22.35176,4.947072,17.95608
229.4014,-23.24557,5.003371,18.03172,-23.09471,4.964342,17.81328,-22.35176,4.947072,17.95608
229.4151,-23.24557,5.003371,18.03172,-23.09471,4.964342,17.81328,-22.35176,4.947072,17.95608
229.4265,-23.24652,5.003689,18.03021,-23.09471,4.964342,17.81328,-22.35176,4.947072,17.95608
229.4397,-23.24652,5.003689,18.03021,-23.09471,4.964342,17.81328,-22.35176,4.947072,17.95608
229.4509,-23.24791,5.003688,18.03042,-23.09471,4.964342,17.81328,-22.35176,4.947072,17.95608
229.4643,-23.24886,5.00401,18.02891,-23.09471,4.964342,17.81328,-22.35176,4.947072,17.95608
229.4781,-23.24886,5.00401,18.02891,-23.09471,4.964342,17.81328,-22.35176,4.947072,17.95608
229.4916,-23.2505,5.004036,18.02918,-23.09471,4.964342,17.81328,-22.35176,4.947072,17.95608
229.5069,-23.24886,5.004011,18.02891,-23.09471,4.964342,17.81328,-22.35176,4.947072,17.95608
229.5198,-23.24886,5.004011,18.02891,-23.09471,4.964342,17.81328,-22.35176,4.947072,17.95608
229.5319,-23.24948,5.003716,18.02943,-23.09471,4.964342,17.81328,-22.35176,4.947072,17.95608
229.546,-23.24948,5.003716,18.02943,-23.09471,4.964342,17.81328,-22.35176,4.947072,17.95608
229.5626,-23.24948,5.003716,18.02943,-23.09471,4.964342,17.81328,-22.35176,4.947072,17.95608
229.5802,-23.25113,5.003741,18.0297,-23.09471,4.964342,17.81328,-22.35176,4.947072,17.95608
229.5965,-23.25113,5.003741,18.0297,-23.09471,4.964342,17.81328,-22.35176,4.947072,17.95608
229.6088,-23.25175,5.003447,18.03022,-23.09471,4.964342,17.81328,-22.35176,4.947072,17.95608
229.624,-23.2535,5.003077,18.02985,-23.09471,4.964342,17.81328,-22.35176,4.947072,17.95608
229.6384,-23.2535,5.003077,18.02985,-23.09471,4.964342,17.81328,-22.35176,4.947072,17.95608
229.6504,-23.25679,5.003137,18.03039,-23.09471,4.964342,17.81328,-22.35176,4.947072,17.95608
229.666,-23.25836,5.002877,18.03108,-23.09471,4.964342,17.81328,-22.35176,4.947072,17.95608
229.6817,-23.26165,5.002951,18.03163,-23.09471,4.964342,17.81328,-22.35176,4.947072,17.95608
229.6987,-23.26165,5.002951,18.03163,-23.09471,4.964342,17.81328,-22.35176,4.947072,17.95608
229.7105,-23.2626,5.00299,18.03181,-23.09471,4.964342,17.81328,-22.35176,4.947072,17.95608
229.7237,-23.26425,5.003033,18.03208,-23.09471,4.964342,17.81328,-22.35176,4.947072,17.95608
229.7377,-23.26425,5.003033,18.03208,-23.09471,4.964342,17.81328,-22.35176,4.947072,17.95608
229.7487,-23.26589,5.003078,18.03236,-23.09471,4.964342,17.81328,-22.35176,4.947072,17.95608
229.7628,-23.26425,5.003034,18.03208,-23.09471,4.964342,17.81328,-22.35176,4.947072,17.95608
229.7768,-23.26425,5.003034,18.03208,-23.09471,4.964342,17.81328,-22.35176,4.947072,17.95608
229.7942,-23.26658,5.003078,18.03246,-23.09471,4.964342,17.81328,-22.35176,4.947072,17.95608
229.8076,-23.26685,5.003401,18.03084,-23.09471,4.964342,17.81328,-22.35176,4.947072,17.95608
229.8212,-23.26589,5.003357,18.03066,-23.09471,4.964342,17.81328,-22.35176,4.947072,17.95608
229.8345,-23.26589,5.003357,18.03066,-23.09471,4.964342,17.81328,-22.35176,4.947072,17.95608
229.8452,-23.26727,5.003078,18.03255,-23.09471,4.964342,17.81328,-22.35176,4.947072,17.95608
229.8589,-23.26727,5.003078,18.03255,-23.09471,4.964342,17.81328,-22.35176,4.947072,17.95608
229.8696,-23.2678,5.003727,18.02932,-23.09471,4.964342,17.81328,-22.35176,4.947072,17.95608
229.8831,-23.26684,5.003401,18.03084,-23.09471,4.964342,17.81328,-22.35176,4.947072,17.95608
229.8969,-23.26684,5.003401,18.03084,-23.09471,4.964342,17.81328,-22.35176,4.947072,17.95608
229.9104,-23.26685,5.003401,18.03084,-23.09471,4.964342,17.81328,-22.35176,4.947072,17.95608
229.9238,-23.26685,5.003401,18.03084,-23.09471,4.964342,17.81328,-22.35176,4.947072,17.95608
229.9372,-23.26685,5.003401,18.03084,-23.09471,4.964342,17.81328,-22.35176,4.947072,17.95608
229.948,-23.26685,5.003401,18.03084,-23.09471,4.964342,17.81328,-22.35176,4.947072,17.95608
229.962,-23.26711,5.003727,18.02922,-23.09471,4.964342,17.81328,-22.35176,4.947072,17.95608
229.9757,-23.26711,5.003727,18.02922,-23.09471,4.964342,17.81328,-22.35176,4.947072,17.95608
229.9879,-23.26641,5.003727,18.02913,-23.09471,4.964342,17.81328,-22.35176,4.947072,17.95608
230.0011,-23.26641,5.003727,18.02913,-23.09471,4.964342,17.81328,-22.35176,4.947072,17.95608
230.0142,-23.26641,5.003727,18.02913,-23.09471,4.964342,17.81328,-22.35176,4.947072,17.95608
230.0273,-23.26641,5.003727,18.02913,-23.09471,4.964342,17.81328,-22.35176,4.947072,17.95608
230.0424,-23.26641,5.003727,18.02913,-23.09471,4.964342,17.81328,-22.35176,4.947072,17.95608
230.056,-23.26641,5.003727,18.02913,-23.09471,4.964342,17.81328,-22.35176,4.947072,17.95608
230.0693,-23.26615,5.003401,18.03074,-23.09471,4.964342,17.81328,-22.35176,4.947072,17.95608
230.0847,-23.26451,5.003357,18.03047,-23.09471,4.964342,17.81328,-22.35176,4.947072,17.95608
230.0993,-23.26451,5.003357,18.03047,-23.09471,4.964342,17.81328,-22.35176,4.947072,17.95608
230.1115,-23.26428,5.002341,18.03186,-23.09471,4.964342,17.81328,-22.35176,4.947072,17.95608
230.1295,-23.26566,5.002063,18.03375,-23.09471,4.964342,17.81328,-22.35176,4.947072,17.95608
230.1439,-23.26402,5.002019,18.03348,-23.09471,4.964342,17.81328,-22.35176,4.947072,17.95608
230.1629,-23.26376,5.001698,18.0351,-23.09471,4.964342,17.81328,-22.35176,4.947072,17.95608
230.1814,-23.2654,5.001742,18.03537,-23.09471,4.964342,17.81328,-22.35176,4.947072,17.95608
230.1956,-23.2654,5.001742,18.03537,-23.09471,4.964342,17.81328,-22.35176,4.947072,17.95608
230.2076,-23.26349,5.001379,18.03671,-23.09471,4.964342,17.81328,-22.35176,4.947072,17.95608
230.2209,-23.26507,5.001128,18.03741,-23.09471,4.964342,17.81328,-22.35176,4.947072,17.95608
230.2352,-23.26507,5.001128,18.03741,-23.09471,4.964342,17.81328,-22.35176,4.947072,17.95608
230.2462,-23.26316,5.000768,18.03875,-23.09471,4.964342,17.81328,-22.35176,4.947072,17.95608
230.2599,-23.26316,5.000768,18.03875,-23.09471,4.964342,17.81328,-22.35176,4.947072,17.95608
230.2705,-23.26316,5.000769,18.03875,-23.09471,4.964342,17.81328,-22.35176,4.947072,17.95608
230.284,-23.26491,5.000412,18.03839,-23.09471,4.964342,17.81328,-22.35176,4.947072,17.95608
230.3013,-23.26327,5.000368,18.03811,-23.09471,4.964342,17.81328,-22.35176,4.947072,17.95608
230.3152,-23.26327,5.000368,18.03811,-23.09471,4.964342,17.81328,-22.35176,4.947072,17.95608
230.326,-23.263,5.000053,18.03973,-23.09471,4.964342,17.81328,-22.35176,4.947072,17.95608
230.3395,-23.263,5.000053,18.03973,-23.09471,4.964342,17.81328,-22.35176,4.947072,17.95608
230.3505,-23.26465,5.000099,18.04,-23.09471,4.964342,17.81328,-22.35176,4.947072,17.95608
230.3633,-23.26327,5.000368,18.03811,-23.09471,4.964342,17.81328,-22.35176,4.947072,17.95608
230.3764,-23.26327,5.000368,18.03811,-23.09471,4.964342,17.81328,-22.35176,4.947072,17.95608
230.3876,-23.26465,5.000098,18.04,-23.09471,4.964342,17.81328,-22.35176,4.947072,17.95608
230.4008,-23.26491,5.000413,18.03838,-23.09471,4.964342,17.81328,-22.35176,4.947072,17.95608
230.4145,-23.26491,5.000413,18.03838,-23.09471,4.964342,17.81328,-22.35176,4.947072,17.95608
230.4252,-23.26491,5.000412,18.03839,-23.09471,4.964342,17.81328,-22.35176,4.947072,17.95608
230.4374,-23.26491,5.000412,18.03839,-23.09471,4.964342,17.81328,-22.35176,4.947072,17.95608
230.4504,-23.26491,5.000413,18.03838,-23.09471,4.964342,17.81328,-22.35176,4.947072,17.95608
230.4625,-23.26491,5.000412,18.03838,-23.09471,4.964342,17.81328,-22.35176,4.947072,17.95608
230.4755,-23.26491,5.000412,18.03838,-23.09471,4.964342,17.81328,-22.35176,4.947072,17.95608
230.4867,-23.26491,5.000412,18.03839,-23.09471,4.964342,17.81328,-22.35176,4.947072,17.95608
230.5003,-23.26327,5.000369,18.03811,-23.09471,4.964342,17.81328,-22.35176,4.947072,17.95608
230.5153,-23.26327,5.000369,18.03811,-23.09471,4.964342,17.81328,-22.35176,4.947072,17.95608
230.5282,-23.26491,5.000413,18.03838,-23.09471,4.964342,17.81328,-22.35176,4.947072,17.95608
230.5417,-23.26327,5.000367,18.03811,-23.09471,4.964342,17.81328,-22.35176,4.947072,17.95608
230.5554,-23.26327,5.000367,18.03811,-23.09471,4.964342,17.81328,-22.35176,4.947072,17.95608
230.5675,-23.26491,5.000412,18.03838,-23.09471,4.964342,17.81328,-22.35176,4.947072,17.95608
230.5799,-23.26491,5.000412,18.03838,-23.09471,4.964342,17.81328,-22.35176,4.947072,17.95608
230.5907,-23.26327,5.000368,18.03811,-23.09471,4.964342,17.81328,-22.35176,4.947072,17.95608
230.6052,-23.2632,5.000073,18.03853,-23.09471,4.964342,17.81328,-22.35176,4.947072,17.95608
230.6229,-23.26346,5.00039,18.03691,-23.09471,4.964342,17.81328,-22.35176,4.947072,17.95608
230.6365,-23.26346,5.00039,18.03691,-23.09471,4.964342,17.81328,-22.35176,4.947072,17.95608
230.6494,-23.26477,4.999821,18.03922,-23.09471,4.964342,17.81328,-22.35176,4.947072,17.95608
230.6632,-23.2634,5.000093,18.03733,-23.09471,4.964342,17.81328,-22.35176,4.947072,17.95608
230.6775,-23.2634,5.000093,18.03733,-23.09471,4.964342,17.81328,-22.35176,4.947072,17.95608
230.6885,-23.26504,5.000138,18.0376,-23.09471,4.964342,17.81328,-22.35176,4.947072,17.95608
230.7024,-23.2634,5.000094,18.03733,-23.09471,4.964342,17.81328,-22.35176,4.947072,17.95608
230.7163,-23.2634,5.000094,18.03733,-23.09471,4.964342,17.81328,-22.35176,4.947072,17.95608
230.7319,-23.26343,4.999399,18.0371,-23.09471,4.964342,17.81328,-22.35176,4.947072,17.95608
230.7456,-23.26481,4.999125,18.039,-23.09471,4.964342,17.81328,-22.35176,4.947072,17.95608
230.7594,-23.26481,4.999125,18.039,-23.09471,4.964342,17.81328,-22.35176,4.947072,17.95608
230.7738,-23.26508,4.999443,18.03738,-23.09471,4.964342,17.81328,-22.35176,4.947072,17.95608
230.7871,-23.26343,4.999399,18.0371,-23.09471,4.964342,17.81328,-22.35176,4.947072,17.95608
230.7999,-23.26343,4.999399,18.0371,-23.09471,4.964342,17.81328,-22.35176,4.947072,17.95608
230.8107,-23.26508,4.999443,18.03738,-23.09471,4.964342,17.81328,-22.35176,4.947072,17.95608
230.823,-23.26508,4.999443,18.03738,-23.09471,4.964342,17.81328,-22.35176,4.947072,17.95608
230.8358,-23.26508,4.999443,18.03738,-23.09471,4.964342,17.81328,-22.35176,4.947072,17.95608
230.8462,-23.26343,4.999399,18.0371,-23.09471,4.964342,17.81328,-22.35176,4.947072,17.95608
230.8587,-23.26343,4.999399,18.0371,-23.09471,4.964342,17.81328,-22.35176,4.947072,17.95608
230.8694,-23.26508,4.999443,18.03738,-23.09471,4.964342,17.81328,-22.35176,4.947072,17.95608
230.8852,-23.26353,4.998999,18.03646,-23.09471,4.964342,17.81328,-22.35176,4.947072,17.95608
230.9008,-23.26518,4.999043,18.03674,-23.09471,4.964342,17.81328,-22.35176,4.947072,17.95608
230.9137,-23.26518,4.999043,18.03674,-23.09471,4.964342,17.81328,-22.35176,4.947072,17.95608
230.9238,-23.26353,4.998999,18.03646,-23.09471,4.964342,17.81328,-22.35176,4.947072,17.95608
230.9387,-23.26353,4.998999,18.03646,-23.09471,4.964342,17.81328,-22.35176,4.947072,17.95608
230.9502,-23.26364,4.998602,18.03582,-23.09471,4.964342,17.81328,-22.35176,4.947072,17.95608
230.9625,-23.26565,4.99857,18.03384,-23.09471,4.964342,17.81328,-22.35176,4.947072,17.95608
230.975,-23.26565,4.99857,18.03384,-23.09471,4.964342,17.81328,-22.35176,4.947072,17.95608
230.9866,-23.26384,4.997808,18.03454,-23.09471,4.964342,17.81328,-22.35176,4.947072,17.95608
230.999,-23.26384,4.997808,18.03454,-23.09471,4.964342,17.81328,-22.35176,4.947072,17.95608
231.0092,-23.26559,4.997453,18.03417,-23.09471,4.964342,17.81328,-22.35176,4.947072,17.95608
231.0216,-23.26395,4.997408,18.0339,-23.09471,4.964342,17.81328,-22.35176,4.947072,17.95608
231.035,-23.26395,4.997408,18.0339,-23.26749,4.936405,18.02234,-22.35176,4.947072,17.95608
231.0464,-23.26431,4.997336,18.03164,-23.26749,4.936405,18.02234,-22.35176,4.947072,17.95608
231.0605,-23.26405,4.997013,18.03326,-23.26787,4.936454,18.02,-22.35176,4.947072,17.95608
231.0751,-23.26405,4.997013,18.03326,-23.26758,4.936412,18.02175,-22.35176,4.947072,17.95608
231.0867,-23.26431,4.997336,18.03164,-23.26758,4.936412,18.02175,-22.35176,4.947072,17.95608
231.1011,-23.26405,4.997013,18.03326,-23.26787,4.936454,18.02,-22.35176,4.947072,17.95608
231.1152,-23.26405,4.997013,18.03326,-23.26758,4.936412,18.02175,-22.35176,4.947072,17.95608
231.1266,-23.26277,4.996898,18.03073,-23.26758,4.936412,18.02175,-22.35176,4.947072,17.95608
231.1441,-23.26415,4.996616,18.03262,-23.26631,4.935125,18.01887,-22.35176,4.947072,17.95608
231.1586,-23.26415,4.996616,18.03262,-23.26766,4.93642,18.02116,-22.35176,4.947072,17.95608
231.1714,-23.26473,4.995754,18.02908,-23.26766,4.93642,18.02116,-22.35176,4.947072,17.95608
231.1856,-23.26456,4.995031,18.03005,-23.2682,4.936516,18.01765,-22.35176,4.947072,17.95608
231.2002,-23.26483,4.995358,18.02843,-23.268,4.936454,18.0188,-22.35176,4.947072,17.95608
231.214,-23.26483,4.995358,18.02843,-23.26829,4.936536,18.01706,-22.35176,4.947072,17.95608
231.2255,-23.26303,4.994595,18.02913,-23.26829,4.936536,18.01706,-22.35176,4.947072,17.95608
231.2389,-23.26303,4.994595,18.02913,-23.26644,4.934991,18.01765,-22.35176,4.947072,17.95608
231.2512,-23.26441,4.99431,18.03102,-23.26644,4.934991,18.01765,-22.35176,4.947072,17.95608
231.2663,-23.26434,4.994013,18.03144,-23.26779,4.936411,18.01995,-22.35176,4.947072,17.95608
231.2824,-23.2628,4.993575,18.03053,-23.2677,4.936398,18.02043,-22.35176,4.947072,17.95608
231.3004,-23.26418,4.993295,18.03242,-23.26615,4.935014,18.01929,-22.35176,4.947072,17.95608
231.3155,-23.26418,4.993295,18.03242,-23.2675,4.936364,18.02158,-22.35176,4.947072,17.95608
231.3291,-23.26418,4.993295,18.03242,-23.2675,4.936364,18.02158,-22.35176,4.947072,17.95608
231.3458,-23.26392,4.992973,18.03403,-23.2675,4.936364,18.02158,-22.35176,4.947072,17.95608
231.3618,-23.26428,4.992898,18.03177,-23.26721,4.936322,18.02333,-22.35176,4.947072,17.95608
231.3779,-23.26428,4.992898,18.03177,-23.26758,4.936369,18.02099,-22.35176,4.947072,17.95608
231.3905,-23.26455,4.991858,18.03446,-23.26758,4.936369,18.02099,-22.35176,4.947072,17.95608
231.4062,-23.26429,4.99154,18.03607,-23.26775,4.936638,18.02405,-22.35176,4.947072,17.95608
231.4242,-23.26233,4.990067,18.03775,-23.26746,4.936609,18.02579,-22.35176,4.947072,17.95608
231.4394,-23.26233,4.990067,18.03775,-23.26538,4.935719,18.02766,-22.35176,4.947072,17.95608
231.452,-23.26184,4.988746,18.04076,-23.26538,4.935719,18.02766,-22.35176,4.947072,17.95608
231.4659,-23.26322,4.988477,18.04265,-23.2648,4.935697,18.03103,-22.35176,4.947072,17.95608
231.4796,-23.26322,4.988477,18.04265,-23.26538,4.950378,18.03572,-22.35176,4.947072,17.95608
231.4919,-23.26434,4.987906,18.04617,-23.26538,4.950378,18.03572,-22.35176,4.947072,17.95608
231.5106,-23.26296,4.988169,18.04428,-23.26654,4.949655,18.03932,-22.35176,4.947072,17.95608
231.5251,-23.26296,4.988169,18.04427,-23.26512,4.949863,18.03736,-22.35176,4.947072,17.95608
231.539,-23.26296,4.988169,18.04427,-23.26512,4.94991,18.03736,-22.35176,4.947072,17.95608
231.553,-23.26296,4.988169,18.04428,-23.26512,4.94991,18.03736,-22.35176,4.947072,17.95608
231.5674,-23.26365,4.988169,18.04437,-23.26512,4.949863,18.03736,-22.35176,4.947072,17.95608
231.581,-23.26365,4.988169,18.04437,-23.26579,4.950369,18.03754,-22.35176,4.947072,17.95608
231.595,-23.26365,4.988169,18.04437,-23.26579,4.950369,18.03754,-22.35176,4.947072,17.95608
231.607,-23.26504,4.987907,18.04626,-23.26579,4.950369,18.03754,-22.35176,4.947072,17.95608
231.6211,-23.26339,4.987863,18.04599,-23.26722,4.949828,18.03944,-22.35176,4.947072,17.95608
231.6348,-23.26339,4.987863,18.04599,-23.26557,4.949086,18.03904,-22.35176,4.947072,17.95608
231.6468,-23.26313,4.987558,18.04761,-23.26557,4.949086,18.03904,-22.35176,4.947072,17.95608
231.6608,-23.26313,4.987558,18.04761,-23.26599,4.936584,18.03854,-22.35176,4.947072,17.95608
231.6758,-23.26313,4.987558,18.04761,-23.26599,4.936584,18.03854,-22.35176,4.947072,17.95608
231.6884,-23.26339,4.987863,18.04599,-23.26599,4.936584,18.03854,-22.35176,4.947072,17.95608
231.7037,-23.26313,4.987558,18.04761,-23.26557,4.949086,18.03904,-22.35176,4.947072,17.95608
231.7176,-23.26313,4.987558,18.04761,-23.26599,4.936584,18.03854,-22.35176,4.947072,17.95608
231.7291,-23.26503,4.987907,18.04626,-23.26599,4.936584,18.03854,-22.35176,4.947072,17.95608
231.7434,-23.26339,4.987863,18.04599,-23.26722,4.949828,18.03945,-22.35176,4.947072,17.95608
231.7596,-23.26339,4.987863,18.04599,-23.26557,4.949086,18.03904,-22.35176,4.947072,17.95608
231.7721,-23.26392,4.988476,18.04275,-23.26557,4.949086,18.03904,-22.35176,4.947072,17.95608
231.7862,-23.26418,4.988786,18.04113,-23.26605,4.950781,18.03589,-22.35176,4.947072,17.95608
231.8005,-23.26444,4.9891,18.03951,-23.26635,4.950616,18.03414,-22.35176,4.947072,17.95608
231.815,-23.26444,4.9891,18.03951,-23.26673,4.94908,18.03213,-22.35176,4.947072,17.95608
231.8284,-23.26608,4.989144,18.03979,-23.26673,4.94908,18.03213,-22.35176,4.947072,17.95608
231.8424,-23.26444,4.9891,18.03951,-23.26836,4.950203,18.03261,-22.35176,4.947072,17.95608
231.8568,-23.26444,4.9891,18.03951,-23.26673,4.94908,18.03213,-22.35176,4.947072,17.95608
231.8684,-23.26497,4.989732,18.03628,-23.26673,4.94908,18.03213,-22.35176,4.947072,17.95608
231.882,-23.26497,4.989732,18.03628,-23.26801,4.936858,18.02638,-22.35176,4.947072,17.95608
231.8965,-23.26497,4.989732,18.03628,-23.26801,4.936858,18.02638,-22.35176,4.947072,17.95608
231.9085,-23.26523,4.99005,18.03466,-23.26801,4.936858,18.02638,-22.35176,4.947072,17.95608
231.9239,-23.26523,4.990051,18.03466,-23.2683,4.936941,18.02465,-22.35176,4.947072,17.95608
231.9391,-23.26523,4.990051,18.03466,-23.2683,4.936941,18.02465,-22.35176,4.947072,17.95608
231.9521,-23.26523,4.990051,18.03466,-23.2683,4.936941,18.02465,-22.35176,4.947072,17.95608
231.9689,-23.26523,4.990051,18.03466,-23.2683,4.936941,18.02465,-22.35176,4.947072,17.95608
231.9861,-23.26549,4.990372,18.03304,-23.2683,4.936941,18.02465,-22.35176,4.947072,17.95608
232.0026,-23.26549,4.990372,18.03304,-23.26859,4.936987,18.02291,-22.35176,4.947072,17.95608
232.0215,-23.26575,4.990695,18.03143,-23.26859,4.936987,18.02291,-22.35176,4.947072,17.95608
232.0379,-23.26575,4.990695,18.03143,-23.26888,4.937029,18.02117,-22.35176,4.947072,17.95608
232.0536,-23.26601,4.99102,18.02981,-23.26888,4.937029,18.02117,-22.35176,4.947072,17.95608
232.0722,-23.26601,4.99102,18.02981,-23.26917,4.937072,18.01943,-22.35176,4.947072,17.95608
232.0872,-23.26601,4.99102,18.02981,-23.26917,4.937071,18.01943,-22.35176,4.947072,17.95608
232.1013,-23.26605,4.990328,18.02958,-23.26917,4.937071,18.01943,-22.35176,4.947072,17.95608
232.116,-23.26605,4.990328,18.02958,-23.26917,4.937068,18.01932,-22.35176,4.947072,17.95608
232.1291,-23.26579,4.990003,18.0312,-23.26917,4.937068,18.01932,-22.35176,4.947072,17.95608
232.1445,-23.26546,4.989382,18.03323,-23.26888,4.937023,18.02105,-22.35176,4.947072,17.95608
232.1592,-23.26546,4.989382,18.03323,-23.26851,4.936967,18.02326,-22.35176,4.947072,17.95608
232.1723,-23.2648,4.988147,18.0373,-23.26851,4.936967,18.02326,-22.35176,4.947072,17.95608
232.1884,-23.26454,4.987829,18.03892,-23.26776,4.936809,18.02767,-22.35176,4.947072,17.95608
232.2027,-23.26405,4.986504,18.04193,-23.26683,4.947815,18.03147,-22.35176,4.947072,17.95608
232.2179,-23.26405,4.986504,18.04193,-23.26609,4.950812,18.03536,-22.35176,4.947072,17.95608
232.2307,-23.26189,4.98584,18.04489,-23.26609,4.950812,18.03536,-22.35176,4.947072,17.95608
232.2451,-23.26337,4.985173,18.04614,-23.26401,4.947371,18.0379,-22.35176,4.947072,17.95608
232.2599,-23.26337,4.985173,18.04614,-23.26545,4.948308,18.03948,-22.35176,4.947072,17.95608
232.2722,-23.26284,4.984562,18.04938,-23.26545,4.948308,18.03948,-22.35176,4.947072,17.95608
232.2866,-23.26252,4.983963,18.05142,-23.26553,4.936596,18.04084,-22.35176,4.947072,17.95608
232.3008,-23.26225,4.983664,18.05304,-23.26516,4.936609,18.04305,-22.35176,4.947072,17.95608
232.3154,-23.26225,4.983664,18.05304,-23.26487,4.936646,18.04479,-22.35176,4.947072,17.95608
232.3277,-23.26173,4.98307,18.05628,-23.26487,4.936646,18.04479,-22.35176,4.947072,17.95608
232.3439,-23.26035,4.983324,18.05439,-23.26428,4.936719,18.04827,-22.35176,4.947072,17.95608
232.3628,-23.26173,4.98307,18.05628,-23.2629,4.936201,18.04617,-22.35176,4.947072,17.95608
232.3778,-23.26173,4.98307,18.05628,-23.26428,4.936719,18.04827,-22.35176,4.947072,17.95608
232.3905,-23.26173,4.98307,18.05628,-23.26428,4.936719,18.04827,-22.35176,4.947072,17.95608
232.4063,-23.26173,4.98307,18.05628,-23.26428,4.936719,18.04827,-22.35176,4.947072,17.95608
232.4215,-23.26173,4.98307,18.05628,-23.26428,4.936719,18.04827,-22.35176,4.947072,17.95608
232.4366,-23.26173,4.98307,18.05628,-23.26428,4.936719,18.04827,-22.35176,4.947072,17.95608
232.4489,-23.26199,4.983365,18.05466,-23.26428,4.936719,18.04827,-22.35176,4.947072,17.95608
232.4668,-23.26225,4.983664,18.05304,-23.26458,4.936683,18.04653,-22.35176,4.947072,17.95608
232.4851,-23.26252,4.983963,18.05142,-23.26487,4.936646,18.04479,-22.35176,4.947072,17.95608
232.5054,-23.26278,4.984266,18.0498,-23.26516,4.936609,18.04305,-22.35176,4.947072,17.95608
232.5217,-23.26278,4.984266,18.0498,-23.26545,4.936598,18.04131,-22.35176,4.947072,17.95608
232.538,-23.26278,4.984266,18.0498,-23.26545,4.936598,18.04131,-22.35176,4.947072,17.95608
232.5535,-23.26304,4.98457,18.04818,-23.26545,4.936598,18.04131,-22.35176,4.947072,17.95608
232.5707,-23.26468,4.984614,18.04845,-23.26574,4.936592,18.03958,-22.35176,4.947072,17.95608
232.5864,-23.26304,4.98457,18.04818,-23.26745,4.936488,18.03983,-22.35176,4.947072,17.95608
232.6048,-23.26304,4.98457,18.04818,-23.26574,4.936592,18.03958,-22.35176,4.947072,17.95608
232.6225,-23.26337,4.985173,18.04614,-23.26574,4.936592,18.03958,-22.35176,4.947072,17.95608
232.6388,-23.26337,4.985173,18.04614,-23.26545,4.948308,18.03948,-22.35176,4.947072,17.95608
232.6532,-23.26199,4.985439,18.04425,-23.26545,4.948308,18.03948,-22.35176,4.947072,17.95608
232.6712,-23.26363,4.985482,18.04452,-23.26406,4.94805,18.03744,-22.35176,4.947072,17.95608
232.6898,-23.26363,4.985482,18.04452,-23.26564,4.949983,18.03806,-22.35176,4.947072,17.95608
232.7054,-23.26363,4.985482,18.04452,-23.26564,4.949983,18.03806,-22.35176,4.947072,17.95608
232.7268,-23.2639,4.985792,18.0429,-23.26564,4.949983,18.03806,-22.35176,4.947072,17.95608
232.7456,-23.2639,4.985792,18.0429,-23.26589,4.950667,18.03647,-22.35176,4.947072,17.95608
232.7618,-23.26225,4.98575,18.04263,-23.26589,4.950667,18.03647,-22.35176,4.947072,17.95608
232.7795,-23.26225,4.98575,18.04263,-23.26429,4.949077,18.0359,-22.35176,4.947072,17.95608
232.7978,-23.2639,4.985792,18.0429,-23.26429,4.949077,18.0359,-22.35176,4.947072,17.95608
232.8191,-23.2639,4.985792,18.0429,-23.26589,4.950667,18.03647,-22.35176,4.947072,17.95608
232.8337,-23.2639,4.985792,18.0429,-23.26589,4.950667,18.03647,-22.35176,4.947072,17.95608
232.8478,-23.2639,4.985792,18.0429,-23.26589,4.950667,18.03647,-22.35176,4.947072,17.95608
232.8622,-23.2639,4.985792,18.0429,-23.26589,4.950667,18.03647,-22.35176,4.947072,17.95608
232.8775,-23.2639,4.985792,18.0429,-23.26589,4.950667,18.03647,-22.35176,4.947072,17.95608
232.8896,-23.26416,4.986105,18.04128,-23.26589,4.950667,18.03647,-22.35176,4.947072,17.95608
232.9039,-23.26405,4.986504,18.04193,-23.26589,4.950667,18.03647,-22.35176,4.947072,17.95608
232.9185,-23.26405,4.986504,18.04193,-23.26589,4.950667,18.03647,-22.35176,4.947072,17.95608
232.9313,-23.26431,4.986817,18.04031,-23.26589,4.950667,18.03647,-22.35176,4.947072,17.95608
232.9477,-23.26431,4.986818,18.04031,-23.26589,4.950667,18.03647,-22.35176,4.947072,17.95608
232.9639,-23.2639,4.988414,18.04289,-23.26589,4.950667,18.03647,-22.35176,4.947072,17.95608
232.9816,-23.26406,4.989126,18.04191,-23.26589,4.950667,18.03647,-22.35176,4.947072,17.95608
232.9956,-23.26406,4.989126,18.04191,-23.26589,4.950667,18.03647,-22.35176,4.947072,17.95608
233.007,-23.26481,4.990239,18.04168,-23.26589,4.950667,18.03647,-22.35176,4.947072,17.95608
233.0211,-23.26567,4.990952,18.0408,-23.26589,4.950667,18.03647,-22.35176,4.947072,17.95608
233.0354,-23.26567,4.990952,18.0408,-23.26589,4.950667,18.03647,-22.35176,4.947072,17.95608
233.0473,-23.26722,4.991668,18.04001,-23.26589,4.950667,18.03647,-22.35176,4.947072,17.95608
233.0623,-23.26817,4.991986,18.03849,-23.26589,4.950667,18.03647,-22.35176,4.947072,17.95608
233.0777,-23.26817,4.991986,18.03849,-23.26589,4.950667,18.03647,-22.35176,4.947072,17.95608
233.0914,-23.27146,4.992351,18.03733,-23.26589,4.950667,18.03647,-22.35176,4.947072,17.95608
233.1101,-23.27475,4.992719,18.03617,-23.26589,4.950667,18.03647,-22.35176,4.947072,17.95608
233.1256,-23.27873,4.992818,18.0368,-23.26589,4.950667,18.03647,-22.35176,4.947072,17.95608
233.1407,-23.28132,4.993196,18.03555,-23.26589,4.950667,18.03647,-22.35176,4.947072,17.95608
233.1541,-23.28132,4.993196,18.03555,-23.26589,4.950667,18.03647,-22.35176,4.947072,17.95608
233.1656,-23.28574,4.993249,18.03617,-23.26589,4.950667,18.03647,-22.35176,4.947072,17.95608
233.1796,-23.28574,4.993249,18.03617,-23.26589,4.950667,18.03647,-22.35176,4.947072,17.95608
233.1931,-23.29553,4.993425,18.03757,-23.26589,4.950667,18.03647,-22.35176,4.947072,17.95608
233.2074,-23.29876,4.993101,18.0396,-23.26589,4.950667,18.03647,-22.35176,4.947072,17.95608
233.2213,-23.30552,4.993228,18.04053,-23.26589,4.950667,18.03647,-22.35176,4.947072,17.95608
233.2358,-23.30552,4.993228,18.04053,-23.26589,4.950667,18.03647,-22.35176,4.947072,17.95608
233.2474,-23.31952,4.992229,18.04896,-23.26589,4.950667,18.03647,-22.35176,4.947072,17.95608
233.2621,-23.32959,4.991835,18.05353,-23.26589,4.950667,18.03647,-22.35176,4.947072,17.95608
233.2767,-23.32959,4.991835,18.05353,-23.26589,4.950667,18.03647,-22.35176,4.947072,17.95608
233.2886,-23.34575,4.99032,18.06088,-23.26589,4.950667,18.03647,-22.35176,4.947072,17.95608
233.3033,-23.35172,4.989803,18.0626,-23.26589,4.950667,18.03647,-22.35176,4.947072,17.95608
233.3169,-23.35172,4.989803,18.0626,-23.26589,4.950667,18.03647,-22.35176,4.947072,17.95608
233.3316,-23.36217,4.9892,18.06653,-23.26589,4.950667,18.03647,-22.35176,4.947072,17.95608
233.3448,-23.36525,4.988605,18.06665,-23.26589,4.950667,18.03647,-22.35176,4.947072,17.95608
233.3579,-23.36525,4.988605,18.06665,-23.26589,4.950667,18.03647,-22.35176,4.947072,17.95608
233.369,-23.36899,4.987713,18.06725,-23.26589,4.950667,18.03647,-22.35176,4.947072,17.95608
233.3864,-23.37145,4.987528,18.06675,-23.26589,4.950667,18.03647,-22.35176,4.947072,17.95608
233.3999,-23.37145,4.987528,18.06675,-23.26589,4.950667,18.03647,-22.35176,4.947072,17.95608
233.4123,-23.3738,4.98764,18.06704,-23.26589,4.950667,18.03647,-22.35176,4.947072,17.95608
233.4268,-23.37396,4.987645,18.06583,-23.26589,4.950667,18.03647,-22.35176,4.947072,17.95608
233.4408,-23.37418,4.987951,18.0642,-23.26589,4.950667,18.03647,-22.35176,4.947072,17.95608
233.4555,-23.37418,4.987951,18.0642,-23.26589,4.950667,18.03647,-22.35176,4.947072,17.95608
233.4682,-23.37577,4.987767,18.06486,-23.26589,4.950667,18.03647,-22.35176,4.947072,17.95608
233.4854,-23.37577,4.987767,18.06486,-23.26589,4.950667,18.03647,-22.35176,4.947072,17.95608
233.5021,-23.37598,4.988074,18.06323,-23.26589,4.950667,18.03647,-22.35176,4.947072,17.95608
233.5197,-23.37598,4.988074,18.06323,-23.26589,4.950667,18.03647,-22.35176,4.947072,17.95608
233.5319,-23.37598,4.988074,18.06323,-23.26589,4.950667,18.03647,-22.35176,4.947072,17.95608
233.5479,-23.3755,4.988385,18.06155,-23.26589,4.950667,18.03647,-22.35176,4.947072,17.95608
233.5662,-23.3755,4.988385,18.06155,-23.26589,4.950667,18.03647,-22.35176,4.947072,17.95608
233.5812,-23.37479,4.988385,18.0615,-23.26589,4.950667,18.03647,-22.35176,4.947072,17.95608
233.596,-23.37479,4.988385,18.0615,-23.26589,4.950667,18.03647,-22.35176,4.947072,17.95608
233.6078,-23.3743,4.988697,18.05982,-23.26589,4.950667,18.03647,-22.35176,4.947072,17.95608
233.6253,-23.37382,4.989011,18.05815,-23.26589,4.950667,18.03647,-22.35176,4.947072,17.95608
233.6417,-23.37382,4.989011,18.05815,-23.26589,4.950667,18.03647,-22.35176,4.947072,17.95608
233.6553,-23.37382,4.989011,18.05815,-23.26589,4.950667,18.03647,-22.35176,4.947072,17.95608
233.6672,-23.37403,4.989327,18.05653,-23.26589,4.950667,18.03647,-22.35176,4.947072,17.95608
233.6814,-23.37403,4.989327,18.05653,-23.26589,4.950667,18.03647,-22.35176,4.947072,17.95608
233.6959,-23.37403,4.989327,18.05653,-23.26589,4.950667,18.03647,-22.35176,4.947072,17.95608
233.7076,-23.37263,4.989327,18.05642,-23.26589,4.950667,18.03647,-22.35176,4.947072,17.95608
233.723,-23.37007,4.988895,18.05775,-23.26589,4.950667,18.03647,-22.35176,4.947072,17.95608
233.7394,-23.37007,4.988895,18.05775,-23.26589,4.950667,18.03647,-22.35176,4.947072,17.95608
233.7536,-23.36818,4.989213,18.05596,-23.26589,4.950667,18.03647,-22.35176,4.947072,17.95608
233.7754,-23.36699,4.989532,18.05423,-23.26589,4.950667,18.03647,-22.35176,4.947072,17.95608
233.7907,-23.36629,4.989532,18.05418,-23.26589,4.950667,18.03647,-22.35176,4.947072,17.95608
233.8086,-23.36607,4.989213,18.0558,-23.26589,4.950667,18.03647,-22.35176,4.947072,17.95608
233.826,-23.36559,4.989532,18.05412,-23.26589,4.950667,18.03647,-22.35176,4.947072,17.95608
233.8412,-23.3671,4.98893,18.05535,-23.26589,4.950667,18.03647,-22.35176,4.947072,17.95608
233.8566,-23.3671,4.98893,18.05535,-23.26589,4.950667,18.03647,-22.35176,4.947072,17.95608
233.8742,-23.36532,4.9881,18.05608,-23.26589,4.950667,18.03647,-22.35176,4.947072,17.95608
233.8914,-23.36504,4.987485,18.05812,-23.26589,4.950667,18.03647,-22.35176,4.947072,17.95608
233.9068,-23.36504,4.987485,18.05812,-23.26589,4.950667,18.03647,-22.35176,4.947072,17.95608
233.9229,-23.36312,4.986761,18.05991,-23.26589,4.950667,18.03647,-22.35176,4.947072,17.95608
233.9395,-23.36312,4.986761,18.05991,-23.26589,4.950667,18.03647,-22.35176,4.947072,17.95608
233.9538,-23.36236,4.986462,18.06027,-23.26589,4.950667,18.03647,-22.35176,4.947072,17.95608
233.9687,-23.36236,4.986462,18.06027,-23.26589,4.950667,18.03647,-22.35176,4.947072,17.95608
233.9836,-23.36236,4.986462,18.06027,-23.26589,4.950667,18.03647,-22.35176,4.947072,17.95608
233.9977,-23.36236,4.986462,18.06027,-23.26589,4.950667,18.03647,-22.35176,4.947072,17.95608
234.0116,-23.36213,4.986151,18.0619,-23.26589,4.950667,18.03647,-22.35176,4.947072,17.95608
234.0253,-23.36191,4.985842,18.06352,-23.26589,4.950667,18.03647,-22.35176,4.947072,17.95608
234.0389,-23.36191,4.985842,18.06352,-23.26589,4.950667,18.03647,-22.35176,4.947072,17.95608
234.0511,-23.36002,4.985307,18.06506,-23.26589,4.950667,18.03647,-22.35176,4.947072,17.95608
234.0663,-23.36165,4.985346,18.06541,-23.26589,4.950667,18.03647,-22.35176,4.947072,17.95608
234.08,-23.35978,4.984887,18.06685,-23.26589,4.950667,18.03647,-22.35176,4.947072,17.95608
234.0962,-23.35978,4.984887,18.06685,-23.26589,4.950667,18.03647,-22.35176,4.947072,17.95608
234.108,-23.35977,4.984861,18.06689,-23.26589,4.950667,18.03647,-22.35176,4.947072,17.95608
234.1221,-23.35999,4.985166,18.06526,-23.26589,4.950667,18.03647,-22.35176,4.947072,17.95608
234.138,-23.35999,4.985166,18.06526,-23.26589,4.950667,18.03647,-22.35176,4.947072,17.95608
234.1513,-23.36097,4.984954,18.06717,-23.26589,4.950667,18.03647,-22.35176,4.947072,17.95608
234.1702,-23.35917,4.985139,18.06526,-23.26589,4.950667,18.03647,-22.35176,4.947072,17.95608
234.1864,-23.35872,4.985134,18.06524,-23.26589,4.950667,18.03647,-22.35176,4.947072,17.95608
234.2004,-23.35838,4.98513,18.0652,-23.26589,4.950667,18.03647,-22.35176,4.947072,17.95608
234.2143,-23.35838,4.98513,18.0652,-23.26589,4.950667,18.03647,-22.35176,4.947072,17.95608
234.2261,-23.35796,4.985128,18.06519,-23.26589,4.950667,18.03647,-22.35176,4.947072,17.95608
234.24,-23.35765,4.985127,18.06515,-23.26589,4.950667,18.03647,-22.35176,4.947072,17.95608
234.2542,-23.35765,4.985127,18.06515,-23.26589,4.950667,18.03647,-22.35176,4.947072,17.95608
234.2651,-23.35702,4.985126,18.06514,-23.26589,4.950667,18.03647,-22.35176,4.947072,17.95608
234.2785,-23.35702,4.985126,18.06514,-23.26589,4.950667,18.03647,-22.35176,4.947072,17.95608
234.2899,-23.35466,4.985018,18.06483,-23.26589,4.950667,18.03647,-22.35176,4.947072,17.95608
234.3047,-23.35341,4.985017,18.06466,-23.26589,4.950667,18.03647,-22.35176,4.947072,17.95608
234.3184,-23.35341,4.985017,18.06466,-23.26589,4.950667,18.03647,-22.35176,4.947072,17.95608
234.3296,-23.35106,4.984911,18.06434,-23.26589,4.950667,18.03647,-22.35176,4.947072,17.95608
234.3469,-23.35106,4.984911,18.06434,-23.26589,4.950667,18.03647,-22.35176,4.947072,17.95608
234.3642,-23.34965,4.985115,18.06247,-23.26589,4.950667,18.03647,-22.35176,4.947072,17.95608
234.3773,-23.34965,4.985115,18.06247,-23.26589,4.950667,18.03647,-22.35176,4.947072,17.95608
234.391,-23.34903,4.984714,18.06176,-23.26589,4.950667,18.03647,-22.35176,4.947072,17.95608
234.4042,-23.34903,4.984714,18.06176,-23.26589,4.950667,18.03647,-22.35176,4.947072,17.95608
234.4193,-23.34903,4.984714,18.06176,-23.26589,4.950667,18.03647,-22.35176,4.947072,17.95608
234.4309,-23.34903,4.984714,18.06176,-23.26589,4.950667,18.03647,-22.35176,4.947072,17.95608
234.445,-23.34748,4.984212,18.06086,-23.26589,4.950667,18.03647,-22.35176,4.947072,17.95608
234.4583,-23.34748,4.984212,18.06086,-23.26589,4.950667,18.03647,-22.35176,4.947072,17.95608
234.4715,-23.34583,4.984112,18.06061,-23.26589,4.950667,18.03647,-22.35176,4.947072,17.95608
234.4858,-23.34748,4.984212,18.06086,-23.26589,4.950667,18.03647,-22.35176,4.947072,17.95608
234.5027,-23.34748,4.984212,18.06086,-23.26589,4.950667,18.03647,-22.35176,4.947072,17.95608
234.5183,-23.34748,4.984212,18.06086,-23.26589,4.950667,18.03647,-22.35176,4.947072,17.95608
234.5307,-23.34583,4.984111,18.06061,-23.26589,4.950667,18.03647,-22.35176,4.947072,17.95608
234.5457,-23.34583,4.984111,18.06061,-23.26589,4.950667,18.03647,-22.35176,4.947072,17.95608
234.5632,-23.34748,4.984212,18.06086,-23.26589,4.950667,18.03647,-22.35176,4.947072,17.95608
234.5784,-23.34748,4.984212,18.06086,-23.26589,4.950667,18.03647,-22.35176,4.947072,17.95608
234.5939,-23.34748,4.984212,18.06086,-23.26589,4.950667,18.03647,-22.35176,4.947072,17.95608
234.6101,-23.34583,4.984112,18.06061,-23.26589,4.950667,18.03647,-22.35176,4.947072,17.95608
234.6246,-23.34748,4.984212,18.06086,-23.26589,4.950667,18.03647,-22.35176,4.947072,17.95608
234.6386,-23.34748,4.984212,18.06086,-23.26589,4.950667,18.03647,-22.35176,4.947072,17.95608
234.6508,-23.34583,4.984111,18.06061,-23.26589,4.950667,18.03647,-22.35176,4.947072,17.95608
234.6642,-23.34748,4.984211,18.06086,-23.26589,4.950667,18.03647,-22.35176,4.947072,17.95608
234.6776,-23.34748,4.984211,18.06086,-23.26589,4.950667,18.03647,-22.35176,4.947072,17.95608
234.6889,-23.34583,4.984112,18.06061,-23.26589,4.950667,18.03647,-22.35176,4.947072,17.95608
234.7026,-23.34748,4.984212,18.06086,-23.26589,4.950667,18.03647,-22.35176,4.947072,17.95608
234.7161,-23.34748,4.984212,18.06086,-23.26589,4.950667,18.03647,-22.35176,4.947072,17.95608
234.7277,-23.34583,4.984111,18.06061,-23.26589,4.950667,18.03647,-22.35176,4.947072,17.95608
234.7424,-23.34748,4.984211,18.06086,-23.26589,4.950667,18.03647,-22.35176,4.947072,17.95608
234.7565,-23.34748,4.984211,18.06086,-23.26589,4.950667,18.03647,-22.35176,4.947072,17.95608
234.769,-23.34653,4.984112,18.06067,-23.26589,4.950667,18.03647,-22.35176,4.947072,17.95608
234.7827,-23.34676,4.984423,18.05905,-23.26589,4.950667,18.03647,-22.35176,4.947072,17.95608
234.7962,-23.34676,4.984423,18.05905,-23.26589,4.950667,18.03647,-22.35176,4.947072,17.95608
234.8073,-23.34653,4.984111,18.06067,-23.26589,4.950667,18.03647,-22.35176,4.947072,17.95608
234.8228,-23.34818,4.984211,18.06092,-23.26589,4.950667,18.03647,-22.35176,4.947072,17.95608
234.8361,-23.34818,4.984211,18.06092,-23.26589,4.950667,18.03647,-22.35176,4.947072,17.95608
234.8487,-23.34653,4.984111,18.06067,-23.26589,4.950667,18.03647,-22.35176,4.947072,17.95608
234.8634,-23.34653,4.98411,18.06067,-23.26589,4.950667,18.03647,-22.35176,4.947072,17.95608
234.8777,-23.34653,4.98411,18.06067,-23.26589,4.950667,18.03647,-22.35176,4.947072,17.95608
234.89,-23.34653,4.98411,18.06067,-23.26589,4.950667,18.03647,-22.35176,4.947072,17.95608
234.9058,-23.34827,4.98381,18.06028,-23.26589,4.950667,18.03647,-22.35176,4.947072,17.95608
234.9196,-23.34827,4.98381,18.06028,-23.26589,4.950667,18.03647,-22.35176,4.947072,17.95608
234.9321,-23.34827,4.983811,18.06028,-23.26589,4.950667,18.03647,-22.35176,4.947072,17.95608
234.9473,-23.34671,4.983312,18.05938,-23.26589,4.950667,18.03647,-22.35176,4.947072,17.95608
234.965,-23.34836,4.983411,18.05963,-23.26589,4.950667,18.03647,-22.35176,4.947072,17.95608
234.9794,-23.34836,4.983411,18.05963,-23.26589,4.950667,18.03647,-22.35176,4.947072,17.95608
234.9951,-23.34671,4.983311,18.05938,-23.26589,4.950667,18.03647,-22.35176,4.947072,17.95608
235.0114,-23.34648,4.983002,18.061,-23.26589,4.950667,18.03647,-22.35176,4.947072,17.95608
235.0282,-23.34648,4.983002,18.061,-23.26589,4.950667,18.03647,-22.35176,4.947072,17.95608
235.0426,-23.34648,4.983002,18.061,-23.26589,4.950667,18.03647,-22.35176,4.947072,17.95608
235.0579,-23.34648,4.983002,18.061,-23.26589,4.950667,18.03647,-22.35176,4.947072,17.95608
235.0706,-23.34625,4.982694,18.06263,-23.26589,4.950667,18.03647,-22.35176,4.947072,17.95608
235.0859,-23.3479,4.982794,18.06288,-23.26589,4.950667,18.03647,-22.35176,4.947072,17.95608
235.1022,-23.34767,4.982488,18.0645,-23.26589,4.950667,18.03647,-22.35176,4.947072,17.95608
235.1199,-23.34767,4.982488,18.0645,-23.26589,4.950667,18.03647,-22.35176,4.947072,17.95608
235.1318,-23.34634,4.982293,18.06198,-23.26589,4.950667,18.03647,-22.35176,4.947072,17.95608
235.1457,-23.34776,4.982086,18.06386,-23.26589,4.950667,18.03647,-22.35176,4.947072,17.95608
235.1601,-23.34611,4.981987,18.0636,-23.26589,4.950667,18.03647,-22.35176,4.947072,17.95608
235.1752,-23.34611,4.981987,18.0636,-23.26589,4.950667,18.03647,-22.35176,4.947072,17.95608
235.1868,-23.34776,4.982086,18.06386,-23.26589,4.950667,18.03647,-22.35176,4.947072,17.95608
235.1998,-23.34776,4.982086,18.06386,-23.26589,4.950667,18.03647,-22.35176,4.947072,17.95608
235.2108,-23.34776,4.982087,18.06386,-23.26589,4.950667,18.03647,-22.35176,4.947072,17.95608
235.2243,-23.34606,4.981687,18.06402,-23.26589,4.950667,18.03647,-22.35176,4.947072,17.95608
235.2382,-23.34606,4.981687,18.06402,-23.26589,4.950667,18.03647,-22.35176,4.947072,17.95608
235.2506,-23.34747,4.981483,18.0659,-23.26589,4.950667,18.03647,-22.35176,4.947072,17.95608
235.2641,-23.34583,4.981383,18.06565,-23.26589,4.950667,18.03647,-22.35176,4.947072,17.95608
235.2773,-23.34583,4.981383,18.06565,-23.26589,4.950667,18.03647,-22.35176,4.947072,17.95608
235.2905,-23.34583,4.981383,18.06565,-23.26589,4.950667,18.03647,-22.35176,4.947072,17.95608
235.3043,-23.34747,4.981483,18.0659,-23.26589,4.950667,18.03647,-22.35176,4.947072,17.95608
235.3189,-23.34747,4.981483,18.0659,-23.26589,4.950667,18.03647,-22.35176,4.947072,17.95608
235.3303,-23.34583,4.981383,18.06565,-23.26589,4.950667,18.03647,-22.35176,4.947072,17.95608
235.3458,-23.34818,4.981483,18.06596,-23.26589,4.950667,18.03647,-22.35176,4.947072,17.95608
235.3596,-23.34818,4.981483,18.06596,-23.26589,4.950667,18.03647,-22.35176,4.947072,17.95608
235.3706,-23.34653,4.981383,18.06571,-23.26589,4.950667,18.03647,-22.35176,4.947072,17.95608
235.3851,-23.34818,4.981483,18.06596,-23.26589,4.950667,18.03647,-22.35176,4.947072,17.95608
235.4003,-23.34653,4.981383,18.06571,-23.26589,4.950667,18.03647,-22.35176,4.947072,17.95608
235.4137,-23.34653,4.981383,18.06571,-23.26589,4.950667,18.03647,-22.35176,4.947072,17.95608
235.4263,-23.34653,4.981383,18.06571,-23.26589,4.950667,18.03647,-22.35176,4.947072,17.95608
235.4398,-23.34653,4.981383,18.06571,-23.26589,4.950667,18.03647,-22.35176,4.947072,17.95608
235.4515,-23.34818,4.981483,18.06596,-23.26589,4.950667,18.03647,-22.35176,4.947072,17.95608
235.4657,-23.34818,4.981483,18.06596,-23.26589,4.950667,18.03647,-22.35176,4.947072,17.95608
235.4805,-23.34818,4.981483,18.06596,-23.26589,4.950667,18.03647,-22.35176,4.947072,17.95608
235.4964,-23.34818,4.981483,18.06596,-23.26589,4.950667,18.03647,-22.35176,4.947072,17.95608
235.5075,-23.34818,4.981483,18.06596,-23.26589,4.950667,18.03647,-22.35176,4.947072,17.95608
235.524,-23.34818,4.981483,18.06596,-23.26589,4.950667,18.03647,-22.35176,4.947072,17.95608
235.5421,-23.34818,4.981483,18.06596,-23.26589,4.950667,18.03647,-22.35176,4.947072,17.95608
235.5581,-23.34818,4.981483,18.06596,-23.26589,4.950667,18.03647,-22.35176,4.947072,17.95608
235.5706,-23.34653,4.981383,18.06571,-23.26589,4.950667,18.03647,-22.35176,4.947072,17.95608
235.5879,-23.34653,4.981383,18.06571,-23.26589,4.950667,18.03647,-22.35176,4.947072,17.95608
235.6051,-23.34818,4.981483,18.06596,-23.26589,4.950667,18.03647,-22.35176,4.947072,17.95608
235.623,-23.3484,4.981787,18.06434,-23.26589,4.950667,18.03647,-22.35176,4.947072,17.95608
235.6397,-23.3484,4.981787,18.06434,-23.26589,4.950667,18.03647,-22.35176,4.947072,17.95608
235.6543,-23.3484,4.981787,18.06434,-23.26589,4.950667,18.03647,-22.35176,4.947072,17.95608
235.6739,-23.34676,4.981687,18.06409,-23.26589,4.950667,18.03647,-22.35176,4.947072,17.95608
235.6956,-23.34699,4.981994,18.06246,-23.26589,4.950667,18.03647,-22.35176,4.947072,17.95608
235.711,-23.3484,4.981787,18.06434,-23.26589,4.950667,18.03647,-22.35176,4.947072,17.95608
235.7271,-23.34863,4.982093,18.06271,-23.26589,4.950667,18.03647,-22.35176,4.947072,17.95608
235.7419,-23.34863,4.982093,18.06271,-23.26589,4.950667,18.03647,-22.35176,4.947072,17.95608
235.7574,-23.34863,4.982093,18.06271,-23.26589,4.950667,18.03647,-22.35176,4.947072,17.95608
235.7714,-23.34863,4.982093,18.06271,-23.26589,4.950667,18.03647,-22.35176,4.947072,17.95608
235.7878,-23.34863,4.982093,18.06271,-23.26589,4.950667,18.03647,-22.35176,4.947072,17.95608
235.8073,-23.34886,4.982401,18.06109,-23.26589,4.950667,18.03647,-22.35176,4.947072,17.95608
235.8233,-23.34895,4.982001,18.06044,-23.26589,4.950667,18.03647,-22.35176,4.947072,17.95608
235.8408,-23.34965,4.982001,18.0605,-23.26589,4.950667,18.03647,-22.35176,4.947072,17.95608
235.8602,-23.34965,4.982001,18.0605,-23.26589,4.950667,18.03647,-22.35176,4.947072,17.95608
235.8771,-23.34965,4.982001,18.0605,-23.26589,4.950667,18.03647,-22.35176,4.947072,17.95608
235.8966,-23.34824,4.982213,18.05863,-23.26589,4.950667,18.03647,-22.35176,4.947072,17.95608
235.9125,-23.34997,4.981914,18.05823,-23.26589,4.950667,18.03647,-22.35176,4.947072,17.95608
235.9291,-23.34997,4.981914,18.05823,-23.35598,4.914148,18.04601,-22.35176,4.947072,17.95608
235.9457,-23.34997,4.981914,18.05823,-23.35598,4.914148,18.04601,-22.35176,4.947072,17.95608
235.9626,-23.34833,4.981813,18.05798,-23.35598,4.914148,18.04601,-22.35176,4.947072,17.95608
235.9782,-23.34833,4.981813,18.05798,-23.35425,4.914064,18.04576,-22.35176,4.947072,17.95608
235.9935,-23.3502,4.982227,18.05661,-23.35425,4.914064,18.04576,-22.35176,4.947072,17.95608
236.0103,-23.34833,4.981813,18.05798,-23.35621,4.914546,18.04432,-22.35176,4.947072,17.95608
236.0276,-23.34855,4.982128,18.05636,-23.35425,4.914064,18.04576,-22.35176,4.947072,17.95608
236.0452,-23.3502,4.982227,18.05661,-23.35448,4.914462,18.04406,-22.35176,4.947072,17.95608
236.0639,-23.34833,4.981813,18.05798,-23.35621,4.914546,18.04432,-22.35176,4.947072,17.95608
236.0846,-23.34833,4.981813,18.05798,-23.35425,4.914064,18.04576,-22.35176,4.947072,17.95608
236.1011,-23.34903,4.981814,18.05804,-23.35425,4.914064,18.04576,-22.35176,4.947072,17.95608
236.1193,-23.34903,4.981814,18.05804,-23.35494,4.914106,18.04582,-22.35176,4.947072,17.95608
236.136,-23.35076,4.981514,18.05764,-23.35494,4.914106,18.04582,-22.35176,4.947072,17.95608
236.1543,-23.34912,4.981415,18.05739,-23.35672,4.914323,18.0455,-22.35176,4.947072,17.95608
236.1746,-23.35099,4.981829,18.05602,-23.35499,4.914239,18.04524,-22.35176,4.947072,17.95608
236.1942,-23.34932,4.981611,18.05593,-23.35695,4.914721,18.0438,-22.35176,4.947072,17.95608
236.2123,-23.3493,4.981225,18.05765,-23.35519,4.914595,18.04372,-22.35176,4.947072,17.95608
236.2319,-23.35134,4.981281,18.05798,-23.35515,4.91419,18.04552,-22.35176,4.947072,17.95608
236.2521,-23.35202,4.981483,18.05657,-23.35727,4.914287,18.04587,-22.35176,4.947072,17.95608
236.271,-23.35074,4.980969,18.05813,-23.35794,4.914669,18.0444,-22.35176,4.947072,17.95608
236.2895,-23.351,4.981014,18.05828,-23.35656,4.91419,18.04604,-22.35176,4.947072,17.95608
236.3069,-23.35116,4.981078,18.05839,-23.35681,4.914179,18.04618,-22.35176,4.947072,17.95608
236.3247,-23.35125,4.981126,18.05845,-23.35698,4.914173,18.04627,-22.35176,4.947072,17.95608
236.3452,-23.35265,4.981723,18.05867,-23.35708,4.914169,18.04632,-22.35176,4.947072,17.95608
236.3664,-23.3526,4.981823,18.05866,-23.35861,4.914263,18.04646,-22.35176,4.947072,17.95608
236.3839,-23.35296,4.981972,18.05708,-23.35857,4.914265,18.04644,-22.35176,4.947072,17.95608
236.4012,-23.35182,4.981485,18.05702,-23.35892,4.914657,18.04482,-22.35176,4.947072,17.95608
236.4176,-23.35182,4.981485,18.05702,-23.35765,4.914555,18.04481,-22.35176,4.947072,17.95608
236.4355,-23.3532,4.981932,18.05718,-23.35765,4.914555,18.04481,-22.35176,4.947072,17.95608
236.4541,-23.35285,4.981898,18.05879,-23.35915,4.914653,18.04492,-22.35176,4.947072,17.95608
236.472,-23.35282,4.981955,18.05879,-23.35881,4.91426,18.04655,-22.35176,4.947072,17.95608
236.4902,-23.35325,4.982125,18.05721,-23.35879,4.914261,18.04654,-22.35176,4.947072,17.95608
236.5088,-23.35329,4.982096,18.05722,-23.35921,4.914658,18.04492,-22.35176,4.947072,17.95608
236.5258,-23.35341,4.982154,18.05722,-23.35925,4.914658,18.04494,-22.35176,4.947072,17.95608
236.543,-23.35365,4.982267,18.05723,-23.35937,4.914671,18.04492,-22.35176,4.947072,17.95608
236.5603,-23.35396,4.982414,18.05725,-23.35961,4.914693,18.04491,-22.35176,4.947072,17.95608
236.5793,-23.35396,4.982414,18.05725,-23.35993,4.91472,18.04491,-22.35176,4.947072,17.95608
236.594,-23.35422,4.98252,18.05729,-23.35993,4.91472,18.04491,-22.35176,4.947072,17.95608
236.6112,-23.35438,4.982591,18.05731,-23.3602,4.914737,18.04493,-22.35176,4.947072,17.95608
236.6339,-23.35588,4.983098,18.05752,-23.36036,4.914747,18.04494,-22.35176,4.947072,17.95608
236.6521,-23.35588,4.98319,18.05752,-23.36199,4.914848,18.04509,-22.35176,4.947072,17.95608
236.6689,-23.35591,4.983221,18.05753,-23.36199,4.914852,18.04507,-22.35176,4.947072,17.95608
236.6844,-23.35591,4.983226,18.05753,-23.36203,4.914855,18.04507,-22.35176,4.947072,17.95608
236.7007,-23.35598,4.983261,18.05753,-23.36203,4.914855,18.04507,-22.35176,4.947072,17.95608
236.7156,-23.35598,4.983261,18.05753,-23.3621,4.914862,18.04507,-22.35176,4.947072,17.95608
236.7284,-23.35735,4.983684,18.05938,-23.3621,4.914862,18.04507,-22.35176,4.947072,17.95608
236.7439,-23.35896,4.984149,18.06135,-23.36359,4.914579,18.04688,-22.35176,4.947072,17.95608
236.7609,-23.36071,4.984459,18.06341,-23.36535,4.91429,18.04882,-22.35176,4.947072,17.95608
236.778,-23.36071,4.984459,18.06341,-23.36349,4.954276,18.05804,-22.35176,4.947072,17.95608
236.7925,-23.36649,4.984838,18.06609,-23.36349,4.954276,18.05804,-22.35176,4.947072,17.95608
236.8088,-23.36749,4.984861,18.06638,-23.36917,4.956892,18.06117,-22.35176,4.947072,17.95608
236.8257,-23.37008,4.984352,18.0685,-23.37023,4.956287,18.06135,-22.35176,4.947072,17.95608
236.8424,-23.37299,4.984301,18.06729,-23.37692,4.913858,18.05619,-22.35176,4.947072,17.95608
236.8598,-23.37299,4.984301,18.06729,-23.37985,4.914619,18.05504,-22.35176,4.947072,17.95608
236.8748,-23.37551,4.983731,18.06762,-23.37985,4.914619,18.05504,-22.35176,4.947072,17.95608
236.8947,-23.37602,4.983474,18.06769,-23.38233,4.915341,18.05561,-22.35176,4.947072,17.95608
236.9106,-23.37634,4.983347,18.06775,-23.38281,4.915479,18.05575,-22.35176,4.947072,17.95608
236.9303,-23.37859,4.983078,18.06633,-23.38311,4.915566,18.05584,-22.35176,4.947072,17.95608
236.9492,-23.37727,4.983589,18.0645,-23.38537,4.916233,18.05451,-22.35176,4.947072,17.95608
236.9644,-23.37731,4.983648,18.06451,-23.38404,4.91602,18.05246,-22.35176,4.947072,17.95608
236.9794,-23.37731,4.983648,18.06451,-23.38409,4.916031,18.05246,-22.35176,4.947072,17.95608
236.9917,-23.37734,4.983653,18.06451,-23.38409,4.916031,18.05246,-22.35176,4.947072,17.95608
237.0082,-23.37894,4.983231,18.06474,-23.38412,4.916039,18.05246,-22.35176,4.947072,17.95608
237.0234,-23.37915,4.983272,18.06314,-23.38572,4.916428,18.05284,-22.35176,4.947072,17.95608
237.0381,-23.37915,4.983272,18.06314,-23.38593,4.916693,18.0512,-22.35176,4.947072,17.95608
237.0516,-23.37774,4.983582,18.06298,-23.38593,4.916693,18.0512,-22.35176,4.947072,17.95608
237.0667,-23.37785,4.983644,18.06304,-23.3845,4.916341,18.05092,-22.35176,4.947072,17.95608
237.082,-23.37777,4.983853,18.06138,-23.38462,4.916366,18.05097,-22.35176,4.947072,17.95608
237.0977,-23.37777,4.983853,18.06138,-23.38457,4.916572,18.04922,-22.35176,4.947072,17.95608
237.1096,-23.37727,4.984102,18.05914,-23.38457,4.916572,18.04922,-22.35176,4.947072,17.95608
237.1252,-23.37643,4.984229,18.05678,-23.3841,4.916745,18.04687,-22.35176,4.947072,17.95608
237.1406,-23.37399,4.984531,18.05632,-23.38329,4.916908,18.0444,-22.35176,4.947072,17.95608
237.1553,-23.37399,4.984531,18.05632,-23.38082,4.916765,18.04385,-22.35176,4.947072,17.95608
237.168,-23.37142,4.984613,18.05319,-23.38082,4.916765,18.04385,-22.35176,4.947072,17.95608
237.184,-23.36876,4.984577,18.05276,-23.37816,4.917201,18.04063,-22.35176,4.947072,17.95608
237.1991,-23.36876,4.984577,18.05276,-23.37542,4.917048,18.04017,-22.35176,4.947072,17.95608
237.2131,-23.36457,4.984537,18.05377,-23.37542,4.917048,18.04017,-22.35176,4.947072,17.95608
237.2306,-23.36407,4.984532,18.05323,-23.3711,4.916476,18.04115,-22.35176,4.947072,17.95608
237.2451,-23.36182,4.984181,18.05298,-23.3706,4.916557,18.04059,-22.35176,4.947072,17.95608
237.2608,-23.36315,4.984545,18.05476,-23.36824,4.916414,18.04037,-22.35176,4.947072,17.95608
237.2763,-23.36315,4.984545,18.05476,-23.3697,4.916141,18.04213,-22.35176,4.947072,17.95608
237.2887,-23.36102,4.984321,18.0546,-23.3697,4.916141,18.04213,-22.35176,4.947072,17.95608
237.304,-23.36064,4.984334,18.05569,-23.36749,4.915993,18.04198,-22.35176,4.947072,17.95608
237.3193,-23.36064,4.984334,18.05569,-23.36712,4.915717,18.04308,-22.35176,4.947072,17.95608
237.3318,-23.35855,4.983921,18.05557,-23.36712,4.915717,18.04308,-22.35176,4.947072,17.95608
237.3469,-23.35825,4.983801,18.05565,-23.36492,4.915555,18.043,-22.35176,4.947072,17.95608
237.3613,-23.35585,4.983159,18.05672,-23.36461,4.915511,18.04308,-22.35176,4.947072,17.95608
237.3767,-23.35585,4.983159,18.05672,-23.3621,4.915046,18.04424,-22.35176,4.947072,17.95608
237.3889,-23.35664,4.983382,18.06029,-23.3621,4.915046,18.04424,-22.35176,4.947072,17.95608
237.404,-23.35395,4.982408,18.06319,-23.36304,4.914323,18.04783,-22.35176,4.947072,17.95608
237.4185,-23.35395,4.982408,18.06319,-23.36024,4.913411,18.05088,-22.35176,4.947072,17.95608
237.4315,-23.35308,4.981709,18.06532,-23.36024,4.913411,18.05088,-22.35176,4.947072,17.95608
237.4468,-23.35231,4.980887,18.06745,-23.35934,4.912836,18.05313,-22.35176,4.947072,17.95608
237.4619,-23.35362,4.981252,18.06795,-23.35527,4.9483,18.06172,-22.35176,4.947072,17.95608
237.477,-23.35362,4.981252,18.06795,-23.3567,4.947838,18.06208,-22.35176,4.947072,17.95608
237.4892,-23.35171,4.980484,18.06801,-23.3567,4.947838,18.06208,-22.35176,4.947072,17.95608
237.506,-23.35122,4.979558,18.06996,-23.35463,4.948319,18.06236,-22.35176,4.947072,17.95608
237.5258,-23.35117,4.979818,18.06861,-23.35408,4.947909,18.06444,-22.35176,4.947072,17.95608
237.5446,-23.35065,4.978992,18.07048,-23.35403,4.948322,18.06308,-22.35176,4.947072,17.95608
237.5625,-23.35044,4.978728,18.07065,-23.35351,4.947458,18.06498,-22.35176,4.947072,17.95608
237.5847,-23.34993,4.977654,18.07256,-23.35331,4.94704,18.06513,-22.35176,4.947072,17.95608
237.6017,-23.34965,4.977279,18.07273,-23.35589,4.911676,18.06114,-22.35176,4.947072,17.95608
237.6216,-23.34927,4.976183,18.07446,-23.35559,4.911641,18.06137,-22.35176,4.947072,17.95608
237.6418,-23.34898,4.974935,18.07612,-23.3551,4.911548,18.06335,-22.35176,4.947072,17.95608
237.6623,-23.34898,4.975514,18.07467,-23.35469,4.911463,18.0653,-22.35176,4.947072,17.95608
237.6817,-23.34742,4.97475,18.07434,-23.35475,4.911506,18.06368,-22.35176,4.947072,17.95608
237.701,-23.3474,4.974571,18.07435,-23.35306,4.911345,18.06344,-22.35176,4.947072,17.95608
237.7172,-23.3474,4.974571,18.07435,-23.35302,4.911342,18.06347,-22.35176,4.947072,17.95608
237.7311,-23.34737,4.974497,18.07437,-23.35302,4.911342,18.06347,-22.35176,4.947072,17.95608
237.7467,-23.34734,4.974451,18.07438,-23.35299,4.911337,18.06351,-22.35176,4.947072,17.95608
237.7624,-23.34728,4.97508,18.07294,-23.35295,4.911333,18.06353,-22.35176,4.947072,17.95608
237.7809,-23.34715,4.974359,18.07449,-23.35295,4.91137,18.0619,-22.35176,4.947072,17.95608
237.7959,-23.34715,4.974359,18.07449,-23.35276,4.911312,18.06364,-22.35176,4.947072,17.95608
237.8089,-23.34582,4.974228,18.07254,-23.35276,4.911312,18.06364,-22.35176,4.947072,17.95608
237.8242,-23.34583,4.974159,18.07253,-23.35136,4.911221,18.06162,-22.35176,4.947072,17.95608
237.8405,-23.34705,4.97473,18.07305,-23.35136,4.911221,18.06162,-22.35176,4.947072,17.95608
237.8566,-23.34705,4.97473,18.07305,-23.35269,4.911341,18.06207,-22.35176,4.947072,17.95608
237.8701,-23.34561,4.974055,18.07265,-23.35269,4.911341,18.06207,-22.35176,4.947072,17.95608
237.8855,-23.34564,4.974562,18.07113,-23.35113,4.911195,18.06175,-22.35176,4.947072,17.95608
237.9041,-23.34682,4.974598,18.07315,-23.35121,4.911242,18.06007,-22.35176,4.947072,17.95608
237.9196,-23.34682,4.974598,18.07315,-23.35246,4.911316,18.06218,-22.35176,4.947072,17.95608
237.9328,-23.34674,4.975248,18.0717,-23.35246,4.911316,18.06218,-22.35176,4.947072,17.95608
237.9492,-23.34544,4.974701,18.07118,-23.35244,4.911352,18.06054,-22.35176,4.947072,17.95608
237.9662,-23.34671,4.975214,18.07164,-23.35102,4.911222,18.06009,-22.35176,4.947072,17.95608
237.9812,-23.34547,4.974703,18.07119,-23.35241,4.911349,18.06049,-22.35176,4.947072,17.95608
237.9966,-23.34547,4.974703,18.07119,-23.35105,4.911225,18.0601,-22.35176,4.947072,17.95608
238.0095,-23.34554,4.97517,18.06963,-23.35105,4.911225,18.0601,-22.35176,4.947072,17.95608
238.0262,-23.34551,4.975202,18.06965,-23.35117,4.911276,18.05838,-22.35176,4.947072,17.95608
238.0416,-23.34544,4.975182,18.06959,-23.35114,4.911273,18.05839,-22.35176,4.947072,17.95608
238.0571,-23.34544,4.975182,18.06959,-23.35106,4.911267,18.05833,-22.35176,4.947072,17.95608
238.0701,-23.34544,4.975177,18.06959,-23.35106,4.911267,18.05833,-22.35176,4.947072,17.95608
238.0854,-23.34541,4.975658,18.06798,-23.35107,4.911267,18.05833,-22.35176,4.947072,17.95608
238.1016,-23.34428,4.974581,18.06916,-23.35108,4.911389,18.05657,-22.35176,4.947072,17.95608
238.1171,-23.34428,4.974581,18.06916,-23.34978,4.911149,18.05797,-22.35176,4.947072,17.95608
238.1296,-23.34548,4.97505,18.06951,-23.34978,4.911149,18.05797,-22.35176,4.947072,17.95608
238.1448,-23.34658,4.975758,18.07001,-23.35108,4.91127,18.05827,-22.35176,4.947072,17.95608
238.1605,-23.34652,4.976406,18.06851,-23.35232,4.911382,18.05868,-22.35176,4.947072,17.95608
238.1762,-23.34652,4.976406,18.06851,-23.35232,4.911421,18.05698,-22.35176,4.947072,17.95608
238.19,-23.34646,4.976476,18.06853,-23.35232,4.911421,18.05698,-22.35176,4.947072,17.95608
238.2055,-23.34653,4.976971,18.06696,-23.35227,4.911416,18.05699,-22.35176,4.947072,17.95608
238.221,-23.34536,4.976362,18.06657,-23.34937,4.945292,18.06129,-22.35176,4.947072,17.95608
238.2391,-23.34536,4.976362,18.06657,-23.35106,4.911736,18.05501,-22.35176,4.947072,17.95608
238.2551,-23.34674,4.977366,18.06532,-23.35106,4.911736,18.05501,-22.35176,4.947072,17.95608
238.2721,-23.34682,4.97787,18.06372,-23.34945,4.947266,18.05989,-22.35176,4.947072,17.95608
238.2884,-23.34662,4.977528,18.06533,-23.34952,4.947837,18.05827,-22.35176,4.947072,17.95608
238.3041,-23.3468,4.977906,18.06372,-23.34935,4.947164,18.05987,-22.35176,4.947072,17.95608
238.3203,-23.34679,4.977921,18.06372,-23.34951,4.947833,18.05826,-22.35176,4.947072,17.95608
238.3389,-23.34679,4.977921,18.06372,-23.3495,4.94783,18.05826,-22.35176,4.947072,17.95608
238.3555,-23.34701,4.978262,18.06209,-23.3495,4.94783,18.05826,-22.35176,4.947072,17.95608
238.3757,-23.34701,4.978271,18.06209,-23.34973,4.948076,18.05658,-22.35176,4.947072,17.95608
238.3978,-23.34702,4.978276,18.06209,-23.34973,4.948076,18.05658,-22.35176,4.947072,17.95608
238.4141,-23.34702,4.978281,18.06208,-23.34974,4.948076,18.05657,-22.35176,4.947072,17.95608
238.4321,-23.34703,4.978286,18.06208,-23.34974,4.948076,18.05657,-22.35176,4.947072,17.95608
238.4496,-23.34703,4.97829,18.06208,-23.34975,4.948075,18.05656,-22.35176,4.947072,17.95608
238.47,-23.34704,4.978295,18.06207,-23.34976,4.948075,18.05656,-22.35176,4.947072,17.95608
238.4878,-23.34704,4.9783,18.06207,-23.34977,4.948075,18.05655,-22.35176,4.947072,17.95608
238.5042,-23.34705,4.978304,18.06207,-23.34977,4.948075,18.05655,-22.35176,4.947072,17.95608
238.5226,-23.34731,4.978589,18.06044,-23.34978,4.948075,18.05654,-22.35176,4.947072,17.95608
238.5395,-23.34731,4.978589,18.06044,-23.35009,4.947829,18.05478,-22.35176,4.947072,17.95608
238.5541,-23.34591,4.977627,18.06177,-23.35009,4.947829,18.05478,-22.35176,4.947072,17.95608
238.5707,-23.34726,4.978308,18.06153,-23.34855,4.94801,18.05636,-22.35176,4.947072,17.95608
238.5884,-23.34819,4.978767,18.06348,-23.34999,4.948055,18.05599,-22.35176,4.947072,17.95608
238.6082,-23.34711,4.978552,18.06158,-23.35099,4.948135,18.05792,-22.35176,4.947072,17.95608
238.6266,-23.34726,4.978556,18.06106,-23.34986,4.948054,18.056,-22.35176,4.947072,17.95608
238.6445,-23.34727,4.97854,18.06106,-23.35001,4.948034,18.05546,-22.35176,4.947072,17.95608
238.6606,-23.34728,4.978539,18.06105,-23.35003,4.948035,18.05546,-22.35176,4.947072,17.95608
238.6788,-23.34728,4.978539,18.06105,-23.35004,4.948034,18.05545,-22.35176,4.947072,17.95608
238.6936,-23.34722,4.978507,18.061,-23.35004,4.948034,18.05545,-22.35176,4.947072,17.95608
238.7103,-23.34723,4.978505,18.06099,-23.34997,4.948032,18.05541,-22.35176,4.947072,17.95608
238.7269,-23.347,4.97821,18.06261,-23.34998,4.948032,18.0554,-22.35176,4.947072,17.95608
238.7434,-23.347,4.978218,18.06261,-23.34971,4.948097,18.05713,-22.35176,4.947072,17.95608
238.7602,-23.34674,4.977844,18.06417,-23.34971,4.948097,18.05712,-22.35176,4.947072,17.95608
238.7755,-23.34674,4.977844,18.06417,-23.34945,4.947659,18.05871,-22.35176,4.947072,17.95608
238.7882,-23.34555,4.977137,18.06379,-23.34945,4.947659,18.05871,-22.35176,4.947072,17.95608
238.8032,-23.34566,4.977019,18.06377,-23.3482,4.947169,18.05836,-22.35176,4.947072,17.95608
238.8172,-23.34566,4.977019,18.06377,-23.3482,4.947169,18.05836,-22.35176,4.947072,17.95608
238.8286,-23.3468,4.977561,18.06463,-23.3482,4.947169,18.05836,-22.35176,4.947072,17.95608
238.8427,-23.34665,4.97764,18.0646,-23.3482,4.947169,18.05836,-22.35176,4.947072,17.95608
238.8574,-23.34665,4.97764,18.0646,-23.3482,4.947169,18.05836,-22.35176,4.947072,17.95608
238.8689,-23.34781,4.978199,18.06547,-23.3482,4.947169,18.05836,-22.35176,4.947072,17.95608
238.8848,-23.34753,4.977856,18.06704,-23.3482,4.947169,18.05836,-22.35176,4.947072,17.95608
238.901,-23.34877,4.978333,18.06794,-23.3482,4.947169,18.05836,-22.35176,4.947072,17.95608
238.9157,-23.34877,4.978333,18.06794,-23.3482,4.947169,18.05836,-22.35176,4.947072,17.95608
238.9311,-23.35035,4.979855,18.06556,-23.3482,4.947169,18.05836,-22.35176,4.947072,17.95608
238.9482,-23.35199,4.980822,18.0659,-23.3482,4.947169,18.05836,-22.35176,4.947072,17.95608
238.9684,-23.35293,4.981702,18.06473,-23.3482,4.947169,18.05836,-22.35176,4.947072,17.95608
238.987,-23.35559,4.982387,18.06724,-23.3482,4.947169,18.05836,-22.35176,4.947072,17.95608
239.0055,-23.35744,4.983146,18.06735,-23.3482,4.947169,18.05836,-22.35176,4.947072,17.95608
239.0216,-23.36195,4.984452,18.06661,-23.3482,4.947169,18.05836,-22.35176,4.947072,17.95608
239.0425,-23.3682,4.98538,18.06574,-23.3482,4.947169,18.05836,-22.35176,4.947072,17.95608
239.06,-23.37613,4.984803,18.06482,-23.3482,4.947169,18.05836,-22.35176,4.947072,17.95608
239.0757,-23.37613,4.984803,18.06482,-23.3482,4.947169,18.05836,-22.35176,4.947072,17.95608
239.0876,-23.38743,4.98363,18.06078,-23.3482,4.947169,18.05836,-22.35176,4.947072,17.95608
239.1025,-23.40838,4.980681,18.06051,-23.3482,4.947169,18.05836,-22.35176,4.947072,17.95608
239.1183,-23.40838,4.980681,18.06051,-23.3482,4.947169,18.05836,-22.35176,4.947072,17.95608
239.1323,-23.42111,4.981887,18.05721,-23.3482,4.947169,18.05836,-22.35176,4.947072,17.95608
239.149,-23.42576,4.982355,18.05593,-23.3482,4.947169,18.05836,-22.35176,4.947072,17.95608
239.1633,-23.42974,4.981439,18.05414,-23.3482,4.947169,18.05836,-22.35176,4.947072,17.95608
239.1775,-23.42974,4.981439,18.05414,-23.3482,4.947169,18.05836,-22.35176,4.947072,17.95608
239.1916,-23.43488,4.980583,18.05468,-23.3482,4.947169,18.05836,-22.35176,4.947072,17.95608
239.2056,-23.43784,4.98012,18.05578,-23.3482,4.947169,18.05836,-22.35176,4.947072,17.95608
239.2196,-23.43784,4.98012,18.05578,-23.3482,4.947169,18.05836,-22.35176,4.947072,17.95608
239.2325,-23.44377,4.978998,18.05552,-23.3482,4.947169,18.05836,-22.35176,4.947072,17.95608
239.2468,-23.44739,4.978233,18.05704,-23.3482,4.947169,18.05836,-22.35176,4.947072,17.95608
239.2617,-23.45098,4.977165,18.05897,-23.3482,4.947169,18.05836,-22.35176,4.947072,17.95608
239.2795,-23.45098,4.977165,18.05897,-23.3482,4.947169,18.05836,-22.35176,4.947072,17.95608
239.2913,-23.45715,4.974258,18.06344,-23.3482,4.947169,18.05836,-22.35176,4.947072,17.95608
239.3057,-23.45955,4.972578,18.06636,-23.3482,4.947169,18.05836,-22.35176,4.947072,17.95608
239.3208,-23.46085,4.972674,18.06868,-23.3482,4.947169,18.05836,-22.35176,4.947072,17.95608
239.339,-23.46085,4.972674,18.06868,-23.3482,4.947169,18.05836,-22.35176,4.947072,17.95608
239.3524,-23.46025,4.973051,18.0685,-23.3482,4.947169,18.05836,-22.35176,4.947072,17.95608
239.371,-23.45879,4.972823,18.069,-23.3482,4.947169,18.05836,-22.35176,4.947072,17.95608
239.387,-23.46041,4.973307,18.07035,-23.3482,4.947169,18.05836,-22.35176,4.947072,17.95608
239.4032,-23.46058,4.973502,18.07112,-23.3482,4.947169,18.05836,-22.35176,4.947072,17.95608
239.419,-23.46058,4.973502,18.07112,-23.3482,4.947169,18.05836,-22.35176,4.947072,17.95608
239.4362,-23.45999,4.973564,18.07488,-23.3482,4.947169,18.05836,-22.35176,4.947072,17.95608
239.454,-23.45793,4.973403,18.0792,-23.3482,4.947169,18.05836,-22.35176,4.947072,17.95608
239.4719,-23.45387,4.972866,18.0871,-23.3482,4.947169,18.05836,-22.35176,4.947072,17.95608
239.4877,-23.45448,4.973544,18.0906,-23.3482,4.947169,18.05836,-22.35176,4.947072,17.95608
239.5023,-23.45399,4.974154,18.09943,-23.3482,4.947169,18.05836,-22.35176,4.947072,17.95608
239.5198,-23.45399,4.974154,18.09943,-23.3482,4.947169,18.05836,-22.35176,4.947072,17.95608
239.5338,-23.45679,4.975588,18.11208,-23.3482,4.947169,18.05836,-22.35176,4.947072,17.95608
239.5484,-23.46179,4.97721,18.11773,-23.3482,4.947169,18.05836,-22.35176,4.947072,17.95608
239.5624,-23.46669,4.978531,18.11954,-23.3482,4.947169,18.05836,-22.35176,4.947072,17.95608
239.5768,-23.46669,4.978531,18.11954,-23.3482,4.947169,18.05836,-22.35176,4.947072,17.95608
239.5905,-23.47143,4.979746,18.12367,-23.3482,4.947169,18.05836,-22.35176,4.947072,17.95608
239.6048,-23.47746,4.981102,18.12454,-23.3482,4.947169,18.05836,-22.35176,4.947072,17.95608
239.6192,-23.47746,4.981102,18.12454,-23.3482,4.947169,18.05836,-22.35176,4.947072,17.95608
239.6309,-23.47794,4.980812,18.12399,-23.3482,4.947169,18.05836,-22.35176,4.947072,17.95608
239.6456,-23.47791,4.980999,18.12314,-23.3482,4.947169,18.05836,-22.35176,4.947072,17.95608
239.662,-23.47866,4.981845,18.12312,-23.3482,4.947169,18.05836,-22.35176,4.947072,17.95608
239.6773,-23.47866,4.981845,18.12312,-23.3482,4.947169,18.05836,-22.35176,4.947072,17.95608
239.6886,-23.47888,4.98322,18.12152,-23.3482,4.947169,18.05836,-22.35176,4.947072,17.95608
239.7037,-23.47856,4.983744,18.12085,-23.3482,4.947169,18.05836,-22.35176,4.947072,17.95608
239.7193,-23.47856,4.983744,18.12085,-23.3482,4.947169,18.05836,-22.35176,4.947072,17.95608
239.7312,-23.47958,4.984187,18.12257,-23.3482,4.947169,18.05836,-22.35176,4.947072,17.95608
239.7459,-23.47989,4.984986,18.12241,-23.3482,4.947169,18.05836,-22.35176,4.947072,17.95608
239.7617,-23.48075,4.985461,18.12389,-23.3482,4.947169,18.05836,-22.35176,4.947072,17.95608
239.7773,-23.48075,4.985461,18.12389,-23.3482,4.947169,18.05836,-22.35176,4.947072,17.95608
239.7906,-23.48204,4.986094,18.12543,-23.3482,4.947169,18.05836,-22.35176,4.947072,17.95608
239.8082,-23.48495,4.987405,18.12762,-23.3482,4.947169,18.05836,-22.35176,4.947072,17.95608
239.8256,-23.48677,4.988359,18.12888,-23.3482,4.947169,18.05836,-22.35176,4.947072,17.95608
239.8419,-23.48808,4.989715,18.12835,-23.3482,4.947169,18.05836,-22.35176,4.947072,17.95608
239.858,-23.48808,4.989715,18.12835,-23.3482,4.947169,18.05836,-22.35176,4.947072,17.95608
239.8725,-23.48758,4.990411,18.12711,-23.3482,4.947169,18.05836,-22.35176,4.947072,17.95608
239.8914,-23.48926,4.990343,18.1292,-23.3482,4.947169,18.05836,-22.35176,4.947072,17.95608
239.9065,-23.49069,4.990726,18.12974,-23.3482,4.947169,18.05836,-22.35176,4.947072,17.95608
239.9211,-23.4888,4.990042,18.1293,-23.3482,4.947169,18.05836,-22.35176,4.947072,17.95608
239.9358,-23.4888,4.990042,18.1293,-23.3482,4.947169,18.05836,-22.35176,4.947072,17.95608
239.9484,-23.48612,4.989524,18.12699,-23.3482,4.947169,18.05836,-22.35176,4.947072,17.95608
239.9633,-23.48538,4.988276,18.12793,-23.3482,4.947169,18.05836,-22.35176,4.947072,17.95608
239.9786,-23.48538,4.988276,18.12793,-23.3482,4.947169,18.05836,-22.35176,4.947072,17.95608
239.9908,-23.48484,4.986995,18.1288,-23.3482,4.947169,18.05836,-22.35176,4.947072,17.95608
240.0058,-23.48649,4.984653,18.12674,-23.3482,4.947169,18.05836,-22.35176,4.947072,17.95608
240.0212,-23.48799,4.986078,18.12903,-23.3482,4.947169,18.05836,-22.35176,4.947072,17.95608
240.0369,-23.48799,4.986078,18.12903,-23.3482,4.947169,18.05836,-22.35176,4.947072,17.95608
240.0498,-23.48594,4.986452,18.1277,-23.3482,4.947169,18.05836,-22.35176,4.947072,17.95608
240.0645,-23.48405,4.986445,18.12762,-23.3482,4.947169,18.05836,-22.35176,4.947072,17.95608
240.0787,-23.48405,4.986445,18.12762,-23.3482,4.947169,18.05836,-22.35176,4.947072,17.95608
240.0905,-23.47958,4.985838,18.1274,-23.3482,4.947169,18.05836,-22.35176,4.947072,17.95608
240.1071,-23.48223,4.987002,18.12299,-23.3482,4.947169,18.05836,-22.35176,4.947072,17.95608
240.1213,-23.48207,4.987185,18.12241,-23.3482,4.947169,18.05836,-22.35176,4.947072,17.95608
240.1374,-23.48207,4.987185,18.12241,-23.3482,4.947169,18.05836,-22.35176,4.947072,17.95608
240.149,-23.48001,4.98684,18.12205,-23.3482,4.947169,18.05836,-22.35176,4.947072,17.95608
240.163,-23.48231,4.987893,18.12232,-23.3482,4.947169,18.05836,-22.35176,4.947072,17.95608
240.1781,-23.48231,4.987893,18.12232,-23.3482,4.947169,18.05836,-22.35176,4.947072,17.95608
240.1899,-23.48061,4.987625,18.11964,-23.3482,4.947169,18.05836,-22.35176,4.947072,17.95608
240.2048,-23.4806,4.987631,18.11965,-23.3482,4.947169,18.05836,-22.35176,4.947072,17.95608
240.2208,-23.48047,4.988043,18.11801,-23.3482,4.947169,18.05836,-22.35176,4.947072,17.95608
240.239,-23.48047,4.988043,18.11801,-23.3482,4.947169,18.05836,-22.35176,4.947072,17.95608
240.2529,-23.48138,4.987733,18.12233,-23.3482,4.947169,18.05836,-22.35176,4.947072,17.95608
240.2707,-23.48344,4.988019,18.1258,-23.3482,4.947169,18.05836,-22.35176,4.947072,17.95608
240.2854,-23.4857,4.988419,18.12824,-23.3482,4.947169,18.05836,-22.35176,4.947072,17.95608
240.3026,-23.48675,4.989651,18.12715,-23.3482,4.947169,18.05836,-22.35176,4.947072,17.95608
240.3202,-23.48795,4.990416,18.12759,-23.3482,4.947169,18.05836,-22.35176,4.947072,17.95608
240.337,-23.48795,4.990416,18.12759,-23.3482,4.947169,18.05836,-22.35176,4.947072,17.95608
240.3501,-23.48762,4.991658,18.12561,-23.3482,4.947169,18.05836,-22.35176,4.947072,17.95608
240.367,-23.48897,4.993383,18.12394,-23.3482,4.947169,18.05836,-22.35176,4.947072,17.95608
240.3847,-23.49264,4.994803,18.12533,-23.3482,4.947169,18.05836,-22.35176,4.947072,17.95608
240.4011,-23.49485,4.994642,18.12844,-23.3482,4.947169,18.05836,-22.35176,4.947072,17.95608
240.4159,-23.49485,4.994642,18.12844,-23.3482,4.947169,18.05836,-22.35176,4.947072,17.95608
240.428,-23.5006,4.991591,18.13348,-23.3482,4.947169,18.05836,-22.35176,4.947072,17.95608
240.446,-23.52251,4.985606,18.13311,-23.3482,4.947169,18.05836,-22.35176,4.947072,17.95608
240.4611,-23.52246,4.985283,18.13459,-23.3482,4.947169,18.05836,-22.35176,4.947072,17.95608
240.4781,-23.52246,4.985283,18.13459,-23.3482,4.947169,18.05836,-22.35176,4.947072,17.95608
240.493,-23.52094,4.984596,18.13772,-23.3482,4.947169,18.05836,-22.35176,4.947072,17.95608
240.5084,-23.51992,4.984411,18.13643,-23.3482,4.947169,18.05836,-22.35176,4.947072,17.95608
240.5271,-23.5204,4.984047,18.13682,-23.3482,4.947169,18.05836,-22.35176,4.947072,17.95608
240.5422,-23.51949,4.98458,18.13566,-23.3482,4.947169,18.05836,-22.35176,4.947072,17.95608
240.5599,-23.51949,4.98458,18.13566,-23.3482,4.947169,18.05836,-22.35176,4.947072,17.95608
240.5723,-23.51683,4.986261,18.13519,-23.3482,4.947169,18.05836,-22.35176,4.947072,17.95608
240.5883,-23.51236,4.988905,18.13439,-23.3482,4.947169,18.05836,-22.35176,4.947072,17.95608
240.6048,-23.5121,4.989452,18.13484,-23.3482,4.947169,18.05836,-22.35176,4.947072,17.95608
240.6229,-23.51174,4.98965,18.135,-23.3482,4.947169,18.05836,-22.35176,4.947072,17.95608
240.6379,-23.51174,4.98965,18.135,-23.3482,4.947169,18.05836,-22.35176,4.947072,17.95608
240.65,-23.50669,4.994048,18.12952,-23.3482,4.947169,18.05836,-22.35176,4.947072,17.95608
240.6651,-23.50738,4.997064,18.12565,-23.3482,4.947169,18.05836,-22.35176,4.947072,17.95608
240.6808,-23.50569,4.999029,18.12173,-23.3482,4.947169,18.05836,-22.35176,4.947072,17.95608
240.6974,-23.50569,4.999029,18.12173,-23.3482,4.947169,18.05836,-22.35176,4.947072,17.95608
240.7114,-23.50573,5.001279,18.1135,-23.3482,4.947169,18.05836,-22.35176,4.947072,17.95608
240.7308,-23.51197,5.001525,18.10318,-23.3482,4.947169,18.05836,-22.35176,4.947072,17.95608
240.7467,-23.52227,4.995708,18.09146,-23.3482,4.947169,18.05836,-22.35176,4.947072,17.95608
240.7626,-23.53509,4.980278,18.08444,-23.3482,4.947169,18.05836,-22.35176,4.947072,17.95608
240.7831,-23.55633,4.972939,18.06783,-23.3482,4.947169,18.05836,-22.35176,4.947072,17.95608
240.799,-23.55633,4.972939,18.06783,-23.3482,4.947169,18.05836,-22.35176,4.947072,17.95608
240.8149,-23.55577,4.98611,18.05863,-23.3482,4.947169,18.05836,-22.35176,4.947072,17.95608
240.8327,-23.56083,4.989939,18.05279,-23.3482,4.947169,18.05836,-22.35176,4.947072,17.95608
240.8495,-23.56596,4.990217,18.04863,-23.3482,4.947169,18.05836,-22.35176,4.947072,17.95608
240.8661,-23.56767,4.989774,18.04501,-23.3482,4.947169,18.05836,-22.35176,4.947072,17.95608
240.8831,-23.56925,4.989326,18.04243,-23.3482,4.947169,18.05836,-22.35176,4.947072,17.95608
240.9001,-23.57073,4.988961,18.04033,-23.3482,4.947169,18.05836,-22.35176,4.947072,17.95608
240.9158,-23.57073,4.988961,18.04033,-23.3482,4.947169,18.05836,-22.35176,4.947072,17.95608
240.9302,-23.57555,4.984324,18.03681,-23.3482,4.947169,18.05836,-22.35176,4.947072,17.95608
240.9478,-23.58089,4.985315,18.03398,-23.3482,4.947169,18.05836,-22.35176,4.947072,17.95608
240.9668,-23.58255,4.985193,18.03357,-23.3482,4.947169,18.05836,-22.35176,4.947072,17.95608
240.9828,-23.58406,4.987295,18.03323,-23.3482,4.947169,18.05836,-22.35176,4.947072,17.95608
240.9973,-23.58406,4.987295,18.03323,-23.3482,4.947169,18.05836,-22.35176,4.947072,17.95608
241.0093,-23.58573,4.987613,18.03165,-23.3482,4.947169,18.05836,-22.35176,4.947072,17.95608
241.0237,-23.58574,4.987587,18.03166,-23.3482,4.947169,18.05836,-22.35176,4.947072,17.95608
241.0414,-23.58574,4.987584,18.03168,-23.3482,4.947169,18.05836,-22.35176,4.947072,17.95608
241.0562,-23.58574,4.987584,18.03168,-23.3482,4.947169,18.05836,-22.35176,4.947072,17.95608
241.0686,-23.58776,4.98771,18.03338,-23.3482,4.947169,18.05836,-22.35176,4.947072,17.95608
241.0843,-23.58814,4.987916,18.03504,-23.3482,4.947169,18.05836,-22.35176,4.947072,17.95608
241.0996,-23.58814,4.987916,18.03504,-23.3482,4.947169,18.05836,-22.35176,4.947072,17.95608
241.1122,-23.58761,4.988348,18.03843,-23.3482,4.947169,18.05836,-22.35176,4.947072,17.95608
241.1322,-23.58578,4.989,18.04226,-23.3482,4.947169,18.05836,-22.35176,4.947072,17.95608
241.1481,-23.5809,4.989596,18.04655,-23.3482,4.947169,18.05836,-22.35176,4.947072,17.95608
241.1632,-23.57336,4.990014,18.04899,-23.3482,4.947169,18.05836,-22.35176,4.947072,17.95608
241.1787,-23.57336,4.990014,18.04899,-23.3482,4.947169,18.05836,-22.35176,4.947072,17.95608
241.1903,-23.56468,4.990549,18.05375,-23.3482,4.947169,18.05836,-22.35176,4.947072,17.95608
241.2072,-23.55714,4.991224,18.05872,-23.3482,4.947169,18.05836,-22.35176,4.947072,17.95608
241.2224,-23.55122,4.991829,18.06226,-23.3482,4.947169,18.05836,-22.35176,4.947072,17.95608
241.2381,-23.55122,4.991829,18.06226,-23.3482,4.947169,18.05836,-22.35176,4.947072,17.95608
241.2498,-23.53996,4.992139,18.07411,-23.3482,4.947169,18.05836,-22.35176,4.947072,17.95608
241.2656,-23.52852,4.989576,18.08506,-23.3482,4.947169,18.05836,-22.35176,4.947072,17.95608
241.281,-23.51868,4.987844,18.09155,-23.3482,4.947169,18.05836,-22.35176,4.947072,17.95608
241.2958,-23.51868,4.987844,18.09155,-23.3482,4.947169,18.05836,-22.35176,4.947072,17.95608
241.3074,-23.51546,4.99012,18.08952,-23.3482,4.947169,18.05836,-22.35176,4.947072,17.95608
241.3217,-23.5143,4.990508,18.08819,-23.3482,4.947169,18.05836,-22.35176,4.947072,17.95608
241.3386,-23.5143,4.990508,18.08819,-23.3482,4.947169,18.05836,-22.35176,4.947072,17.95608
241.3531,-23.50633,4.991422,18.08815,-23.3482,4.947169,18.05836,-22.35176,4.947072,17.95608
241.3675,-23.50351,4.992064,18.0887,-23.3482,4.947169,18.05836,-22.35176,4.947072,17.95608
241.3833,-23.49715,4.991401,18.0888,-23.3482,4.947169,18.05836,-22.35176,4.947072,17.95608
241.4007,-23.48788,4.989335,18.09148,-23.3482,4.947169,18.05836,-22.35176,4.947072,17.95608
241.4182,-23.48788,4.989335,18.09148,-23.3482,4.947169,18.05836,-22.35176,4.947072,17.95608
241.4324,-23.47944,4.985414,18.09773,-23.3482,4.947169,18.05836,-22.35176,4.947072,17.95608
241.4476,-23.47194,4.977304,18.10586,-23.3482,4.947169,18.05836,-22.35176,4.947072,17.95608
241.4639,-23.47095,4.978059,18.10702,-23.3482,4.947169,18.05836,-22.35176,4.947072,17.95608
241.4805,-23.46582,4.974146,18.11861,-23.3482,4.947169,18.05836,-22.35176,4.947072,17.95608
241.4995,-23.46582,4.974146,18.11861,-23.3482,4.947169,18.05836,-22.35176,4.947072,17.95608
241.514,-23.4718,4.97831,18.11692,-23.3482,4.947169,18.05836,-22.35176,4.947072,17.95608
241.5328,-23.47489,4.979585,18.11696,-23.3482,4.947169,18.05836,-22.35176,4.947072,17.95608
241.5518,-23.47756,4.982014,18.11643,-23.3482,4.947169,18.05836,-22.35176,4.947072,17.95608
241.5673,-23.47824,4.983682,18.11724,-23.3482,4.947169,18.05836,-22.35176,4.947072,17.95608
241.585,-23.47921,4.985722,18.11624,-23.3482,4.947169,18.05836,-22.35176,4.947072,17.95608
241.6028,-23.48051,4.987739,18.11572,-23.3482,4.947169,18.05836,-22.35176,4.947072,17.95608
241.6203,-23.48312,4.990258,18.11656,-23.3482,4.947169,18.05836,-22.35176,4.947072,17.95608
241.6364,-23.48312,4.990258,18.11656,-23.3482,4.947169,18.05836,-22.35176,4.947072,17.95608
241.648,-23.48389,4.992153,18.11354,-23.3482,4.947169,18.05836,-22.35176,4.947072,17.95608
241.6626,-23.48377,4.992632,18.11192,-23.3482,4.947169,18.05836,-22.35176,4.947072,17.95608
241.6769,-23.48377,4.992632,18.11192,-23.3482,4.947169,18.05836,-22.35176,4.947072,17.95608
241.6895,-23.484,4.992971,18.10919,-23.3482,4.947169,18.05836,-22.35176,4.947072,17.95608
241.7066,-23.4851,4.993583,18.10921,-23.3482,4.947169,18.05836,-22.35176,4.947072,17.95608
241.7212,-23.48608,4.994295,18.10975,-23.3482,4.947169,18.05836,-22.35176,4.947072,17.95608
241.7378,-23.48608,4.994295,18.10975,-23.3482,4.947169,18.05836,-22.35176,4.947072,17.95608
241.7507,-23.48447,4.993506,18.11119,-23.3482,4.947169,18.05836,-22.35176,4.947072,17.95608
241.766,-23.48457,4.993506,18.11007,-23.3482,4.947169,18.05836,-22.35176,4.947072,17.95608
241.7811,-23.48572,4.994117,18.11011,-23.3482,4.947169,18.05836,-22.35176,4.947072,17.95608
241.7959,-23.48572,4.994117,18.11011,-23.3482,4.947169,18.05836,-22.35176,4.947072,17.95608
241.8072,-23.486,4.994398,18.10686,-23.3482,4.947169,18.05836,-22.35176,4.947072,17.95608
241.8215,-23.48591,4.994241,18.10682,-23.3482,4.947169,18.05836,-22.35176,4.947072,17.95608
241.8357,-23.48591,4.994241,18.10682,-23.3482,4.947169,18.05836,-22.35176,4.947072,17.95608
241.8502,-23.48586,4.99417,18.10681,-23.3482,4.947169,18.05836,-22.35176,4.947072,17.95608
241.8651,-23.48588,4.994157,18.10681,-23.3482,4.947169,18.05836,-22.35176,4.947072,17.95608
241.8792,-23.48588,4.994157,18.10681,-23.3482,4.947169,18.05836,-22.35176,4.947072,17.95608
241.8907,-23.48682,4.994726,18.10842,-23.3482,4.947169,18.05836,-22.35176,4.947072,17.95608
241.9055,-23.48671,4.994893,18.10841,-23.3482,4.947169,18.05836,-22.35176,4.947072,17.95608
241.9206,-23.48521,4.994091,18.10997,-23.3482,4.947169,18.05836,-22.35176,4.947072,17.95608
241.936,-23.48521,4.994091,18.10997,-23.3482,4.947169,18.05836,-22.35176,4.947072,17.95608
241.9482,-23.48504,4.993789,18.1116,-23.3482,4.947169,18.05836,-22.35176,4.947072,17.95608
241.9621,-23.48606,4.994216,18.11337,-23.3482,4.947169,18.05836,-22.35176,4.947072,17.95608
241.9756,-23.48606,4.994216,18.11337,-23.3482,4.947169,18.05836,-22.35176,4.947072,17.95608
241.987,-23.48575,4.993994,18.115,-23.3482,4.947169,18.05836,-22.35176,4.947072,17.95608
242.0011,-23.48572,4.99368,18.11668,-23.3482,4.947169,18.05836,-22.35176,4.947072,17.95608
242.0151,-23.48572,4.99368,18.11668,-23.3482,4.947169,18.05836,-22.35176,4.947072,17.95608
242.0263,-23.48697,4.993457,18.12018,-23.3482,4.947169,18.05836,-22.35176,4.947072,17.95608
242.0399,-23.48697,4.993457,18.12018,-23.3482,4.947169,18.05836,-22.35176,4.947072,17.95608
242.0531,-23.48826,4.993594,18.12207,-23.3482,4.947169,18.05836,-22.35176,4.947072,17.95608
242.0671,-23.48816,4.993637,18.12213,-23.3482,4.947169,18.05836,-22.35176,4.947072,17.95608
242.0822,-23.48819,4.993641,18.1222,-23.3482,4.947169,18.05836,-22.35176,4.947072,17.95608
242.0983,-23.48819,4.993641,18.1222,-23.3482,4.947169,18.05836,-22.35176,4.947072,17.95608
242.1099,-23.48981,4.993581,18.12435,-23.3482,4.947169,18.05836,-22.35176,4.947072,17.95608
242.1247,-23.49014,4.993549,18.12491,-23.3482,4.947169,18.05836,-22.35176,4.947072,17.95608
242.1393,-23.49014,4.993549,18.12491,-23.3482,4.947169,18.05836,-22.35176,4.947072,17.95608
242.1514,-23.49134,4.992571,18.12803,-23.3482,4.947169,18.05836,-22.35176,4.947072,17.95608
242.1659,-23.49375,4.990807,18.13222,-23.3482,4.947169,18.05836,-22.35176,4.947072,17.95608
242.1808,-23.49859,4.989351,18.13556,-23.3482,4.947169,18.05836,-22.35176,4.947072,17.95608
242.1977,-23.49859,4.989351,18.13556,-23.3482,4.947169,18.05836,-22.35176,4.947072,17.95608
242.2092,-23.5029,4.983561,18.13995,-23.3482,4.947169,18.05836,-22.35176,4.947072,17.95608
242.2267,-23.52848,4.957717,18.1368,-23.3482,4.947169,18.05836,-22.35176,4.947072,17.95608
242.2434,-23.53299,4.976724,18.1446,-23.3482,4.947169,18.05836,-22.35176,4.947072,17.95608
242.262,-23.53349,4.979912,18.14765,-23.3482,4.947169,18.05836,-22.35176,4.947072,17.95608
242.2824,-23.5336,4.980608,18.14793,-23.3482,4.947169,18.05836,-22.35176,4.947072,17.95608
242.2986,-23.5336,4.980608,18.14793,-23.3482,4.947169,18.05836,-22.35176,4.947072,17.95608
242.3114,-23.53362,4.980748,18.14798,-23.3482,4.947169,18.05836,-22.35176,4.947072,17.95608
242.3269,-23.53508,4.980089,18.14947,-23.3482,4.947169,18.05836,-22.35176,4.947072,17.95608
242.342,-23.53498,4.980016,18.1494,-23.3482,4.947169,18.05836,-22.35176,4.947072,17.95608
242.3579,-23.53498,4.980016,18.1494,-23.3482,4.947169,18.05836,-22.35176,4.947072,17.95608
242.3696,-23.5349,4.980023,18.14936,-23.3482,4.947169,18.05836,-22.35176,4.947072,17.95608
242.3846,-23.53652,4.979866,18.1493,-23.3482,4.947169,18.05836,-22.35176,4.947072,17.95608
242.3996,-23.53652,4.979866,18.1493,-23.3482,4.947169,18.05836,-22.35176,4.947072,17.95608
242.411,-23.53652,4.979821,18.14926,-23.3482,4.947169,18.05836,-22.35176,4.947072,17.95608
242.4272,-23.53653,4.97982,18.14923,-23.3482,4.947169,18.05836,-22.35176,4.947072,17.95608
242.4439,-23.53665,4.979982,18.14874,-23.3482,4.947169,18.05836,-22.35176,4.947072,17.95608
242.4593,-23.53665,4.979982,18.14874,-23.3482,4.947169,18.05836,-22.35176,4.947072,17.95608
242.4722,-23.53685,4.980698,18.1467,-23.3482,4.947169,18.05836,-22.35176,4.947072,17.95608
242.4874,-23.53849,4.980609,18.14665,-23.3482,4.947169,18.05836,-22.35176,4.947072,17.95608
242.5044,-23.53695,4.98073,18.14666,-23.3482,4.947169,18.05836,-22.35176,4.947072,17.95608
242.5221,-23.53869,4.980771,18.14614,-23.3482,4.947169,18.05836,-22.35176,4.947072,17.95608
242.5369,-23.53869,4.980771,18.14614,-23.3482,4.947169,18.05836,-22.35176,4.947072,17.95608
242.5491,-23.53903,4.981236,18.14463,-23.3482,4.947169,18.05836,-22.35176,4.947072,17.95608
242.5631,-23.54082,4.981079,18.14462,-23.3482,4.947169,18.05836,-22.35176,4.947072,17.95608
242.5799,-23.54082,4.981079,18.14462,-23.3482,4.947169,18.05836,-22.35176,4.947072,17.95608
242.5909,-23.53961,4.982231,18.14158,-23.3482,4.947169,18.05836,-22.35176,4.947072,17.95608
242.6061,-23.53941,4.983094,18.13955,-23.3482,4.947169,18.05836,-22.35176,4.947072,17.95608
242.6214,-23.53891,4.983468,18.13883,-23.3482,4.947169,18.05836,-22.35176,4.947072,17.95608
242.6357,-23.53891,4.983468,18.13883,-23.3482,4.947169,18.05836,-22.35176,4.947072,17.95608
242.648,-23.53582,4.984378,18.13542,-23.3482,4.947169,18.05836,-22.35176,4.947072,17.95608
242.6622,-23.53185,4.984646,18.13103,-23.3482,4.947169,18.05836,-22.35176,4.947072,17.95608
242.6775,-23.53185,4.984646,18.13103,-23.3482,4.947169,18.05836,-22.35176,4.947072,17.95608
242.6894,-23.53031,4.984791,18.12885,-23.3482,4.947169,18.05836,-22.35176,4.947072,17.95608
242.7036,-23.52886,4.985097,18.12724,-23.3482,4.947169,18.05836,-22.35176,4.947072,17.95608
242.719,-23.52886,4.985097,18.12724,-23.3482,4.947169,18.05836,-22.35176,4.947072,17.95608
242.7314,-23.52901,4.985027,18.12727,-23.3482,4.947169,18.05836,-22.35176,4.947072,17.95608
242.746,-23.52826,4.985532,18.12722,-23.3482,4.947169,18.05836,-22.35176,4.947072,17.95608
242.7625,-23.52849,4.985562,18.12731,-23.3482,4.947169,18.05836,-22.35176,4.947072,17.95608
242.7778,-23.52849,4.985562,18.12731,-23.3482,4.947169,18.05836,-22.35176,4.947072,17.95608
242.7892,-23.52601,4.985778,18.12957,-23.3482,4.947169,18.05836,-22.35176,4.947072,17.95608
242.8043,-23.52664,4.986505,18.12837,-23.3482,4.947169,18.05836,-22.35176,4.947072,17.95608
242.8187,-23.52664,4.986505,18.12837,-23.3482,4.947169,18.05836,-22.35176,4.947072,17.95608
242.8303,-23.52561,4.98702,18.12886,-23.3482,4.947169,18.05836,-22.35176,4.947072,17.95608
242.8433,-23.52593,4.987301,18.12855,-23.3482,4.947169,18.05836,-22.35176,4.947072,17.95608
242.8562,-23.52593,4.987301,18.12855,-23.3482,4.947169,18.05836,-22.35176,4.947072,17.95608
242.8674,-23.52645,4.988138,18.12673,-23.3482,4.947169,18.05836,-22.35176,4.947072,17.95608
242.8822,-23.52655,4.988216,18.1268,-23.3482,4.947169,18.05836,-22.35176,4.947072,17.95608
242.8961,-23.52655,4.988216,18.1268,-23.3482,4.947169,18.05836,-22.35176,4.947072,17.95608
242.9083,-23.52544,4.988704,18.12718,-23.3482,4.947169,18.05836,-22.35176,4.947072,17.95608
242.9233,-23.52566,4.989007,18.12682,-23.3482,4.947169,18.05836,-22.35176,4.947072,17.95608
242.9373,-23.52566,4.989007,18.12682,-23.3482,4.947169,18.05836,-22.35176,4.947072,17.95608
242.9483,-23.52601,4.989631,18.12539,-23.3482,4.947169,18.05836,-22.35176,4.947072,17.95608
242.9615,-23.52577,4.989109,18.12687,-23.3482,4.947169,18.05836,-22.35176,4.947072,17.95608
242.9747,-23.52577,4.989109,18.12687,-23.3482,4.947169,18.05836,-22.35176,4.947072,17.95608
242.9856,-23.52494,4.990122,18.12571,-23.3482,4.947169,18.05836,-22.35176,4.947072,17.95608
243.0013,-23.52521,4.990202,18.12583,-23.3482,4.947169,18.05836,-22.35176,4.947072,17.95608
243.0152,-23.52521,4.990202,18.12583,-23.3482,4.947169,18.05836,-22.35176,4.947072,17.95608
243.027,-23.52522,4.990218,18.12584,-23.3482,4.947169,18.05836,-22.35176,4.947072,17.95608
243.0429,-23.52408,4.990682,18.12615,-23.3482,4.947169,18.05836,-22.35176,4.947072,17.95608
243.0578,-23.52408,4.990682,18.12615,-23.3482,4.947169,18.05836,-22.35176,4.947072,17.95608
243.071,-23.52423,4.990757,18.12623,-23.3482,4.947169,18.05836,-22.35176,4.947072,17.95608
243.0859,-23.52436,4.990701,18.12625,-23.3482,4.947169,18.05836,-22.35176,4.947072,17.95608
243.1013,-23.52447,4.990621,18.12626,-23.3482,4.947169,18.05836,-22.35176,4.947072,17.95608
243.1191,-23.52447,4.990621,18.12626,-23.3482,4.947169,18.05836,-22.35176,4.947072,17.95608
243.1311,-23.52218,4.991432,18.12686,-23.3482,4.947169,18.05836,-22.35176,4.947072,17.95608
243.1476,-23.51966,4.992468,18.12755,-23.3482,4.947169,18.05836,-22.35176,4.947072,17.95608
243.1635,-23.51838,4.993092,18.12796,-23.3482,4.947169,18.05836,-22.35176,4.947072,17.95608
243.1841,-23.51382,4.994227,18.12863,-23.3482,4.947169,18.05836,-22.35176,4.947072,17.95608
243.1999,-23.51382,4.994227,18.12863,-23.3482,4.947169,18.05836,-22.35176,4.947072,17.95608
243.2122,-23.51156,4.994865,18.129,-23.3482,4.947169,18.05836,-22.35176,4.947072,17.95608
243.2271,-23.50779,4.995395,18.12925,-23.3482,4.947169,18.05836,-22.35176,4.947072,17.95608
243.2419,-23.50246,4.996384,18.12764,-23.3482,4.947169,18.05836,-22.35176,4.947072,17.95608
243.2575,-23.50246,4.996384,18.12764,-23.3482,4.947169,18.05836,-22.35176,4.947072,17.95608
243.2684,-23.49474,4.995647,18.12664,-23.3482,4.947169,18.05836,-22.35176,4.947072,17.95608
243.2822,-23.48765,4.992577,18.12629,-23.3482,4.947169,18.05836,-22.35176,4.947072,17.95608
243.2953,-23.48765,4.992577,18.12629,-23.3482,4.947169,18.05836,-22.35176,4.947072,17.95608
243.309,-23.48083,4.988214,18.12328,-23.3482,4.947169,18.05836,-22.35176,4.947072,17.95608
243.3229,-23.47357,4.979023,18.11528,-23.3482,4.947169,18.05836,-22.35176,4.947072,17.95608
243.3427,-23.46384,4.974174,18.10642,-23.3482,4.947169,18.05836,-22.35176,4.947072,17.95608
243.3601,-23.46398,4.974153,18.10482,-23.3482,4.947169,18.05836,-22.35176,4.947072,17.95608
243.374,-23.46398,4.974153,18.10482,-23.3482,4.947169,18.05836,-22.35176,4.947072,17.95608
243.3847,-23.46359,4.976096,18.10465,-23.3482,4.947169,18.05836,-22.35176,4.947072,17.95608
243.3991,-23.46359,4.976096,18.10465,-23.3482,4.947169,18.05836,-22.35176,4.947072,17.95608
243.4115,-23.46351,4.976484,18.10462,-23.3482,4.947169,18.05836,-22.35176,4.947072,17.95608
243.425,-23.46507,4.976839,18.10519,-23.3482,4.947169,18.05836,-22.35176,4.947072,17.95608
243.4406,-23.46357,4.976676,18.10348,-23.3482,4.947169,18.05836,-22.35176,4.947072,17.95608
243.4547,-23.46357,4.976676,18.10348,-23.3482,4.947169,18.05836,-22.35176,4.947072,17.95608
243.4664,-23.46346,4.976563,18.1051,-23.3482,4.947169,18.05836,-22.35176,4.947072,17.95608
243.481,-23.46183,4.976334,18.10503,-23.3482,4.947169,18.05836,-22.35176,4.947072,17.95608
243.4948,-23.46183,4.976334,18.10503,-23.3482,4.947169,18.05836,-22.35176,4.947072,17.95608
243.5092,-23.46327,4.976535,18.10505,-23.3482,4.947169,18.05836,-22.35176,4.947072,17.95608
243.5252,-23.46308,4.976534,18.10501,-23.3482,4.947169,18.05836,-22.35176,4.947072,17.95608
243.5389,-23.46308,4.976534,18.10501,-23.3482,4.947169,18.05836,-22.35176,4.947072,17.95608
243.5515,-23.46281,4.976487,18.10496,-23.3482,4.947169,18.05836,-22.35176,4.947072,17.95608
243.565,-23.46264,4.976448,18.10492,-23.3482,4.947169,18.05836,-22.35176,4.947072,17.95608
243.578,-23.46264,4.976448,18.10492,-23.3482,4.947169,18.05836,-22.35176,4.947072,17.95608
243.5883,-23.46437,4.976734,18.10494,-23.3482,4.947169,18.05836,-22.35176,4.947072,17.95608
243.6019,-23.46771,4.977334,18.10501,-23.3482,4.947169,18.05836,-22.35176,4.947072,17.95608
243.6152,-23.46771,4.977334,18.10501,-23.3482,4.947169,18.05836,-22.35176,4.947072,17.95608
243.6257,-23.46933,4.977715,18.10508,-23.3482,4.947169,18.05836,-22.35176,4.947072,17.95608
243.6392,-23.46933,4.977715,18.10508,-23.3482,4.947169,18.05836,-22.35176,4.947072,17.95608
243.65,-23.47142,4.97824,18.10189,-23.3482,4.947169,18.05836,-22.35176,4.947072,17.95608
243.6641,-23.47307,4.978483,18.10197,-23.3482,4.947169,18.05836,-22.35176,4.947072,17.95608
243.6778,-23.47307,4.978483,18.10197,-23.3482,4.947169,18.05836,-22.35176,4.947072,17.95608
243.6885,-23.4759,4.978871,18.10198,-23.3482,4.947169,18.05836,-22.35176,4.947072,17.95608
243.7033,-23.47623,4.979084,18.10044,-23.3482,4.947169,18.05836,-22.35176,4.947072,17.95608
243.7183,-23.47623,4.979084,18.10044,-23.3482,4.947169,18.05836,-22.35176,4.947072,17.95608
243.732,-23.47673,4.979009,18.09887,-23.3482,4.947169,18.05836,-22.35176,4.947072,17.95608
243.7451,-23.47693,4.979235,18.10006,-23.3482,4.947169,18.05836,-22.35176,4.947072,17.95608
243.7591,-23.47693,4.979235,18.10006,-23.3482,4.947169,18.05836,-22.35176,4.947072,17.95608
243.7702,-23.47776,4.979421,18.09671,-23.3482,4.947169,18.05836,-22.35176,4.947072,17.95608
243.7836,-23.47866,4.979763,18.09635,-23.3482,4.947169,18.05836,-22.35176,4.947072,17.95608
243.7981,-23.47866,4.979763,18.09635,-23.3482,4.947169,18.05836,-22.35176,4.947072,17.95608
243.8087,-23.47925,4.980277,18.09585,-23.3482,4.947169,18.05836,-22.35176,4.947072,17.95608
243.8215,-23.47906,4.980357,18.09573,-23.3482,4.947169,18.05836,-22.35176,4.947072,17.95608
243.838,-23.47906,4.980357,18.09573,-23.3482,4.947169,18.05836,-22.35176,4.947072,17.95608
243.8506,-23.47984,4.980866,18.09527,-23.3482,4.947169,18.05836,-22.35176,4.947072,17.95608
243.8663,-23.47967,4.98095,18.09516,-23.3482,4.947169,18.05836,-22.35176,4.947072,17.95608
243.8849,-23.47964,4.980963,18.09513,-23.3482,4.947169,18.05836,-22.35176,4.947072,17.95608
243.8996,-23.47964,4.980963,18.09513,-23.3482,4.947169,18.05836,-22.35176,4.947072,17.95608
243.9109,-23.47987,4.981423,18.09605,-23.3482,4.947169,18.05836,-22.35176,4.947072,17.95608
243.9281,-23.4796,4.981562,18.09589,-23.3482,4.947169,18.05836,-22.35176,4.947072,17.95608
243.9435,-23.47954,4.981587,18.09585,-23.3482,4.947169,18.05836,-22.35176,4.947072,17.95608
243.9619,-23.48012,4.981631,18.09453,-23.3482,4.947169,18.05836,-22.35176,4.947072,17.95608
243.9762,-23.48012,4.981631,18.09453,-23.3482,4.947169,18.05836,-22.35176,4.947072,17.95608
243.9884,-23.48018,4.981539,18.09459,-23.3482,4.947169,18.05836,-22.35176,4.947072,17.95608
244.0029,-23.48044,4.981977,18.09551,-23.3482,4.947169,18.05836,-22.35176,4.947072,17.95608
244.0176,-23.48044,4.981977,18.09551,-23.3482,4.947169,18.05836,-22.35176,4.947072,17.95608
244.0292,-23.4807,4.982072,18.09408,-23.3482,4.947169,18.05836,-22.35176,4.947072,17.95608
244.0455,-23.48142,4.982476,18.09411,-23.3482,4.947169,18.05836,-22.35176,4.947072,17.95608
244.0631,-23.48221,4.983061,18.09357,-23.3482,4.947169,18.05836,-22.35176,4.947072,17.95608
244.0792,-23.48221,4.983061,18.09357,-23.3482,4.947169,18.05836,-22.35176,4.947072,17.95608
244.0911,-23.48267,4.983738,18.09382,-23.3482,4.947169,18.05836,-22.35176,4.947072,17.95608
244.1058,-23.48267,4.984556,18.09494,-23.3482,4.947169,18.05836,-22.35176,4.947072,17.95608
244.1198,-23.48267,4.984556,18.09494,-23.3482,4.947169,18.05836,-22.35176,4.947072,17.95608
244.1317,-23.48283,4.985461,18.0956,-23.3482,4.947169,18.05836,-22.35176,4.947072,17.95608
244.1462,-23.48219,4.985732,18.09625,-23.3482,4.947169,18.05836,-22.35176,4.947072,17.95608
244.1594,-23.48219,4.985732,18.09625,-23.3482,4.947169,18.05836,-22.35176,4.947072,17.95608
244.1705,-23.48229,4.985824,18.09568,-23.3482,4.947169,18.05836,-22.35176,4.947072,17.95608
244.1845,-23.48197,4.98587,18.09653,-23.3482,4.947169,18.05836,-22.35176,4.947072,17.95608
244.1989,-23.48197,4.98587,18.09653,-23.3482,4.947169,18.05836,-22.35176,4.947072,17.95608
244.2104,-23.48231,4.985901,18.09557,-23.3482,4.947169,18.05836,-22.35176,4.947072,17.95608
244.2242,-23.48333,4.985754,18.09349,-23.3482,4.947169,18.05836,-22.35176,4.947072,17.95608
244.2399,-23.48333,4.985754,18.09349,-23.3482,4.947169,18.05836,-22.35176,4.947072,17.95608
244.2507,-23.48671,4.985569,18.0902,-23.3482,4.947169,18.05836,-22.35176,4.947072,17.95608
244.2671,-23.51694,4.986889,18.09089,-23.3482,4.947169,18.05836,-22.35176,4.947072,17.95608
244.2836,-23.51724,4.988413,18.08778,-23.3482,4.947169,18.05836,-22.35176,4.947072,17.95608
244.2983,-23.51724,4.988413,18.08778,-23.3482,4.947169,18.05836,-22.35176,4.947072,17.95608
244.3118,-23.51887,4.989045,18.08472,-23.3482,4.947169,18.05836,-22.35176,4.947072,17.95608
244.326,-23.5171,4.988921,18.08631,-23.3482,4.947169,18.05836,-22.35176,4.947072,17.95608
244.3397,-23.5171,4.988921,18.08631,-23.3482,4.947169,18.05836,-22.35176,4.947072,17.95608
244.3528,-23.51737,4.989133,18.08861,-23.3482,4.947169,18.05836,-22.35176,4.947072,17.95608
244.3681,-23.51805,4.990086,18.09035,-23.3482,4.947169,18.05836,-22.35176,4.947072,17.95608
244.3822,-23.51848,4.990797,18.09104,-23.3482,4.947169,18.05836,-22.35176,4.947072,17.95608
244.3967,-23.51848,4.990797,18.09104,-23.3482,4.947169,18.05836,-22.35176,4.947072,17.95608
244.4074,-23.51944,4.992174,18.09428,-23.3482,4.947169,18.05836,-22.35176,4.947072,17.95608
244.4246,-23.52156,4.992937,18.09678,-23.3482,4.947169,18.05836,-22.35176,4.947072,17.95608
244.4377,-23.52156,4.992937,18.09678,-23.3482,4.947169,18.05836,-22.35176,4.947072,17.95608
244.4487,-23.52608,4.992022,18.10063,-23.3482,4.947169,18.05836,-22.35176,4.947072,17.95608
244.4619,-23.52935,4.990032,18.10201,-23.3482,4.947169,18.05836,-22.35176,4.947072,17.95608
244.4759,-23.52935,4.990032,18.10201,-23.3482,4.947169,18.05836,-22.35176,4.947072,17.95608
244.4867,-23.53433,4.988188,18.10615,-23.3482,4.947169,18.05836,-22.35176,4.947072,17.95608
244.5016,-23.53654,4.984582,18.11438,-23.3482,4.947169,18.05836,-22.35176,4.947072,17.95608
244.5183,-23.53654,4.984582,18.11438,-23.3482,4.947169,18.05836,-22.35176,4.947072,17.95608
244.5301,-23.53962,4.986638,18.11639,-23.3482,4.947169,18.05836,-22.35176,4.947072,17.95608
244.5474,-23.54124,4.987201,18.11651,-23.3482,4.947169,18.05836,-22.35176,4.947072,17.95608
244.5619,-23.54133,4.987295,18.11656,-23.3482,4.947169,18.05836,-22.35176,4.947072,17.95608
244.5763,-23.54133,4.987295,18.11656,-23.3482,4.947169,18.05836,-22.35176,4.947072,17.95608
244.5892,-23.54132,4.987313,18.11657,-23.3482,4.947169,18.05836,-22.35176,4.947072,17.95608
244.6034,-23.54292,4.987243,18.11829,-23.3482,4.947169,18.05836,-22.35176,4.947072,17.95608
244.6173,-23.54292,4.987243,18.11829,-23.3482,4.947169,18.05836,-22.35176,4.947072,17.95608
244.6314,-23.54292,4.987268,18.11829,-23.3482,4.947169,18.05836,-22.35176,4.947072,17.95608
244.647,-23.54467,4.987408,18.11841,-23.3482,4.947169,18.05836,-22.35176,4.947072,17.95608
244.6609,-23.5431,4.987284,18.11837,-23.3482,4.947169,18.05836,-22.35176,4.947072,17.95608
244.6764,-23.5431,4.987284,18.11837,-23.3482,4.947169,18.05836,-22.35176,4.947072,17.95608
244.6882,-23.54322,4.987081,18.12011,-23.3482,4.947169,18.05836,-22.35176,4.947072,17.95608
244.7023,-23.54493,4.987436,18.11853,-23.3482,4.947169,18.05836,-22.35176,4.947072,17.95608
244.7164,-23.54493,4.987436,18.11853,-23.3482,4.947169,18.05836,-22.35176,4.947072,17.95608
244.7272,-23.54329,4.98709,18.12015,-23.3482,4.947169,18.05836,-22.35176,4.947072,17.95608
244.7415,-23.54336,4.987106,18.12019,-23.3482,4.947169,18.05836,-22.35176,4.947072,17.95608
244.7557,-23.54336,4.987106,18.12019,-23.3482,4.947169,18.05836,-22.35176,4.947072,17.95608
244.7692,-23.54188,4.986982,18.12019,-23.3482,4.947169,18.05836,-22.35176,4.947072,17.95608
244.7858,-23.54004,4.986827,18.12014,-23.3482,4.947169,18.05836,-22.35176,4.947072,17.95608
244.7998,-23.54004,4.986827,18.12014,-23.3482,4.947169,18.05836,-22.35176,4.947072,17.95608
244.8115,-23.53439,4.986564,18.11829,-23.3482,4.947169,18.05836,-22.35176,4.947072,17.95608
244.8264,-23.53255,4.986264,18.11817,-23.3482,4.947169,18.05836,-22.35176,4.947072,17.95608
244.8427,-23.53178,4.986678,18.11837,-23.3482,4.947169,18.05836,-22.35176,4.947072,17.95608
244.8621,-23.53028,4.98789,18.11882,-23.3482,4.947169,18.05836,-22.35176,4.947072,17.95608
244.8793,-23.53028,4.98789,18.11882,-23.3482,4.947169,18.05836,-22.35176,4.947072,17.95608
244.8919,-23.52895,4.989738,18.11759,-23.3482,4.947169,18.05836,-22.35176,4.947072,17.95608
244.9084,-23.52818,4.990288,18.11953,-23.3482,4.947169,18.05836,-22.35176,4.947072,17.95608
244.9261,-23.52747,4.991479,18.11812,-23.3482,4.947169,18.05836,-22.35176,4.947072,17.95608
244.9417,-23.52648,4.991824,18.12,-23.3482,4.947169,18.05836,-22.35176,4.947072,17.95608
244.9606,-23.52674,4.992375,18.11845,-23.3482,4.947169,18.05836,-22.35176,4.947072,17.95608
244.9772,-23.52674,4.992375,18.11845,-23.3482,4.947169,18.05836,-22.35176,4.947072,17.95608
244.9891,-23.52571,4.992981,18.11862,-23.3482,4.947169,18.05836,-22.35176,4.947072,17.95608
245.0054,-23.5258,4.993123,18.11867,-23.3482,4.947169,18.05836,-22.35176,4.947072,17.95608
245.0199,-23.5258,4.993123,18.11867,-23.3482,4.947169,18.05836,-22.35176,4.947072,17.95608
245.0312,-23.52582,4.993156,18.11868,-23.3482,4.947169,18.05836,-22.35176,4.947072,17.95608
245.0453,-23.52591,4.993524,18.11706,-23.3482,4.947169,18.05836,-22.35176,4.947072,17.95608
245.0594,-23.52591,4.993524,18.11706,-23.3482,4.947169,18.05836,-22.35176,4.947072,17.95608
245.0717,-23.52473,4.994135,18.11715,-23.3482,4.947169,18.05836,-22.35176,4.947072,17.95608
245.0867,-23.52482,4.99428,18.11719,-23.3482,4.947169,18.05836,-22.35176,4.947072,17.95608
245.1006,-23.52489,4.994275,18.11722,-23.3482,4.947169,18.05836,-22.35176,4.947072,17.95608
245.1152,-23.52489,4.994275,18.11722,-23.3482,4.947169,18.05836,-22.35176,4.947072,17.95608
245.1269,-23.52495,4.994243,18.11724,-23.3482,4.947169,18.05836,-22.35176,4.947072,17.95608
245.1437,-23.525,4.994205,18.11727,-23.3482,4.947169,18.05836,-22.35176,4.947072,17.95608
245.1583,-23.525,4.994205,18.11727,-23.3482,4.947169,18.05836,-22.35176,4.947072,17.95608
245.1694,-23.5251,4.994475,18.11565,-23.3482,4.947169,18.05836,-22.35176,4.947072,17.95608
245.1835,-23.52387,4.994712,18.11739,-23.3482,4.947169,18.05836,-22.35176,4.947072,17.95608
245.1984,-23.52387,4.994712,18.11739,-23.3482,4.947169,18.05836,-22.35176,4.947072,17.95608
245.2094,-23.5228,4.995343,18.11754,-23.3482,4.947169,18.05836,-22.35176,4.947072,17.95608
245.2244,-23.5202,4.996546,18.11774,-23.3482,4.947169,18.05836,-22.35176,4.947072,17.95608
245.2382,-23.5202,4.996546,18.11774,-23.3482,4.947169,18.05836,-22.35176,4.947072,17.95608
245.2512,-23.51595,4.998149,18.11798,-23.3482,4.947169,18.05836,-22.35176,4.947072,17.95608
245.2653,-23.51418,4.999077,18.11756,-23.3482,4.947169,18.05836,-22.35176,4.947072,17.95608
245.2794,-23.51418,4.999077,18.11756,-23.3482,4.947169,18.05836,-22.35176,4.947072,17.95608
245.29,-23.50893,5.000092,18.1176,-23.3482,4.947169,18.05836,-22.35176,4.947072,17.95608
245.303,-23.5063,5.000464,18.11761,-23.3482,4.947169,18.05836,-22.35176,4.947072,17.95608
245.3167,-23.5063,5.000464,18.11761,-23.3482,4.947169,18.05836,-22.35176,4.947072,17.95608
245.3276,-23.4982,4.999939,18.11724,-23.3482,4.947169,18.05836,-22.35176,4.947072,17.95608
245.3413,-23.49071,4.997721,18.11657,-23.3482,4.947169,18.05836,-22.35176,4.947072,17.95608
245.3546,-23.49071,4.997721,18.11657,-23.3482,4.947169,18.05836,-22.35176,4.947072,17.95608
245.3659,-23.48338,4.993641,18.11365,-23.3482,4.947169,18.05836,-22.35176,4.947072,17.95608
245.3821,-23.47898,4.988565,18.11423,-23.3482,4.947169,18.05836,-22.35176,4.947072,17.95608
245.3958,-23.47898,4.988565,18.11423,-23.3482,4.947169,18.05836,-22.35176,4.947072,17.95608
245.4077,-23.4763,4.984374,18.11156,-23.3482,4.947169,18.05836,-22.35176,4.947072,17.95608
245.4221,-23.47479,4.980727,18.11077,-23.3482,4.947169,18.05836,-22.35176,4.947072,17.95608
245.4361,-23.47479,4.980727,18.11077,-23.3482,4.947169,18.05836,-22.35176,4.947072,17.95608
245.4473,-23.47484,4.97969,18.11245,-23.3482,4.947169,18.05836,-22.35176,4.947072,17.95608
245.4607,-23.47486,4.979544,18.11246,-23.3482,4.947169,18.05836,-22.35176,4.947072,17.95608
245.4753,-23.47486,4.979544,18.11246,-23.3482,4.947169,18.05836,-22.35176,4.947072,17.95608
245.4878,-23.47324,4.979245,18.1124,-23.3482,4.947169,18.05836,-22.35176,4.947072,17.95608
245.5023,-23.47485,4.97946,18.11247,-23.3482,4.947169,18.05836,-22.35176,4.947072,17.95608
245.5172,-23.47485,4.97946,18.11247,-23.3482,4.947169,18.05836,-22.35176,4.947072,17.95608
245.5295,-23.47322,4.979224,18.11241,-23.3482,4.947169,18.05836,-22.35176,4.947072,17.95608
245.5461,-23.47482,4.979453,18.11247,-23.3482,4.947169,18.05836,-22.35176,4.947072,17.95608
245.561,-23.47472,4.979471,18.11244,-23.3482,4.947169,18.05836,-22.35176,4.947072,17.95608
245.5751,-23.47472,4.979471,18.11244,-23.3482,4.947169,18.05836,-22.35176,4.947072,17.95608
245.5864,-23.47462,4.979459,18.11242,-23.3482,4.947169,18.05836,-22.35176,4.947072,17.95608
245.6004,-23.4729,4.979169,18.11234,-23.3482,4.947169,18.05836,-22.35176,4.947072,17.95608
245.6142,-23.4729,4.979169,18.11234,-23.3482,4.947169,18.05836,-22.35176,4.947072,17.95608
245.6245,-23.47457,4.979353,18.11076,-23.3482,4.947169,18.05836,-22.35176,4.947072,17.95608
245.6389,-23.47457,4.979353,18.11076,-23.3482,4.947169,18.05836,-22.35176,4.947072,17.95608
245.6497,-23.47497,4.979406,18.1125,-23.3482,4.947169,18.05836,-22.35176,4.947072,17.95608
245.6654,-23.47526,4.97992,18.11262,-23.3482,4.947169,18.05836,-22.35176,4.947072,17.95608
245.6796,-23.47526,4.97992,18.11262,-23.3482,4.947169,18.05836,-22.35176,4.947072,17.95608
245.6906,-23.47678,4.981752,18.11312,-23.3482,4.947169,18.05836,-22.35176,4.947072,17.95608
245.7042,-23.47737,4.983309,18.11349,-23.3482,4.947169,18.05836,-22.35176,4.947072,17.95608
245.7177,-23.47737,4.983309,18.11349,-23.3482,4.947169,18.05836,-22.35176,4.947072,17.95608
245.7284,-23.47934,4.986331,18.11038,-23.3482,4.947169,18.05836,-22.35176,4.947072,17.95608
245.7424,-23.47956,4.987488,18.11043,-23.3482,4.947169,18.05836,-22.35176,4.947072,17.95608
245.7572,-23.47956,4.987488,18.11043,-23.3482,4.947169,18.05836,-22.35176,4.947072,17.95608
245.7699,-23.48131,4.989404,18.1088,-23.3482,4.947169,18.05836,-22.35176,4.947072,17.95608
245.7838,-23.48098,4.989696,18.10876,-23.3482,4.947169,18.05836,-22.35176,4.947072,17.95608
245.7982,-23.48098,4.989696,18.10876,-23.3482,4.947169,18.05836,-22.35176,4.947072,17.95608
245.8122,-23.48216,4.990635,18.1071,-23.3482,4.947169,18.05836,-22.35176,4.947072,17.95608
245.8263,-23.48311,4.991477,18.10705,-23.3482,4.947169,18.05836,-22.35176,4.947072,17.95608
245.8414,-23.48409,4.992362,18.10698,-23.3482,4.947169,18.05836,-22.35176,4.947072,17.95608
245.8567,-23.48409,4.992362,18.10698,-23.3482,4.947169,18.05836,-22.35176,4.947072,17.95608
245.8687,-23.48457,4.992617,18.1038,-23.3482,4.947169,18.05836,-22.35176,4.947072,17.95608
245.8834,-23.485,4.992525,18.10229,-23.3482,4.947169,18.05836,-22.35176,4.947072,17.95608
245.9036,-23.48509,4.992446,18.10229,-23.3482,4.947169,18.05836,-22.35176,4.947072,17.95608
245.9184,-23.48509,4.992446,18.10229,-23.3482,4.947169,18.05836,-22.35176,4.947072,17.95608
245.9305,-23.48672,4.993022,18.10064,-23.3482,4.947169,18.05836,-22.35176,4.947072,17.95608
245.9453,-23.48712,4.992936,18.09917,-23.3482,4.947169,18.05836,-22.35176,4.947072,17.95608
245.9605,-23.48785,4.992716,18.09753,-23.3482,4.947169,18.05836,-22.35176,4.947072,17.95608
245.9781,-23.48785,4.992716,18.09753,-23.3482,4.947169,18.05836,-22.35176,4.947072,17.95608
245.9916,-23.48999,4.991816,18.09409,-23.3482,4.947169,18.05836,-22.35176,4.947072,17.95608
246.0082,-23.50781,4.987851,18.08932,-23.3482,4.947169,18.05836,-22.35176,4.947072,17.95608
246.0247,-23.50802,4.989385,18.08625,-23.3482,4.947169,18.05836,-22.35176,4.947072,17.95608
246.0401,-23.50811,4.989514,18.08588,-23.3482,4.947169,18.05836,-22.35176,4.947072,17.95608
246.0569,-23.50811,4.989514,18.08588,-23.3482,4.947169,18.05836,-22.35176,4.947072,17.95608
246.0694,-23.50819,4.989655,18.08424,-23.3482,4.947169,18.05836,-22.35176,4.947072,17.95608
246.0844,-23.5082,4.989615,18.08425,-23.3482,4.947169,18.05836,-22.35176,4.947072,17.95608
246.0988,-23.5082,4.989615,18.08425,-23.3482,4.947169,18.05836,-22.35176,4.947072,17.95608
246.1097,-23.50993,4.989935,18.08269,-23.3482,4.947169,18.05836,-22.35176,4.947072,17.95608
246.1242,-23.50983,4.989908,18.08267,-23.3482,4.947169,18.05836,-22.35176,4.947072,17.95608
246.1396,-23.50983,4.989908,18.08267,-23.3482,4.947169,18.05836,-22.35176,4.947072,17.95608
246.1516,-23.51313,4.99024,18.08139,-23.3482,4.947169,18.05836,-22.35176,4.947072,17.95608
246.1666,-23.51503,4.99011,18.08196,-23.3482,4.947169,18.05836,-22.35176,4.947072,17.95608
246.1826,-23.51716,4.989816,18.08267,-23.3482,4.947169,18.05836,-22.35176,4.947072,17.95608
246.1971,-23.51716,4.989816,18.08267,-23.3482,4.947169,18.05836,-22.35176,4.947072,17.95608
246.2087,-23.52103,4.988575,18.08359,-23.3482,4.947169,18.05836,-22.35176,4.947072,17.95608
246.2237,-23.52272,4.988563,18.08368,-23.3482,4.947169,18.05836,-22.35176,4.947072,17.95608
246.2396,-23.52272,4.988563,18.08368,-23.3482,4.947169,18.05836,-22.35176,4.947072,17.95608
246.2517,-23.52435,4.988829,18.08376,-23.3482,4.947169,18.05836,-22.35176,4.947072,17.95608
246.267,-23.52445,4.98888,18.0838,-23.3482,4.947169,18.05836,-22.35176,4.947072,17.95608
246.283,-23.52434,4.988811,18.08544,-23.3482,4.947169,18.05836,-22.35176,4.947072,17.95608
246.2985,-23.52434,4.988811,18.08544,-23.3482,4.947169,18.05836,-22.35176,4.947072,17.95608
246.3102,-23.52433,4.988866,18.08545,-23.3482,4.947169,18.05836,-22.35176,4.947072,17.95608
246.3247,-23.52416,4.98862,18.08875,-23.3482,4.947169,18.05836,-22.35176,4.947072,17.95608
246.3389,-23.52416,4.98862,18.08875,-23.3482,4.947169,18.05836,-22.35176,4.947072,17.95608
246.3523,-23.52574,4.988657,18.0905,-23.3482,4.947169,18.05836,-22.35176,4.947072,17.95608
246.3674,-23.52398,4.988367,18.0921,-23.3482,4.947169,18.05836,-22.35176,4.947072,17.95608
246.3816,-23.52408,4.98836,18.09215,-23.3482,4.947169,18.05836,-22.35176,4.947072,17.95608
246.4001,-23.52416,4.988343,18.09222,-23.3482,4.947169,18.05836,-22.35176,4.947072,17.95608
246.4157,-23.52416,4.988343,18.09222,-23.3482,4.947169,18.05836,-22.35176,4.947072,17.95608
246.4299,-23.52344,4.988924,18.09291,-23.3482,4.947169,18.05836,-22.35176,4.947072,17.95608
246.4436,-23.52363,4.989108,18.09272,-23.3482,4.947169,18.05836,-22.35176,4.947072,17.95608
246.4595,-23.52363,4.989108,18.09272,-23.3482,4.947169,18.05836,-22.35176,4.947072,17.95608
246.4733,-23.52323,4.990088,18.09463,-23.3482,4.947169,18.05836,-22.35176,4.947072,17.95608
246.4867,-23.52352,4.990433,18.09437,-23.3482,4.947169,18.05836,-22.35176,4.947072,17.95608
246.5006,-23.52398,4.990749,18.09557,-23.3482,4.947169,18.05836,-22.35176,4.947072,17.95608
246.5165,-23.52398,4.990749,18.09557,-23.3482,4.947169,18.05836,-22.35176,4.947072,17.95608
246.5278,-23.5228,4.991293,18.09504,-23.3482,4.947169,18.05836,-22.35176,4.947072,17.95608
246.5441,-23.52291,4.991413,18.09495,-23.3482,4.947169,18.05836,-22.35176,4.947072,17.95608
246.5576,-23.52291,4.991413,18.09495,-23.3482,4.947169,18.05836,-22.35176,4.947072,17.95608
246.5693,-23.52161,4.991829,18.0945,-23.3482,4.947169,18.05836,-22.35176,4.947072,17.95608
246.5847,-23.52169,4.991924,18.09442,-23.3482,4.947169,18.05836,-22.35176,4.947072,17.95608
246.5988,-23.52169,4.991924,18.09442,-23.3482,4.947169,18.05836,-22.35176,4.947072,17.95608
246.6118,-23.52302,4.991544,18.09482,-23.3482,4.947169,18.05836,-22.35176,4.947072,17.95608
246.6255,-23.522,4.992139,18.09572,-23.3482,4.947169,18.05836,-22.35176,4.947072,17.95608
246.6403,-23.52249,4.992613,18.0969,-23.3482,4.947169,18.05836,-22.35176,4.947072,17.95608
246.6544,-23.52249,4.992613,18.0969,-23.3482,4.947169,18.05836,-22.35176,4.947072,17.95608
246.6652,-23.52303,4.992994,18.09822,-23.3482,4.947169,18.05836,-22.35176,4.947072,17.95608
246.6797,-23.52303,4.992994,18.09822,-23.3482,4.947169,18.05836,-22.35176,4.947072,17.95608
246.6933,-23.52314,4.993129,18.09815,-23.3482,4.947169,18.05836,-22.35176,4.947072,17.95608
246.7085,-23.52348,4.99337,18.09954,-23.3482,4.947169,18.05836,-22.35176,4.947072,17.95608
246.7224,-23.52357,4.993477,18.09949,-23.3482,4.947169,18.05836,-22.35176,4.947072,17.95608
246.7362,-23.52357,4.993477,18.09949,-23.3482,4.947169,18.05836,-22.35176,4.947072,17.95608
246.7488,-23.52238,4.99395,18.09919,-23.3482,4.947169,18.05836,-22.35176,4.947072,17.95608
246.7629,-23.52283,4.994248,18.10062,-23.3482,4.947169,18.05836,-22.35176,4.947072,17.95608
246.7776,-23.52283,4.994248,18.10062,-23.3482,4.947169,18.05836,-22.35176,4.947072,17.95608
246.7886,-23.52158,4.994853,18.10027,-23.3482,4.947169,18.05836,-22.35176,4.947072,17.95608
246.8045,-23.52028,4.995448,18.09992,-23.3482,4.947169,18.05836,-22.35176,4.947072,17.95608
246.818,-23.52028,4.995448,18.09992,-23.3482,4.947169,18.05836,-22.35176,4.947072,17.95608
246.8297,-23.51891,4.996007,18.09958,-23.3482,4.947169,18.05836,-22.35176,4.947072,17.95608
246.8435,-23.51917,4.996393,18.10098,-23.3482,4.947169,18.05836,-22.35176,4.947072,17.95608
246.8574,-23.51917,4.996393,18.10098,-23.3482,4.947169,18.05836,-22.35176,4.947072,17.95608
246.8699,-23.51768,4.996648,18.09929,-23.3482,4.947169,18.05836,-22.35176,4.947072,17.95608
246.8841,-23.51767,4.996655,18.09928,-23.3482,4.947169,18.05836,-22.35176,4.947072,17.95608
246.9001,-23.51766,4.99666,18.09928,-23.3482,4.947169,18.05836,-22.35176,4.947072,17.95608
246.9164,-23.51766,4.99666,18.09928,-23.3482,4.947169,18.05836,-22.35176,4.947072,17.95608
246.9342,-23.51793,4.996917,18.10076,-23.3482,4.947169,18.05836,-22.35176,4.947072,17.95608
246.9495,-23.51646,4.997398,18.10048,-23.3482,4.947169,18.05836,-22.35176,4.947072,17.95608
246.9647,-23.51648,4.997517,18.10045,-23.3482,4.947169,18.05836,-22.35176,4.947072,17.95608
246.9801,-23.51662,4.9978,18.10192,-23.3482,4.947169,18.05836,-22.35176,4.947072,17.95608
246.9943,-23.51662,4.9978,18.10192,-23.3482,4.947169,18.05836,-22.35176,4.947072,17.95608
247.0073,-23.51651,4.997677,18.10044,-23.3482,4.947169,18.05836,-22.35176,4.947072,17.95608
247.0223,-23.51492,4.997908,18.10025,-23.3482,4.947169,18.05836,-22.35176,4.947072,17.95608
247.0374,-23.51492,4.997908,18.10025,-23.3482,4.947169,18.05836,-22.35176,4.947072,17.95608
247.0528,-23.51334,4.998239,18.10002,-23.3482,4.947169,18.05836,-22.35176,4.947072,17.95608
247.068,-23.51342,4.998614,18.10146,-23.3482,4.947169,18.05836,-22.35176,4.947072,17.95608
247.0832,-23.51335,4.998479,18.09999,-23.3482,4.947169,18.05836,-22.35176,4.947072,17.95608
247.0977,-23.51335,4.998479,18.09999,-23.3482,4.947169,18.05836,-22.35176,4.947072,17.95608
247.109,-23.51339,4.998679,18.10147,-23.3482,4.947169,18.05836,-22.35176,4.947072,17.95608
247.1244,-23.51339,4.998787,18.10145,-23.3482,4.947169,18.05836,-22.35176,4.947072,17.95608
247.1386,-23.51339,4.998787,18.10145,-23.3482,4.947169,18.05836,-22.35176,4.947072,17.95608
247.152,-23.51176,4.999031,18.10128,-23.3482,4.947169,18.05836,-22.35176,4.947072,17.95608
247.1705,-23.51335,4.998889,18.10144,-23.3482,4.947169,18.05836,-22.35176,4.947072,17.95608
247.1871,-23.5117,4.999064,18.10129,-23.3482,4.947169,18.05836,-22.35176,4.947072,17.95608
247.2036,-23.51169,4.999121,18.10128,-23.3482,4.947169,18.05836,-22.35176,4.947072,17.95608
247.2227,-23.5117,4.999393,18.10279,-23.3482,4.947169,18.05836,-22.35176,4.947072,17.95608
247.2392,-23.5117,4.999393,18.10279,-23.3482,4.947169,18.05836,-22.35176,4.947072,17.95608
247.2537,-23.5117,4.999516,18.10277,-23.3482,4.947169,18.05836,-22.35176,4.947072,17.95608
247.2719,-23.51167,4.999546,18.10277,-23.3482,4.947169,18.05836,-22.35176,4.947072,17.95608
247.2885,-23.51165,4.999558,18.10278,-23.3482,4.947169,18.05836,-22.35176,4.947072,17.95608
247.3038,-23.51322,4.999353,18.10295,-23.3482,4.947169,18.05836,-22.35176,4.947072,17.95608
247.3183,-23.51322,4.999353,18.10295,-23.3482,4.947169,18.05836,-22.35176,4.947072,17.95608
247.3323,-23.51324,4.999498,18.10452,-23.3482,4.947169,18.05836,-22.35176,4.947072,17.95608
247.3461,-23.51159,4.999617,18.10284,-23.3482,4.947169,18.05836,-22.35176,4.947072,17.95608
247.3616,-23.51316,4.999389,18.10301,-23.3482,4.947169,18.05836,-22.35176,4.947072,17.95608
247.3758,-23.51316,4.999389,18.10301,-23.3482,4.947169,18.05836,-22.35176,4.947072,17.95608
247.3878,-23.51312,4.999334,18.10303,-23.3482,4.947169,18.05836,-22.35176,4.947072,17.95608
247.4022,-23.51151,4.999751,18.10445,-23.3482,4.947169,18.05836,-22.35176,4.947072,17.95608
247.4163,-23.51151,4.999751,18.10445,-23.3482,4.947169,18.05836,-22.35176,4.947072,17.95608
247.4285,-23.51152,4.999918,18.10443,-23.3482,4.947169,18.05836,-22.35176,4.947072,17.95608
247.4427,-23.5115,4.999959,18.10445,-23.3482,4.947169,18.05836,-22.35176,4.947072,17.95608
247.4564,-23.5115,4.999959,18.10445,-23.3482,4.947169,18.05836,-22.35176,4.947072,17.95608
247.4682,-23.51147,4.999972,18.10446,-23.3482,4.947169,18.05836,-22.35176,4.947072,17.95608
247.4833,-23.51144,4.999982,18.10448,-23.3482,4.947169,18.05836,-22.35176,4.947072,17.95608
247.5002,-23.51142,4.99999,18.1045,-23.3482,4.947169,18.05836,-22.35176,4.947072,17.95608
247.514,-23.51142,4.99999,18.1045,-23.3482,4.947169,18.05836,-22.35176,4.947072,17.95608
247.5333,-23.51139,4.999999,18.10451,-23.3482,4.947169,18.05836,-22.35176,4.947072,17.95608
247.5526,-23.51136,5.000006,18.10453,-23.3482,4.947169,18.05836,-22.35176,4.947072,17.95608
247.5682,-23.51133,4.999958,18.10406,-23.3482,4.947169,18.05836,-22.35176,4.947072,17.95608
247.5833,-23.5129,4.999725,18.10422,-23.3482,4.947169,18.05836,-22.35176,4.947072,17.95608
247.5998,-23.5129,4.999725,18.10422,-23.3482,4.947169,18.05836,-22.35176,4.947072,17.95608
247.6142,-23.51134,4.999872,18.10414,-23.3482,4.947169,18.05836,-22.35176,4.947072,17.95608
247.6309,-23.5113,4.999716,18.10263,-23.3482,4.947169,18.05836,-22.35176,4.947072,17.95608
247.6451,-23.51125,4.999629,18.10266,-23.3482,4.947169,18.05836,-22.35176,4.947072,17.95608
247.6638,-23.51124,4.999828,18.10421,-23.3482,4.947169,18.05836,-22.35176,4.947072,17.95608
247.6806,-23.51121,4.999731,18.10269,-23.3482,4.947169,18.05836,-22.35176,4.947072,17.95608
247.6946,-23.51121,4.999731,18.10269,-23.3482,4.947169,18.05836,-22.35176,4.947072,17.95608
247.7074,-23.50953,4.999795,18.10258,-23.3482,4.947169,18.05836,-22.35176,4.947072,17.95608
247.7216,-23.5095,4.999829,18.10259,-23.3482,4.947169,18.05836,-22.35176,4.947072,17.95608
247.736,-23.5095,4.999829,18.10259,-23.3482,4.947169,18.05836,-22.35176,4.947072,17.95608
247.7475,-23.50947,4.999841,18.1026,-23.3482,4.947169,18.05836,-22.35176,4.947072,17.95608
247.7616,-23.50943,4.999849,18.10261,-23.3482,4.947169,18.05836,-22.35176,4.947072,17.95608
247.7753,-23.50943,4.999849,18.10261,-23.3482,4.947169,18.05836,-22.35176,4.947072,17.95608
247.7875,-23.5094,4.999856,18.10262,-23.3482,4.947169,18.05836,-22.35176,4.947072,17.95608
247.8047,-23.50937,4.999784,18.10216,-23.3482,4.947169,18.05836,-22.35176,4.947072,17.95608
247.8219,-23.50932,4.999986,18.1037,-23.3482,4.947169,18.05836,-22.35176,4.947072,17.95608
247.8359,-23.50932,4.999986,18.1037,-23.3482,4.947169,18.05836,-22.35176,4.947072,17.95608
247.8477,-23.5093,5.000094,18.10369,-23.3482,4.947169,18.05836,-22.35176,4.947072,17.95608
247.862,-23.5109,4.999987,18.10382,-23.3482,4.947169,18.05836,-22.35176,4.947072,17.95608
247.8813,-23.50922,5.000091,18.10372,-23.3482,4.947169,18.05836,-22.35176,4.947072,17.95608
247.9009,-23.50919,5.000132,18.10372,-23.3482,4.947169,18.05836,-22.35176,4.947072,17.95608
247.9153,-23.50919,5.000132,18.10372,-23.3482,4.947169,18.05836,-22.35176,4.947072,17.95608
247.9277,-23.50736,5.000397,18.10516,-23.3482,4.947169,18.05836,-22.35176,4.947072,17.95608
247.9454,-23.509,5.000416,18.10477,-23.3482,4.947169,18.05836,-22.35176,4.947072,17.95608
247.9644,-23.50896,5.00039,18.10479,-23.3482,4.947169,18.05836,-22.35176,4.947072,17.95608
247.9815,-23.50723,5.000597,18.10629,-23.3482,4.947169,18.05836,-22.35176,4.947072,17.95608
247.9966,-23.50723,5.000597,18.10629,-23.3482,4.947169,18.05836,-22.35176,4.947072,17.95608
248.0107,-23.5072,5.00072,18.10629,-23.3482,4.947169,18.05836,-22.35176,4.947072,17.95608
248.0284,-23.50879,5.000765,18.10802,-23.3482,4.947169,18.05836,-22.35176,4.947072,17.95608
248.0423,-23.5071,5.00089,18.10795,-23.3482,4.947169,18.05836,-22.35176,4.947072,17.95608
248.057,-23.5071,5.00089,18.10795,-23.3482,4.947169,18.05836,-22.35176,4.947072,17.95608
248.0688,-23.50865,5.000864,18.11082,-23.3482,4.947169,18.05836,-22.35176,4.947072,17.95608
248.0839,-23.50702,5.001038,18.10913,-23.3482,4.947169,18.05836,-22.35176,4.947072,17.95608
248.1,-23.50702,5.001001,18.11084,-23.3482,4.947169,18.05836,-22.35176,4.947072,17.95608
248.114,-23.50702,5.001001,18.11084,-23.3482,4.947169,18.05836,-22.35176,4.947072,17.95608
248.1244,-23.50531,5.001055,18.11079,-23.3482,4.947169,18.05836,-22.35176,4.947072,17.95608
248.1391,-23.50531,5.001055,18.11079,-23.3482,4.947169,18.05836,-22.35176,4.947072,17.95608
248.1499,-23.50345,5.000945,18.11195,-23.3482,4.947169,18.05836,-22.35176,4.947072,17.95608
248.1642,-23.50325,5.000961,18.1121,-23.3482,4.947169,18.05836,-22.35176,4.947072,17.95608
248.1778,-23.50325,5.000961,18.1121,-23.3482,4.947169,18.05836,-22.35176,4.947072,17.95608
248.189,-23.50302,5.000943,18.11229,-23.3482,4.947169,18.05836,-22.35176,4.947072,17.95608
248.2032,-23.50273,5.000908,18.11253,-23.3482,4.947169,18.05836,-22.35176,4.947072,17.95608
248.2171,-23.50273,5.000908,18.11253,-23.3482,4.947169,18.05836,-22.35176,4.947072,17.95608
248.2279,-23.5024,5.000861,18.1128,-23.3482,4.947169,18.05836,-22.35176,4.947072,17.95608
248.2408,-23.50202,5.000801,18.11311,-23.3482,4.947169,18.05836,-22.35176,4.947072,17.95608
248.254,-23.50202,5.000801,18.11311,-23.3482,4.947169,18.05836,-22.35176,4.947072,17.95608
248.2646,-23.50159,5.000724,18.11346,-23.3482,4.947169,18.05836,-22.35176,4.947072,17.95608
248.2782,-23.50159,5.000724,18.11346,-23.3482,4.947169,18.05836,-22.35176,4.947072,17.95608
248.2899,-23.49887,5.000255,18.11418,-23.3482,4.947169,18.05836,-22.35176,4.947072,17.95608
248.307,-23.4977,4.999862,18.11505,-23.3482,4.947169,18.05836,-22.35176,4.947072,17.95608
248.3241,-23.49904,5.000239,18.11378,-23.3482,4.947169,18.05836,-22.35176,4.947072,17.95608
248.3399,-23.49904,5.000239,18.11378,-23.3482,4.947169,18.05836,-22.35176,4.947072,17.95608
248.3544,-23.49636,4.99961,18.11442,-23.3482,4.947169,18.05836,-22.35176,4.947072,17.95608
248.372,-23.49749,4.99973,18.11489,-23.3482,4.947169,18.05836,-22.35176,4.947072,17.95608
248.3873,-23.49686,4.999543,18.11538,-23.3482,4.947169,18.05836,-22.35176,4.947072,17.95608
248.4035,-23.4966,4.999661,18.11397,-23.3482,4.947169,18.05836,-22.35176,4.947072,17.95608
248.4232,-23.49625,4.999517,18.11421,-23.3482,4.947169,18.05836,-22.35176,4.947072,17.95608
248.4409,-23.49627,4.999681,18.11261,-23.3482,4.947169,18.05836,-22.35176,4.947072,17.95608
248.4548,-23.49627,4.999681,18.11261,-23.3482,4.947169,18.05836,-22.35176,4.947072,17.95608
248.467,-23.49393,4.998945,18.11297,-23.3482,4.947169,18.05836,-22.35176,4.947072,17.95608
248.4809,-23.49542,4.999268,18.11312,-23.3482,4.947169,18.05836,-22.35176,4.947072,17.95608
248.4955,-23.49542,4.999268,18.11312,-23.3482,4.947169,18.05836,-22.35176,4.947072,17.95608
248.5087,-23.49525,4.999269,18.11322,-23.3482,4.947169,18.05836,-22.35176,4.947072,17.95608
248.523,-23.49532,4.999424,18.1116,-23.3482,4.947169,18.05836,-22.35176,4.947072,17.95608
248.5383,-23.49532,4.999424,18.1116,-23.3482,4.947169,18.05836,-22.35176,4.947072,17.95608
248.549,-23.49501,4.999158,18.11338,-23.3482,4.947169,18.05836,-22.35176,4.947072,17.95608
248.5625,-23.49507,4.999333,18.11176,-23.3482,4.947169,18.05836,-22.35176,4.947072,17.95608
248.5762,-23.49507,4.999333,18.11176,-23.3482,4.947169,18.05836,-22.35176,4.947072,17.95608
248.587,-23.4929,4.998592,18.11201,-23.3482,4.947169,18.05836,-22.35176,4.947072,17.95608
248.6005,-23.4944,4.998962,18.11213,-23.3482,4.947169,18.05836,-22.35176,4.947072,17.95608
248.6136,-23.4944,4.998962,18.11213,-23.3482,4.947169,18.05836,-22.35176,4.947072,17.95608
248.6239,-23.49434,4.999007,18.11215,-23.3482,4.947169,18.05836,-22.35176,4.947072,17.95608
248.6371,-23.49434,4.999007,18.11215,-23.3482,4.947169,18.05836,-22.35176,4.947072,17.95608
248.6478,-23.49442,4.999129,18.11054,-23.3482,4.947169,18.05836,-22.35176,4.947072,17.95608
248.6624,-23.49439,4.999079,18.11056,-23.3482,4.947169,18.05836,-22.35176,4.947072,17.95608
248.6754,-23.49439,4.999079,18.11056,-23.3482,4.947169,18.05836,-22.35176,4.947072,17.95608
248.686,-23.49434,4.999056,18.11058,-23.3482,4.947169,18.05836,-22.35176,4.947072,17.95608
248.6991,-23.49434,4.999056,18.11058,-23.3482,4.947169,18.05836,-22.35176,4.947072,17.95608
248.7094,-23.49417,4.998907,18.11226,-23.3482,4.947169,18.05836,-22.35176,4.947072,17.95608
248.7225,-23.49411,4.998925,18.11228,-23.3482,4.947169,18.05836,-22.35176,4.947072,17.95608
248.7354,-23.49411,4.998925,18.11228,-23.3482,4.947169,18.05836,-22.35176,4.947072,17.95608
248.7457,-23.49406,4.998914,18.11231,-23.3482,4.947169,18.05836,-22.35176,4.947072,17.95608
248.7588,-23.49406,4.998914,18.11231,-23.3482,4.947169,18.05836,-22.35176,4.947072,17.95608
248.7703,-23.49401,4.998898,18.11234,-23.3482,4.947169,18.05836,-22.35176,4.947072,17.95608
248.7866,-23.49397,4.998879,18.11236,-23.3482,4.947169,18.05836,-22.35176,4.947072,17.95608
248.8011,-23.49392,4.99886,18.11239,-23.3482,4.947169,18.05836,-22.35176,4.947072,17.95608
248.8148,-23.49392,4.99886,18.11239,-23.3482,4.947169,18.05836,-22.35176,4.947072,17.95608
248.8254,-23.49387,4.998839,18.11242,-23.3482,4.947169,18.05836,-22.35176,4.947072,17.95608
248.8414,-23.49382,4.998816,18.11245,-23.3482,4.947169,18.05836,-22.35176,4.947072,17.95608
248.8568,-23.49382,4.998816,18.11245,-23.3482,4.947169,18.05836,-22.35176,4.947072,17.95608
248.8686,-23.49376,4.998791,18.11249,-23.3482,4.947169,18.05836,-22.35176,4.947072,17.95608
248.8851,-23.49365,4.998745,18.11255,-23.3482,4.947169,18.05836,-22.35176,4.947072,17.95608
248.9011,-23.49353,4.998694,18.11263,-23.3482,4.947169,18.05836,-22.35176,4.947072,17.95608
248.9153,-23.49353,4.998694,18.11263,-23.3482,4.947169,18.05836,-22.35176,4.947072,17.95608
248.9275,-23.49335,4.998617,18.11274,-23.3482,4.947169,18.05836,-22.35176,4.947072,17.95608
248.9416,-23.49344,4.998752,18.11112,-23.3482,4.947169,18.05836,-22.35176,4.947072,17.95608
248.9551,-23.49344,4.998752,18.11112,-23.3482,4.947169,18.05836,-22.35176,4.947072,17.95608
248.9659,-23.49494,4.999165,18.11123,-23.3482,4.947169,18.05836,-22.35176,4.947072,17.95608
248.9794,-23.49494,4.999165,18.11123,-23.3482,4.947169,18.05836,-22.35176,4.947072,17.95608
248.9899,-23.49335,4.998762,18.11117,-23.3482,4.947169,18.05836,-22.35176,4.947072,17.95608
249.003,-23.49486,4.999146,18.11128,-23.3482,4.947169,18.05836,-22.35176,4.947072,17.95608
249.0165,-23.49486,4.999146,18.11128,-23.3482,4.947169,18.05836,-22.35176,4.947072,17.95608
249.0282,-23.49328,4.998735,18.11122,-23.3482,4.947169,18.05836,-22.35176,4.947072,17.95608
249.0431,-23.49341,4.998755,18.10961,-23.3482,4.947169,18.05836,-22.35176,4.947072,17.95608
249.0594,-23.49341,4.998755,18.10961,-23.3482,4.947169,18.05836,-22.35176,4.947072,17.95608
249.0713,-23.49334,4.998657,18.11016,-23.3482,4.947169,18.05836,-22.35176,4.947072,17.95608
249.0875,-23.49469,4.998995,18.11192,-23.3482,4.947169,18.05836,-22.35176,4.947072,17.95608
249.1029,-23.49461,4.999098,18.11195,-23.3482,4.947169,18.05836,-22.35176,4.947072,17.95608
249.1182,-23.49461,4.999098,18.11195,-23.3482,4.947169,18.05836,-22.35176,4.947072,17.95608
249.132,-23.49294,4.998593,18.11195,-23.3482,4.947169,18.05836,-22.35176,4.947072,17.95608
249.1493,-23.49445,4.998977,18.11207,-23.3482,4.947169,18.05836,-22.35176,4.947072,17.95608
249.1641,-23.49277,4.998506,18.11206,-23.3482,4.947169,18.05836,-22.35176,4.947072,17.95608
249.1781,-23.49277,4.998506,18.11206,-23.3482,4.947169,18.05836,-22.35176,4.947072,17.95608
249.189,-23.49427,4.998901,18.11218,-23.3482,4.947169,18.05836,-22.35176,4.947072,17.95608
249.2051,-23.49258,4.998421,18.11219,-23.3482,4.947169,18.05836,-22.35176,4.947072,17.95608
249.2192,-23.49258,4.998421,18.11219,-23.3482,4.947169,18.05836,-22.35176,4.947072,17.95608
249.2299,-23.49271,4.998474,18.11057,-23.3482,4.947169,18.05836,-22.35176,4.947072,17.95608
249.2424,-23.49268,4.998408,18.11059,-23.3482,4.947169,18.05836,-22.35176,4.947072,17.95608
249.2554,-23.49268,4.998408,18.11059,-23.3482,4.947169,18.05836,-22.35176,4.947072,17.95608
249.2664,-23.49416,4.998871,18.11069,-23.3482,4.947169,18.05836,-22.35176,4.947072,17.95608
249.2799,-23.49416,4.998871,18.11069,-23.3482,4.947169,18.05836,-22.35176,4.947072,17.95608
249.2901,-23.49409,4.998938,18.11071,-23.3482,4.947169,18.05836,-22.35176,4.947072,17.95608
249.3035,-23.49404,4.998938,18.11073,-23.3482,4.947169,18.05836,-22.35176,4.947072,17.95608
249.3209,-23.49251,4.998441,18.11068,-23.3482,4.947169,18.05836,-22.35176,4.947072,17.95608
249.3354,-23.49251,4.998441,18.11068,-23.3482,4.947169,18.05836,-22.35176,4.947072,17.95608
249.3456,-23.49401,4.998834,18.11077,-23.3482,4.947169,18.05836,-22.35176,4.947072,17.95608
249.3602,-23.49409,4.998965,18.10916,-23.3482,4.947169,18.05836,-22.35176,4.947072,17.95608
249.3741,-23.49409,4.998965,18.10916,-23.3482,4.947169,18.05836,-22.35176,4.947072,17.95608
249.3904,-23.49407,4.998919,18.10918,-23.3482,4.947169,18.05836,-22.35176,4.947072,17.95608
249.4086,-23.49238,4.998322,18.11076,-23.3482,4.947169,18.05836,-22.35176,4.947072,17.95608
249.425,-23.49401,4.998845,18.10921,-23.3482,4.947169,18.05836,-22.35176,4.947072,17.95608
249.4427,-23.49231,4.998281,18.11079,-23.3482,4.947169,18.05836,-22.35176,4.947072,17.95608
249.4578,-23.49231,4.998281,18.11079,-23.3482,4.947169,18.05836,-22.35176,4.947072,17.95608
249.4685,-23.49378,4.998731,18.11089,-23.3482,4.947169,18.05836,-22.35176,4.947072,17.95608
249.484,-23.49371,4.998794,18.11091,-23.3482,4.947169,18.05836,-22.35176,4.947072,17.95608
249.5001,-23.49367,4.998794,18.11093,-23.3482,4.947169,18.05836,-22.35176,4.947072,17.95608
249.5184,-23.49367,4.998794,18.11093,-23.3482,4.947169,18.05836,-22.35176,4.947072,17.95608
249.529,-23.49363,4.998782,18.11096,-23.3482,4.947169,18.05836,-22.35176,4.947072,17.95608
249.5444,-23.49359,4.998767,18.11098,-23.3482,4.947169,18.05836,-22.35176,4.947072,17.95608
249.5571,-23.49359,4.998767,18.11098,-23.3482,4.947169,18.05836,-22.35176,4.947072,17.95608
249.5675,-23.49241,4.998393,18.10773,-23.3482,4.947169,18.05836,-22.35176,4.947072,17.95608
249.5817,-23.49394,4.998688,18.1078,-23.3482,4.947169,18.05836,-22.35176,4.947072,17.95608
249.5945,-23.49394,4.998688,18.1078,-23.3482,4.947169,18.05836,-22.35176,4.947072,17.95608
249.6046,-23.49388,4.998722,18.10781,-23.3482,4.947169,18.05836,-22.35176,4.947072,17.95608
249.617,-23.49388,4.998722,18.10781,-23.3482,4.947169,18.05836,-22.35176,4.947072,17.95608
249.6273,-23.49384,4.998718,18.10782,-23.3482,4.947169,18.05836,-22.35176,4.947072,17.95608
249.642,-23.4938,4.998705,18.10783,-23.3482,4.947169,18.05836,-22.35176,4.947072,17.95608
249.6553,-23.4938,4.998705,18.10783,-23.3482,4.947169,18.05836,-22.35176,4.947072,17.95608
249.666,-23.49367,4.998662,18.10782,-23.3482,4.947169,18.05836,-22.35176,4.947072,17.95608
249.6785,-23.49367,4.998662,18.10782,-23.3482,4.947169,18.05836,-22.35176,4.947072,17.95608
249.695,-23.49364,4.998643,18.10783,-23.3482,4.947169,18.05836,-22.35176,4.947072,17.95608
249.7104,-23.4936,4.998628,18.10785,-23.3482,4.947169,18.05836,-22.35176,4.947072,17.95608
249.7266,-23.49356,4.998614,18.10786,-23.3482,4.947169,18.05836,-22.35176,4.947072,17.95608
249.7444,-23.49352,4.9986,18.10788,-23.3482,4.947169,18.05836,-22.35176,4.947072,17.95608
249.7611,-23.49368,4.998569,18.1063,-23.3482,4.947169,18.05836,-22.35176,4.947072,17.95608
249.7832,-23.4952,4.998948,18.10634,-23.3482,4.947169,18.05836,-22.35176,4.947072,17.95608
249.8007,-23.49343,4.998563,18.10791,-23.3482,4.947169,18.05836,-22.35176,4.947072,17.95608
249.8193,-23.49343,4.998563,18.10791,-23.3482,4.947169,18.05836,-22.35176,4.947072,17.95608
249.8335,-23.49339,4.998551,18.10793,-23.3482,4.947169,18.05836,-22.35176,4.947072,17.95608
249.853,-23.49335,4.998538,18.10794,-23.3482,4.947169,18.05836,-22.35176,4.947072,17.95608
249.8712,-23.49485,4.998996,18.108,-23.3482,4.947169,18.05836,-22.35176,4.947072,17.95608
249.892,-23.49479,4.999064,18.10801,-23.3482,4.947169,18.05836,-22.35176,4.947072,17.95608
249.9266,-23.49475,4.998988,18.10804,-23.3482,4.947169,18.05836,-22.35176,4.947072,17.95608
249.946,-23.49469,4.999041,18.10805,-23.3482,4.947169,18.05836,-22.35176,4.947072,17.95608
249.9591,-23.49469,4.999041,18.10805,-23.3482,4.947169,18.05836,-22.35176,4.947072,17.95608
249.97,-23.49466,4.999043,18.10807,-23.3482,4.947169,18.05836,-22.35176,4.947072,17.95608
249.9831,-23.49462,4.999035,18.10808,-23.3482,4.947169,18.05836,-22.35176,4.947072,17.95608
249.9978,-23.49462,4.999035,18.10808,-23.3482,4.947169,18.05836,-22.35176,4.947072,17.95608
250.0081,-23.49459,4.999025,18.1081,-23.3482,4.947169,18.05836,-22.35176,4.947072,17.95608
250.0205,-23.49455,4.999014,18.10811,-23.3482,4.947169,18.05836,-22.35176,4.947072,17.95608
250.0337,-23.49455,4.999014,18.10811,-23.3482,4.947169,18.05836,-22.35176,4.947072,17.95608
250.0447,-23.49435,4.998963,18.10976,-23.3482,4.947169,18.05836,-22.35176,4.947072,17.95608
250.0581,-23.49435,4.998963,18.10976,-23.3482,4.947169,18.05836,-22.35176,4.947072,17.95608
250.0687,-23.49441,4.999042,18.10867,-23.3482,4.947169,18.05836,-22.35176,4.947072,17.95608
250.0822,-23.49589,4.999427,18.10927,-23.3482,4.947169,18.05836,-22.35176,4.947072,17.95608
250.0954,-23.49589,4.999427,18.10927,-23.3482,4.947169,18.05836,-22.35176,4.947072,17.95608
250.1054,-23.49567,4.999401,18.11139,-23.3482,4.947169,18.05836,-22.35176,4.947072,17.95608
250.118,-23.49567,4.999401,18.11139,-23.3482,4.947169,18.05836,-22.35176,4.947072,17.95608
250.1281,-23.49548,4.99926,18.11353,-23.3482,4.947169,18.05836,-22.35176,4.947072,17.95608
250.1409,-23.49541,4.999244,18.11403,-23.3482,4.947169,18.05836,-22.35176,4.947072,17.95608
250.1539,-23.49541,4.999244,18.11403,-23.3482,4.947169,18.05836,-22.35176,4.947072,17.95608
250.1646,-23.49842,4.999572,18.11662,-23.3482,4.947169,18.05836,-22.35176,4.947072,17.95608
250.1777,-23.49842,4.999572,18.11662,-23.3482,4.947169,18.05836,-22.35176,4.947072,17.95608
250.1885,-23.49798,4.999084,18.11914,-23.3482,4.947169,18.05836,-22.35176,4.947072,17.95608
250.2013,-23.49781,4.999434,18.11743,-23.3482,4.947169,18.05836,-22.35176,4.947072,17.95608
250.2149,-23.49781,4.999434,18.11743,-23.3482,4.947169,18.05836,-22.35176,4.947072,17.95608
250.2268,-23.49779,4.999951,18.1145,-23.3482,4.947169,18.05836,-22.35176,4.947072,17.95608
250.2398,-23.49779,4.999951,18.1145,-23.3482,4.947169,18.05836,-22.35176,4.947072,17.95608
250.2507,-23.4996,5.000609,18.11122,-23.3482,4.947169,18.05836,-22.35176,4.947072,17.95608
250.2655,-23.49977,5.000696,18.10979,-23.3482,4.947169,18.05836,-22.35176,4.947072,17.95608
250.279,-23.49977,5.000696,18.10979,-23.3482,4.947169,18.05836,-22.35176,4.947072,17.95608
250.2909,-23.50005,5.000858,18.10895,-23.3482,4.947169,18.05836,-22.35176,4.947072,17.95608
250.3051,-23.50001,5.001541,18.10884,-23.3482,4.947169,18.05836,-22.35176,4.947072,17.95608
250.3188,-23.50001,5.001541,18.10884,-23.3482,4.947169,18.05836,-22.35176,4.947072,17.95608
250.3299,-23.5012,5.004337,18.10773,-23.3482,4.947169,18.05836,-22.35176,4.947072,17.95608
250.3483,-23.49864,5.007787,18.10781,-23.3482,4.947169,18.05836,-22.35176,4.947072,17.95608
250.3646,-23.49708,5.016945,18.10938,-23.3482,4.947169,18.05836,-22.35176,4.947072,17.95608
250.3787,-23.49708,5.016945,18.10938,-23.3482,4.947169,18.05836,-22.35176,4.947072,17.95608
250.3906,-23.49356,5.023767,18.10723,-23.3482,4.947169,18.05836,-22.35176,4.947072,17.95608
250.4077,-23.49071,5.027999,18.10625,-23.3482,4.947169,18.05836,-22.35176,4.947072,17.95608
250.4229,-23.48731,5.033214,18.10158,-23.3482,4.947169,18.05836,-22.35176,4.947072,17.95608
250.4371,-23.48731,5.033214,18.10158,-23.3482,4.947169,18.05836,-22.35176,4.947072,17.95608
250.4482,-23.47983,5.040999,18.09772,-23.3482,4.947169,18.05836,-22.35176,4.947072,17.95608
250.4613,-23.47623,5.046002,18.09311,-23.3482,4.947169,18.05836,-22.35176,4.947072,17.95608
250.475,-23.47623,5.046002,18.09311,-23.3482,4.947169,18.05836,-22.35176,4.947072,17.95608
250.4868,-23.46328,5.05644,18.08493,-23.3482,4.947169,18.05836,-22.35176,4.947072,17.95608
250.4996,-23.46328,5.05644,18.08493,-23.3482,4.947169,18.05836,-22.35176,4.947072,17.95608
250.5101,-23.45021,5.066009,18.07535,-23.3482,4.947169,18.05836,-22.35176,4.947072,17.95608
250.523,-23.44408,5.071338,18.06979,-23.3482,4.947169,18.05836,-22.35176,4.947072,17.95608
250.5383,-23.44408,5.071338,18.06979,-23.3482,4.947169,18.05836,-22.35176,4.947072,17.95608
250.5489,-23.43634,5.082632,18.05101,-23.3482,4.947169,18.05836,-22.35176,4.947072,17.95608
250.5618,-23.43361,5.08927,18.04014,-23.3482,4.947169,18.05836,-22.35176,4.947072,17.95608
250.5748,-23.43361,5.08927,18.04014,-23.3482,4.947169,18.05836,-22.35176,4.947072,17.95608
250.5855,-23.43141,5.101252,18.02007,-23.3482,4.947169,18.05836,-22.35176,4.947072,17.95608
250.5982,-23.43141,5.101252,18.02007,-23.3482,4.947169,18.05836,-22.35176,4.947072,17.95608
250.6116,-23.43491,5.112096,17.99427,-23.3482,4.947169,18.05836,-22.35176,4.947072,17.95608
250.6237,-23.437,5.114534,17.98073,-23.3482,4.947169,18.05836,-22.35176,4.947072,17.95608
250.6362,-23.437,5.114534,17.98073,-23.3482,4.947169,18.05836,-22.35176,4.947072,17.95608
250.6472,-23.43842,5.114007,17.9609,-23.3482,4.947169,18.05836,-22.35176,4.947072,17.95608
250.6604,-23.44036,5.113425,17.94916,-23.3482,4.947169,18.05836,-22.35176,4.947072,17.95608
250.6768,-23.44036,5.113425,17.94916,-23.3482,4.947169,18.05836,-22.35176,4.947072,17.95608
250.6873,-23.44755,5.110876,17.93689,-23.3482,4.947169,18.05836,-22.35176,4.947072,17.95608
250.7006,-23.44992,5.108627,17.93444,-23.3482,4.947169,18.05836,-22.35176,4.947072,17.95608
250.7143,-23.44992,5.108627,17.93444,-23.3482,4.947169,18.05836,-22.35176,4.947072,17.95608
250.7255,-23.46597,5.104412,17.92876,-23.3482,4.947169,18.05836,-22.35176,4.947072,17.95608
250.7383,-23.46597,5.104412,17.92876,-23.3482,4.947169,18.05836,-22.35176,4.947072,17.95608
250.7512,-23.4806,5.09829,17.92457,-23.3482,4.947169,18.05836,-22.35176,4.947072,17.95608
250.7638,-23.48711,5.094884,17.92665,-23.3482,4.947169,18.05836,-22.35176,4.947072,17.95608
250.7762,-23.48711,5.094884,17.92665,-23.3482,4.947169,18.05836,-22.35176,4.947072,17.95608
250.7863,-23.5011,5.089814,17.93287,-23.3482,4.947169,18.05836,-22.35176,4.947072,17.95608
250.8012,-23.50857,5.087439,17.93766,-23.3482,4.947169,18.05836,-22.35176,4.947072,17.95608
250.815,-23.50857,5.087439,17.93766,-23.3482,4.947169,18.05836,-22.35176,4.947072,17.95608
250.8253,-23.51798,5.083928,17.94566,-23.3482,4.947169,18.05836,-22.35176,4.947072,17.95608
250.8381,-23.51798,5.083928,17.94566,-23.3482,4.947169,18.05836,-22.35176,4.947072,17.95608
250.8497,-23.52402,5.079276,17.95568,-23.3482,4.947169,18.05836,-22.35176,4.947072,17.95608
250.8643,-23.52714,5.076221,17.96355,-23.3482,4.947169,18.05836,-22.35176,4.947072,17.95608
250.8822,-23.52857,5.072552,17.97224,-23.3482,4.947169,18.05836,-22.35176,4.947072,17.95608
250.8967,-23.52857,5.072552,17.97224,-23.3482,4.947169,18.05836,-22.35176,4.947072,17.95608
250.9149,-23.53075,5.066018,17.98969,-23.3482,4.947169,18.05836,-22.35176,4.947072,17.95608
250.9297,-23.5292,5.063944,17.99673,-23.3482,4.947169,18.05836,-22.35176,4.947072,17.95608
250.9451,-23.52687,5.060868,18.00642,-23.3482,4.947169,18.05836,-22.35176,4.947072,17.95608
250.9595,-23.52687,5.060868,18.00642,-23.3482,4.947169,18.05836,-22.35176,4.947072,17.95608
250.972,-23.52028,5.057132,18.01977,-23.3482,4.947169,18.05836,-22.35176,4.947072,17.95608
250.9871,-23.5172,5.054533,18.02889,-23.3482,4.947169,18.05836,-22.35176,4.947072,17.95608
251.0014,-23.51485,5.052219,18.03636,-23.3482,4.947169,18.05836,-22.35176,4.947072,17.95608
251.0146,-23.51485,5.052219,18.03636,-23.3482,4.947169,18.05836,-22.35176,4.947072,17.95608
251.0255,-23.50799,5.048419,18.05586,-23.3482,4.947169,18.05836,-22.35176,4.947072,17.95608
251.0391,-23.50799,5.048419,18.05586,-23.3482,4.947169,18.05836,-22.35176,4.947072,17.95608
251.0498,-23.50517,5.046106,18.07363,-23.3482,4.947169,18.05836,-22.35176,4.947072,17.95608
251.0632,-23.5025,5.045425,18.08095,-23.3482,4.947169,18.05836,-22.35176,4.947072,17.95608
251.0757,-23.5025,5.045425,18.08095,-23.3482,4.947169,18.05836,-22.35176,4.947072,17.95608
251.0866,-23.50064,5.043778,18.0913,-23.3482,4.947169,18.05836,-22.35176,4.947072,17.95608
251.0994,-23.50064,5.043778,18.0913,-23.3482,4.947169,18.05836,-22.35176,4.947072,17.95608
251.1131,-23.49883,5.043991,18.10012,-23.3482,4.947169,18.05836,-22.35176,4.947072,17.95608
251.1295,-23.49874,5.043491,18.10221,-23.3482,4.947169,18.05836,-22.35176,4.947072,17.95608
251.1423,-23.49874,5.043491,18.10221,-23.3482,4.947169,18.05836,-22.35176,4.947072,17.95608
251.1559,-23.49874,5.043491,18.10221,-23.3482,4.947169,18.05836,-22.35176,4.947072,17.95608
251.1659,-23.49866,5.043274,18.10386,-23.3482,4.947169,18.05836,-22.35176,4.947072,17.95608
251.1826,-23.49931,5.043059,18.10552,-23.3482,4.947169,18.05836,-22.35176,4.947072,17.95608
251.195,-23.49931,5.043059,18.10552,-23.3482,4.947169,18.05836,-22.35176,4.947072,17.95608
251.2049,-23.50003,5.043059,18.10551,-23.3482,4.947169,18.05836,-22.35176,4.947072,17.95608
251.217,-23.50003,5.043059,18.10551,-23.3482,4.947169,18.05836,-22.35176,4.947072,17.95608
251.2274,-23.50125,5.041232,18.11098,-23.3482,4.947169,18.05836,-22.35176,4.947072,17.95608
251.2406,-23.50113,5.040178,18.11394,-23.3482,4.947169,18.05836,-22.35176,4.947072,17.95608
251.2529,-23.50113,5.040178,18.11394,-23.3482,4.947169,18.05836,-22.35176,4.947072,17.95608
251.2637,-23.50167,5.039203,18.11811,-23.3482,4.947169,18.05836,-22.35176,4.947072,17.95608
251.2766,-23.50167,5.039203,18.11811,-23.3482,4.947169,18.05836,-22.35176,4.947072,17.95608
251.2877,-23.50153,5.038802,18.12142,-23.3482,4.947169,18.05836,-22.35176,4.947072,17.95608
251.3026,-23.50146,5.038603,18.12308,-23.3482,4.947169,18.05836,-22.35176,4.947072,17.95608
251.3147,-23.50146,5.038603,18.12308,-23.3482,4.947169,18.05836,-22.35176,4.947072,17.95608
251.3277,-23.5014,5.03869,18.1243,-23.3482,4.947169,18.05836,-22.35176,4.947072,17.95608
251.3407,-23.50133,5.038496,18.12596,-23.3482,4.947169,18.05836,-22.35176,4.947072,17.95608
251.3539,-23.50133,5.038496,18.12596,-23.3482,4.947169,18.05836,-22.35176,4.947072,17.95608
251.3641,-23.50052,5.038305,18.12762,-23.3482,4.947169,18.05836,-22.35176,4.947072,17.95608
251.3766,-23.50052,5.038305,18.12762,-23.3482,4.947169,18.05836,-22.35176,4.947072,17.95608
251.3866,-23.50045,5.038116,18.12927,-23.3482,4.947169,18.05836,-22.35176,4.947072,17.95608
251.4028,-23.49958,5.038026,18.13215,-23.3482,4.947169,18.05836,-22.35176,4.947072,17.95608
251.4159,-23.49958,5.038026,18.13215,-23.3482,4.947169,18.05836,-22.35176,4.947072,17.95608
251.4272,-23.49878,5.037843,18.13381,-23.3482,4.947169,18.05836,-22.35176,4.947072,17.95608
251.4393,-23.49878,5.037843,18.13381,-23.3482,4.947169,18.05836,-22.35176,4.947072,17.95608
251.4538,-23.49883,5.037962,18.13231,-23.3482,4.947169,18.05836,-22.35176,4.947072,17.95608
251.4662,-23.49883,5.037961,18.13231,-23.3482,4.947169,18.05836,-22.35176,4.947072,17.95608
251.4795,-23.49883,5.037961,18.13231,-23.3482,4.947169,18.05836,-22.35176,4.947072,17.95608
251.4895,-23.49812,5.038243,18.13187,-23.3482,4.947169,18.05836,-22.35176,4.947072,17.95608
251.5036,-23.49739,5.038243,18.13187,-23.3482,4.947169,18.05836,-22.35176,4.947072,17.95608
251.5213,-23.49587,5.037616,18.13288,-23.3482,4.947169,18.05836,-22.35176,4.947072,17.95608
251.5352,-23.49587,5.037616,18.13288,-23.3482,4.947169,18.05836,-22.35176,4.947072,17.95608
251.5499,-23.49117,5.03763,18.13105,-23.3482,4.947169,18.05836,-22.35176,4.947072,17.95608
251.5637,-23.48888,5.038013,18.12886,-23.3482,4.947169,18.05836,-22.35176,4.947072,17.95608
251.5786,-23.48888,5.038013,18.12886,-23.3482,4.947169,18.05836,-22.35176,4.947072,17.95608
251.5896,-23.48254,5.037968,18.12693,-23.3482,4.947169,18.05836,-22.35176,4.947072,17.95608
251.6033,-23.4827,5.038346,18.12362,-23.3482,4.947169,18.05836,-22.35176,4.947072,17.95608
251.6209,-23.48114,5.038747,18.12144,-23.3482,4.947169,18.05836,-22.35176,4.947072,17.95608
251.6362,-23.48114,5.038747,18.12144,-23.3482,4.947169,18.05836,-22.35176,4.947072,17.95608
251.6495,-23.47982,5.039749,18.1143,-23.3482,4.947169,18.05836,-22.35176,4.947072,17.95608
251.6656,-23.48006,5.040366,18.10933,-23.3482,4.947169,18.05836,-22.35176,4.947072,17.95608
251.6789,-23.48006,5.040366,18.10933,-23.3482,4.947169,18.05836,-22.35176,4.947072,17.95608
251.6897,-23.48037,5.041217,18.10272,-23.3482,4.947169,18.05836,-22.35176,4.947072,17.95608
251.7027,-23.47887,5.041586,18.09933,-23.3482,4.947169,18.05836,-22.35176,4.947072,17.95608
251.7153,-23.47887,5.041586,18.09933,-23.3482,4.947169,18.05836,-22.35176,4.947072,17.95608
251.7255,-23.47902,5.042033,18.09602,-23.3482,4.947169,18.05836,-22.35176,4.947072,17.95608
251.7377,-23.47902,5.042033,18.09602,-23.3482,4.947169,18.05836,-22.35176,4.947072,17.95608
251.748,-23.4791,5.042259,18.09437,-23.3482,4.947169,18.05836,-22.35176,4.947072,17.95608
251.7644,-23.47918,5.042488,18.09272,-23.3482,4.947169,18.05836,-22.35176,4.947072,17.95608
251.7767,-23.47918,5.042488,18.09272,-23.3482,4.947169,18.05836,-22.35176,4.947072,17.95608
251.7873,-23.47997,5.042718,18.09107,-23.3482,4.947169,18.05836,-22.35176,4.947072,17.95608
251.8024,-23.47997,5.042718,18.09107,-23.3482,4.947169,18.05836,-22.35176,4.947072,17.95608
251.8168,-23.47997,5.042718,18.09107,-23.3482,4.947169,18.05836,-22.35176,4.947072,17.95608
251.8289,-23.48005,5.042952,18.08942,-23.3482,4.947169,18.05836,-22.35176,4.947072,17.95608
251.8415,-23.48013,5.043186,18.08777,-23.3482,4.947169,18.05836,-22.35176,4.947072,17.95608
251.8538,-23.48013,5.043186,18.08777,-23.3482,4.947169,18.05836,-22.35176,4.947072,17.95608
251.8654,-23.48092,5.043423,18.08613,-23.3482,4.947169,18.05836,-22.35176,4.947072,17.95608
251.8788,-23.48092,5.043423,18.08613,-23.3482,4.947169,18.05836,-22.35176,4.947072,17.95608
251.8893,-23.48327,5.043212,18.08665,-23.3482,4.947169,18.05836,-22.35176,4.947072,17.95608
251.9018,-23.48636,5.043283,18.08675,-23.3482,4.947169,18.05836,-22.35176,4.947072,17.95608
251.9144,-23.48636,5.043283,18.08675,-23.3482,4.947169,18.05836,-22.35176,4.947072,17.95608
251.9243,-23.49275,5.043228,18.08745,-23.3482,4.947169,18.05836,-22.35176,4.947072,17.95608
251.9372,-23.49275,5.043228,18.08745,-23.3482,4.947169,18.05836,-22.35176,4.947072,17.95608
251.9477,-23.49607,5.04339,18.08762,-23.3482,4.947169,18.05836,-22.35176,4.947072,17.95608
251.9597,-23.49607,5.04339,18.08762,-23.3482,4.947169,18.05836,-22.35176,4.947072,17.95608
251.9695,-23.49939,5.043559,18.08779,-23.3482,4.947169,18.05836,-22.35176,4.947072,17.95608
251.9817,-23.50103,5.043365,18.08831,-23.3482,4.947169,18.05836,-22.35176,4.947072,17.95608
251.9946,-23.50103,5.043365,18.08831,-23.3482,4.947169,18.05836,-22.35176,4.947072,17.95608
252.0047,-23.50262,5.043218,18.09005,-23.3482,4.947169,18.05836,-22.35176,4.947072,17.95608
252.017,-23.50262,5.043218,18.09005,-23.3482,4.947169,18.05836,-22.35176,4.947072,17.95608
252.0272,-23.50428,5.04331,18.09014,-23.3482,4.947169,18.05836,-22.35176,4.947072,17.95608
252.0403,-23.5042,5.043076,18.09179,-23.3482,4.947169,18.05836,-22.35176,4.947072,17.95608
252.0542,-23.5042,5.043076,18.09179,-23.3482,4.947169,18.05836,-22.35176,4.947072,17.95608
252.0645,-23.50586,5.04317,18.09188,-23.3482,4.947169,18.05836,-22.35176,4.947072,17.95608
252.0776,-23.50586,5.04317,18.09188,-23.3482,4.947169,18.05836,-22.35176,4.947072,17.95608
252.0896,-23.50586,5.043169,18.09188,-23.3482,4.947169,18.05836,-22.35176,4.947072,17.95608
252.1025,-23.50586,5.043169,18.09188,-23.3482,4.947169,18.05836,-22.35176,4.947072,17.95608
252.115,-23.50586,5.043169,18.09188,-23.3482,4.947169,18.05836,-22.35176,4.947072,17.95608
252.1253,-23.50578,5.042936,18.09353,-23.3482,4.947169,18.05836,-22.35176,4.947072,17.95608
252.1377,-23.50578,5.042936,18.09353,-23.3482,4.947169,18.05836,-22.35176,4.947072,17.95608
252.1485,-23.50744,5.043033,18.09362,-23.3482,4.947169,18.05836,-22.35176,4.947072,17.95608
252.1607,-23.50586,5.043169,18.09188,-23.3482,4.947169,18.05836,-22.35176,4.947072,17.95608
252.1726,-23.50586,5.043169,18.09188,-23.3482,4.947169,18.05836,-22.35176,4.947072,17.95608
252.1843,-23.50578,5.042936,18.09353,-23.3482,4.947169,18.05836,-22.35176,4.947072,17.95608
252.1971,-23.50578,5.042936,18.09353,-23.3482,4.947169,18.05836,-22.35176,4.947072,17.95608
252.2073,-23.50586,5.043169,18.09188,-23.3482,4.947169,18.05836,-22.35176,4.947072,17.95608
252.2208,-23.50578,5.042936,18.09353,-23.3482,4.947169,18.05836,-22.35176,4.947072,17.95608
252.2362,-23.50578,5.042936,18.09353,-23.3482,4.947169,18.05836,-22.35176,4.947072,17.95608
252.2477,-23.50586,5.043169,18.09188,-23.3482,4.947169,18.05836,-22.35176,4.947072,17.95608
252.264,-23.50578,5.042936,18.09353,-23.3482,4.947169,18.05836,-22.35176,4.947072,17.95608
252.2799,-23.50578,5.042936,18.09353,-23.3482,4.947169,18.05836,-22.35176,4.947072,17.95608
252.2925,-23.50578,5.042936,18.09353,-23.3482,4.947169,18.05836,-22.35176,4.947072,17.95608
252.3106,-23.50569,5.042424,18.09561,-23.3482,4.947169,18.05836,-22.35176,4.947072,17.95608
252.3285,-23.50562,5.042196,18.09726,-23.3482,4.947169,18.05836,-22.35176,4.947072,17.95608
252.3466,-23.5072,5.042065,18.099,-23.3482,4.947169,18.05836,-22.35176,4.947072,17.95608
252.3611,-23.50562,5.042196,18.09726,-23.3482,4.947169,18.05836,-22.35176,4.947072,17.95608
252.3777,-23.50562,5.042196,18.09726,-23.3482,4.947169,18.05836,-22.35176,4.947072,17.95608
252.3944,-23.50552,5.041687,18.09935,-23.3482,4.947169,18.05836,-22.35176,4.947072,17.95608
252.4076,-23.50617,5.041462,18.101,-23.3482,4.947169,18.05836,-22.35176,4.947072,17.95608
252.4215,-23.50624,5.041687,18.09934,-23.3482,4.947169,18.05836,-22.35176,4.947072,17.95608
252.4341,-23.50624,5.041687,18.09934,-23.3482,4.947169,18.05836,-22.35176,4.947072,17.95608
252.445,-23.50617,5.041462,18.101,-23.3482,4.947169,18.05836,-22.35176,4.947072,17.95608
252.458,-23.50617,5.041462,18.101,-23.3482,4.947169,18.05836,-22.35176,4.947072,17.95608
252.4684,-23.50609,5.04124,18.10265,-23.3482,4.947169,18.05836,-22.35176,4.947072,17.95608
252.4832,-23.50602,5.04102,18.1043,-23.3482,4.947169,18.05836,-22.35176,4.947072,17.95608
252.4979,-23.50602,5.04102,18.1043,-23.3482,4.947169,18.05836,-22.35176,4.947072,17.95608
252.5106,-23.50594,5.040802,18.10596,-23.3482,4.947169,18.05836,-22.35176,4.947072,17.95608
252.5268,-23.50587,5.040585,18.10761,-23.3482,4.947169,18.05836,-22.35176,4.947072,17.95608
252.5452,-23.50745,5.040468,18.10935,-23.3482,4.947169,18.05836,-22.35176,4.947072,17.95608
252.5644,-23.50587,5.040586,18.10761,-23.3482,4.947169,18.05836,-22.35176,4.947072,17.95608
252.5816,-23.50507,5.040372,18.10926,-23.3482,4.947169,18.05836,-22.35176,4.947072,17.95608
252.5982,-23.50507,5.040372,18.10926,-23.3482,4.947169,18.05836,-22.35176,4.947072,17.95608
252.6091,-23.50515,5.040586,18.10761,-23.3482,4.947169,18.05836,-22.35176,4.947072,17.95608
252.623,-23.50515,5.040586,18.10761,-23.3482,4.947169,18.05836,-22.35176,4.947072,17.95608
252.6365,-23.50515,5.040586,18.10761,-23.3482,4.947169,18.05836,-22.35176,4.947072,17.95608
252.6474,-23.50515,5.040586,18.10761,-23.3482,4.947169,18.05836,-22.35176,4.947072,17.95608
252.6607,-23.50515,5.040586,18.10761,-23.3482,4.947169,18.05836,-22.35176,4.947072,17.95608
252.6744,-23.50515,5.040586,18.10761,-23.3482,4.947169,18.05836,-22.35176,4.947072,17.95608
252.6866,-23.50522,5.040802,18.10596,-23.3482,4.947169,18.05836,-22.35176,4.947072,17.95608
252.7,-23.50522,5.040801,18.10596,-23.3482,4.947169,18.05836,-22.35176,4.947072,17.95608
252.7135,-23.50522,5.040801,18.10596,-23.3482,4.947169,18.05836,-22.35176,4.947072,17.95608
252.7249,-23.50515,5.040585,18.10761,-23.3482,4.947169,18.05836,-22.35176,4.947072,17.95608
252.7376,-23.50515,5.040585,18.10761,-23.3482,4.947169,18.05836,-22.35176,4.947072,17.95608
252.7476,-23.50522,5.040802,18.10596,-23.3482,4.947169,18.05836,-22.35176,4.947072,17.95608
252.764,-23.50349,5.040491,18.10752,-23.3482,4.947169,18.05836,-22.35176,4.947072,17.95608
252.7765,-23.50349,5.040491,18.10752,-23.3482,4.947169,18.05836,-22.35176,4.947072,17.95608
252.7867,-23.50356,5.040707,18.10587,-23.3482,4.947169,18.05836,-22.35176,4.947072,17.95608
252.7997,-23.50356,5.040707,18.10587,-23.3482,4.947169,18.05836,-22.35176,4.947072,17.95608
252.8116,-23.50356,5.040706,18.10587,-23.3482,4.947169,18.05836,-22.35176,4.947072,17.95608
252.8253,-23.50522,5.040801,18.10596,-23.3482,4.947169,18.05836,-22.35176,4.947072,17.95608
252.8397,-23.50522,5.040801,18.10596,-23.3482,4.947169,18.05836,-22.35176,4.947072,17.95608
252.8522,-23.50364,5.040926,18.10422,-23.3482,4.947169,18.05836,-22.35176,4.947072,17.95608
252.8664,-23.50362,5.040644,18.10465,-23.3482,4.947169,18.05836,-22.35176,4.947072,17.95608
252.881,-23.50362,5.040644,18.10465,-23.3482,4.947169,18.05836,-22.35176,4.947072,17.95608
252.8985,-23.50362,5.040644,18.10465,-23.3482,4.947169,18.05836,-22.35176,4.947072,17.95608
252.9107,-23.50361,5.040362,18.10508,-23.3482,4.947169,18.05836,-22.35176,4.947072,17.95608
252.9252,-23.50361,5.040362,18.10508,-23.3482,4.947169,18.05836,-22.35176,4.947072,17.95608
252.9429,-23.50195,5.04027,18.10499,-23.3482,4.947169,18.05836,-22.35176,4.947072,17.95608
252.9578,-23.50195,5.04027,18.10499,-23.3482,4.947169,18.05836,-22.35176,4.947072,17.95608
252.9715,-23.50195,5.04027,18.10499,-23.3482,4.947169,18.05836,-22.35176,4.947072,17.95608
252.9848,-23.50195,5.04027,18.10499,-23.3482,4.947169,18.05836,-22.35176,4.947072,17.95608
253.0004,-23.50353,5.040143,18.10674,-23.3482,4.947169,18.05836,-22.35176,4.947072,17.95608
253.0175,-23.50353,5.040143,18.10674,-23.3482,4.947169,18.05836,-22.35176,4.947072,17.95608
253.0292,-23.50361,5.040361,18.10508,-23.3482,4.947169,18.05836,-22.35176,4.947072,17.95608
253.046,-23.50361,5.040362,18.10508,-23.3482,4.947169,18.05836,-22.35176,4.947072,17.95608
253.0591,-23.50361,5.040362,18.10508,-23.3482,4.947169,18.05836,-22.35176,4.947072,17.95608
253.0691,-23.50193,5.039989,18.10542,-23.3482,4.947169,18.05836,-22.35176,4.947072,17.95608
253.0816,-23.50186,5.03977,18.10708,-23.3482,4.947169,18.05836,-22.35176,4.947072,17.95608
253.0943,-23.50186,5.03977,18.10708,-23.3482,4.947169,18.05836,-22.35176,4.947072,17.95608
253.1049,-23.50186,5.03977,18.10708,-23.3482,4.947169,18.05836,-22.35176,4.947072,17.95608
253.1175,-23.50186,5.03977,18.10708,-23.3482,4.947169,18.05836,-22.35176,4.947072,17.95608
253.1277,-23.50178,5.039554,18.10873,-23.3482,4.947169,18.05836,-22.35176,4.947072,17.95608
253.1413,-23.5017,5.03934,18.11039,-23.3482,4.947169,18.05836,-22.35176,4.947072,17.95608
253.1577,-23.5017,5.03934,18.11039,-23.3482,4.947169,18.05836,-22.35176,4.947072,17.95608
253.17,-23.5017,5.03934,18.11039,-23.3482,4.947169,18.05836,-22.35176,4.947072,17.95608
253.1826,-23.50336,5.039431,18.11047,-23.3482,4.947169,18.05836,-22.35176,4.947072,17.95608
253.1965,-23.50336,5.039431,18.11047,-23.3482,4.947169,18.05836,-22.35176,4.947072,17.95608
253.2062,-23.5017,5.03934,18.11039,-23.3482,4.947169,18.05836,-22.35176,4.947072,17.95608
253.2207,-23.5017,5.03934,18.11039,-23.3482,4.947169,18.05836,-22.35176,4.947072,17.95608
253.2372,-23.5017,5.03934,18.11039,-23.3482,4.947169,18.05836,-22.35176,4.947072,17.95608
253.249,-23.50169,5.039057,18.11082,-23.3482,4.947169,18.05836,-22.35176,4.947072,17.95608
253.264,-23.50167,5.038775,18.11125,-23.3482,4.947169,18.05836,-22.35176,4.947072,17.95608
253.2835,-23.50167,5.038775,18.11125,-23.3482,4.947169,18.05836,-22.35176,4.947072,17.95608
253.3011,-23.5034,5.039081,18.10968,-23.3482,4.947169,18.05836,-22.35176,4.947072,17.95608
253.3179,-23.5034,5.039081,18.10968,-23.3482,4.947169,18.05836,-22.35176,4.947072,17.95608
253.3347,-23.50175,5.038989,18.1096,-23.3482,4.947169,18.05836,-22.35176,4.947072,17.95608
253.354,-23.50167,5.038775,18.11125,-23.3482,4.947169,18.05836,-22.35176,4.947072,17.95608
253.3692,-23.50167,5.038775,18.11125,-23.3482,4.947169,18.05836,-22.35176,4.947072,17.95608
253.3831,-23.50159,5.038563,18.1129,-23.3482,4.947169,18.05836,-22.35176,4.947072,17.95608
253.3958,-23.50159,5.038563,18.1129,-23.3482,4.947169,18.05836,-22.35176,4.947072,17.95608
253.4059,-23.50159,5.038563,18.1129,-23.3482,4.947169,18.05836,-22.35176,4.947072,17.95608
253.4194,-23.50159,5.038563,18.1129,-23.3482,4.947169,18.05836,-22.35176,4.947072,17.95608
253.4322,-23.50159,5.038563,18.1129,-23.3482,4.947169,18.05836,-22.35176,4.947072,17.95608
253.4449,-23.50152,5.038353,18.11456,-23.3482,4.947169,18.05836,-22.35176,4.947072,17.95608
253.4574,-23.50152,5.038353,18.11456,-23.3482,4.947169,18.05836,-22.35176,4.947072,17.95608
253.4677,-23.50152,5.038353,18.11456,-23.3482,4.947169,18.05836,-22.35176,4.947072,17.95608
253.4815,-23.50152,5.038353,18.11456,-23.3482,4.947169,18.05836,-22.35176,4.947072,17.95608
253.4942,-23.50152,5.038353,18.11456,-23.3482,4.947169,18.05836,-22.35176,4.947072,17.95608
253.505,-23.50317,5.038445,18.11465,-23.3482,4.947169,18.05836,-22.35176,4.947072,17.95608
253.5183,-23.50317,5.038445,18.11465,-23.3482,4.947169,18.05836,-22.35176,4.947072,17.95608
253.5284,-23.50158,5.03828,18.11333,-23.3482,4.947169,18.05836,-22.35176,4.947072,17.95608
253.5408,-23.50158,5.03828,18.11333,-23.3482,4.947169,18.05836,-22.35176,4.947072,17.95608
253.5564,-23.50158,5.03828,18.11333,-23.3482,4.947169,18.05836,-22.35176,4.947072,17.95608
253.5668,-23.50158,5.03828,18.11333,-23.3482,4.947169,18.05836,-22.35176,4.947072,17.95608
253.5794,-23.50158,5.03828,18.11333,-23.3482,4.947169,18.05836,-22.35176,4.947072,17.95608
253.59,-23.50077,5.03807,18.11499,-23.3482,4.947169,18.05836,-22.35176,4.947072,17.95608
253.6025,-23.50085,5.03828,18.11333,-23.3482,4.947169,18.05836,-22.35176,4.947072,17.95608
253.6153,-23.50085,5.03828,18.11333,-23.3482,4.947169,18.05836,-22.35176,4.947072,17.95608
253.626,-23.50085,5.03828,18.11333,-23.3482,4.947169,18.05836,-22.35176,4.947072,17.95608
253.6384,-23.50085,5.03828,18.11333,-23.3482,4.947169,18.05836,-22.35176,4.947072,17.95608
253.6486,-23.50253,5.037936,18.11278,-23.3482,4.947169,18.05836,-22.35176,4.947072,17.95608
253.661,-23.50181,5.037937,18.11278,-23.3482,4.947169,18.05836,-22.35176,4.947072,17.95608
253.6736,-23.50181,5.037937,18.11278,-23.3482,4.947169,18.05836,-22.35176,4.947072,17.95608
253.6841,-23.50015,5.037845,18.11269,-23.3482,4.947169,18.05836,-22.35176,4.947072,17.95608
253.6971,-23.50015,5.037845,18.11269,-23.3482,4.947169,18.05836,-22.35176,4.947072,17.95608
253.7083,-23.50027,5.037904,18.10997,-23.3482,4.947169,18.05836,-22.35176,4.947072,17.95608
253.7213,-23.50027,5.037904,18.10997,-23.3482,4.947169,18.05836,-22.35176,4.947072,17.95608
253.7373,-23.50027,5.037904,18.10997,-23.3482,4.947169,18.05836,-22.35176,4.947072,17.95608
253.7485,-23.5005,5.038557,18.10501,-23.3482,4.947169,18.05836,-22.35176,4.947072,17.95608
253.7641,-23.50058,5.038778,18.10335,-23.3482,4.947169,18.05836,-22.35176,4.947072,17.95608
253.7786,-23.50058,5.038778,18.10335,-23.3482,4.947169,18.05836,-22.35176,4.947072,17.95608
253.7901,-23.4991,5.038708,18.09932,-23.3482,4.947169,18.05836,-22.35176,4.947072,17.95608
253.8095,-23.49928,5.038739,18.09538,-23.3482,4.947169,18.05836,-22.35176,4.947072,17.95608
253.8264,-23.49772,5.038457,18.09299,-23.50426,4.957099,18.08411,-22.35176,4.947072,17.95608
253.8499,-23.49609,5.037943,18.09227,-23.50269,4.955579,18.08141,-22.35176,4.947072,17.95608
253.8691,-23.49458,5.038335,18.08888,-23.50094,4.955203,18.08066,-22.35176,4.947072,17.95608
253.8853,-23.493,5.038495,18.08714,-23.49938,4.954813,18.07694,-22.35176,4.947072,17.95608
253.8997,-23.493,5.038495,18.08714,-23.49772,4.954432,18.07501,-22.35176,4.947072,17.95608
253.9108,-23.493,5.038495,18.08714,-23.49772,4.954432,18.07501,-22.35176,4.947072,17.95608
253.9245,-23.49466,5.038577,18.08723,-23.49772,4.954432,18.07501,-22.35176,4.947072,17.95608
253.9409,-23.49141,5.038658,18.0854,-23.49947,4.954802,18.07515,-22.35176,4.947072,17.95608
253.9567,-23.49141,5.038658,18.0854,-23.49606,4.954051,18.07308,-22.35176,4.947072,17.95608
253.9707,-23.49313,5.0387,18.08427,-23.49606,4.954051,18.07308,-22.35176,4.947072,17.95608
253.9898,-23.49147,5.038619,18.08419,-23.49788,4.954412,18.07189,-22.35176,4.947072,17.95608
254.0082,-23.49147,5.038621,18.08419,-23.49613,4.954041,18.07176,-22.35176,4.947072,17.95608
254.0274,-23.49147,5.038621,18.08419,-23.49613,4.954041,18.07176,-22.35176,4.947072,17.95608
254.0488,-23.49147,5.03862,18.08419,-23.49613,4.954041,18.07176,-22.35176,4.947072,17.95608
254.0658,-23.49313,5.0387,18.08427,-23.49613,4.954041,18.07176,-22.35176,4.947072,17.95608
254.0853,-23.49304,5.038171,18.08636,-23.49788,4.954412,18.07189,-22.35176,4.947072,17.95608
254.1021,-23.49138,5.038093,18.08627,-23.49775,4.954423,18.07416,-22.35176,4.947072,17.95608
254.1185,-23.49138,5.038093,18.08627,-23.496,4.954054,18.07403,-22.35176,4.947072,17.95608
254.1321,-23.49112,5.036803,18.09208,-23.496,4.954054,18.07403,-22.35176,4.947072,17.95608
254.1495,-23.49101,5.035999,18.09459,-23.49565,4.954089,18.08035,-22.35176,4.947072,17.95608
254.1647,-23.4925,5.035328,18.09841,-23.49549,4.954103,18.08309,-22.35176,4.947072,17.95608
254.1796,-23.4925,5.035328,18.09841,-23.49702,4.954494,18.08728,-22.35176,4.947072,17.95608
254.1951,-23.49056,5.03371,18.10457,-23.49702,4.954494,18.08728,-22.35176,4.947072,17.95608
254.2094,-23.49049,5.033486,18.10623,-23.49489,4.954162,18.09392,-22.35176,4.947072,17.95608
254.2269,-23.49032,5.032759,18.10996,-23.49479,4.954173,18.09571,-22.35176,4.947072,17.95608
254.2452,-23.49024,5.03254,18.11162,-23.49457,4.954196,18.09975,-22.35176,4.947072,17.95608
254.2619,-23.49017,5.032325,18.11327,-23.49448,4.954207,18.10154,-22.35176,4.947072,17.95608
254.2782,-23.49017,5.032325,18.11327,-23.49439,4.954218,18.10332,-22.35176,4.947072,17.95608
254.2906,-23.49014,5.03276,18.11391,-23.49439,4.954218,18.10332,-22.35176,4.947072,17.95608
254.3052,-23.49014,5.03276,18.11391,-23.49438,4.954228,18.10394,-22.35176,4.947072,17.95608
254.3306,-23.49014,5.03276,18.11391,-23.49438,4.954228,18.10394,-22.35176,4.947072,17.95608
254.3477,-23.49014,5.03276,18.11391,-23.49438,4.954228,18.10394,-22.35176,4.947072,17.95608
254.3686,-23.49014,5.03276,18.11391,-23.49438,4.954228,18.10394,-22.35176,4.947072,17.95608
254.385,-23.49022,5.032974,18.11226,-23.49438,4.954228,18.10394,-22.35176,4.947072,17.95608
254.4001,-23.49014,5.032759,18.11391,-23.49447,4.954216,18.10216,-22.35176,4.947072,17.95608
254.4166,-23.49014,5.032759,18.11391,-23.49438,4.954228,18.10394,-22.35176,4.947072,17.95608
254.4306,-23.49014,5.03276,18.11391,-23.49438,4.954228,18.10394,-22.35176,4.947072,17.95608
254.4481,-23.49094,5.032973,18.11226,-23.49438,4.954228,18.10394,-22.35176,4.947072,17.95608
254.4628,-23.4926,5.033053,18.11234,-23.49519,4.954367,18.10217,-22.35176,4.947072,17.95608
254.4767,-23.4926,5.033053,18.11234,-23.49693,4.954734,18.1023,-22.35176,4.947072,17.95608
254.4888,-23.49325,5.032839,18.114,-23.49693,4.954734,18.1023,-22.35176,4.947072,17.95608
254.5045,-23.49332,5.033053,18.11235,-23.49744,4.95685,18.10435,-22.35176,4.947072,17.95608
254.5198,-23.49332,5.033053,18.11235,-23.49758,4.956056,18.10247,-22.35176,4.947072,17.95608
254.5328,-23.49405,5.033054,18.11235,-23.49758,4.956056,18.10247,-22.35176,4.947072,17.95608
254.5525,-23.49326,5.033411,18.10896,-23.49823,4.957314,18.10263,-22.35176,4.947072,17.95608
254.5703,-23.49572,5.033711,18.1074,-23.49751,4.954793,18.09867,-22.35176,4.947072,17.95608
254.5863,-23.49579,5.033936,18.10575,-23.49991,4.957795,18.09736,-22.35176,4.947072,17.95608
254.6039,-23.49586,5.034162,18.10409,-23.50005,4.956983,18.09547,-22.35176,4.947072,17.95608
254.6205,-23.49658,5.034162,18.10409,-23.5002,4.955795,18.09352,-22.35176,4.947072,17.95608
254.6382,-23.49658,5.034162,18.10409,-23.50083,4.957427,18.09374,-22.35176,4.947072,17.95608
254.6546,-23.4973,5.034161,18.1041,-23.50083,4.957427,18.09374,-22.35176,4.947072,17.95608
254.674,-23.4973,5.034161,18.1041,-23.5015,4.958367,18.09387,-22.35176,4.947072,17.95608
254.6932,-23.49895,5.033958,18.10461,-23.5015,4.958367,18.09387,-22.35176,4.947072,17.95608
254.7122,-23.49895,5.033958,18.10461,-23.50315,4.959614,18.09458,-22.35176,4.947072,17.95608
254.731,-23.49899,5.034616,18.1036,-23.50315,4.959614,18.09458,-22.35176,4.947072,17.95608
254.747,-23.50058,5.034472,18.10533,-23.50324,4.959615,18.09342,-22.35176,4.947072,17.95608
254.7617,-23.50058,5.034472,18.10533,-23.5049,4.959867,18.09531,-22.35176,4.947072,17.95608
254.7766,-23.50058,5.034472,18.10533,-23.5049,4.959867,18.0953,-22.35176,4.947072,17.95608
254.7887,-23.49986,5.034472,18.10533,-23.5049,4.959867,18.0953,-22.35176,4.947072,17.95608
254.8036,-23.49986,5.034472,18.10533,-23.50418,4.959748,18.09529,-22.35176,4.947072,17.95608
254.8219,-23.49914,5.034472,18.10533,-23.50418,4.959748,18.09529,-22.35176,4.947072,17.95608
254.8389,-23.49914,5.034472,18.10533,-23.50348,4.95963,18.09528,-22.35176,4.947072,17.95608
254.8512,-23.49906,5.034248,18.10699,-23.50348,4.95963,18.09528,-22.35176,4.947072,17.95608
254.8664,-23.49899,5.034025,18.10863,-23.50339,4.959519,18.09704,-22.35176,4.947072,17.95608
254.8817,-23.49892,5.033804,18.11029,-23.50331,4.95941,18.09881,-22.35176,4.947072,17.95608
254.8973,-23.49892,5.033804,18.11029,-23.50322,4.959293,18.10057,-22.35176,4.947072,17.95608
254.914,-23.49877,5.033369,18.1136,-23.50322,4.959293,18.10057,-22.35176,4.947072,17.95608
254.9301,-23.50043,5.033454,18.11368,-23.50308,4.958549,18.10403,-22.35176,4.947072,17.95608
254.945,-23.50035,5.033239,18.11534,-23.50491,4.957479,18.10398,-22.35176,4.947072,17.95608
254.9628,-23.49868,5.032869,18.11568,-23.50401,4.971153,18.10748,-22.35176,4.947072,17.95608
254.9821,-23.49868,5.032869,18.11568,-23.5023,4.969865,18.10771,-22.35176,4.947072,17.95608
254.9993,-23.49868,5.032869,18.11568,-23.50231,4.969761,18.1077,-22.35176,4.947072,17.95608
255.0137,-23.49861,5.032657,18.11734,-23.50231,4.969761,18.1077,-22.35176,4.947072,17.95608
255.0299,-23.49861,5.032657,18.11734,-23.50215,4.971072,18.10962,-22.35176,4.947072,17.95608
255.0485,-23.50017,5.032248,18.1195,-23.50215,4.971072,18.10962,-22.35176,4.947072,17.95608
255.0655,-23.49917,5.031953,18.12107,-23.50369,4.972272,18.11208,-22.35176,4.947072,17.95608
255.0819,-23.50074,5.031547,18.12324,-23.50268,4.970744,18.11357,-22.35176,4.947072,17.95608
255.1,-23.49908,5.031461,18.12316,-23.50443,4.968488,18.1156,-22.35176,4.947072,17.95608
255.1159,-23.49908,5.031461,18.12316,-23.50325,4.958614,18.11432,-22.35176,4.947072,17.95608
255.1277,-23.49901,5.031258,18.12481,-23.50325,4.958614,18.11432,-22.35176,4.947072,17.95608
255.1434,-23.50067,5.031344,18.1249,-23.50315,4.95894,18.11613,-22.35176,4.947072,17.95608
255.1581,-23.50067,5.031344,18.1249,-23.50494,4.958248,18.11613,-22.35176,4.947072,17.95608
255.1701,-23.49901,5.031258,18.12481,-23.50494,4.958248,18.11613,-22.35176,4.947072,17.95608
255.1847,-23.49901,5.031259,18.12481,-23.50315,4.958941,18.11613,-22.35176,4.947072,17.95608
255.1998,-23.49901,5.031259,18.12481,-23.50315,4.958941,18.11613,-22.35176,4.947072,17.95608
255.213,-23.49901,5.031259,18.12481,-23.50315,4.958941,18.11613,-22.35176,4.947072,17.95608
255.229,-23.49901,5.031259,18.12481,-23.50315,4.95894,18.11613,-22.35176,4.947072,17.95608
255.2448,-23.50001,5.031548,18.12325,-23.50315,4.95894,18.11613,-22.35176,4.947072,17.95608
255.2607,-23.49835,5.031461,18.12316,-23.50431,4.958217,18.11435,-22.35176,4.947072,17.95608
255.2745,-23.49835,5.031461,18.12316,-23.50251,4.958903,18.11436,-22.35176,4.947072,17.95608
255.2868,-23.50001,5.031547,18.12325,-23.50251,4.958903,18.11436,-22.35176,4.947072,17.95608
255.3036,-23.50008,5.031754,18.12159,-23.50431,4.958217,18.11435,-22.35176,4.947072,17.95608
255.3196,-23.50008,5.031754,18.12159,-23.50364,4.971004,18.11415,-22.35176,4.947072,17.95608
255.332,-23.49843,5.031669,18.12151,-23.50364,4.971004,18.11415,-22.35176,4.947072,17.95608
255.3495,-23.50008,5.031754,18.12159,-23.502,4.969277,18.11386,-22.35176,4.947072,17.95608
255.3699,-23.4985,5.031877,18.11985,-23.50364,4.971004,18.11415,-22.35176,4.947072,17.95608
255.3897,-23.4985,5.031877,18.11985,-23.502,4.970896,18.1123,-22.35176,4.947072,17.95608
255.4071,-23.49857,5.032087,18.1182,-23.502,4.970843,18.11229,-22.35176,4.947072,17.95608
255.4255,-23.49865,5.032299,18.11654,-23.50207,4.971303,18.11059,-22.35176,4.947072,17.95608
255.4442,-23.49879,5.03273,18.11324,-23.50219,4.970698,18.10875,-22.35176,4.947072,17.95608
255.4636,-23.49894,5.03317,18.10993,-23.50307,4.958632,18.10367,-22.35176,4.947072,17.95608
255.4806,-23.49806,5.033024,18.10862,-23.50321,4.959321,18.1002,-22.35176,4.947072,17.95608
255.4977,-23.49806,5.033024,18.10862,-23.50224,4.959232,18.0988,-22.35176,4.947072,17.95608
255.512,-23.50058,5.033558,18.1054,-23.50224,4.959232,18.0988,-22.35176,4.947072,17.95608
255.5285,-23.50051,5.033332,18.10705,-23.50485,4.959854,18.0954,-22.35176,4.947072,17.95608
255.5428,-23.50122,5.033047,18.10748,-23.50485,4.959854,18.0954,-22.35176,4.947072,17.95608
255.5594,-23.50122,5.033047,18.10748,-23.50485,4.959854,18.0954,-22.35176,4.947072,17.95608
255.5727,-23.50173,5.032377,18.11244,-23.50485,4.959854,18.0954,-22.35176,4.947072,17.95608
255.5868,-23.50166,5.032159,18.11409,-23.50485,4.959854,18.0954,-22.35176,4.947072,17.95608
255.6016,-23.50332,5.032245,18.11418,-23.50485,4.959854,18.0954,-22.35176,4.947072,17.95608
255.616,-23.50332,5.032245,18.11418,-23.50485,4.959854,18.0954,-22.35176,4.947072,17.95608
255.6271,-23.50159,5.031942,18.11575,-23.50485,4.959854,18.0954,-22.35176,4.947072,17.95608
255.6416,-23.50232,5.031943,18.11575,-23.50485,4.959854,18.0954,-22.35176,4.947072,17.95608
255.6549,-23.50232,5.031943,18.11575,-23.50485,4.959854,18.0954,-22.35176,4.947072,17.95608
255.6666,-23.50298,5.031728,18.1174,-23.50485,4.959854,18.0954,-22.35176,4.947072,17.95608
255.6807,-23.50291,5.031515,18.11905,-23.50485,4.959854,18.0954,-22.35176,4.947072,17.95608
255.6944,-23.50291,5.031515,18.11905,-23.50485,4.959854,18.0954,-22.35176,4.947072,17.95608
255.7052,-23.50357,5.031306,18.12071,-23.50485,4.959854,18.0954,-22.35176,4.947072,17.95608
255.7193,-23.50357,5.031306,18.12071,-23.50485,4.959854,18.0954,-22.35176,4.947072,17.95608
255.7302,-23.50409,5.030687,18.12567,-23.50485,4.959854,18.0954,-22.35176,4.947072,17.95608
255.7435,-23.50475,5.030485,18.12733,-23.50485,4.959854,18.0954,-22.35176,4.947072,17.95608
255.7574,-23.50475,5.030485,18.12733,-23.50485,4.959854,18.0954,-22.35176,4.947072,17.95608
255.7681,-23.50535,5.030088,18.13063,-23.50485,4.959854,18.0954,-22.35176,4.947072,17.95608
255.7813,-23.50694,5.029978,18.13237,-23.50485,4.959854,18.0954,-22.35176,4.947072,17.95608
255.7944,-23.50694,5.029978,18.13237,-23.50485,4.959854,18.0954,-22.35176,4.947072,17.95608
255.8062,-23.50767,5.029978,18.13236,-23.50485,4.959854,18.0954,-22.35176,4.947072,17.95608
255.8223,-23.50767,5.029978,18.13236,-23.50485,4.959854,18.0954,-22.35176,4.947072,17.95608
255.8365,-23.50767,5.029978,18.13236,-23.50485,4.959854,18.0954,-22.35176,4.947072,17.95608
255.8519,-23.51239,5.030459,18.12911,-23.50485,4.959854,18.0954,-22.35176,4.947072,17.95608
255.8685,-23.51558,5.031034,18.12709,-23.50485,4.959854,18.0954,-22.35176,4.947072,17.95608
255.885,-23.51785,5.031521,18.12498,-23.50485,4.959854,18.0954,-22.35176,4.947072,17.95608
255.9025,-23.52417,5.032481,18.12257,-23.50485,4.959854,18.0954,-22.35176,4.947072,17.95608
255.9173,-23.52417,5.032481,18.12257,-23.50485,4.959854,18.0954,-22.35176,4.947072,17.95608
255.9317,-23.53409,5.033814,18.12087,-23.50485,4.959854,18.0954,-22.35176,4.947072,17.95608
255.9488,-23.54018,5.034688,18.11833,-23.50485,4.959854,18.0954,-22.35176,4.947072,17.95608
255.9629,-23.54885,5.035777,18.1159,-23.50485,4.959854,18.0954,-22.35176,4.947072,17.95608
255.979,-23.54885,5.035777,18.1159,-23.50485,4.959854,18.0954,-22.35176,4.947072,17.95608
255.9953,-23.56581,5.039123,18.10737,-23.50485,4.959854,18.0954,-22.35176,4.947072,17.95608
256.012,-23.57499,5.040639,18.10263,-23.50485,4.959854,18.0954,-22.35176,4.947072,17.95608
256.0264,-23.58504,5.041359,18.09937,-23.50485,4.959854,18.0954,-22.35176,4.947072,17.95608
256.0394,-23.58504,5.041359,18.09937,-23.50485,4.959854,18.0954,-22.35176,4.947072,17.95608
256.0507,-23.59798,5.041897,18.09362,-23.50485,4.959854,18.0954,-22.35176,4.947072,17.95608
256.064,-23.60418,5.041538,18.0906,-23.50485,4.959854,18.0954,-22.35176,4.947072,17.95608
256.0791,-23.60418,5.041538,18.0906,-23.50485,4.959854,18.0954,-22.35176,4.947072,17.95608
256.0908,-23.61483,5.03932,18.09438,-23.50485,4.959854,18.0954,-22.35176,4.947072,17.95608
256.106,-23.6186,5.037929,18.09795,-23.50485,4.959854,18.0954,-22.35176,4.947072,17.95608
256.1205,-23.62073,5.037058,18.10047,-23.50485,4.959854,18.0954,-22.35176,4.947072,17.95608
256.1346,-23.62073,5.037058,18.10047,-23.50485,4.959854,18.0954,-22.35176,4.947072,17.95608
256.1465,-23.62523,5.036141,18.10857,-23.50485,4.959854,18.0954,-22.35176,4.947072,17.95608
256.1602,-23.62831,5.035879,18.1118,-23.50485,4.959854,18.0954,-22.35176,4.947072,17.95608
256.1743,-23.62831,5.035879,18.1118,-23.50485,4.959854,18.0954,-22.35176,4.947072,17.95608
256.1853,-23.63047,5.035477,18.11496,-23.50485,4.959854,18.0954,-22.35176,4.947072,17.95608
256.2009,-23.63357,5.035906,18.11444,-23.50485,4.959854,18.0954,-22.35176,4.947072,17.95608
256.2142,-23.63357,5.035906,18.11444,-23.50485,4.959854,18.0954,-22.35176,4.947072,17.95608
256.2254,-23.63337,5.036518,18.11178,-23.50485,4.959854,18.0954,-22.35176,4.947072,17.95608
256.2386,-23.63337,5.036518,18.11178,-23.50485,4.959854,18.0954,-22.35176,4.947072,17.95608
256.2494,-23.63502,5.037429,18.10928,-23.50485,4.959854,18.0954,-22.35176,4.947072,17.95608
256.264,-23.63574,5.037913,18.10713,-23.50485,4.959854,18.0954,-22.35176,4.947072,17.95608
256.2777,-23.63574,5.037913,18.10713,-23.50485,4.959854,18.0954,-22.35176,4.947072,17.95608
256.2891,-23.63481,5.039174,18.10352,-23.50485,4.959854,18.0954,-22.35176,4.947072,17.95608
256.3029,-23.63553,5.039662,18.10138,-23.50485,4.959854,18.0954,-22.35176,4.947072,17.95608
256.3162,-23.63553,5.039662,18.10138,-23.50485,4.959854,18.0954,-22.35176,4.947072,17.95608
256.3273,-23.63675,5.04072,18.09925,-23.50485,4.959854,18.0954,-22.35176,4.947072,17.95608
256.3461,-23.63724,5.041347,18.09654,-23.50485,4.959854,18.0954,-22.35176,4.947072,17.95608
256.3602,-23.63701,5.042348,18.09332,-23.50485,4.959854,18.0954,-22.35176,4.947072,17.95608
256.3744,-23.63701,5.042348,18.09332,-23.50485,4.959854,18.0954,-22.35176,4.947072,17.95608
256.3857,-23.63818,5.045122,18.08722,-23.50485,4.959854,18.0954,-22.35176,4.947072,17.95608
256.4004,-23.63627,5.046988,18.08377,-23.50485,4.959854,18.0954,-22.35176,4.947072,17.95608
256.4141,-23.63627,5.046988,18.08377,-23.50485,4.959854,18.0954,-22.35176,4.947072,17.95608
256.4255,-23.63722,5.049621,18.08151,-23.50485,4.959854,18.0954,-22.35176,4.947072,17.95608
256.4405,-23.6386,5.051057,18.07786,-23.50485,4.959854,18.0954,-22.35176,4.947072,17.95608
256.4555,-23.6386,5.051057,18.07786,-23.50485,4.959854,18.0954,-22.35176,4.947072,17.95608
256.4684,-23.63783,5.051795,18.07321,-23.50485,4.959854,18.0954,-22.35176,4.947072,17.95608
256.4848,-23.63976,5.051866,18.07523,-23.50485,4.959854,18.0954,-22.35176,4.947072,17.95608
256.5013,-23.64072,5.052052,18.07555,-23.50485,4.959854,18.0954,-22.35176,4.947072,17.95608
256.5189,-23.64072,5.052052,18.07555,-23.50485,4.959854,18.0954,-22.35176,4.947072,17.95608
256.5337,-23.64443,5.052208,18.08193,-23.50485,4.959854,18.0954,-22.35176,4.947072,17.95608
256.5508,-23.64813,5.052264,18.08679,-23.50485,4.959854,18.0954,-22.35176,4.947072,17.95608
256.5678,-23.64939,5.052648,18.08844,-23.50485,4.959854,18.0954,-22.35176,4.947072,17.95608
256.5831,-23.65066,5.052763,18.09052,-23.50485,4.959854,18.0954,-22.35176,4.947072,17.95608
256.5991,-23.65066,5.052763,18.09052,-23.50485,4.959854,18.0954,-22.35176,4.947072,17.95608
256.6107,-23.65519,5.053464,18.09703,-23.50485,4.959854,18.0954,-22.35176,4.947072,17.95608
256.6259,-23.65573,5.053431,18.0981,-23.50485,4.959854,18.0954,-22.35176,4.947072,17.95608
256.6391,-23.65573,5.053431,18.0981,-23.50485,4.959854,18.0954,-22.35176,4.947072,17.95608
256.6522,-23.65804,5.053119,18.10244,-23.50485,4.959854,18.0954,-22.35176,4.947072,17.95608
256.6658,-23.65642,5.053097,18.1037,-23.50485,4.959854,18.0954,-22.35176,4.947072,17.95608
256.682,-23.65653,5.052722,18.10702,-23.50485,4.959854,18.0954,-22.35176,4.947072,17.95608
256.6972,-23.65653,5.052722,18.10702,-23.50485,4.959854,18.0954,-22.35176,4.947072,17.95608
256.7106,-23.65666,5.052723,18.11112,-23.50485,4.959854,18.0954,-22.35176,4.947072,17.95608
256.726,-23.6567,5.052818,18.11234,-23.50485,4.959854,18.0954,-22.35176,4.947072,17.95608
256.7392,-23.6567,5.052818,18.11234,-23.50485,4.959854,18.0954,-22.35176,4.947072,17.95608
256.7502,-23.65667,5.05401,18.11181,-23.50485,4.959854,18.0954,-22.35176,4.947072,17.95608
256.7642,-23.65593,5.054927,18.11178,-23.50485,4.959854,18.0954,-22.35176,4.947072,17.95608
256.7784,-23.65593,5.054927,18.11178,-23.50485,4.959854,18.0954,-22.35176,4.947072,17.95608
256.7907,-23.65509,5.057199,18.10956,-23.50485,4.959854,18.0954,-22.35176,4.947072,17.95608
256.8045,-23.65664,5.058289,18.10653,-23.50485,4.959854,18.0954,-22.35176,4.947072,17.95608
256.8181,-23.65664,5.058289,18.10653,-23.50485,4.959854,18.0954,-22.35176,4.947072,17.95608
256.8281,-23.66146,5.059072,18.10293,-23.50485,4.959854,18.0954,-22.35176,4.947072,17.95608
256.8431,-23.66378,5.059993,18.1015,-23.50485,4.959854,18.0954,-22.35176,4.947072,17.95608
256.8563,-23.66378,5.059993,18.1015,-23.50485,4.959854,18.0954,-22.35176,4.947072,17.95608
256.8671,-23.66849,5.060765,18.1004,-23.50485,4.959854,18.0954,-22.35176,4.947072,17.95608
256.8805,-23.67155,5.061421,18.09934,-23.50485,4.959854,18.0954,-22.35176,4.947072,17.95608
256.8942,-23.67155,5.061421,18.09934,-23.50485,4.959854,18.0954,-22.35176,4.947072,17.95608
256.9066,-23.67996,5.062328,18.09522,-23.50485,4.959854,18.0954,-22.35176,4.947072,17.95608
256.9223,-23.68296,5.062903,18.09293,-23.50485,4.959854,18.0954,-22.35176,4.947072,17.95608
256.936,-23.68296,5.062903,18.09293,-23.50485,4.959854,18.0954,-22.35176,4.947072,17.95608
256.947,-23.68833,5.062902,18.09031,-23.50485,4.959854,18.0954,-22.35176,4.947072,17.95608
256.9605,-23.69135,5.063221,18.08845,-23.50485,4.959854,18.0954,-22.35176,4.947072,17.95608
256.9741,-23.69135,5.063221,18.08845,-23.50485,4.959854,18.0954,-22.35176,4.947072,17.95608
256.9851,-23.69574,5.062656,18.08514,-23.50485,4.959854,18.0954,-22.35176,4.947072,17.95608
256.9979,-23.69574,5.062656,18.08514,-23.50485,4.959854,18.0954,-22.35176,4.947072,17.95608
257.0096,-23.70115,5.062493,18.08415,-23.50485,4.959854,18.0954,-22.35176,4.947072,17.95608
257.0233,-23.70183,5.06205,18.08343,-23.50485,4.959854,18.0954,-22.35176,4.947072,17.95608
257.0381,-23.70183,5.06205,18.08343,-23.50485,4.959854,18.0954,-22.35176,4.947072,17.95608
257.0552,-23.70507,5.061452,18.08205,-23.50485,4.959854,18.0954,-22.35176,4.947072,17.95608
257.0687,-23.70507,5.061452,18.08205,-23.50485,4.959854,18.0954,-22.35176,4.947072,17.95608
257.0829,-23.70436,5.061453,18.08213,-23.50485,4.959854,18.0954,-22.35176,4.947072,17.95608
257.1004,-23.70601,5.061599,18.08208,-23.50485,4.959854,18.0954,-22.35176,4.947072,17.95608
257.1158,-23.70601,5.061599,18.08208,-23.50485,4.959854,18.0954,-22.35176,4.947072,17.95608
257.1294,-23.70759,5.061941,18.08038,-23.50485,4.959854,18.0954,-22.35176,4.947072,17.95608
257.1473,-23.70847,5.062287,18.07876,-23.50485,4.959854,18.0954,-22.35176,4.947072,17.95608
257.1656,-23.70863,5.062637,18.07723,-23.50485,4.959854,18.0954,-22.35176,4.947072,17.95608
257.1817,-23.70792,5.062637,18.07731,-23.50485,4.959854,18.0954,-22.35176,4.947072,17.95608
257.1975,-23.70792,5.062637,18.07731,-23.50485,4.959854,18.0954,-22.35176,4.947072,17.95608
257.2092,-23.70647,5.062197,18.07684,-23.50485,4.959854,18.0954,-22.35176,4.947072,17.95608
257.2253,-23.70647,5.062197,18.07684,-23.50485,4.959854,18.0954,-22.35176,4.947072,17.95608
257.2431,-23.70576,5.062197,18.07693,-23.50485,4.959854,18.0954,-22.35176,4.947072,17.95608
257.2593,-23.70576,5.062197,18.07693,-23.50485,4.959854,18.0954,-22.35176,4.947072,17.95608
257.27,-23.70499,5.062395,18.07536,-23.50485,4.959854,18.0954,-22.35176,4.947072,17.95608
257.2829,-23.70664,5.062551,18.07531,-23.50485,4.959854,18.0954,-22.35176,4.947072,17.95608
257.2967,-23.70664,5.062551,18.07531,-23.50485,4.959854,18.0954,-22.35176,4.947072,17.95608
257.3073,-23.70351,5.062596,18.07387,-23.50485,4.959854,18.0954,-22.35176,4.947072,17.95608
257.323,-23.70277,5.062157,18.07331,-23.50485,4.959854,18.0954,-22.35176,4.947072,17.95608
257.3359,-23.70277,5.062157,18.07331,-23.50485,4.959854,18.0954,-22.35176,4.947072,17.95608
257.3465,-23.70029,5.062414,18.07012,-23.50485,4.959854,18.0954,-22.35176,4.947072,17.95608
257.3599,-23.70029,5.062414,18.07012,-23.50485,4.959854,18.0954,-22.35176,4.947072,17.95608
257.3711,-23.69958,5.062412,18.0702,-23.50485,4.959854,18.0954,-22.35176,4.947072,17.95608
257.384,-23.69722,5.062262,18.07033,-23.50485,4.959854,18.0954,-22.35176,4.947072,17.95608
257.3973,-23.69722,5.062262,18.07033,-23.50485,4.959854,18.0954,-22.35176,4.947072,17.95608
257.409,-23.69483,5.062053,18.06923,-23.50485,4.959854,18.0954,-22.35176,4.947072,17.95608
257.4229,-23.6948,5.061616,18.06859,-23.50485,4.959854,18.0954,-22.35176,4.947072,17.95608
257.4363,-23.6948,5.061616,18.06859,-23.50485,4.959854,18.0954,-22.35176,4.947072,17.95608
257.4496,-23.69314,5.061469,18.06863,-23.50485,4.959854,18.0954,-22.35176,4.947072,17.95608
257.4638,-23.69314,5.061469,18.06863,-23.50485,4.959854,18.0954,-22.35176,4.947072,17.95608
257.4816,-23.69143,5.061533,18.06701,-23.50485,4.959854,18.0954,-22.35176,4.947072,17.95608
257.4995,-23.69143,5.061533,18.06701,-23.50485,4.959854,18.0954,-22.35176,4.947072,17.95608
257.5108,-23.68975,5.060955,18.06641,-23.50485,4.959854,18.0954,-22.35176,4.947072,17.95608
257.5253,-23.68904,5.060954,18.06649,-23.50485,4.959854,18.0954,-22.35176,4.947072,17.95608
257.5385,-23.68904,5.060954,18.06649,-23.50485,4.959854,18.0954,-22.35176,4.947072,17.95608
257.5498,-23.68906,5.060687,18.06693,-23.50485,4.959854,18.0954,-22.35176,4.947072,17.95608
257.5651,-23.68732,5.060326,18.06467,-23.50485,4.959854,18.0954,-22.35176,4.947072,17.95608
257.5801,-23.68738,5.060112,18.06633,-23.50485,4.959854,18.0954,-22.35176,4.947072,17.95608
257.5943,-23.68738,5.060112,18.06633,-23.50485,4.959854,18.0954,-22.35176,4.947072,17.95608
257.6052,-23.68732,5.060326,18.06467,-23.50485,4.959854,18.0954,-22.35176,4.947072,17.95608
257.6183,-23.68732,5.060326,18.06467,-23.50485,4.959854,18.0954,-22.35176,4.947072,17.95608
257.6294,-23.68749,5.058985,18.06944,-23.50485,4.959854,18.0954,-22.35176,4.947072,17.95608
257.6423,-23.68583,5.058846,18.06948,-23.50485,4.959854,18.0954,-22.35176,4.947072,17.95608
257.6548,-23.68583,5.058846,18.06948,-23.50485,4.959854,18.0954,-22.35176,4.947072,17.95608
257.6656,-23.68757,5.058133,18.07211,-23.50485,4.959854,18.0954,-22.35176,4.947072,17.95608
257.6783,-23.68757,5.058133,18.07211,-23.50485,4.959854,18.0954,-22.35176,4.947072,17.95608
257.6914,-23.68776,5.057257,18.07751,-23.50485,4.959854,18.0954,-22.35176,4.947072,17.95608
257.7072,-23.68776,5.057257,18.07751,-23.50485,4.959854,18.0954,-22.35176,4.947072,17.95608
257.7244,-23.68616,5.056919,18.07921,-23.50485,4.959854,18.0954,-22.35176,4.947072,17.95608
257.7375,-23.68616,5.056919,18.07921,-23.50485,4.959854,18.0954,-22.35176,4.947072,17.95608
257.7491,-23.68618,5.056651,18.07965,-23.50485,4.959854,18.0954,-22.35176,4.947072,17.95608
257.7687,-23.68618,5.056651,18.07965,-23.50485,4.959854,18.0954,-22.35176,4.947072,17.95608
257.7854,-23.68784,5.05679,18.07961,-23.50485,4.959854,18.0954,-22.35176,4.947072,17.95608
257.8032,-23.6862,5.056383,18.08009,-23.50485,4.959854,18.0954,-22.35176,4.947072,17.95608
257.8206,-23.68622,5.056115,18.08053,-23.50485,4.959854,18.0954,-22.35176,4.947072,17.95608
257.8384,-23.68622,5.056115,18.08053,-23.50485,4.959854,18.0954,-22.35176,4.947072,17.95608
257.8496,-23.6863,5.05565,18.08263,-23.50485,4.959854,18.0954,-22.35176,4.947072,17.95608
257.8662,-23.68635,5.055455,18.08429,-23.50485,4.959854,18.0954,-22.35176,4.947072,17.95608
257.8838,-23.68801,5.055593,18.08425,-23.50485,4.959854,18.0954,-22.35176,4.947072,17.95608
257.9001,-23.68641,5.055263,18.08594,-23.50485,4.959854,18.0954,-22.35176,4.947072,17.95608
257.9143,-23.68641,5.055263,18.08594,-23.50485,4.959854,18.0954,-22.35176,4.947072,17.95608
257.9265,-23.68735,5.055401,18.08598,-23.50485,4.959854,18.0954,-22.35176,4.947072,17.95608
257.9395,-23.68735,5.055401,18.08598,-23.50485,4.959854,18.0954,-22.35176,4.947072,17.95608
257.9505,-23.68504,5.055073,18.08775,-23.50485,4.959854,18.0954,-22.35176,4.947072,17.95608
257.9653,-23.68498,5.055263,18.0861,-23.50485,4.959854,18.0954,-22.35176,4.947072,17.95608
257.9798,-23.68498,5.055263,18.0861,-23.50485,4.959854,18.0954,-22.35176,4.947072,17.95608
257.9911,-23.68669,5.055212,18.08772,-23.50485,4.959854,18.0954,-22.35176,4.947072,17.95608
258.0053,-23.68664,5.055401,18.08606,-23.50485,4.959854,18.0954,-22.35176,4.947072,17.95608
258.0189,-23.68664,5.055401,18.08606,-23.50485,4.959854,18.0954,-22.35176,4.947072,17.95608
258.0313,-23.68498,5.055263,18.0861,-23.50485,4.959854,18.0954,-22.35176,4.947072,17.95608
258.0452,-23.68664,5.055401,18.08606,-23.50485,4.959854,18.0954,-22.35176,4.947072,17.95608
258.0585,-23.68664,5.055401,18.08606,-23.50485,4.959854,18.0954,-22.35176,4.947072,17.95608
258.0701,-23.68664,5.055402,18.08606,-23.50485,4.959854,18.0954,-22.35176,4.947072,17.95608
258.0832,-23.68664,5.055402,18.08606,-23.50485,4.959854,18.0954,-22.35176,4.947072,17.95608
258.096,-23.68664,5.055402,18.08606,-23.50485,4.959854,18.0954,-22.35176,4.947072,17.95608
258.1061,-23.68498,5.055263,18.0861,-23.50485,4.959854,18.0954,-22.35176,4.947072,17.95608
258.1195,-23.68498,5.055263,18.0861,-23.50485,4.959854,18.0954,-22.35176,4.947072,17.95608
258.131,-23.68664,5.055402,18.08606,-23.50485,4.959854,18.0954,-22.35176,4.947072,17.95608
258.1451,-23.68664,5.055401,18.08606,-23.50485,4.959854,18.0954,-22.35176,4.947072,17.95608
258.1582,-23.68664,5.055401,18.08606,-23.50485,4.959854,18.0954,-22.35176,4.947072,17.95608
258.1697,-23.68427,5.055262,18.08617,-23.50485,4.959854,18.0954,-22.35176,4.947072,17.95608
258.1832,-23.68427,5.055263,18.08617,-23.50485,4.959854,18.0954,-22.35176,4.947072,17.95608
258.1963,-23.68427,5.055263,18.08617,-23.50485,4.959854,18.0954,-22.35176,4.947072,17.95608
258.2066,-23.68592,5.055401,18.08613,-23.50485,4.959854,18.0954,-22.35176,4.947072,17.95608
258.2206,-23.68592,5.055401,18.08613,-23.50485,4.959854,18.0954,-22.35176,4.947072,17.95608
258.2334,-23.68592,5.055401,18.08613,-23.50485,4.959854,18.0954,-22.35176,4.947072,17.95608
258.244,-23.68592,5.055402,18.08613,-23.50485,4.959854,18.0954,-22.35176,4.947072,17.95608
258.2596,-23.68592,5.055402,18.08613,-23.50485,4.959854,18.0954,-22.35176,4.947072,17.95608
258.27,-23.68592,5.055401,18.08613,-23.50485,4.959854,18.0954,-22.35176,4.947072,17.95608
258.284,-23.68421,5.055455,18.08451,-23.50485,4.959854,18.0954,-22.35176,4.947072,17.95608
258.2968,-23.68421,5.055455,18.08451,-23.50485,4.959854,18.0954,-22.35176,4.947072,17.95608
258.3085,-23.68592,5.055402,18.08613,-23.50485,4.959854,18.0954,-22.35176,4.947072,17.95608
258.3212,-23.68515,5.055593,18.08455,-23.50485,4.959854,18.0954,-22.35176,4.947072,17.95608
258.3358,-23.68515,5.055593,18.08455,-23.50485,4.959854,18.0954,-22.35176,4.947072,17.95608
258.3469,-23.68515,5.055593,18.08455,-23.50485,4.959854,18.0954,-22.35176,4.947072,17.95608
258.3601,-23.68675,5.055929,18.08286,-23.50485,4.959854,18.0954,-22.35176,4.947072,17.95608
258.3734,-23.68675,5.055929,18.08286,-23.50485,4.959854,18.0954,-22.35176,4.947072,17.95608
258.3844,-23.68665,5.056324,18.07955,-23.50485,4.959854,18.0954,-22.35176,4.947072,17.95608
258.3972,-23.68665,5.056324,18.07955,-23.50485,4.959854,18.0954,-22.35176,4.947072,17.95608
258.4091,-23.68659,5.056525,18.07789,-23.50485,4.959854,18.0954,-22.35176,4.947072,17.95608
258.4247,-23.68654,5.056727,18.07623,-23.50485,4.959854,18.0954,-22.35176,4.947072,17.95608
258.4371,-23.68654,5.056727,18.07623,-23.50485,4.959854,18.0954,-22.35176,4.947072,17.95608
258.4478,-23.68654,5.056726,18.07623,-23.50485,4.959854,18.0954,-22.35176,4.947072,17.95608
258.4624,-23.68654,5.056726,18.07623,-23.50485,4.959854,18.0954,-22.35176,4.947072,17.95608
258.4757,-23.68654,5.056726,18.07623,-23.50485,4.959854,18.0954,-22.35176,4.947072,17.95608
258.488,-23.68649,5.056932,18.07458,-23.50485,4.959854,18.0954,-22.35176,4.947072,17.95608
258.5023,-23.68478,5.056998,18.07296,-23.50485,4.959854,18.0954,-22.35176,4.947072,17.95608
258.5196,-23.68478,5.056998,18.07296,-23.50485,4.959854,18.0954,-22.35176,4.947072,17.95608
258.5367,-23.68638,5.057349,18.07127,-23.50485,4.959854,18.0954,-22.35176,4.947072,17.95608
258.5523,-23.68632,5.05756,18.06961,-23.50485,4.959854,18.0954,-22.35176,4.947072,17.95608
258.57,-23.68627,5.057774,18.06796,-23.50485,4.959854,18.0954,-22.35176,4.947072,17.95608
258.5895,-23.68461,5.057631,18.068,-23.50485,4.959854,18.0954,-22.35176,4.947072,17.95608
258.6079,-23.68627,5.057774,18.06796,-23.50485,4.959854,18.0954,-22.35176,4.947072,17.95608
258.6226,-23.68627,5.057774,18.06796,-23.50485,4.959854,18.0954,-22.35176,4.947072,17.95608
258.6371,-23.68627,5.057774,18.06796,-23.50485,4.959854,18.0954,-22.35176,4.947072,17.95608
258.6481,-23.68621,5.057989,18.06631,-23.50485,4.959854,18.0954,-22.35176,4.947072,17.95608
258.6642,-23.68621,5.057989,18.0663,-23.50485,4.959854,18.0954,-22.35176,4.947072,17.95608
258.6779,-23.68621,5.057989,18.0663,-23.50485,4.959854,18.0954,-22.35176,4.947072,17.95608
258.6885,-23.68616,5.058207,18.06465,-23.50485,4.959854,18.0954,-22.35176,4.947072,17.95608
258.704,-23.68616,5.058207,18.06465,-23.50485,4.959854,18.0954,-22.35176,4.947072,17.95608
258.7173,-23.68616,5.058207,18.06465,-23.50485,4.959854,18.0954,-22.35176,4.947072,17.95608
258.7286,-23.68616,5.058207,18.06465,-23.50485,4.959854,18.0954,-22.35176,4.947072,17.95608
258.7443,-23.6861,5.058426,18.063,-23.50485,4.959854,18.0954,-22.35176,4.947072,17.95608
258.7606,-23.68612,5.058157,18.06344,-23.50485,4.959854,18.0954,-22.35176,4.947072,17.95608
258.7781,-23.68612,5.058157,18.06344,-23.50485,4.959854,18.0954,-22.35176,4.947072,17.95608
258.7942,-23.6868,5.057724,18.06272,-23.50485,4.959854,18.0954,-22.35176,4.947072,17.95608
258.8094,-23.6868,5.057724,18.06272,-23.50485,4.959854,18.0954,-22.35176,4.947072,17.95608
258.8246,-23.6868,5.057724,18.06272,-23.50485,4.959854,18.0954,-22.35176,4.947072,17.95608
258.8394,-23.6868,5.057724,18.06272,-23.50485,4.959854,18.0954,-22.35176,4.947072,17.95608
258.8512,-23.68682,5.057456,18.06316,-23.50485,4.959854,18.0954,-22.35176,4.947072,17.95608
258.8663,-23.68689,5.056966,18.06525,-23.50485,4.959854,18.0954,-22.35176,4.947072,17.95608
258.8814,-23.68513,5.057268,18.06198,-23.50485,4.959854,18.0954,-22.35176,4.947072,17.95608
258.8992,-23.68513,5.057268,18.06198,-23.50485,4.959854,18.0954,-22.35176,4.947072,17.95608
258.9097,-23.68686,5.056917,18.06404,-23.50485,4.959854,18.0954,-22.35176,4.947072,17.95608
258.9233,-23.68514,5.056998,18.06242,-23.50485,4.959854,18.0954,-22.35176,4.947072,17.95608
258.9366,-23.68514,5.056998,18.06242,-23.50485,4.959854,18.0954,-22.35176,4.947072,17.95608
258.9475,-23.6868,5.057139,18.06238,-23.50485,4.959854,18.0954,-22.35176,4.947072,17.95608
258.9615,-23.6868,5.057139,18.06238,-23.50485,4.959854,18.0954,-22.35176,4.947072,17.95608
258.9746,-23.6868,5.057139,18.06238,-23.50485,4.959854,18.0954,-22.35176,4.947072,17.95608
258.9849,-23.68514,5.056998,18.06242,-23.50485,4.959854,18.0954,-22.35176,4.947072,17.95608
258.9986,-23.68514,5.056998,18.06242,-23.50485,4.959854,18.0954,-22.35176,4.947072,17.95608
259.0118,-23.6868,5.057138,18.06238,-23.50485,4.959854,18.0954,-22.35176,4.947072,17.95608
259.0256,-23.6868,5.057139,18.06238,-23.50485,4.959854,18.0954,-22.35176,4.947072,17.95608
259.0381,-23.6868,5.057139,18.06238,-23.50485,4.959854,18.0954,-22.35176,4.947072,17.95608
259.0498,-23.6868,5.057139,18.06238,-23.50485,4.959854,18.0954,-22.35176,4.947072,17.95608
259.0638,-23.6852,5.056774,18.06407,-23.50485,4.959854,18.0954,-22.35176,4.947072,17.95608
259.0781,-23.6852,5.056774,18.06407,-23.50485,4.959854,18.0954,-22.35176,4.947072,17.95608
259.089,-23.68691,5.056696,18.06569,-23.50485,4.959854,18.0954,-22.35176,4.947072,17.95608
259.1035,-23.68697,5.056479,18.06734,-23.50485,4.959854,18.0954,-22.35176,4.947072,17.95608
259.1173,-23.68697,5.056479,18.06734,-23.50485,4.959854,18.0954,-22.35176,4.947072,17.95608
259.1326,-23.68705,5.056697,18.06964,-23.50485,4.959854,18.0954,-22.35176,4.947072,17.95608
259.1501,-23.6854,5.056555,18.06968,-23.50485,4.959854,18.0954,-22.35176,4.947072,17.95608
259.1655,-23.68705,5.056697,18.06964,-23.50485,4.959854,18.0954,-22.35176,4.947072,17.95608
259.1796,-23.68705,5.056697,18.06964,-23.50485,4.959854,18.0954,-22.35176,4.947072,17.95608
259.1915,-23.68705,5.056697,18.06964,-23.50485,4.959854,18.0954,-22.35176,4.947072,17.95608
259.2057,-23.68705,5.056697,18.06964,-23.50485,4.959854,18.0954,-22.35176,4.947072,17.95608
259.2224,-23.68705,5.056697,18.06964,-23.50485,4.959854,18.0954,-22.35176,4.947072,17.95608
259.2354,-23.68705,5.056697,18.06964,-23.50485,4.959854,18.0954,-22.35176,4.947072,17.95608
259.2461,-23.68705,5.056697,18.06964,-23.50485,4.959854,18.0954,-22.35176,4.947072,17.95608
259.2592,-23.68705,5.056697,18.06964,-23.50485,4.959854,18.0954,-22.35176,4.947072,17.95608
259.2698,-23.68711,5.056484,18.0713,-23.50485,4.959854,18.0954,-22.35176,4.947072,17.95608
259.2831,-23.68705,5.056697,18.06964,-23.50485,4.959854,18.0954,-22.35176,4.947072,17.95608
259.2966,-23.68705,5.056697,18.06964,-23.50485,4.959854,18.0954,-22.35176,4.947072,17.95608
259.3082,-23.68545,5.056343,18.07133,-23.50485,4.959854,18.0954,-22.35176,4.947072,17.95608
259.3219,-23.68545,5.056343,18.07133,-23.50485,4.959854,18.0954,-22.35176,4.947072,17.95608
259.3379,-23.68545,5.056343,18.07133,-23.50485,4.959854,18.0954,-22.35176,4.947072,17.95608
259.3525,-23.68721,5.056063,18.07461,-23.50485,4.959854,18.0954,-22.35176,4.947072,17.95608
259.3709,-23.68721,5.056063,18.07461,-23.50485,4.959854,18.0954,-22.35176,4.947072,17.95608
259.3868,-23.68721,5.056063,18.07461,-23.50485,4.959854,18.0954,-22.35176,4.947072,17.95608
259.4022,-23.68721,5.056063,18.07461,-23.50485,4.959854,18.0954,-22.35176,4.947072,17.95608
259.4211,-23.68721,5.056063,18.07461,-23.50485,4.959854,18.0954,-22.35176,4.947072,17.95608
259.4362,-23.68721,5.056063,18.07461,-23.50485,4.959854,18.0954,-22.35176,4.947072,17.95608
259.4482,-23.68727,5.055857,18.07626,-23.50485,4.959854,18.0954,-22.35176,4.947072,17.95608
259.4627,-23.68721,5.056063,18.07461,-23.50485,4.959854,18.0954,-22.35176,4.947072,17.95608
259.4763,-23.68721,5.056063,18.07461,-23.50485,4.959854,18.0954,-22.35176,4.947072,17.95608
259.4872,-23.68721,5.056063,18.07461,-23.50485,4.959854,18.0954,-22.35176,4.947072,17.95608
259.5012,-23.68721,5.056063,18.07461,-23.50485,4.959854,18.0954,-22.35176,4.947072,17.95608
259.5153,-23.68721,5.056063,18.07461,-23.50485,4.959854,18.0954,-22.35176,4.947072,17.95608
259.5262,-23.68721,5.056063,18.07461,-23.50485,4.959854,18.0954,-22.35176,4.947072,17.95608
259.5393,-23.68721,5.056063,18.07461,-23.50485,4.959854,18.0954,-22.35176,4.947072,17.95608
259.5521,-23.68721,5.056063,18.07461,-23.50485,4.959854,18.0954,-22.35176,4.947072,17.95608
259.5683,-23.68716,5.056273,18.07295,-23.50485,4.959854,18.0954,-22.35176,4.947072,17.95608
259.582,-23.68881,5.056416,18.07291,-23.50485,4.959854,18.0954,-22.35176,4.947072,17.95608
259.5964,-23.68881,5.056416,18.07291,-23.50485,4.959854,18.0954,-22.35176,4.947072,17.95608
259.6083,-23.68721,5.056063,18.07461,-23.50485,4.959854,18.0954,-22.35176,4.947072,17.95608
259.6215,-23.68724,5.0565,18.07525,-23.50485,4.959854,18.0954,-22.35176,4.947072,17.95608
259.635,-23.68724,5.0565,18.07525,-23.50485,4.959854,18.0954,-22.35176,4.947072,17.95608
259.6506,-23.68889,5.056643,18.07521,-23.50485,4.959854,18.0954,-22.35176,4.947072,17.95608
259.6655,-23.68889,5.056643,18.07521,-23.50485,4.959854,18.0954,-22.35176,4.947072,17.95608
259.6816,-23.68884,5.056851,18.07356,-23.50485,4.959854,18.0954,-22.35176,4.947072,17.95608
259.6964,-23.68884,5.056851,18.07356,-23.50485,4.959854,18.0954,-22.35176,4.947072,17.95608
259.7084,-23.69049,5.056997,18.07352,-23.50485,4.959854,18.0954,-22.35176,4.947072,17.95608
259.7237,-23.69044,5.057208,18.07187,-23.50485,4.959854,18.0954,-22.35176,4.947072,17.95608
259.7435,-23.69209,5.057355,18.07183,-23.50485,4.959854,18.0954,-22.35176,4.947072,17.95608
259.7618,-23.69204,5.057568,18.07018,-23.50485,4.959854,18.0954,-22.35176,4.947072,17.95608
259.785,-23.69372,5.058152,18.07078,-23.50485,4.959854,18.0954,-22.35176,4.947072,17.95608
259.8033,-23.69366,5.058367,18.06913,-23.50485,4.959854,18.0954,-22.35176,4.947072,17.95608
259.8183,-23.69366,5.058367,18.06913,-23.50485,4.959854,18.0954,-22.35176,4.947072,17.95608
259.8292,-23.69366,5.058366,18.06913,-23.50485,4.959854,18.0954,-22.35176,4.947072,17.95608
259.8439,-23.69361,5.058583,18.06747,-23.50485,4.959854,18.0954,-22.35176,4.947072,17.95608
259.8571,-23.69361,5.058583,18.06747,-23.50485,4.959854,18.0954,-22.35176,4.947072,17.95608
259.868,-23.69359,5.058852,18.06703,-23.50485,4.959854,18.0954,-22.35176,4.947072,17.95608
259.8807,-23.69527,5.059438,18.06764,-23.50485,4.959854,18.0954,-22.35176,4.947072,17.95608
259.8947,-23.69527,5.059438,18.06764,-23.50485,4.959854,18.0954,-22.35176,4.947072,17.95608
259.9051,-23.69451,5.059655,18.06607,-23.50485,4.959854,18.0954,-22.35176,4.947072,17.95608
259.9177,-23.69451,5.059655,18.06607,-23.50485,4.959854,18.0954,-22.35176,4.947072,17.95608
259.9281,-23.69617,5.059809,18.06603,-23.50485,4.959854,18.0954,-22.35176,4.947072,17.95608
259.9409,-23.69617,5.059809,18.06603,-23.50485,4.959854,18.0954,-22.35176,4.947072,17.95608
259.9546,-23.69617,5.059809,18.06603,-23.50485,4.959854,18.0954,-22.35176,4.947072,17.95608
259.9661,-23.69777,5.060184,18.06434,-23.50485,4.959854,18.0954,-22.35176,4.947072,17.95608
259.9802,-23.69771,5.060406,18.06269,-23.50485,4.959854,18.0954,-22.35176,4.947072,17.95608
259.9944,-23.69771,5.060406,18.06269,-23.50485,4.959854,18.0954,-22.35176,4.947072,17.95608
260.0081,-23.69771,5.060405,18.06269,-23.50485,4.959854,18.0954,-22.35176,4.947072,17.95608
260.0211,-23.69766,5.06063,18.06104,-23.50485,4.959854,18.0954,-22.35176,4.947072,17.95608
260.0341,-23.69766,5.06063,18.06104,-23.50485,4.959854,18.0954,-22.35176,4.947072,17.95608
260.0454,-23.69766,5.060631,18.06104,-23.50485,4.959854,18.0954,-22.35176,4.947072,17.95608
260.0632,-23.69766,5.060631,18.06104,-23.50485,4.959854,18.0954,-22.35176,4.947072,17.95608
260.0776,-23.69766,5.060631,18.06104,-23.50485,4.959854,18.0954,-22.35176,4.947072,17.95608
260.09,-23.69766,5.060631,18.06104,-23.50485,4.959854,18.0954,-22.35176,4.947072,17.95608
260.1057,-23.69766,5.060629,18.06104,-23.50485,4.959854,18.0954,-22.35176,4.947072,17.95608
260.1201,-23.6976,5.060856,18.05939,-23.50485,4.959854,18.0954,-22.35176,4.947072,17.95608
260.1359,-23.6976,5.060856,18.05939,-23.50485,4.959854,18.0954,-22.35176,4.947072,17.95608
260.1483,-23.69931,5.060788,18.06101,-23.50485,4.959854,18.0954,-22.35176,4.947072,17.95608
260.1622,-23.69766,5.060629,18.06104,-23.50485,4.959854,18.0954,-22.35176,4.947072,17.95608
260.1775,-23.69766,5.060629,18.06104,-23.50485,4.959854,18.0954,-22.35176,4.947072,17.95608
260.1939,-23.69931,5.060788,18.06101,-23.50485,4.959854,18.0954,-22.35176,4.947072,17.95608
260.2084,-23.69926,5.061014,18.05935,-23.50485,4.959854,18.0954,-22.35176,4.947072,17.95608
260.2238,-23.69766,5.060631,18.06104,-23.50485,4.959854,18.0954,-22.35176,4.947072,17.95608
260.2375,-23.69766,5.060631,18.06104,-23.50485,4.959854,18.0954,-22.35176,4.947072,17.95608
260.2509,-23.69937,5.060564,18.06266,-23.50485,4.959854,18.0954,-22.35176,4.947072,17.95608
260.2644,-23.69942,5.060343,18.06431,-23.50485,4.959854,18.0954,-22.35176,4.947072,17.95608
260.278,-23.69942,5.060343,18.06431,-23.50485,4.959854,18.0954,-22.35176,4.947072,17.95608
260.2884,-23.69787,5.059746,18.06765,-23.50485,4.959854,18.0954,-22.35176,4.947072,17.95608
260.3029,-23.69953,5.059905,18.06762,-23.50485,4.959854,18.0954,-22.35176,4.947072,17.95608
260.3175,-23.69953,5.059905,18.06762,-23.50485,4.959854,18.0954,-22.35176,4.947072,17.95608
260.3291,-23.69793,5.05953,18.06931,-23.50485,4.959854,18.0954,-22.35176,4.947072,17.95608
260.3423,-23.69793,5.059531,18.06931,-23.50485,4.959854,18.0954,-22.35176,4.947072,17.95608
260.3554,-23.69793,5.059531,18.06931,-23.50485,4.959854,18.0954,-22.35176,4.947072,17.95608
260.3665,-23.69798,5.059318,18.07096,-23.50485,4.959854,18.0954,-22.35176,4.947072,17.95608
260.3812,-23.69798,5.059318,18.07096,-23.50485,4.959854,18.0954,-22.35176,4.947072,17.95608
260.3947,-23.69798,5.059318,18.07096,-23.50485,4.959854,18.0954,-22.35176,4.947072,17.95608
260.4055,-23.69798,5.059318,18.07096,-23.50485,4.959854,18.0954,-22.35176,4.947072,17.95608
260.4203,-23.69803,5.059106,18.07262,-23.50485,4.959854,18.0954,-22.35176,4.947072,17.95608
260.4364,-23.69803,5.059106,18.07262,-23.50485,4.959854,18.0954,-22.35176,4.947072,17.95608
260.448,-23.69732,5.059106,18.0727,-23.50485,4.959854,18.0954,-22.35176,4.947072,17.95608
260.4611,-23.69732,5.059106,18.0727,-23.50485,4.959854,18.0954,-22.35176,4.947072,17.95608
260.4743,-23.69732,5.059106,18.0727,-23.50485,4.959854,18.0954,-22.35176,4.947072,17.95608
260.4849,-23.69732,5.059106,18.0727,-23.50485,4.959854,18.0954,-22.35176,4.947072,17.95608
260.4987,-23.69732,5.059106,18.0727,-23.50485,4.959854,18.0954,-22.35176,4.947072,17.95608
260.5095,-23.69732,5.059106,18.0727,-23.50485,4.959854,18.0954,-22.35176,4.947072,17.95608
260.526,-23.69662,5.059106,18.07278,-23.50485,4.959854,18.0954,-22.35176,4.947072,17.95608
260.5412,-23.69662,5.059106,18.07278,-23.50485,4.959854,18.0954,-22.35176,4.947072,17.95608
260.5551,-23.69662,5.059106,18.07278,-23.50485,4.959854,18.0954,-22.35176,4.947072,17.95608
260.5686,-23.69662,5.059106,18.07278,-23.50485,4.959854,18.0954,-22.35176,4.947072,17.95608
260.584,-23.69662,5.059106,18.07278,-23.50485,4.959854,18.0954,-22.35176,4.947072,17.95608
260.5995,-23.69662,5.059106,18.07278,-23.50485,4.959854,18.0954,-22.35176,4.947072,17.95608
260.6122,-23.69662,5.059106,18.07278,-23.50485,4.959854,18.0954,-22.35176,4.947072,17.95608
260.6269,-23.69662,5.059106,18.07278,-23.50485,4.959854,18.0954,-22.35176,4.947072,17.95608
260.6422,-23.69656,5.059318,18.07112,-23.50485,4.959854,18.0954,-22.35176,4.947072,17.95608
260.6595,-23.69656,5.059318,18.07112,-23.50485,4.959854,18.0954,-22.35176,4.947072,17.95608
260.6717,-23.69656,5.059318,18.07112,-23.50485,4.959854,18.0954,-22.35176,4.947072,17.95608
260.6902,-23.69656,5.059318,18.07112,-23.50485,4.959854,18.0954,-22.35176,4.947072,17.95608
260.7046,-23.69656,5.059318,18.07112,-23.50485,4.959854,18.0954,-22.35176,4.947072,17.95608
260.7187,-23.69656,5.059318,18.07112,-23.50485,4.959854,18.0954,-22.35176,4.947072,17.95608
260.7295,-23.6958,5.05953,18.06955,-23.50485,4.959854,18.0954,-22.35176,4.947072,17.95608
260.7429,-23.6958,5.05953,18.06955,-23.50485,4.959854,18.0954,-22.35176,4.947072,17.95608
260.7577,-23.6958,5.05953,18.06955,-23.50485,4.959854,18.0954,-22.35176,4.947072,17.95608
260.7719,-23.6958,5.059531,18.06955,-23.50485,4.959854,18.0954,-22.35176,4.947072,17.95608
260.7884,-23.6958,5.05953,18.06955,-23.50485,4.959854,18.0954,-22.35176,4.947072,17.95608
260.8034,-23.69415,5.059376,18.06958,-23.50485,4.959854,18.0954,-22.35176,4.947072,17.95608
260.8182,-23.69415,5.059376,18.06958,-23.50485,4.959854,18.0954,-22.35176,4.947072,17.95608
260.8291,-23.6958,5.05953,18.06955,-23.50485,4.959854,18.0954,-22.35176,4.947072,17.95608
260.8422,-23.6958,5.05953,18.06955,-23.50485,4.959854,18.0954,-22.35176,4.947072,17.95608
260.8576,-23.6958,5.05953,18.06955,-23.50485,4.959854,18.0954,-22.35176,4.947072,17.95608
260.8692,-23.6958,5.05953,18.06955,-23.50485,4.959854,18.0954,-22.35176,4.947072,17.95608
260.8842,-23.69675,5.059689,18.0696,-23.50485,4.959854,18.0954,-22.35176,4.947072,17.95608
260.8986,-23.69675,5.059689,18.0696,-23.50485,4.959854,18.0954,-22.35176,4.947072,17.95608
260.9099,-23.6951,5.059531,18.06963,-23.50485,4.959854,18.0954,-22.35176,4.947072,17.95608
260.924,-23.69507,5.059096,18.06899,-23.50485,4.959854,18.0954,-22.35176,4.947072,17.95608
260.9383,-23.69507,5.059096,18.06899,-23.70611,4.939639,18.05311,-22.35176,4.947072,17.95608
260.9511,-23.69507,5.059097,18.06899,-23.70611,4.939639,18.05311,-22.35176,4.947072,17.95608
260.9654,-23.69507,5.059097,18.06899,-23.70611,4.939639,18.05311,-22.35176,4.947072,17.95608
260.98,-23.69507,5.059097,18.06899,-23.70611,4.939639,18.05311,-22.35176,4.947072,17.95608
260.9916,-23.69507,5.059097,18.06899,-23.70611,4.939639,18.05311,-22.35176,4.947072,17.95608
261.0071,-23.69512,5.058883,18.07064,-23.70611,4.939639,18.05311,-22.35176,4.947072,17.95608
261.0221,-23.69347,5.058726,18.07067,-23.70611,4.940005,18.055,-22.35176,4.947072,17.95608
261.0371,-23.69347,5.058726,18.07067,-23.70429,4.939979,18.05505,-22.35176,4.947072,17.95608
261.0497,-23.69357,5.058304,18.07398,-23.70429,4.939979,18.05505,-22.35176,4.947072,17.95608
261.0642,-23.69352,5.058515,18.07233,-23.7043,4.94071,18.05882,-22.35176,4.947072,17.95608
261.082,-23.69352,5.058515,18.07233,-23.7043,4.940346,18.05694,-22.35176,4.947072,17.95608
261.0981,-23.69352,5.058515,18.07233,-23.7043,4.940346,18.05694,-22.35176,4.947072,17.95608
261.1115,-23.69518,5.058671,18.0723,-23.7043,4.940346,18.05694,-22.35176,4.947072,17.95608
261.1293,-23.69352,5.058515,18.07233,-23.70612,4.94037,18.05688,-22.35176,4.947072,17.95608
261.1487,-23.69518,5.058671,18.0723,-23.7043,4.940346,18.05694,-22.35176,4.947072,17.95608
261.1661,-23.69518,5.058671,18.0723,-23.70612,4.94037,18.05688,-22.35176,4.947072,17.95608
261.187,-23.69518,5.058671,18.0723,-23.70612,4.94037,18.05688,-22.35176,4.947072,17.95608
261.207,-23.69518,5.058671,18.0723,-23.70612,4.94037,18.05688,-22.35176,4.947072,17.95608
261.2255,-23.69518,5.058671,18.0723,-23.70612,4.94037,18.05688,-22.35176,4.947072,17.95608
261.2421,-23.69518,5.058671,18.0723,-23.70612,4.94037,18.05688,-22.35176,4.947072,17.95608
261.2573,-23.69518,5.058671,18.0723,-23.70612,4.94037,18.05688,-22.35176,4.947072,17.95608
261.2747,-23.69347,5.058726,18.07067,-23.70612,4.94037,18.05688,-22.35176,4.947072,17.95608
261.2931,-23.69518,5.058671,18.0723,-23.7043,4.939979,18.05505,-22.35176,4.947072,17.95608
261.3081,-23.69512,5.058883,18.07064,-23.70612,4.94037,18.05688,-22.35176,4.947072,17.95608
261.3221,-23.69347,5.058726,18.07067,-23.70612,4.940005,18.055,-22.35176,4.947072,17.95608
261.3371,-23.69347,5.058726,18.07067,-23.70429,4.939979,18.05505,-22.35176,4.947072,17.95608
261.3512,-23.69347,5.058726,18.07067,-23.70429,4.939979,18.05505,-22.35176,4.947072,17.95608
261.3663,-23.69276,5.058727,18.07075,-23.70429,4.939979,18.05504,-22.35176,4.947072,17.95608
261.3818,-23.69441,5.058883,18.07072,-23.70359,4.939982,18.05513,-22.35176,4.947072,17.95608
261.3976,-23.69441,5.058883,18.07072,-23.70541,4.940007,18.05508,-22.35176,4.947072,17.95608
261.413,-23.68891,5.058353,18.06872,-23.70541,4.940007,18.05508,-22.35176,4.947072,17.95608
261.4307,-23.68896,5.058139,18.07038,-23.69809,4.956411,18.05515,-22.35176,4.947072,17.95608
261.4503,-23.6866,5.057987,18.07048,-23.69807,4.956998,18.05704,-22.35176,4.947072,17.95608
261.4656,-23.68494,5.057837,18.07051,-23.69566,4.95591,18.05704,-22.35176,4.947072,17.95608
261.4796,-23.68494,5.057837,18.07051,-23.69386,4.955921,18.05709,-22.35176,4.947072,17.95608
261.4922,-23.68329,5.05769,18.07054,-23.69386,4.955921,18.05709,-22.35176,4.947072,17.95608
261.5072,-23.68329,5.05769,18.07054,-23.69213,4.955183,18.05705,-22.35176,4.947072,17.95608
261.5231,-23.68329,5.05769,18.07054,-23.69213,4.955183,18.05704,-22.35176,4.947072,17.95608
261.5381,-23.68329,5.05769,18.07054,-23.69213,4.955183,18.05704,-22.35176,4.947072,17.95608
261.5512,-23.68334,5.057477,18.0722,-23.69213,4.955183,18.05704,-22.35176,4.947072,17.95608
261.5686,-23.68173,5.057121,18.07388,-23.69217,4.955102,18.05885,-22.35176,4.947072,17.95608
261.5847,-23.68178,5.056911,18.07554,-23.69067,4.951873,18.0603,-22.35176,4.947072,17.95608
261.6004,-23.68178,5.056911,18.07554,-23.69157,4.941741,18.06083,-22.35176,4.947072,17.95608
261.6194,-23.68178,5.056911,18.07554,-23.69157,4.941741,18.06083,-22.35176,4.947072,17.95608
261.6339,-23.68178,5.056911,18.07554,-23.69157,4.941741,18.06083,-22.35176,4.947072,17.95608
261.649,-23.68178,5.056911,18.07554,-23.69157,4.941741,18.06083,-22.35176,4.947072,17.95608
261.6635,-23.68013,5.056769,18.07557,-23.69157,4.941741,18.06083,-22.35176,4.947072,17.95608
261.6782,-23.68013,5.056769,18.07557,-23.68973,4.942106,18.06093,-22.35176,4.947072,17.95608
261.6901,-23.68013,5.05677,18.07557,-23.68973,4.942106,18.06093,-22.35176,4.947072,17.95608
261.7063,-23.68013,5.05677,18.07557,-23.68973,4.942106,18.06093,-22.35176,4.947072,17.95608
261.7216,-23.68013,5.056769,18.07557,-23.68973,4.942106,18.06093,-22.35176,4.947072,17.95608
261.738,-23.68013,5.056769,18.07557,-23.68973,4.942106,18.06093,-22.35176,4.947072,17.95608
261.7506,-23.68014,5.0565,18.076,-23.68973,4.942106,18.06093,-22.35176,4.947072,17.95608
261.766,-23.68085,5.0565,18.07593,-23.68972,4.942172,18.06141,-22.35176,4.947072,17.95608
261.7807,-23.68085,5.0565,18.07593,-23.69043,4.942022,18.06131,-22.35176,4.947072,17.95608
261.7999,-23.68085,5.0565,18.07593,-23.69043,4.942022,18.06131,-22.35176,4.947072,17.95608
261.8157,-23.68085,5.056499,18.07593,-23.69043,4.942022,18.06131,-22.35176,4.947072,17.95608
261.832,-23.6825,5.056643,18.0759,-23.69043,4.942022,18.06131,-22.35176,4.947072,17.95608
261.8487,-23.68416,5.056787,18.07587,-23.69228,4.941674,18.06121,-22.35176,4.947072,17.95608
261.8657,-23.68244,5.057121,18.0738,-23.69323,4.951608,18.06243,-22.35176,4.947072,17.95608
261.8843,-23.68409,5.057267,18.07377,-23.69126,4.953255,18.0604,-22.35176,4.947072,17.95608
261.9028,-23.684,5.05769,18.07047,-23.69294,4.954656,18.06053,-22.35176,4.947072,17.95608
261.9207,-23.68395,5.057905,18.06881,-23.6928,4.955494,18.05701,-22.35176,4.947072,17.95608
261.9404,-23.68385,5.058341,18.0655,-23.69283,4.954828,18.0551,-22.35176,4.947072,17.95608
261.9563,-23.68385,5.058341,18.0655,-23.69406,4.939771,18.04942,-22.35176,4.947072,17.95608
261.9715,-23.6844,5.05901,18.06046,-23.69406,4.939771,18.04942,-22.35176,4.947072,17.95608
261.9865,-23.68435,5.059237,18.05881,-23.69475,4.938729,18.04368,-22.35176,4.947072,17.95608
262.0012,-23.68601,5.059384,18.05878,-23.69474,4.938416,18.04179,-22.35176,4.947072,17.95608
262.0175,-23.68601,5.059384,18.05878,-23.6966,4.938047,18.04169,-22.35176,4.947072,17.95608
262.0331,-23.68591,5.059846,18.05548,-23.6966,4.938047,18.04169,-22.35176,4.947072,17.95608
262.0497,-23.68516,5.06008,18.0539,-23.69659,4.93742,18.03791,-22.35176,4.947072,17.95608
262.0659,-23.68516,5.06008,18.0539,-23.69587,4.937257,18.03612,-22.35176,4.947072,17.95608
262.0829,-23.68681,5.06023,18.05387,-23.69587,4.937257,18.03612,-22.35176,4.947072,17.95608
262.098,-23.68681,5.06023,18.05387,-23.69773,4.936886,18.03601,-22.35176,4.947072,17.95608
262.1112,-23.68606,5.060465,18.0523,-23.69773,4.936886,18.03601,-22.35176,4.947072,17.95608
262.1272,-23.68606,5.060465,18.0523,-23.69703,4.936722,18.03422,-22.35176,4.947072,17.95608
262.1433,-23.68676,5.060465,18.05222,-23.69703,4.936722,18.03422,-22.35176,4.947072,17.95608
262.1599,-23.68676,5.060465,18.05222,-23.69773,4.936572,18.03411,-22.35176,4.947072,17.95608
262.1721,-23.68838,5.060584,18.05098,-23.69773,4.936572,18.03411,-22.35176,4.947072,17.95608
262.1902,-23.68843,5.060348,18.05263,-23.69958,4.93597,18.0326,-22.35176,4.947072,17.95608
262.2067,-23.68838,5.060584,18.05098,-23.69958,4.936285,18.0345,-22.35176,4.947072,17.95608
262.2244,-23.68838,5.060584,18.05098,-23.69958,4.93597,18.0326,-22.35176,4.947072,17.95608
262.2386,-23.68838,5.060584,18.05098,-23.69958,4.93597,18.0326,-22.35176,4.947072,17.95608
262.2511,-23.6884,5.060314,18.05142,-23.69958,4.93597,18.0326,-22.35176,4.947072,17.95608
262.2665,-23.68845,5.059505,18.05274,-23.69956,4.936055,18.03309,-22.35176,4.947072,17.95608
262.2819,-23.68847,5.059234,18.05318,-23.69952,4.936309,18.03457,-22.35176,4.947072,17.95608
262.2972,-23.68847,5.059234,18.05318,-23.6995,4.936394,18.03506,-22.35176,4.947072,17.95608
262.3101,-23.68854,5.058727,18.05527,-23.6995,4.936394,18.03506,-22.35176,4.947072,17.95608
262.3265,-23.68864,5.058257,18.05857,-23.69949,4.936793,18.03745,-22.35176,4.947072,17.95608
262.3411,-23.6887,5.057755,18.06067,-23.6995,4.937422,18.04123,-22.35176,4.947072,17.95608
262.358,-23.6887,5.057755,18.06067,-23.69949,4.937819,18.04361,-22.35176,4.947072,17.95608
262.3704,-23.68885,5.057073,18.06562,-23.69949,4.937819,18.04361,-22.35176,4.947072,17.95608
262.3859,-23.689,5.05641,18.07059,-23.6995,4.938784,18.04926,-22.35176,4.947072,17.95608
262.4006,-23.68905,5.056192,18.07224,-23.69795,4.956971,18.05722,-22.35176,4.947072,17.95608
262.4167,-23.68905,5.056192,18.07224,-23.69796,4.957267,18.05907,-22.35176,4.947072,17.95608
262.43,-23.68914,5.055765,18.07555,-23.69796,4.957267,18.05907,-22.35176,4.947072,17.95608
262.4458,-23.68914,5.055765,18.07555,-23.69799,4.957544,18.06273,-22.35176,4.947072,17.95608
262.462,-23.68914,5.055765,18.07555,-23.69799,4.957543,18.06273,-22.35176,4.947072,17.95608
262.4777,-23.68914,5.055765,18.07555,-23.69799,4.957543,18.06273,-22.35176,4.947072,17.95608
262.4914,-23.6899,5.055555,18.07713,-23.69799,4.957543,18.06273,-22.35176,4.947072,17.95608
262.5099,-23.68995,5.055346,18.07878,-23.69878,4.957027,18.06439,-22.35176,4.947072,17.95608
262.5266,-23.68995,5.055346,18.07878,-23.69888,4.956222,18.0661,-22.35176,4.947072,17.95608
262.5454,-23.68995,5.055346,18.07878,-23.69888,4.956222,18.0661,-22.35176,4.947072,17.95608
262.5653,-23.68929,5.05514,18.08051,-23.69888,4.956222,18.0661,-22.35176,4.947072,17.95608
262.5855,-23.68924,5.055346,18.07886,-23.69818,4.956475,18.06803,-22.35176,4.947072,17.95608
262.6092,-23.68924,5.055346,18.07886,-23.69809,4.957195,18.06631,-22.35176,4.947072,17.95608
262.6261,-23.68853,5.055346,18.07894,-23.69809,4.957195,18.06631,-22.35176,4.947072,17.95608
262.6435,-23.68686,5.055466,18.07853,-23.69735,4.957542,18.06643,-22.35176,4.947072,17.95608
262.6607,-23.68851,5.055617,18.0785,-23.69556,4.957643,18.06602,-22.35176,4.947072,17.95608
262.679,-23.68851,5.055617,18.0785,-23.69736,4.957581,18.06596,-22.35176,4.947072,17.95608
262.6928,-23.68676,5.055884,18.07522,-23.69736,4.957581,18.06596,-22.35176,4.947072,17.95608
262.7112,-23.69012,5.055978,18.07682,-23.69558,4.956731,18.06228,-22.35176,4.947072,17.95608
262.7296,-23.68842,5.056036,18.07519,-23.69921,4.956563,18.06397,-22.35176,4.947072,17.95608
262.7498,-23.68771,5.056035,18.07527,-23.6973,4.95748,18.06233,-22.35176,4.947072,17.95608
262.7663,-23.68771,5.056036,18.07527,-23.6966,4.957406,18.0624,-22.35176,4.947072,17.95608
262.7816,-23.687,5.056036,18.07534,-23.6966,4.957406,18.0624,-22.35176,4.947072,17.95608
262.7978,-23.687,5.056036,18.07534,-23.69594,4.956995,18.06243,-22.35176,4.947072,17.95608
262.8105,-23.68627,5.056684,18.07441,-23.69594,4.956995,18.06243,-22.35176,4.947072,17.95608
262.8282,-23.68622,5.056898,18.07275,-23.69538,4.955707,18.06115,-22.35176,4.947072,17.95608
262.8467,-23.68551,5.056898,18.07283,-23.69535,4.955719,18.05934,-22.35176,4.947072,17.95608
262.8626,-23.68381,5.056963,18.0712,-23.69465,4.955708,18.05942,-22.35176,4.947072,17.95608
262.878,-23.68381,5.056963,18.0712,-23.69283,4.955568,18.05763,-22.35176,4.947072,17.95608
262.8912,-23.68381,5.056963,18.0712,-23.69283,4.955568,18.05763,-22.35176,4.947072,17.95608
262.9081,-23.68546,5.057115,18.07117,-23.69283,4.955568,18.05763,-22.35176,4.947072,17.95608
262.9235,-23.68377,5.057181,18.06954,-23.69459,4.956013,18.05764,-22.35176,4.947072,17.95608
262.9393,-23.68377,5.057181,18.06954,-23.69284,4.955155,18.05576,-22.35176,4.947072,17.95608
262.9521,-23.68377,5.057181,18.06954,-23.69284,4.955155,18.05576,-22.35176,4.947072,17.95608
262.9688,-23.68378,5.056911,18.06998,-23.69284,4.955155,18.05576,-22.35176,4.947072,17.95608
262.9864,-23.68444,5.057131,18.06825,-23.69282,4.955334,18.05626,-22.35176,4.947072,17.95608
263.0038,-23.68614,5.057062,18.06988,-23.69358,4.954356,18.05423,-22.35176,4.947072,17.95608
263.0203,-23.68449,5.056911,18.06991,-23.69528,4.955797,18.0562,-22.35176,4.947072,17.95608
263.0355,-23.68449,5.056911,18.06991,-23.6935,4.955595,18.05622,-22.35176,4.947072,17.95608
263.0493,-23.6852,5.056911,18.06983,-23.6935,4.955595,18.05622,-22.35176,4.947072,17.95608
263.0663,-23.6852,5.056911,18.06983,-23.69419,4.955692,18.05615,-22.35176,4.947072,17.95608
263.0839,-23.6835,5.056981,18.0682,-23.69419,4.955692,18.05615,-22.35176,4.947072,17.95608
263.1,-23.6835,5.056981,18.0682,-23.69254,4.953614,18.0541,-22.35176,4.947072,17.95608
263.1136,-23.68591,5.056911,18.06976,-23.69254,4.953614,18.0541,-22.35176,4.947072,17.95608
263.1298,-23.68661,5.056911,18.06968,-23.69489,4.95575,18.05608,-22.35176,4.947072,17.95608
263.1466,-23.68664,5.056963,18.07089,-23.6956,4.955661,18.05599,-22.35176,4.947072,17.95608
263.1622,-23.68738,5.057017,18.07203,-23.6956,4.955661,18.05599,-22.35176,4.947072,17.95608
263.1784,-23.68738,5.057017,18.07203,-23.6956,4.955661,18.05599,-22.35176,4.947072,17.95608
263.1931,-23.68896,5.057088,18.07704,-23.6956,4.955661,18.05599,-22.35176,4.947072,17.95608
263.2072,-23.68905,5.056676,18.08035,-23.6956,4.955661,18.05599,-22.35176,4.947072,17.95608
263.2228,-23.6891,5.056473,18.08201,-23.6956,4.955661,18.05599,-22.35176,4.947072,17.95608
263.237,-23.6891,5.056473,18.08201,-23.6956,4.955661,18.05599,-22.35176,4.947072,17.95608
263.2514,-23.69157,5.056224,18.08522,-23.6956,4.955661,18.05599,-22.35176,4.947072,17.95608
263.2684,-23.69304,5.056027,18.08671,-23.6956,4.955661,18.05599,-22.35176,4.947072,17.95608
263.2839,-23.69376,5.056028,18.08664,-23.6956,4.955661,18.05599,-22.35176,4.947072,17.95608
263.3,-23.69519,5.056027,18.08648,-23.6956,4.955661,18.05599,-22.35176,4.947072,17.95608
263.3156,-23.69519,5.056027,18.08648,-23.6956,4.955661,18.05599,-22.35176,4.947072,17.95608
263.3308,-23.69953,5.055833,18.08764,-23.6956,4.955661,18.05599,-22.35176,4.947072,17.95608
263.3507,-23.70322,5.05545,18.09054,-23.6956,4.955661,18.05599,-22.35176,4.947072,17.95608
263.367,-23.70512,5.054855,18.08953,-23.6956,4.955661,18.05599,-22.35176,4.947072,17.95608
263.3869,-23.7111,5.054376,18.08998,-23.6956,4.955661,18.05599,-22.35176,4.947072,17.95608
263.4038,-23.71475,5.054189,18.0912,-23.6956,4.955661,18.05599,-22.35176,4.947072,17.95608
263.4207,-23.71994,5.053898,18.09005,-23.6956,4.955661,18.05599,-22.35176,4.947072,17.95608
263.4388,-23.71994,5.053898,18.09005,-23.6956,4.955661,18.05599,-22.35176,4.947072,17.95608
263.4521,-23.73155,5.054533,18.08918,-23.6956,4.955661,18.05599,-22.35176,4.947072,17.95608
263.4673,-23.73936,5.05503,18.08862,-23.6956,4.955661,18.05599,-22.35176,4.947072,17.95608
263.485,-23.74644,5.055545,18.08814,-23.6956,4.955661,18.05599,-22.35176,4.947072,17.95608
263.4997,-23.74644,5.055545,18.08814,-23.6956,4.955661,18.05599,-22.35176,4.947072,17.95608
263.5121,-23.75509,5.05645,18.08593,-23.6956,4.955661,18.05599,-22.35176,4.947072,17.95608
263.5275,-23.75746,5.056634,18.08577,-23.6956,4.955661,18.05599,-22.35176,4.947072,17.95608
263.5419,-23.76138,5.057199,18.08389,-23.6956,4.955661,18.05599,-22.35176,4.947072,17.95608
263.556,-23.76138,5.057199,18.08389,-23.6956,4.955661,18.05599,-22.35176,4.947072,17.95608
263.5695,-23.76367,5.0566,18.0823,-23.6956,4.955661,18.05599,-22.35176,4.947072,17.95608
263.588,-23.7653,5.055368,18.08183,-23.6956,4.955661,18.05599,-22.35176,4.947072,17.95608
263.6049,-23.76595,5.054216,18.08088,-23.6956,4.955661,18.05599,-22.35176,4.947072,17.95608
263.6197,-23.76595,5.054216,18.08088,-23.6956,4.955661,18.05599,-22.35176,4.947072,17.95608
263.6339,-23.7659,5.049677,18.0801,-23.6956,4.955661,18.05599,-22.35176,4.947072,17.95608
263.649,-23.76508,5.046236,18.08253,-23.6956,4.955661,18.05599,-22.35176,4.947072,17.95608
263.6642,-23.76322,5.043083,18.08283,-23.6956,4.955661,18.05599,-22.35176,4.947072,17.95608
263.6817,-23.75921,5.040874,18.08689,-23.6956,4.955661,18.05599,-22.35176,4.947072,17.95608
263.6963,-23.75921,5.040874,18.08689,-23.6956,4.955661,18.05599,-22.35176,4.947072,17.95608
263.709,-23.7552,5.038689,18.09095,-23.6956,4.955661,18.05599,-22.35176,4.947072,17.95608
263.7247,-23.75047,5.037518,18.0949,-23.6956,4.955661,18.05599,-22.35176,4.947072,17.95608
263.7397,-23.75047,5.037518,18.0949,-23.6956,4.955661,18.05599,-22.35176,4.947072,17.95608
263.7516,-23.74572,5.035655,18.09865,-23.6956,4.955661,18.05599,-22.35176,4.947072,17.95608
263.7667,-23.74413,5.034945,18.09959,-23.6956,4.955661,18.05599,-22.35176,4.947072,17.95608
263.7811,-23.74266,5.033774,18.10262,-23.6956,4.955661,18.05599,-22.35176,4.947072,17.95608
263.7952,-23.74266,5.033774,18.10262,-23.6956,4.955661,18.05599,-22.35176,4.947072,17.95608
263.8071,-23.73807,5.031288,18.10876,-23.6956,4.955661,18.05599,-22.35176,4.947072,17.95608
263.8219,-23.73668,5.029952,18.11345,-23.6956,4.955661,18.05599,-22.35176,4.947072,17.95608
263.8408,-23.73426,5.028928,18.11602,-23.6956,4.955661,18.05599,-22.35176,4.947072,17.95608
263.8569,-23.73426,5.028928,18.11602,-23.6956,4.955661,18.05599,-22.35176,4.947072,17.95608
263.8731,-23.73102,5.027602,18.12024,-23.6956,4.955661,18.05599,-22.35176,4.947072,17.95608
263.8907,-23.73247,5.027603,18.12005,-23.6956,4.955661,18.05599,-22.35176,4.947072,17.95608
263.9061,-23.73165,5.027299,18.12169,-23.6956,4.955661,18.05599,-22.35176,4.947072,17.95608
263.9224,-23.73314,5.02702,18.12193,-23.6956,4.955661,18.05599,-22.35176,4.947072,17.95608
263.9377,-23.73314,5.02702,18.12193,-23.6956,4.955661,18.05599,-22.35176,4.947072,17.95608
263.9507,-23.73523,5.027186,18.11999,-23.6956,4.955661,18.05599,-22.35176,4.947072,17.95608
263.9664,-23.73436,5.027499,18.12062,-23.6956,4.955661,18.05599,-22.35176,4.947072,17.95608
263.9813,-23.73426,5.027668,18.11896,-23.6956,4.955661,18.05599,-22.35176,4.947072,17.95608
263.9969,-23.73426,5.027668,18.11896,-23.6956,4.955661,18.05599,-22.35176,4.947072,17.95608
264.0095,-23.73643,5.028147,18.11547,-23.6956,4.955661,18.05599,-22.35176,4.947072,17.95608
264.0266,-23.73788,5.028637,18.11207,-23.6956,4.955661,18.05599,-22.35176,4.947072,17.95608
264.042,-23.73787,5.029705,18.1117,-23.6956,4.955661,18.05599,-22.35176,4.947072,17.95608
264.0574,-23.73787,5.029705,18.1117,-23.6956,4.955661,18.05599,-22.35176,4.947072,17.95608
264.0708,-23.74276,5.031826,18.11008,-23.6956,4.955661,18.05599,-22.35176,4.947072,17.95608
264.093,-23.74769,5.033343,18.10947,-23.6956,4.955661,18.05599,-22.35176,4.947072,17.95608
264.114,-23.7509,5.034557,18.10786,-23.6956,4.955661,18.05599,-22.35176,4.947072,17.95608
264.1327,-23.75564,5.036478,18.10395,-23.6956,4.955661,18.05599,-22.35176,4.947072,17.95608
264.1496,-23.75816,5.037438,18.10288,-23.6956,4.955661,18.05599,-22.35176,4.947072,17.95608
264.1671,-23.76136,5.037966,18.10107,-23.6956,4.955661,18.05599,-22.35176,4.947072,17.95608
264.1865,-23.76286,5.038966,18.09833,-23.6956,4.955661,18.05599,-22.35176,4.947072,17.95608
264.2042,-23.76678,5.039513,18.09642,-23.6956,4.955661,18.05599,-22.35176,4.947072,17.95608
264.2204,-23.76836,5.039609,18.09512,-23.6956,4.955661,18.05599,-22.35176,4.947072,17.95608
264.2382,-23.76836,5.039609,18.09512,-23.6956,4.955661,18.05599,-22.35176,4.947072,17.95608
264.2507,-23.77001,5.039789,18.09505,-23.6956,4.955661,18.05599,-22.35176,4.947072,17.95608
264.2659,-23.77237,5.039972,18.09486,-23.6956,4.955661,18.05599,-22.35176,4.947072,17.95608
264.2837,-23.77566,5.040343,18.09471,-23.6956,4.955661,18.05599,-22.35176,4.947072,17.95608
264.2983,-23.77566,5.040343,18.09471,-23.6956,4.955661,18.05599,-22.35176,4.947072,17.95608
264.3107,-23.77874,5.040531,18.09441,-23.6956,4.955661,18.05599,-22.35176,4.947072,17.95608
264.3289,-23.78111,5.040721,18.09422,-23.6956,4.955661,18.05599,-22.35176,4.947072,17.95608
264.346,-23.78111,5.04072,18.09422,-23.6956,4.955661,18.05599,-22.35176,4.947072,17.95608
264.3661,-23.78275,5.040913,18.09415,-23.6956,4.955661,18.05599,-22.35176,4.947072,17.95608
264.382,-23.78275,5.040914,18.09415,-23.6956,4.955661,18.05599,-22.35176,4.947072,17.95608
264.3976,-23.78275,5.040914,18.09415,-23.6956,4.955661,18.05599,-22.35176,4.947072,17.95608
264.4109,-23.78652,5.040751,18.09293,-23.6956,4.955661,18.05599,-22.35176,4.947072,17.95608
264.4276,-23.78894,5.040389,18.09361,-23.6956,4.955661,18.05599,-22.35176,4.947072,17.95608
264.4468,-23.78883,5.039354,18.09474,-23.6956,4.955661,18.05599,-22.35176,4.947072,17.95608
264.4638,-23.7903,5.039074,18.09494,-23.6956,4.955661,18.05599,-22.35176,4.947072,17.95608
264.4809,-23.79105,5.038795,18.09525,-23.6956,4.955661,18.05599,-22.35176,4.947072,17.95608
264.4991,-23.79105,5.038795,18.09525,-23.6956,4.955661,18.05599,-22.35176,4.947072,17.95608
264.512,-23.79252,5.038514,18.09544,-23.6956,4.955661,18.05599,-22.35176,4.947072,17.95608
264.527,-23.79327,5.038234,18.09575,-23.6956,4.955661,18.05599,-22.35176,4.947072,17.95608
264.5417,-23.7933,5.037953,18.09619,-23.6956,4.955661,18.05599,-22.35176,4.947072,17.95608
264.558,-23.7933,5.037953,18.09619,-23.6956,4.955661,18.05599,-22.35176,4.947072,17.95608
264.5696,-23.79473,5.037234,18.09573,-23.6956,4.955661,18.05599,-22.35176,4.947072,17.95608
264.5855,-23.7949,5.03647,18.09825,-23.6956,4.955661,18.05599,-22.35176,4.947072,17.95608
264.6,-23.7949,5.03647,18.09825,-23.6956,4.955661,18.05599,-22.35176,4.947072,17.95608
264.613,-23.79518,5.03551,18.10242,-23.6956,4.955661,18.05599,-22.35176,4.947072,17.95608
264.6274,-23.79517,5.034788,18.10221,-23.6956,4.955661,18.05599,-22.35176,4.947072,17.95608
264.6439,-23.79462,5.034028,18.10485,-23.6956,4.955661,18.05599,-22.35176,4.947072,17.95608
264.6623,-23.79232,5.033269,18.10592,-23.6956,4.955661,18.05599,-22.35176,4.947072,17.95608
264.6806,-23.79327,5.033181,18.10639,-23.6956,4.955661,18.05599,-22.35176,4.947072,17.95608
264.7007,-23.79177,5.032509,18.10855,-23.6956,4.955661,18.05599,-22.35176,4.947072,17.95608
264.7224,-23.78779,5.031845,18.10926,-23.6956,4.955661,18.05599,-22.35176,4.947072,17.95608
264.7417,-23.78628,5.031182,18.11143,-23.6956,4.955661,18.05599,-22.35176,4.947072,17.95608
264.7588,-23.78628,5.031182,18.11143,-23.6956,4.955661,18.05599,-22.35176,4.947072,17.95608
264.7747,-23.78398,5.030429,18.11249,-23.6956,4.955661,18.05599,-22.35176,4.947072,17.95608
264.7911,-23.78237,5.029962,18.113,-23.6956,4.955661,18.05599,-22.35176,4.947072,17.95608
264.8064,-23.78003,5.029496,18.11363,-23.6956,4.955661,18.05599,-22.35176,4.947072,17.95608
264.8214,-23.78003,5.029496,18.11363,-23.6956,4.955661,18.05599,-22.35176,4.947072,17.95608
264.8399,-23.78003,5.029496,18.11363,-23.6956,4.955661,18.05599,-22.35176,4.947072,17.95608
264.8524,-23.7762,5.029315,18.11406,-23.6956,4.955661,18.05599,-22.35176,4.947072,17.95608
264.8669,-23.77461,5.02958,18.11478,-23.6956,4.955661,18.05599,-22.35176,4.947072,17.95608
264.8809,-23.77378,5.029772,18.11324,-23.6956,4.955661,18.05599,-22.35176,4.947072,17.95608
264.8983,-23.77378,5.029772,18.11324,-23.6956,4.955661,18.05599,-22.35176,4.947072,17.95608
264.9127,-23.77224,5.029404,18.11497,-23.6956,4.955661,18.05599,-22.35176,4.947072,17.95608
264.9272,-23.77059,5.02923,18.11506,-23.6956,4.955661,18.05599,-22.35176,4.947072,17.95608
264.9413,-23.77049,5.029422,18.1134,-23.6956,4.955661,18.05599,-22.35176,4.947072,17.95608
264.9553,-23.77049,5.029422,18.1134,-23.6956,4.955661,18.05599,-22.35176,4.947072,17.95608
264.9671,-23.77213,5.029596,18.11332,-23.6956,4.955661,18.05599,-22.35176,4.947072,17.95608
264.9812,-23.77049,5.029422,18.1134,-23.6956,4.955661,18.05599,-22.35176,4.947072,17.95608
264.998,-23.77049,5.029422,18.1134,-23.6956,4.955661,18.05599,-22.35176,4.947072,17.95608
265.0127,-23.77111,5.029615,18.11164,-23.6956,4.955661,18.05599,-22.35176,4.947072,17.95608
265.0272,-23.77126,5.029864,18.11393,-23.6956,4.955661,18.05599,-22.35176,4.947072,17.95608
265.0418,-23.77126,5.029864,18.11393,-23.6956,4.955661,18.05599,-22.35176,4.947072,17.95608
265.0556,-23.77126,5.029864,18.11393,-23.6956,4.955661,18.05599,-22.35176,4.947072,17.95608
265.0687,-23.77024,5.029885,18.11225,-23.6956,4.955661,18.05599,-22.35176,4.947072,17.95608
265.0836,-23.77096,5.029885,18.11214,-23.6956,4.955661,18.05599,-22.35176,4.947072,17.95608
265.0997,-23.77096,5.029885,18.11214,-23.6956,4.955661,18.05599,-22.35176,4.947072,17.95608
265.1114,-23.77096,5.029884,18.11214,-23.6956,4.955661,18.05599,-22.35176,4.947072,17.95608
265.1272,-23.77096,5.029884,18.11214,-23.6956,4.955661,18.05599,-22.35176,4.947072,17.95608
265.145,-23.7733,5.03034,18.11151,-23.6956,4.955661,18.05599,-22.35176,4.947072,17.95608
265.1631,-23.7733,5.03034,18.11151,-23.6956,4.955661,18.05599,-22.35176,4.947072,17.95608
265.1786,-23.7733,5.03034,18.11151,-23.6956,4.955661,18.05599,-22.35176,4.947072,17.95608
265.1914,-23.77547,5.03034,18.11117,-23.6956,4.955661,18.05599,-22.35176,4.947072,17.95608
265.2103,-23.7777,5.030992,18.10889,-23.6956,4.955661,18.05599,-22.35176,4.947072,17.95608
265.2271,-23.78009,5.031892,18.1089,-23.6956,4.955661,18.05599,-22.35176,4.947072,17.95608
265.2423,-23.7817,5.032353,18.10838,-23.6956,4.955661,18.05599,-22.35176,4.947072,17.95608
265.2596,-23.7817,5.032353,18.10838,-23.6956,4.955661,18.05599,-22.35176,4.947072,17.95608
265.2716,-23.78335,5.032532,18.1083,-23.6956,4.955661,18.05599,-22.35176,4.947072,17.95608
265.2863,-23.78568,5.032997,18.10766,-23.6956,4.955661,18.05599,-22.35176,4.947072,17.95608
265.3006,-23.78641,5.032998,18.10754,-23.6956,4.955661,18.05599,-22.35176,4.947072,17.95608
265.3181,-23.78641,5.032998,18.10754,-23.6956,4.955661,18.05599,-22.35176,4.947072,17.95608
265.3295,-23.79167,5.033182,18.10686,-23.6956,4.955661,18.05599,-22.35176,4.947072,17.95608
265.3439,-23.79452,5.033465,18.10595,-23.6956,4.955661,18.05599,-22.35176,4.947072,17.95608
265.3581,-23.79452,5.033465,18.10595,-23.6956,4.955661,18.05599,-22.35176,4.947072,17.95608
265.3692,-23.80443,5.033645,18.1063,-23.6956,4.955661,18.05599,-22.35176,4.947072,17.95608
265.3873,-23.81182,5.034119,18.10476,-23.6956,4.955661,18.05599,-22.35176,4.947072,17.95608
265.4021,-23.817,5.033926,18.1055,-23.6956,4.955661,18.05599,-22.35176,4.947072,17.95608
265.4164,-23.817,5.033926,18.1055,-23.6956,4.955661,18.05599,-22.35176,4.947072,17.95608
265.4283,-23.82832,5.034405,18.10505,-23.6956,4.955661,18.05599,-22.35176,4.947072,17.95608
265.4423,-23.8312,5.034406,18.1045,-23.6956,4.955661,18.05599,-22.35176,4.947072,17.95608
265.4566,-23.8312,5.034406,18.1045,-23.6956,4.955661,18.05599,-22.35176,4.947072,17.95608
265.4674,-23.83553,5.034406,18.10368,-23.6956,4.955661,18.05599,-22.35176,4.947072,17.95608
265.482,-23.83862,5.034602,18.10328,-23.6956,4.955661,18.05599,-22.35176,4.947072,17.95608
265.4955,-23.83862,5.034602,18.10328,-23.6956,4.955661,18.05599,-22.35176,4.947072,17.95608
265.5106,-23.84439,5.035272,18.10023,-23.6956,4.955661,18.05599,-22.35176,4.947072,17.95608
265.5247,-23.84555,5.036382,18.09686,-23.6956,4.955661,18.05599,-22.35176,4.947072,17.95608
265.5381,-23.84555,5.036382,18.09686,-23.6956,4.955661,18.05599,-22.35176,4.947072,17.95608
265.5504,-23.84863,5.038302,18.09267,-23.6956,4.955661,18.05599,-22.35176,4.947072,17.95608
265.5659,-23.84925,5.039593,18.08813,-23.6956,4.955661,18.05599,-22.35176,4.947072,17.95608
265.5856,-23.85211,5.041647,18.08244,-23.6956,4.955661,18.05599,-22.35176,4.947072,17.95608
265.6003,-23.85383,5.042577,18.08014,-23.6956,4.955661,18.05599,-22.35176,4.947072,17.95608
265.615,-23.85383,5.042577,18.08014,-23.6956,4.955661,18.05599,-22.35176,4.947072,17.95608
265.6278,-23.85399,5.045143,18.07689,-23.6956,4.955661,18.05599,-22.35176,4.947072,17.95608
265.644,-23.85203,5.045996,18.07409,-23.6956,4.955661,18.05599,-22.35176,4.947072,17.95608
265.6598,-23.85203,5.045996,18.07409,-23.6956,4.955661,18.05599,-22.35176,4.947072,17.95608
265.6732,-23.84389,5.046104,18.07368,-23.6956,4.955661,18.05599,-22.35176,4.947072,17.95608
265.6877,-23.83618,5.045279,18.07742,-23.6956,4.955661,18.05599,-22.35176,4.947072,17.95608
265.7057,-23.82162,5.044178,18.08213,-23.6956,4.955661,18.05599,-22.35176,4.947072,17.95608
265.7244,-23.79724,5.042774,18.08832,-23.6956,4.955661,18.05599,-22.35176,4.947072,17.95608
265.7377,-23.79724,5.042774,18.08832,-23.6956,4.955661,18.05599,-22.35176,4.947072,17.95608
265.751,-23.76598,5.041606,18.09679,-23.6956,4.955661,18.05599,-22.35176,4.947072,17.95608
265.7652,-23.75067,5.042816,18.1006,-23.6956,4.955661,18.05599,-22.35176,4.947072,17.95608
265.7788,-23.75067,5.042816,18.1006,-23.6956,4.955661,18.05599,-22.35176,4.947072,17.95608
265.7898,-23.72589,5.049132,18.1063,-23.6956,4.955661,18.05599,-22.35176,4.947072,17.95608
265.8033,-23.71457,5.052826,18.10649,-23.6956,4.955661,18.05599,-22.35176,4.947072,17.95608
265.8177,-23.71457,5.052826,18.10649,-23.6956,4.955661,18.05599,-22.35176,4.947072,17.95608
265.8292,-23.70017,5.056426,18.10618,-23.6956,4.955661,18.05599,-22.35176,4.947072,17.95608
265.8431,-23.69052,5.057067,18.10647,-23.6956,4.955661,18.05599,-22.35176,4.947072,17.95608
265.8588,-23.69052,5.057067,18.10647,-23.6956,4.955661,18.05599,-22.35176,4.947072,17.95608
265.8697,-23.67857,5.056568,18.10936,-23.6956,4.955661,18.05599,-22.35176,4.947072,17.95608
265.884,-23.67553,5.05626,18.11078,-23.6956,4.955661,18.05599,-22.35176,4.947072,17.95608
265.9015,-23.67515,5.057161,18.11007,-23.6956,4.955661,18.05599,-22.35176,4.947072,17.95608
265.9158,-23.67515,5.057161,18.11007,-23.6956,4.955661,18.05599,-22.35176,4.947072,17.95608
265.9274,-23.6761,5.060533,18.11126,-23.6956,4.955661,18.05599,-22.35176,4.947072,17.95608
265.9423,-23.67934,5.062403,18.11105,-23.6956,4.955661,18.05599,-22.35176,4.947072,17.95608
265.9561,-23.67934,5.062403,18.11105,-23.6956,4.955661,18.05599,-22.35176,4.947072,17.95608
265.9674,-23.68233,5.065325,18.10842,-23.6956,4.955661,18.05599,-22.35176,4.947072,17.95608
265.9844,-23.68761,5.065853,18.10585,-23.6956,4.955661,18.05599,-22.35176,4.947072,17.95608
265.9997,-23.68761,5.065853,18.10585,-23.6956,4.955661,18.05599,-22.35176,4.947072,17.95608
266.0107,-23.70425,5.065922,18.10038,-23.6956,4.955661,18.05599,-22.35176,4.947072,17.95608
266.0238,-23.71222,5.067175,18.09852,-23.6956,4.955661,18.05599,-22.35176,4.947072,17.95608
266.0396,-23.71222,5.067175,18.09852,-23.6956,4.955661,18.05599,-22.35176,4.947072,17.95608
266.0504,-23.73207,5.070509,18.08964,-23.6956,4.955661,18.05599,-22.35176,4.947072,17.95608
266.065,-23.74622,5.073537,18.08194,-23.6956,4.955661,18.05599,-22.35176,4.947072,17.95608
266.0782,-23.74622,5.073537,18.08194,-23.6956,4.955661,18.05599,-22.35176,4.947072,17.95608
266.089,-23.76513,5.07627,18.07263,-23.6956,4.955661,18.05599,-22.35176,4.947072,17.95608
266.1023,-23.77863,5.077075,18.06589,-23.6956,4.955661,18.05599,-22.35176,4.947072,17.95608
266.1159,-23.77863,5.077075,18.06589,-23.6956,4.955661,18.05599,-22.35176,4.947072,17.95608
266.127,-23.79858,5.077861,18.05389,-23.6956,4.955661,18.05599,-22.35176,4.947072,17.95608
266.1425,-23.80761,5.077463,18.04459,-23.6956,4.955661,18.05599,-22.35176,4.947072,17.95608
266.1586,-23.80761,5.077463,18.04459,-23.6956,4.955661,18.05599,-22.35176,4.947072,17.95608
266.1732,-23.82173,5.07513,18.03068,-23.6956,4.955661,18.05599,-22.35176,4.947072,17.95608
266.1899,-23.82528,5.073934,18.02788,-23.6956,4.955661,18.05599,-22.35176,4.947072,17.95608
266.2076,-23.8285,5.073207,18.02702,-23.6956,4.955661,18.05599,-22.35176,4.947072,17.95608
266.2224,-23.8303,5.071833,18.02749,-23.6956,4.955661,18.05599,-22.35176,4.947072,17.95608
266.238,-23.8303,5.071833,18.02749,-23.6956,4.955661,18.05599,-22.35176,4.947072,17.95608
266.25,-23.83143,5.069253,18.02336,-23.6956,4.955661,18.05599,-22.35176,4.947072,17.95608
266.2673,-23.82833,5.066185,18.02219,-23.6956,4.955661,18.05599,-22.35176,4.947072,17.95608
266.2835,-23.82302,5.062003,18.0206,-23.6956,4.955661,18.05599,-22.35176,4.947072,17.95608
266.3027,-23.81933,5.058018,18.02223,-23.6956,4.955661,18.05599,-22.35176,4.947072,17.95608
266.3199,-23.81933,5.058018,18.02223,-23.6956,4.955661,18.05599,-22.35176,4.947072,17.95608
266.3309,-23.80902,5.051233,18.02949,-23.6956,4.955661,18.05599,-22.35176,4.947072,17.95608
266.3455,-23.80402,5.047614,18.03475,-23.6956,4.955661,18.05599,-22.35176,4.947072,17.95608
266.3599,-23.80402,5.047614,18.03475,-23.6956,4.955661,18.05599,-22.35176,4.947072,17.95608
266.371,-23.797,5.042768,18.04364,-23.6956,4.955661,18.05599,-22.35176,4.947072,17.95608
266.385,-23.79452,5.041703,18.04849,-23.6956,4.955661,18.05599,-22.35176,4.947072,17.95608
266.3988,-23.79452,5.041703,18.04849,-23.6956,4.955661,18.05599,-22.35176,4.947072,17.95608
266.4101,-23.79211,5.04039,18.05377,-23.6956,4.955661,18.05599,-22.35176,4.947072,17.95608
266.4263,-23.79102,5.039384,18.057,-23.6956,4.955661,18.05599,-22.35176,4.947072,17.95608
266.4434,-23.79,5.03811,18.06066,-23.6956,4.955661,18.05599,-22.35176,4.947072,17.95608
266.4601,-23.78999,5.036534,18.06456,-23.6956,4.955661,18.05599,-22.35176,4.947072,17.95608
266.4744,-23.78999,5.036534,18.06456,-23.6956,4.955661,18.05599,-22.35176,4.947072,17.95608
266.4875,-23.78751,5.032066,18.07223,-23.6956,4.955661,18.05599,-22.35176,4.947072,17.95608
266.5038,-23.7881,5.029164,18.07946,-23.6956,4.955661,18.05599,-22.35176,4.947072,17.95608
266.5174,-23.7881,5.029164,18.07946,-23.6956,4.955661,18.05599,-22.35176,4.947072,17.95608
266.5292,-23.78995,5.026814,18.0856,-23.6956,4.955661,18.05599,-22.35176,4.947072,17.95608
266.5429,-23.7899,5.026333,18.09054,-23.6956,4.955661,18.05599,-22.35176,4.947072,17.95608
266.5564,-23.7899,5.026333,18.09054,-23.6956,4.955661,18.05599,-22.35176,4.947072,17.95608
266.5695,-23.79356,5.026113,18.09438,-23.6956,4.955661,18.05599,-22.35176,4.947072,17.95608
266.5858,-23.795,5.026114,18.09414,-23.6956,4.955661,18.05599,-22.35176,4.947072,17.95608
266.5988,-23.795,5.026114,18.09414,-23.6956,4.955661,18.05599,-22.35176,4.947072,17.95608
266.6106,-23.79402,5.027216,18.09397,-23.6956,4.955661,18.05599,-22.35176,4.947072,17.95608
266.6252,-23.79564,5.027184,18.09366,-23.6956,4.955661,18.05599,-22.35176,4.947072,17.95608
266.6397,-23.79564,5.027184,18.09366,-23.6956,4.955661,18.05599,-22.35176,4.947072,17.95608
266.6501,-23.79493,5.027184,18.09378,-23.6956,4.955661,18.05599,-22.35176,4.947072,17.95608
266.6635,-23.79493,5.027184,18.09379,-23.6956,4.955661,18.05599,-22.35176,4.947072,17.95608
266.6775,-23.79493,5.027184,18.09379,-23.6956,4.955661,18.05599,-22.35176,4.947072,17.95608
266.6904,-23.79493,5.027184,18.09378,-23.6956,4.955661,18.05599,-22.35176,4.947072,17.95608
266.7041,-23.79462,5.027374,18.09216,-23.6956,4.955661,18.05599,-22.35176,4.947072,17.95608
266.7187,-23.79462,5.027374,18.09216,-23.6956,4.955661,18.05599,-22.35176,4.947072,17.95608
266.7296,-23.79625,5.027343,18.09185,-23.6956,4.955661,18.05599,-22.35176,4.947072,17.95608
266.7429,-23.79625,5.027344,18.09185,-23.6956,4.955661,18.05599,-22.35176,4.947072,17.95608
266.7572,-23.79625,5.027344,18.09185,-23.6956,4.955661,18.05599,-22.35176,4.947072,17.95608
266.7683,-23.79818,5.027126,18.09317,-23.6956,4.955661,18.05599,-22.35176,4.947072,17.95608
266.7822,-23.79871,5.027032,18.09601,-23.6956,4.955661,18.05599,-22.35176,4.947072,17.95608
266.796,-23.79871,5.027032,18.09601,-23.6956,4.955661,18.05599,-22.35176,4.947072,17.95608
266.8108,-23.79977,5.026871,18.10168,-23.6956,4.955661,18.05599,-22.35176,4.947072,17.95608
266.8289,-23.80037,5.026524,18.10494,-23.6956,4.955661,18.05599,-22.35176,4.947072,17.95608
266.8468,-23.80098,5.026185,18.10821,-23.6956,4.955661,18.05599,-22.35176,4.947072,17.95608
266.8617,-23.80249,5.025827,18.1113,-23.6956,4.955661,18.05599,-22.35176,4.947072,17.95608
266.8767,-23.80249,5.025827,18.1113,-23.6956,4.955661,18.05599,-22.35176,4.947072,17.95608
266.8882,-23.80207,5.025666,18.11305,-23.6956,4.955661,18.05599,-22.35176,4.947072,17.95608
266.9039,-23.80237,5.025506,18.11469,-23.6956,4.955661,18.05599,-22.35176,4.947072,17.95608
266.9249,-23.80268,5.025349,18.11632,-23.6956,4.955661,18.05599,-22.35176,4.947072,17.95608
266.9398,-23.80268,5.025349,18.11632,-23.6956,4.955661,18.05599,-22.35176,4.947072,17.95608
266.9538,-23.80298,5.025193,18.11795,-23.6956,4.955661,18.05599,-22.35176,4.947072,17.95608
266.9679,-23.80358,5.024888,18.12122,-23.6956,4.955661,18.05599,-22.35176,4.947072,17.95608
266.9835,-23.80347,5.024434,18.12059,-23.6956,4.955661,18.05599,-22.35176,4.947072,17.95608
266.9974,-23.80347,5.024434,18.12059,-23.6956,4.955661,18.05599,-22.35176,4.947072,17.95608
267.0093,-23.80261,5.024136,18.12411,-23.6956,4.955661,18.05599,-22.35176,4.947072,17.95608
267.025,-23.80129,5.024016,18.12604,-23.6956,4.955661,18.05599,-22.35176,4.947072,17.95608
267.0387,-23.80129,5.024016,18.12604,-23.6956,4.955661,18.05599,-22.35176,4.947072,17.95608
267.0492,-23.80241,5.024126,18.12707,-23.6956,4.955661,18.05599,-22.35176,4.947072,17.95608
267.0646,-23.80214,5.025005,18.12565,-23.6956,4.955661,18.05599,-22.35176,4.947072,17.95608
267.0781,-23.80214,5.025005,18.12565,-23.6956,4.955661,18.05599,-22.35176,4.947072,17.95608
267.0904,-23.80156,5.025419,18.12655,-23.6956,4.955661,18.05599,-22.35176,4.947072,17.95608
267.106,-23.80156,5.025419,18.12655,-23.6956,4.955661,18.05599,-22.35176,4.947072,17.95608
267.119,-23.80156,5.025419,18.12655,-23.6956,4.955661,18.05599,-22.35176,4.947072,17.95608
267.1296,-23.8011,5.026119,18.12406,-23.6956,4.955661,18.05599,-22.35176,4.947072,17.95608
267.1434,-23.80072,5.026541,18.122,-23.6956,4.955661,18.05599,-22.35176,4.947072,17.95608
267.1572,-23.80072,5.026541,18.122,-23.6956,4.955661,18.05599,-22.35176,4.947072,17.95608
267.1673,-23.80042,5.02669,18.12036,-23.6956,4.955661,18.05599,-22.35176,4.947072,17.95608
267.1808,-23.80012,5.026838,18.11873,-23.6956,4.955661,18.05599,-22.35176,4.947072,17.95608
267.1941,-23.80012,5.026838,18.11873,-23.6956,4.955661,18.05599,-22.35176,4.947072,17.95608
267.204,-23.7988,5.027143,18.11558,-23.6956,4.955661,18.05599,-22.35176,4.947072,17.95608
267.2172,-23.7988,5.027143,18.11558,-23.6956,4.955661,18.05599,-22.35176,4.947072,17.95608
267.2296,-23.7985,5.027299,18.11395,-23.6956,4.955661,18.05599,-22.35176,4.947072,17.95608
267.2434,-23.7982,5.027457,18.11231,-23.6956,4.955661,18.05599,-22.35176,4.947072,17.95608
267.2577,-23.7982,5.027457,18.11231,-23.6956,4.955661,18.05599,-22.35176,4.947072,17.95608
267.2681,-23.7976,5.027778,18.10904,-23.6956,4.955661,18.05599,-22.35176,4.947072,17.95608
267.2837,-23.7976,5.027778,18.10904,-23.6956,4.955661,18.05599,-22.35176,4.947072,17.95608
267.2984,-23.7976,5.027778,18.10904,-23.6956,4.955661,18.05599,-22.35176,4.947072,17.95608
267.3098,-23.7973,5.027943,18.10741,-23.6956,4.955661,18.05599,-22.35176,4.947072,17.95608
267.3232,-23.797,5.028109,18.10578,-23.6956,4.955661,18.05599,-22.35176,4.947072,17.95608
267.3362,-23.797,5.028109,18.10578,-23.6956,4.955661,18.05599,-22.35176,4.947072,17.95608
267.3471,-23.797,5.028109,18.10577,-23.6956,4.955661,18.05599,-22.35176,4.947072,17.95608
267.3623,-23.79671,5.028278,18.10414,-23.6956,4.955661,18.05599,-22.35176,4.947072,17.95608
267.3756,-23.79671,5.028278,18.10414,-23.6956,4.955661,18.05599,-22.35176,4.947072,17.95608
267.3862,-23.79671,5.028278,18.10414,-23.6956,4.955661,18.05599,-22.35176,4.947072,17.95608
267.4002,-23.79803,5.028425,18.10221,-23.6956,4.955661,18.05599,-22.35176,4.947072,17.95608
267.4135,-23.79803,5.028425,18.10221,-23.6956,4.955661,18.05599,-22.35176,4.947072,17.95608
267.4244,-23.79803,5.028425,18.10221,-23.6956,4.955661,18.05599,-22.35176,4.947072,17.95608
267.4383,-23.79803,5.028425,18.10221,-23.6956,4.955661,18.05599,-22.35176,4.947072,17.95608
267.4508,-23.79845,5.028596,18.10045,-23.6956,4.955661,18.05599,-22.35176,4.947072,17.95608
267.4699,-23.79683,5.028621,18.10075,-23.6956,4.955661,18.05599,-22.35176,4.947072,17.95608
267.4877,-23.79755,5.028621,18.10063,-23.6956,4.955661,18.05599,-22.35176,4.947072,17.95608
267.5036,-23.79763,5.028342,18.10106,-23.6956,4.955661,18.05599,-22.35176,4.947072,17.95608
267.5207,-23.79925,5.028318,18.10076,-23.6956,4.955661,18.05599,-22.35176,4.947072,17.95608
267.5372,-23.79925,5.028318,18.10076,-23.6956,4.955661,18.05599,-22.35176,4.947072,17.95608
267.5495,-23.79925,5.028318,18.10076,-23.6956,4.955661,18.05599,-22.35176,4.947072,17.95608
267.5642,-23.79763,5.028342,18.10106,-23.6956,4.955661,18.05599,-22.35176,4.947072,17.95608
267.5823,-23.79925,5.028317,18.10076,-23.6956,4.955661,18.05599,-22.35176,4.947072,17.95608
267.5992,-23.79925,5.028317,18.10076,-23.6956,4.955661,18.05599,-22.35176,4.947072,17.95608
267.6121,-23.79914,5.027873,18.10012,-23.6956,4.955661,18.05599,-22.35176,4.947072,17.95608
267.6257,-23.79914,5.027874,18.10012,-23.6956,4.955661,18.05599,-22.35176,4.947072,17.95608
267.6389,-23.79914,5.027874,18.10012,-23.6956,4.955661,18.05599,-22.35176,4.947072,17.95608
267.6497,-23.79872,5.0277,18.10187,-23.6956,4.955661,18.05599,-22.35176,4.947072,17.95608
267.663,-23.79842,5.027874,18.10024,-23.6956,4.955661,18.05599,-22.35176,4.947072,17.95608
267.6778,-23.79842,5.027874,18.10024,-23.6956,4.955661,18.05599,-22.35176,4.947072,17.95608
267.688,-23.79842,5.027874,18.10024,-23.6956,4.955661,18.05599,-22.35176,4.947072,17.95608
267.7016,-23.79842,5.027874,18.10024,-23.6956,4.955661,18.05599,-22.35176,4.947072,17.95608
267.715,-23.79842,5.027874,18.10024,-23.6956,4.955661,18.05599,-22.35176,4.947072,17.95608
267.7259,-23.79842,5.027874,18.10024,-23.6956,4.955661,18.05599,-22.35176,4.947072,17.95608
267.742,-23.79842,5.027874,18.10024,-23.6956,4.955661,18.05599,-22.35176,4.947072,17.95608
267.758,-23.79842,5.027874,18.10024,-23.6956,4.955661,18.05599,-22.35176,4.947072,17.95608
267.7721,-23.79679,5.027897,18.10054,-23.6956,4.955661,18.05599,-22.35176,4.947072,17.95608
267.786,-23.79842,5.027874,18.10024,-23.6956,4.955661,18.05599,-22.35176,4.947072,17.95608
267.8009,-23.7977,5.027874,18.10036,-23.6956,4.955661,18.05599,-22.35176,4.947072,17.95608
267.8152,-23.7977,5.027874,18.10036,-23.6956,4.955661,18.05599,-22.35176,4.947072,17.95608
267.8259,-23.7977,5.027874,18.10036,-23.6956,4.955661,18.05599,-22.35176,4.947072,17.95608
267.8395,-23.7977,5.027874,18.10036,-23.6956,4.955661,18.05599,-22.35176,4.947072,17.95608
267.8509,-23.7974,5.028049,18.09873,-23.6956,4.955661,18.05599,-22.35176,4.947072,17.95608
267.8654,-23.7974,5.028049,18.09873,-23.6956,4.955661,18.05599,-22.35176,4.947072,17.95608
267.8794,-23.7974,5.028049,18.09873,-23.6956,4.955661,18.05599,-22.35176,4.947072,17.95608
267.8908,-23.7971,5.028227,18.0971,-23.6956,4.955661,18.05599,-22.35176,4.947072,17.95608
267.9088,-23.7971,5.028227,18.0971,-23.6956,4.955661,18.05599,-22.35176,4.947072,17.95608
267.923,-23.7971,5.028227,18.0971,-23.6956,4.955661,18.05599,-22.35176,4.947072,17.95608
267.9365,-23.7971,5.028227,18.0971,-23.6956,4.955661,18.05599,-22.35176,4.947072,17.95608
267.9482,-23.79475,5.028251,18.09752,-23.6956,4.955661,18.05599,-22.35176,4.947072,17.95608
267.9624,-23.79475,5.028251,18.09752,-23.6956,4.955661,18.05599,-22.35176,4.947072,17.95608
267.9765,-23.79475,5.028251,18.09752,-23.6956,4.955661,18.05599,-22.35176,4.947072,17.95608
267.9876,-23.79403,5.028251,18.09764,-23.6956,4.955661,18.05599,-22.35176,4.947072,17.95608
268.002,-23.79566,5.028227,18.09734,-23.6956,4.955661,18.05599,-22.35176,4.947072,17.95608
268.0172,-23.79566,5.028227,18.09734,-23.6956,4.955661,18.05599,-22.35176,4.947072,17.95608
268.0286,-23.79403,5.028251,18.09764,-23.6956,4.955661,18.05599,-22.35176,4.947072,17.95608
268.0451,-23.79566,5.028227,18.09734,-23.6956,4.955661,18.05599,-22.35176,4.947072,17.95608
268.0591,-23.79566,5.028227,18.09734,-23.6956,4.955661,18.05599,-22.35176,4.947072,17.95608
268.0692,-23.79403,5.028251,18.09764,-23.6956,4.955661,18.05599,-22.35176,4.947072,17.95608
268.0831,-23.79566,5.028227,18.09734,-23.6956,4.955661,18.05599,-22.35176,4.947072,17.95608
268.0968,-23.79566,5.028227,18.09734,-23.6956,4.955661,18.05599,-22.35176,4.947072,17.95608
268.1085,-23.79566,5.028227,18.09734,-23.6956,4.955661,18.05599,-22.35176,4.947072,17.95608
268.1256,-23.79525,5.027963,18.09507,-23.6956,4.955661,18.05599,-22.35176,4.947072,17.95608
268.1395,-23.79525,5.027963,18.09507,-23.6956,4.955661,18.05599,-22.35176,4.947072,17.95608
268.151,-23.79555,5.027782,18.0967,-23.6956,4.955661,18.05599,-22.35176,4.947072,17.95608
268.1654,-23.79555,5.027782,18.0967,-23.6956,4.955661,18.05599,-22.35176,4.947072,17.95608
268.1792,-23.79555,5.027782,18.0967,-23.6956,4.955661,18.05599,-22.35176,4.947072,17.95608
268.1909,-23.79555,5.027782,18.0967,-23.6956,4.955661,18.05599,-22.35176,4.947072,17.95608
268.2039,-23.79555,5.027782,18.0967,-23.6956,4.955661,18.05599,-22.35176,4.947072,17.95608
268.2195,-23.79555,5.027782,18.0967,-23.6956,4.955661,18.05599,-22.35176,4.947072,17.95608
268.2319,-23.79555,5.027782,18.0967,-23.6956,4.955661,18.05599,-22.35176,4.947072,17.95608
268.2457,-23.79555,5.027782,18.0967,-23.6956,4.955661,18.05599,-22.35176,4.947072,17.95608
268.2606,-23.79555,5.027782,18.0967,-23.6956,4.955661,18.05599,-22.35176,4.947072,17.95608
268.2755,-23.79555,5.027782,18.0967,-23.6956,4.955661,18.05599,-22.35176,4.947072,17.95608
268.2894,-23.79555,5.027782,18.0967,-23.6956,4.955661,18.05599,-22.35176,4.947072,17.95608
268.3076,-23.79555,5.027782,18.0967,-23.6956,4.955661,18.05599,-22.35176,4.947072,17.95608
268.3266,-23.79555,5.027782,18.0967,-23.6956,4.955661,18.05599,-22.35176,4.947072,17.95608
268.3425,-23.79555,5.027782,18.0967,-23.6956,4.955661,18.05599,-22.35176,4.947072,17.95608
268.3579,-23.79555,5.027782,18.0967,-23.6956,4.955661,18.05599,-22.35176,4.947072,17.95608
268.3705,-23.79555,5.027782,18.0967,-23.6956,4.955661,18.05599,-22.35176,4.947072,17.95608
268.3842,-23.79555,5.027782,18.0967,-23.6956,4.955661,18.05599,-22.35176,4.947072,17.95608
268.3984,-23.79555,5.027782,18.0967,-23.6956,4.955661,18.05599,-22.35176,4.947072,17.95608
268.4093,-23.79555,5.027782,18.0967,-23.6956,4.955661,18.05599,-22.35176,4.947072,17.95608
268.4231,-23.79555,5.027782,18.0967,-23.6956,4.955661,18.05599,-22.35176,4.947072,17.95608
268.436,-23.79555,5.027782,18.0967,-23.6956,4.955661,18.05599,-22.35176,4.947072,17.95608
268.4469,-23.79555,5.027782,18.0967,-23.6956,4.955661,18.05599,-22.35176,4.947072,17.95608
268.4605,-23.79555,5.027782,18.0967,-23.6956,4.955661,18.05599,-22.35176,4.947072,17.95608
268.4755,-23.79555,5.027782,18.0967,-23.6956,4.955661,18.05599,-22.35176,4.947072,17.95608
268.4863,-23.79392,5.027806,18.097,-23.6956,4.955661,18.05599,-22.35176,4.947072,17.95608
268.4996,-23.79392,5.027806,18.097,-23.6956,4.955661,18.05599,-22.35176,4.947072,17.95608
268.5111,-23.79392,5.027806,18.097,-23.6956,4.955661,18.05599,-22.35176,4.947072,17.95608
268.5244,-23.79555,5.027782,18.0967,-23.6956,4.955661,18.05599,-22.35176,4.947072,17.95608
268.5381,-23.79555,5.027782,18.0967,-23.6956,4.955661,18.05599,-22.35176,4.947072,17.95608
268.5488,-23.79392,5.027806,18.097,-23.6956,4.955661,18.05599,-22.35176,4.947072,17.95608
268.5624,-23.79555,5.027782,18.0967,-23.6956,4.955661,18.05599,-22.35176,4.947072,17.95608
268.5779,-23.79555,5.027782,18.0967,-23.6956,4.955661,18.05599,-22.35176,4.947072,17.95608
268.5899,-23.79543,5.027338,18.09607,-23.6956,4.955661,18.05599,-22.35176,4.947072,17.95608
268.6029,-23.7938,5.027362,18.09636,-23.6956,4.955661,18.05599,-22.35176,4.947072,17.95608
268.6165,-23.7938,5.027362,18.09636,-23.6956,4.955661,18.05599,-22.35176,4.947072,17.95608
268.6275,-23.79543,5.027338,18.09606,-23.6956,4.955661,18.05599,-22.35176,4.947072,17.95608
268.6409,-23.7941,5.027183,18.098,-23.6956,4.955661,18.05599,-22.35176,4.947072,17.95608
268.6536,-23.7941,5.027183,18.098,-23.6956,4.955661,18.05599,-22.35176,4.947072,17.95608
268.6648,-23.79543,5.027338,18.09606,-23.6956,4.955661,18.05599,-22.35176,4.947072,17.95608
268.6783,-23.79543,5.027338,18.09606,-23.6956,4.955661,18.05599,-22.35176,4.947072,17.95608
268.6902,-23.79543,5.027338,18.09606,-23.6956,4.955661,18.05599,-22.35176,4.947072,17.95608
268.7052,-23.79543,5.027338,18.09606,-23.6956,4.955661,18.05599,-22.35176,4.947072,17.95608
268.7175,-23.79543,5.027338,18.09606,-23.6956,4.955661,18.05599,-22.35176,4.947072,17.95608
268.7279,-23.79573,5.027159,18.0977,-23.6956,4.955661,18.05599,-22.35176,4.947072,17.95608
268.741,-23.79543,5.027338,18.09606,-23.6956,4.955661,18.05599,-22.35176,4.947072,17.95608
268.7548,-23.79543,5.027338,18.09606,-23.6956,4.955661,18.05599,-22.35176,4.947072,17.95608
268.7656,-23.79581,5.02688,18.09813,-23.6956,4.955661,18.05599,-22.35176,4.947072,17.95608
268.7805,-23.79581,5.02688,18.09813,-23.6956,4.955661,18.05599,-22.35176,4.947072,17.95608
268.7948,-23.79581,5.02688,18.09813,-23.6956,4.955661,18.05599,-22.35176,4.947072,17.95608
268.8084,-23.79388,5.027084,18.09679,-23.6956,4.955661,18.05599,-22.35176,4.947072,17.95608
268.8213,-23.79388,5.027083,18.09679,-23.6956,4.955661,18.05599,-22.35176,4.947072,17.95608
268.8344,-23.79388,5.027083,18.09679,-23.6956,4.955661,18.05599,-22.35176,4.947072,17.95608
268.8456,-23.79418,5.026905,18.09842,-23.6956,4.955661,18.05599,-22.35176,4.947072,17.95608
268.8595,-23.79418,5.026905,18.09842,-23.6956,4.955661,18.05599,-22.35176,4.947072,17.95608
268.87,-23.79581,5.02688,18.09813,-23.6956,4.955661,18.05599,-22.35176,4.947072,17.95608
268.8831,-23.79581,5.02688,18.09813,-23.6956,4.955661,18.05599,-22.35176,4.947072,17.95608
268.8965,-23.79581,5.02688,18.09813,-23.6956,4.955661,18.05599,-22.35176,4.947072,17.95608
268.9107,-23.79477,5.026553,18.10169,-23.6956,4.955661,18.05599,-22.35176,4.947072,17.95608
268.9275,-23.79598,5.026357,18.10315,-23.6956,4.955661,18.05599,-22.35176,4.947072,17.95608
268.9435,-23.79627,5.026186,18.10478,-23.6956,4.955661,18.05599,-22.35176,4.947072,17.95608
268.9575,-23.79627,5.026186,18.10478,-23.6956,4.955661,18.05599,-22.35176,4.947072,17.95608
268.968,-23.79687,5.025852,18.10805,-23.6956,4.955661,18.05599,-22.35176,4.947072,17.95608
268.9815,-23.79524,5.025876,18.10835,-23.6956,4.955661,18.05599,-22.35176,4.947072,17.95608
268.9948,-23.79524,5.025876,18.10835,-23.6956,4.955661,18.05599,-22.35176,4.947072,17.95608
269.0068,-23.79524,5.025876,18.10835,-23.6956,4.955661,18.05599,-22.35176,4.947072,17.95608
269.0232,-23.79481,5.025711,18.1101,-23.6956,4.955661,18.05599,-22.35176,4.947072,17.95608
269.0409,-23.79674,5.025525,18.11144,-23.6956,4.955661,18.05599,-22.35176,4.947072,17.95608
269.0587,-23.79674,5.025525,18.11144,-23.6956,4.955661,18.05599,-22.35176,4.947072,17.95608
269.0714,-23.79674,5.025525,18.11144,-23.6956,4.955661,18.05599,-22.35176,4.947072,17.95608
269.087,-23.79674,5.025525,18.11144,-23.6956,4.955661,18.05599,-22.35176,4.947072,17.95608
269.1014,-23.79519,5.02527,18.11217,-23.6956,4.955661,18.05599,-22.35176,4.947072,17.95608
269.1204,-23.79681,5.025247,18.11187,-23.6956,4.955661,18.05599,-22.35176,4.947072,17.95608
269.1386,-23.79681,5.025247,18.11187,-23.6956,4.955661,18.05599,-22.35176,4.947072,17.95608
269.1548,-23.79681,5.025247,18.11187,-23.6956,4.955661,18.05599,-22.35176,4.947072,17.95608
269.1716,-23.79519,5.02527,18.11217,-23.6956,4.955661,18.05599,-22.35176,4.947072,17.95608
269.188,-23.79681,5.025247,18.11187,-23.6956,4.955661,18.05599,-22.35176,4.947072,17.95608
269.2014,-23.79519,5.02527,18.11217,-23.6956,4.955661,18.05599,-22.35176,4.947072,17.95608
269.215,-23.79519,5.02527,18.11217,-23.6956,4.955661,18.05599,-22.35176,4.947072,17.95608
269.2291,-23.79519,5.02527,18.11217,-23.6956,4.955661,18.05599,-22.35176,4.947072,17.95608
269.2438,-23.79681,5.025247,18.11187,-23.6956,4.955661,18.05599,-22.35176,4.947072,17.95608
269.257,-23.79681,5.025247,18.11187,-23.6956,4.955661,18.05599,-22.35176,4.947072,17.95608
269.2682,-23.79681,5.025247,18.11187,-23.6956,4.955661,18.05599,-22.35176,4.947072,17.95608
269.2827,-23.79579,5.025409,18.11035,-23.6956,4.955661,18.05599,-22.35176,4.947072,17.95608
269.2983,-23.79579,5.025409,18.11035,-23.6956,4.955661,18.05599,-22.35176,4.947072,17.95608
269.3127,-23.7955,5.025573,18.10872,-23.6956,4.955661,18.05599,-22.35176,4.947072,17.95608
269.3274,-23.79507,5.025409,18.11048,-23.6956,4.955661,18.05599,-22.35176,4.947072,17.95608
269.3438,-23.79477,5.025573,18.10884,-23.6956,4.955661,18.05599,-22.35176,4.947072,17.95608
269.3591,-23.79477,5.025573,18.10884,-23.6956,4.955661,18.05599,-22.35176,4.947072,17.95608
269.3719,-23.79477,5.025573,18.10884,-23.6956,4.955661,18.05599,-22.35176,4.947072,17.95608
269.3896,-23.79285,5.025763,18.1075,-23.6956,4.955661,18.05599,-22.35176,4.947072,17.95608
269.4035,-23.79315,5.025597,18.10914,-23.6956,4.955661,18.05599,-22.35176,4.947072,17.95608
269.4189,-23.79315,5.025597,18.10914,-23.6956,4.955661,18.05599,-22.35176,4.947072,17.95608
269.4317,-23.79285,5.025763,18.1075,-23.6956,4.955661,18.05599,-22.35176,4.947072,17.95608
269.445,-23.79448,5.025739,18.10721,-23.6956,4.955661,18.05599,-22.35176,4.947072,17.95608
269.4581,-23.79448,5.025739,18.10721,-23.6956,4.955661,18.05599,-22.35176,4.947072,17.95608
269.4686,-23.79448,5.025739,18.10721,-23.6956,4.955661,18.05599,-22.35176,4.947072,17.95608
269.4835,-23.79285,5.025763,18.1075,-23.6956,4.955661,18.05599,-22.35176,4.947072,17.95608
269.4974,-23.79285,5.025763,18.1075,-23.6956,4.955661,18.05599,-22.35176,4.947072,17.95608
269.5082,-23.79418,5.025908,18.10557,-23.6956,4.955661,18.05599,-22.35176,4.947072,17.95608
269.5215,-23.79418,5.025908,18.10557,-23.6956,4.955661,18.05599,-22.35176,4.947072,17.95608
269.5356,-23.79418,5.025908,18.10557,-23.6956,4.955661,18.05599,-22.35176,4.947072,17.95608
269.5473,-23.79418,5.025908,18.10557,-23.6956,4.955661,18.05599,-22.35176,4.947072,17.95608
269.561,-23.79256,5.025931,18.10587,-23.6956,4.955661,18.05599,-22.35176,4.947072,17.95608
269.5751,-23.79256,5.025931,18.10587,-23.6956,4.955661,18.05599,-22.35176,4.947072,17.95608
269.5879,-23.79256,5.025931,18.10587,-23.6956,4.955661,18.05599,-22.35176,4.947072,17.95608
269.6072,-23.79256,5.025931,18.10587,-23.78977,4.941446,18.09761,-22.35176,4.947072,17.95608
269.6238,-23.79226,5.026102,18.10424,-23.78977,4.941446,18.09761,-22.35176,4.947072,17.95608
269.64,-23.79226,5.026102,18.10424,-23.78945,4.941565,18.09587,-22.35176,4.947072,17.95608
269.6535,-23.79226,5.026102,18.10424,-23.78945,4.941565,18.09587,-22.35176,4.947072,17.95608
269.6698,-23.79197,5.026275,18.1026,-23.78945,4.941565,18.09587,-22.35176,4.947072,17.95608
269.6863,-23.79197,5.026275,18.1026,-23.7891,4.940609,18.09401,-22.35176,4.947072,17.95608
269.7018,-23.79167,5.026449,18.10097,-23.7891,4.940609,18.09401,-22.35176,4.947072,17.95608
269.7195,-23.79167,5.026449,18.10097,-23.78846,4.931019,18.09128,-22.35176,4.947072,17.95608
269.7325,-23.79167,5.026449,18.10097,-23.78846,4.931019,18.09128,-22.35176,4.947072,17.95608
269.7504,-23.79138,5.026626,18.09933,-23.78846,4.931019,18.09128,-22.35176,4.947072,17.95608
269.7656,-23.79138,5.026626,18.09933,-23.78815,4.931377,18.08954,-22.35176,4.947072,17.95608
269.7825,-23.79138,5.026626,18.09933,-23.78815,4.931377,18.08954,-22.35176,4.947072,17.95608
269.7979,-23.79138,5.026626,18.09933,-23.78815,4.931377,18.08954,-22.35176,4.947072,17.95608
269.812,-23.79301,5.026602,18.09904,-23.78815,4.931377,18.08954,-22.35176,4.947072,17.95608
269.8279,-23.79308,5.026324,18.09947,-23.78987,4.930578,18.08914,-22.35176,4.947072,17.95608
269.844,-23.79116,5.026526,18.09813,-23.78995,4.930485,18.08959,-22.35176,4.947072,17.95608
269.8617,-23.79279,5.026502,18.09783,-23.78792,4.931642,18.08825,-22.35176,4.947072,17.95608
269.8785,-23.79279,5.026502,18.09783,-23.78964,4.930842,18.08785,-22.35176,4.947072,17.95608
269.8914,-23.79145,5.026348,18.09976,-23.78964,4.930842,18.08785,-22.35176,4.947072,17.95608
269.907,-23.79287,5.026224,18.09826,-23.78823,4.931284,18.08999,-22.35176,4.947072,17.95608
269.9254,-23.79131,5.025968,18.09899,-23.78972,4.930749,18.0883,-22.35176,4.947072,17.95608
269.9413,-23.79146,5.025409,18.09984,-23.78809,4.931454,18.08915,-22.35176,4.947072,17.95608
269.9561,-23.79146,5.025409,18.09984,-23.78825,4.931268,18.09004,-22.35176,4.947072,17.95608
269.968,-23.79191,5.024672,18.10233,-23.78825,4.931268,18.09004,-22.35176,4.947072,17.95608
269.9832,-23.79354,5.024648,18.10203,-23.78904,4.939967,18.09362,-22.35176,4.947072,17.95608
269.9989,-23.79354,5.024648,18.10203,-23.79082,4.941268,18.09344,-22.35176,4.947072,17.95608
270.0121,-23.79191,5.024672,18.10233,-23.79082,4.941268,18.09344,-22.35176,4.947072,17.95608
270.0319,-23.79354,5.024648,18.10203,-23.78904,4.939967,18.09362,-22.35176,4.947072,17.95608
270.049,-23.79191,5.024672,18.10233,-23.79082,4.941268,18.09344,-22.35176,4.947072,17.95608
270.065,-23.79191,5.024672,18.10233,-23.78904,4.939968,18.09362,-22.35176,4.947072,17.95608
270.0836,-23.79354,5.024648,18.10203,-23.78904,4.939968,18.09362,-22.35176,4.947072,17.95608
270.101,-23.79354,5.024648,18.10203,-23.79082,4.941268,18.09344,-22.35176,4.947072,17.95608
270.1229,-23.79311,5.024471,18.10378,-23.79082,4.941268,18.09344,-22.35176,4.947072,17.95608
270.1397,-23.79311,5.024471,18.10378,-23.79043,4.941594,18.09535,-22.35176,4.947072,17.95608
270.1531,-23.79474,5.024449,18.10349,-23.79043,4.941594,18.09535,-22.35176,4.947072,17.95608
270.1688,-23.79311,5.024471,18.10378,-23.79214,4.940774,18.09495,-22.35176,4.947072,17.95608
270.1855,-23.79431,5.024273,18.10525,-23.79043,4.941594,18.09535,-22.35176,4.947072,17.95608
270.201,-23.79268,5.024296,18.10554,-23.79172,4.940346,18.09679,-22.35176,4.947072,17.95608
270.2171,-23.79268,5.024296,18.10554,-23.79002,4.941471,18.09721,-22.35176,4.947072,17.95608
270.2303,-23.79239,5.024471,18.10391,-23.79002,4.941471,18.09721,-22.35176,4.947072,17.95608
270.2483,-23.79268,5.024296,18.10554,-23.78971,4.941535,18.09546,-22.35176,4.947072,17.95608
270.2638,-23.79402,5.024449,18.10361,-23.79002,4.941471,18.09721,-22.35176,4.947072,17.95608
270.2795,-23.79402,5.024449,18.10361,-23.79144,4.941294,18.09513,-22.35176,4.947072,17.95608
270.2922,-23.79239,5.024471,18.10391,-23.79144,4.941294,18.09513,-22.35176,4.947072,17.95608
270.3079,-23.79341,5.024296,18.10542,-23.78971,4.941535,18.09546,-22.35176,4.947072,17.95608
270.3238,-23.79311,5.024471,18.10378,-23.79074,4.94134,18.09708,-22.35176,4.947072,17.95608
270.3395,-23.79311,5.024471,18.10378,-23.79043,4.941594,18.09535,-22.35176,4.947072,17.95608
270.3522,-23.79311,5.024471,18.10378,-23.79043,4.941594,18.09535,-22.35176,4.947072,17.95608
270.3695,-23.79341,5.024296,18.10542,-23.79043,4.941594,18.09535,-22.35176,4.947072,17.95608
270.387,-23.79239,5.024471,18.10391,-23.79074,4.94134,18.09708,-22.35176,4.947072,17.95608
270.4038,-23.79402,5.024449,18.10361,-23.78971,4.941535,18.09546,-22.35176,4.947072,17.95608
270.4195,-23.79402,5.024449,18.10361,-23.79144,4.941294,18.09513,-22.35176,4.947072,17.95608
270.4326,-23.79402,5.024449,18.10361,-23.79144,4.941294,18.09513,-22.35176,4.947072,17.95608
270.4479,-23.79431,5.024273,18.10525,-23.79144,4.941294,18.09513,-22.35176,4.947072,17.95608
270.4636,-23.79402,5.024449,18.10361,-23.79172,4.940346,18.09679,-22.35176,4.947072,17.95608
270.4813,-23.79402,5.024449,18.10361,-23.79144,4.941294,18.09513,-22.35176,4.947072,17.95608
270.5002,-23.79431,5.024273,18.10525,-23.79144,4.941294,18.09513,-22.35176,4.947072,17.95608
270.5178,-23.79431,5.024273,18.10525,-23.79172,4.940346,18.09679,-22.35176,4.947072,17.95608
270.5313,-23.79431,5.024273,18.10525,-23.79172,4.940346,18.09679,-22.35176,4.947072,17.95608
270.5493,-23.79239,5.02447,18.10391,-23.79172,4.940345,18.09679,-22.35176,4.947072,17.95608
270.5706,-23.79268,5.024296,18.10554,-23.78971,4.941535,18.09546,-22.35176,4.947072,17.95608
270.593,-23.79268,5.024296,18.10554,-23.79002,4.941471,18.09721,-22.35176,4.947072,17.95608
270.6109,-23.79196,5.024297,18.10566,-23.79002,4.941471,18.09722,-22.35176,4.947072,17.95608
270.6298,-23.79196,5.024296,18.10566,-23.7893,4.941456,18.09733,-22.35176,4.947072,17.95608
270.6504,-23.79359,5.024274,18.10537,-23.7893,4.941456,18.09733,-22.35176,4.947072,17.95608
270.669,-23.79359,5.024273,18.10537,-23.79103,4.94113,18.09699,-22.35176,4.947072,17.95608
270.6877,-23.79196,5.024296,18.10566,-23.79103,4.94113,18.09699,-22.35176,4.947072,17.95608
270.7039,-23.79167,5.024471,18.10403,-23.7893,4.941456,18.09733,-22.35176,4.947072,17.95608
270.7211,-23.79359,5.024274,18.10537,-23.78899,4.941379,18.09557,-22.35176,4.947072,17.95608
270.7405,-23.79359,5.024273,18.10537,-23.79103,4.94113,18.09699,-22.35176,4.947072,17.95608
270.7562,-23.79359,5.024273,18.10537,-23.79103,4.94113,18.09699,-22.35176,4.947072,17.95608
270.7693,-23.79402,5.024449,18.10361,-23.79103,4.94113,18.09699,-22.35176,4.947072,17.95608
270.7845,-23.7925,5.024917,18.10455,-23.79103,4.94113,18.09699,-22.35176,4.947072,17.95608
270.7997,-23.7925,5.024917,18.10455,-23.79103,4.94113,18.09699,-22.35176,4.947072,17.95608
270.8121,-23.79413,5.024895,18.10425,-23.79103,4.94113,18.09699,-22.35176,4.947072,17.95608
270.8269,-23.79413,5.024895,18.10425,-23.79103,4.94113,18.09699,-22.35176,4.947072,17.95608
270.8418,-23.79425,5.02534,18.10489,-23.79103,4.94113,18.09699,-22.35176,4.947072,17.95608
270.8591,-23.79425,5.02534,18.10489,-23.79103,4.94113,18.09699,-22.35176,4.947072,17.95608
270.8711,-23.79407,5.025961,18.1039,-23.79103,4.94113,18.09699,-22.35176,4.947072,17.95608
270.886,-23.79407,5.025961,18.10389,-23.79103,4.94113,18.09699,-22.35176,4.947072,17.95608
270.9035,-23.7954,5.026118,18.10197,-23.79103,4.94113,18.09699,-22.35176,4.947072,17.95608
270.9177,-23.7954,5.026118,18.10197,-23.79103,4.94113,18.09699,-22.35176,4.947072,17.95608
270.9291,-23.79523,5.026742,18.10097,-23.79103,4.94113,18.09699,-22.35176,4.947072,17.95608
270.9455,-23.79656,5.026905,18.09905,-23.79103,4.94113,18.09699,-22.35176,4.947072,17.95608
270.9607,-23.79656,5.026905,18.09905,-23.79103,4.94113,18.09699,-22.35176,4.947072,17.95608
270.977,-23.79656,5.026905,18.09905,-23.79103,4.94113,18.09699,-22.35176,4.947072,17.95608
270.9918,-23.79638,5.02753,18.09805,-23.79103,4.94113,18.09699,-22.35176,4.947072,17.95608
271.0072,-23.7971,5.02753,18.09793,-23.79103,4.94113,18.09699,-22.35176,4.947072,17.95608
271.0224,-23.7971,5.027529,18.09793,-23.79103,4.94113,18.09699,-22.35176,4.947072,17.95608
271.0385,-23.7971,5.027529,18.09793,-23.79103,4.94113,18.09699,-22.35176,4.947072,17.95608
271.0511,-23.79854,5.02753,18.09768,-23.79103,4.94113,18.09699,-22.35176,4.947072,17.95608
271.0663,-23.79763,5.027547,18.09786,-23.79103,4.94113,18.09699,-22.35176,4.947072,17.95608
271.0819,-23.8007,5.02753,18.09731,-23.79103,4.94113,18.09699,-22.35176,4.947072,17.95608
271.1,-23.8007,5.02753,18.09731,-23.79103,4.94113,18.09699,-22.35176,4.947072,17.95608
271.1132,-23.80285,5.027531,18.09694,-23.79103,4.94113,18.09699,-22.35176,4.947072,17.95608
271.1305,-23.80429,5.027459,18.09266,-23.79103,4.94113,18.09699,-22.35176,4.947072,17.95608
271.1479,-23.80724,5.027,18.09147,-23.79103,4.94113,18.09699,-22.35176,4.947072,17.95608
271.164,-23.80947,5.026721,18.09152,-23.79103,4.94113,18.09699,-22.35176,4.947072,17.95608
271.1811,-23.81135,5.02591,18.08972,-23.79103,4.94113,18.09699,-22.35176,4.947072,17.95608
271.1985,-23.81135,5.02591,18.08972,-23.79103,4.94113,18.09699,-22.35176,4.947072,17.95608
271.2126,-23.8197,5.023882,18.08862,-23.79103,4.94113,18.09699,-22.35176,4.947072,17.95608
271.2316,-23.8232,5.023232,18.08761,-23.79103,4.94113,18.09699,-22.35176,4.947072,17.95608
271.2462,-23.82638,5.023038,18.0887,-23.79103,4.94113,18.09699,-22.35176,4.947072,17.95608
271.2615,-23.83134,5.022941,18.08651,-23.79103,4.94113,18.09699,-22.35176,4.947072,17.95608
271.2769,-23.83134,5.022941,18.08651,-23.79103,4.94113,18.09699,-22.35176,4.947072,17.95608
271.2891,-23.83784,5.022494,18.08459,-23.79103,4.94113,18.09699,-22.35176,4.947072,17.95608
271.305,-23.84085,5.021769,18.08377,-23.79103,4.94113,18.09699,-22.35176,4.947072,17.95608
271.3197,-23.84085,5.021769,18.08377,-23.79103,4.94113,18.09699,-22.35176,4.947072,17.95608
271.3345,-23.84362,5.02096,18.08175,-23.79103,4.94113,18.09699,-22.35176,4.947072,17.95608
271.3503,-23.84433,5.02096,18.08161,-23.79103,4.94113,18.09699,-22.35176,4.947072,17.95608
271.3653,-23.84862,5.020762,18.08244,-23.79103,4.94113,18.09699,-22.35176,4.947072,17.95608
271.3797,-23.84862,5.020762,18.08244,-23.79103,4.94113,18.09699,-22.35176,4.947072,17.95608
271.3922,-23.8485,5.020323,18.0818,-23.79103,4.94113,18.09699,-22.35176,4.947072,17.95608
271.4073,-23.84674,5.019885,18.08149,-23.79103,4.94113,18.09699,-22.35176,4.947072,17.95608
271.4247,-23.84837,5.019886,18.08117,-23.79103,4.94113,18.09699,-22.35176,4.947072,17.95608
271.4402,-23.84804,5.020084,18.07954,-23.79103,4.94113,18.09699,-22.35176,4.947072,17.95608
271.4569,-23.84804,5.020084,18.07954,-23.79103,4.94113,18.09699,-22.35176,4.947072,17.95608
271.4695,-23.84733,5.020085,18.07968,-23.79103,4.94113,18.09699,-22.35176,4.947072,17.95608
271.4839,-23.84896,5.020088,18.07936,-23.79103,4.94113,18.09699,-22.35176,4.947072,17.95608
271.4983,-23.84896,5.020088,18.07936,-23.79103,4.94113,18.09699,-22.35176,4.947072,17.95608
271.5118,-23.84896,5.018364,18.07936,-23.79103,4.94113,18.09699,-22.35176,4.947072,17.95608
271.5278,-23.84912,5.017799,18.0802,-23.79103,4.94113,18.09699,-22.35176,4.947072,17.95608
271.5424,-23.84929,5.017232,18.08105,-23.79103,4.94113,18.09699,-22.35176,4.947072,17.95608
271.5591,-23.84929,5.017232,18.08105,-23.79103,4.94113,18.09699,-22.35176,4.947072,17.95608
271.5714,-23.84818,5.015526,18.08391,-23.79103,4.94113,18.09699,-22.35176,4.947072,17.95608
271.5919,-23.84884,5.014185,18.08723,-23.79103,4.94113,18.09699,-22.35176,4.947072,17.95608
271.6069,-23.84884,5.014185,18.08723,-23.79103,4.94113,18.09699,-22.35176,4.947072,17.95608
271.6219,-23.84721,5.014183,18.08755,-23.79103,4.94113,18.09699,-22.35176,4.947072,17.95608
271.636,-23.84721,5.014183,18.08755,-23.79103,4.94113,18.09699,-22.35176,4.947072,17.95608
271.6491,-23.84409,5.014626,18.08884,-23.79103,4.94113,18.09699,-22.35176,4.947072,17.95608
271.6637,-23.83984,5.015562,18.08822,-23.79103,4.94113,18.09699,-22.35176,4.947072,17.95608
271.6782,-23.83984,5.015562,18.08822,-23.79103,4.94113,18.09699,-22.35176,4.947072,17.95608
271.6913,-23.82506,5.016831,18.09204,-23.79103,4.94113,18.09699,-22.35176,4.947072,17.95608
271.7057,-23.81506,5.017781,18.09549,-23.79103,4.94113,18.09699,-22.35176,4.947072,17.95608
271.7226,-23.80131,5.019909,18.0981,-23.79103,4.94113,18.09699,-22.35176,4.947072,17.95608
271.7378,-23.80131,5.019909,18.0981,-23.79103,4.94113,18.09699,-22.35176,4.947072,17.95608
271.7497,-23.7869,5.021275,18.09836,-23.79103,4.94113,18.09699,-22.35176,4.947072,17.95608
271.7667,-23.77979,5.02269,18.09667,-23.79103,4.94113,18.09699,-22.35176,4.947072,17.95608
271.7818,-23.7746,5.023133,18.09606,-23.79103,4.94113,18.09699,-22.35176,4.947072,17.95608
271.8016,-23.77103,5.023508,18.09511,-23.79103,4.94113,18.09699,-22.35176,4.947072,17.95608
271.8201,-23.77094,5.023791,18.09469,-23.79103,4.94113,18.09699,-22.35176,4.947072,17.95608
271.8351,-23.77094,5.023791,18.09469,-23.79103,4.94113,18.09699,-22.35176,4.947072,17.95608
271.8477,-23.77369,5.0244,18.09154,-23.79103,4.94113,18.09699,-22.35176,4.947072,17.95608
271.8661,-23.77677,5.024806,18.09002,-23.79103,4.94113,18.09699,-22.35176,4.947072,17.95608
271.8852,-23.78335,5.025148,18.08902,-23.79103,4.94113,18.09699,-22.35176,4.947072,17.95608
271.9014,-23.78829,5.025588,18.08837,-23.79103,4.94113,18.09699,-22.35176,4.947072,17.95608
271.9166,-23.78829,5.025588,18.08837,-23.79103,4.94113,18.09699,-22.35176,4.947072,17.95608
271.9281,-23.79706,5.026784,18.08143,-23.79103,4.94113,18.09699,-22.35176,4.947072,17.95608
271.9433,-23.79974,5.028539,18.07794,-23.79103,4.94113,18.09699,-22.35176,4.947072,17.95608
271.9599,-23.79974,5.028539,18.07794,-23.79103,4.94113,18.09699,-22.35176,4.947072,17.95608
271.9709,-23.80547,5.029697,18.06788,-23.79103,4.94113,18.09699,-22.35176,4.947072,17.95608
271.9862,-23.80535,5.030622,18.06238,-23.79103,4.94113,18.09699,-22.35176,4.947072,17.95608
272.0006,-23.80756,5.031534,18.05644,-23.79103,4.94113,18.09699,-22.35176,4.947072,17.95608
272.0155,-23.80756,5.031534,18.05644,-23.79103,4.94113,18.09699,-22.35176,4.947072,17.95608
272.0268,-23.81042,5.032584,18.04882,-23.79103,4.94113,18.09699,-22.35176,4.947072,17.95608
272.0435,-23.81145,5.032941,18.04539,-23.79103,4.94113,18.09699,-22.35176,4.947072,17.95608
272.0585,-23.81145,5.032941,18.04539,-23.79103,4.94113,18.09699,-22.35176,4.947072,17.95608
272.0728,-23.81376,5.033646,18.03989,-23.79103,4.94113,18.09699,-22.35176,4.947072,17.95608
272.0869,-23.81589,5.034302,18.03845,-23.79103,4.94113,18.09699,-22.35176,4.947072,17.95608
272.1033,-23.81458,5.03631,18.03175,-23.79103,4.94113,18.09699,-22.35176,4.947072,17.95608
272.1203,-23.8127,5.039614,18.02715,-23.79103,4.94113,18.09699,-22.35176,4.947072,17.95608
272.1354,-23.8127,5.039614,18.02715,-23.79103,4.94113,18.09699,-22.35176,4.947072,17.95608
272.1485,-23.80211,5.04724,18.00282,-23.79103,4.94113,18.09699,-22.35176,4.947072,17.95608
272.1624,-23.79648,5.050828,17.99142,-23.79103,4.94113,18.09699,-22.35176,4.947072,17.95608
272.1809,-23.7854,5.05503,17.97824,-23.79103,4.94113,18.09699,-22.35176,4.947072,17.95608
272.1952,-23.7854,5.05503,17.97824,-23.79103,4.94113,18.09699,-22.35176,4.947072,17.95608
272.2069,-23.76774,5.060673,17.96269,-23.79103,4.94113,18.09699,-22.35176,4.947072,17.95608
272.2255,-23.75655,5.063794,17.95415,-23.79103,4.94113,18.09699,-22.35176,4.947072,17.95608
272.2397,-23.75655,5.063794,17.95415,-23.79103,4.94113,18.09699,-22.35176,4.947072,17.95608
272.2506,-23.7491,5.065373,17.95088,-23.79103,4.94113,18.09699,-22.35176,4.947072,17.95608
272.2684,-23.74358,5.065816,17.9522,-23.79103,4.94113,18.09699,-22.35176,4.947072,17.95608
272.2827,-23.74229,5.06526,17.95589,-23.79103,4.94113,18.09699,-22.35176,4.947072,17.95608
272.2969,-23.74229,5.06526,17.95589,-23.79103,4.94113,18.09699,-22.35176,4.947072,17.95608
272.3089,-23.73817,5.064028,17.96407,-23.79103,4.94113,18.09699,-22.35176,4.947072,17.95608
272.3246,-23.73397,5.063398,17.9701,-23.79103,4.94113,18.09699,-22.35176,4.947072,17.95608
272.3389,-23.73397,5.063398,17.9701,-23.79103,4.94113,18.09699,-22.35176,4.947072,17.95608
272.35,-23.73034,5.063116,17.97861,-23.79103,4.94113,18.09699,-22.35176,4.947072,17.95608
272.3647,-23.72916,5.062478,17.98413,-23.79103,4.94113,18.09699,-22.35176,4.947072,17.95608
272.3795,-23.72916,5.062478,17.98413,-23.79103,4.94113,18.09699,-22.35176,4.947072,17.95608
272.3928,-23.73068,5.059877,17.99569,-23.79103,4.94113,18.09699,-22.35176,4.947072,17.95608
272.4086,-23.73252,5.057767,18.00241,-23.79103,4.94113,18.09699,-22.35176,4.947072,17.95608
272.4242,-23.73571,5.055847,18.00881,-23.79103,4.94113,18.09699,-22.35176,4.947072,17.95608
272.4433,-23.74317,5.052782,18.01711,-23.79103,4.94113,18.09699,-22.35176,4.947072,17.95608
272.462,-23.75089,5.051302,18.02303,-23.79103,4.94113,18.09699,-22.35176,4.947072,17.95608
272.4795,-23.75089,5.051302,18.02303,-23.79103,4.94113,18.09699,-22.35176,4.947072,17.95608
272.4946,-23.77326,5.049145,18.02927,-23.79103,4.94113,18.09699,-22.35176,4.947072,17.95608
272.5103,-23.78437,5.048195,18.03036,-23.79103,4.94113,18.09699,-22.35176,4.947072,17.95608
272.5251,-23.79389,5.047394,18.0318,-23.79103,4.94113,18.09699,-22.35176,4.947072,17.95608
272.5398,-23.79389,5.047394,18.0318,-23.79103,4.94113,18.09699,-22.35176,4.947072,17.95608
272.5509,-23.81214,5.049566,18.03424,-23.79103,4.94113,18.09699,-22.35176,4.947072,17.95608
272.5679,-23.82388,5.053905,18.03672,-23.79103,4.94113,18.09699,-22.35176,4.947072,17.95608
272.5829,-23.83212,5.058796,18.04056,-23.79103,4.94113,18.09699,-22.35176,4.947072,17.95608
272.6008,-23.84318,5.063286,18.04287,-23.79103,4.94113,18.09699,-22.35176,4.947072,17.95608
272.6168,-23.84318,5.063286,18.04287,-23.79103,4.94113,18.09699,-22.35176,4.947072,17.95608
272.6279,-23.85802,5.070208,18.04085,-23.79103,4.94113,18.09699,-22.35176,4.947072,17.95608
272.6422,-23.86827,5.073646,18.03441,-23.79103,4.94113,18.09699,-22.35176,4.947072,17.95608
272.6571,-23.86827,5.073646,18.03441,-23.79103,4.94113,18.09699,-22.35176,4.947072,17.95608
272.6682,-23.87682,5.077858,18.01879,-23.79103,4.94113,18.09699,-22.35176,4.947072,17.95608
272.6833,-23.88317,5.079587,18.00944,-23.79103,4.94113,18.09699,-22.35176,4.947072,17.95608
272.7004,-23.88702,5.081061,18.00012,-23.79103,4.94113,18.09699,-22.35176,4.947072,17.95608
272.7145,-23.88702,5.081061,18.00012,-23.79103,4.94113,18.09699,-22.35176,4.947072,17.95608
272.7266,-23.89171,5.080119,17.98553,-23.79103,4.94113,18.09699,-22.35176,4.947072,17.95608
272.7428,-23.89541,5.078506,17.98345,-23.79103,4.94113,18.09699,-22.35176,4.947072,17.95608
272.7568,-23.89541,5.078506,17.98345,-23.79103,4.94113,18.09699,-22.35176,4.947072,17.95608
272.7696,-23.90473,5.075486,17.98562,-23.79103,4.94113,18.09699,-22.35176,4.947072,17.95608
272.7838,-23.90916,5.073729,17.98829,-23.79103,4.94113,18.09699,-22.35176,4.947072,17.95608
272.8018,-23.91465,5.072798,17.99198,-23.79103,4.94113,18.09699,-22.35176,4.947072,17.95608
272.8156,-23.91465,5.072798,17.99198,-23.79103,4.94113,18.09699,-22.35176,4.947072,17.95608
272.8269,-23.91874,5.070467,17.9981,-23.79103,4.94113,18.09699,-22.35176,4.947072,17.95608
272.8434,-23.9202,5.06958,18.00281,-23.79103,4.94113,18.09699,-22.35176,4.947072,17.95608
272.8572,-23.9202,5.06958,18.00281,-23.79103,4.94113,18.09699,-22.35176,4.947072,17.95608
272.8676,-23.92166,5.068713,18.00752,-23.79103,4.94113,18.09699,-22.35176,4.947072,17.95608
272.8811,-23.92264,5.068147,18.01066,-23.79103,4.94113,18.09699,-22.35176,4.947072,17.95608
272.8947,-23.92264,5.068147,18.01066,-23.79103,4.94113,18.09699,-22.35176,4.947072,17.95608
272.9057,-23.92306,5.067305,18.01439,-23.79103,4.94113,18.09699,-22.35176,4.947072,17.95608
272.9212,-23.92256,5.066178,18.01755,-23.79103,4.94113,18.09699,-22.35176,4.947072,17.95608
272.9348,-23.92256,5.066178,18.01755,-23.79103,4.94113,18.09699,-22.35176,4.947072,17.95608
272.9459,-23.92524,5.064272,18.01655,-23.79103,4.94113,18.09699,-22.35176,4.947072,17.95608
272.9596,-23.92524,5.064272,18.01655,-23.79103,4.94113,18.09699,-22.35176,4.947072,17.95608
272.97,-23.94707,5.062449,18.01571,-23.79103,4.94113,18.09699,-22.35176,4.947072,17.95608
272.9854,-23.9689,5.062692,18.01153,-23.79103,4.94113,18.09699,-22.35176,4.947072,17.95608
273.003,-23.98284,5.063835,18.00584,-23.79103,4.94113,18.09699,-22.35176,4.947072,17.95608
273.0174,-23.98284,5.063835,18.00584,-23.79103,4.94113,18.09699,-22.35176,4.947072,17.95608
273.0279,-23.99881,5.066342,18.0002,-23.79103,4.94113,18.09699,-22.35176,4.947072,17.95608
273.0437,-23.99069,5.069453,17.99794,-23.79103,4.94113,18.09699,-22.35176,4.947072,17.95608
273.0574,-23.99069,5.069453,17.99794,-23.79103,4.94113,18.09699,-22.35176,4.947072,17.95608
273.0681,-23.96446,5.071012,18.00131,-23.79103,4.94113,18.09699,-22.35176,4.947072,17.95608
273.0816,-23.94696,5.070858,18.00998,-23.79103,4.94113,18.09699,-22.35176,4.947072,17.95608
273.0959,-23.94696,5.070858,18.00998,-23.79103,4.94113,18.09699,-22.35176,4.947072,17.95608
273.1091,-23.92062,5.070117,18.03153,-23.79103,4.94113,18.09699,-22.35176,4.947072,17.95608
273.123,-23.90709,5.070128,18.04105,-23.79103,4.94113,18.09699,-22.35176,4.947072,17.95608
273.138,-23.90709,5.070128,18.04105,-23.79103,4.94113,18.09699,-22.35176,4.947072,17.95608
273.1522,-23.88031,5.067227,18.07594,-23.79103,4.94113,18.09699,-22.35176,4.947072,17.95608
273.167,-23.86847,5.06617,18.09535,-23.79103,4.94113,18.09699,-22.35176,4.947072,17.95608
273.1831,-23.85625,5.065505,18.11608,-23.79103,4.94113,18.09699,-22.35176,4.947072,17.95608
273.1995,-23.85625,5.065505,18.11608,-23.79103,4.94113,18.09699,-22.35176,4.947072,17.95608
273.2112,-23.84199,5.066094,18.14993,-23.79103,4.94113,18.09699,-22.35176,4.947072,17.95608
273.2264,-23.83641,5.066977,18.16518,-23.79103,4.94113,18.09699,-22.35176,4.947072,17.95608
273.2459,-23.83237,5.066638,18.18544,-23.79103,4.94113,18.09699,-22.35176,4.947072,17.95608
273.2622,-23.83133,5.066097,18.20117,-23.79103,4.94113,18.09699,-22.35176,4.947072,17.95608
273.2787,-23.83133,5.066097,18.20117,-23.79103,4.94113,18.09699,-22.35176,4.947072,17.95608
273.2908,-23.82964,5.063278,18.21996,-23.79103,4.94113,18.09699,-22.35176,4.947072,17.95608
273.305,-23.82935,5.061399,18.22715,-23.79103,4.94113,18.09699,-22.35176,4.947072,17.95608
273.3181,-23.82935,5.061399,18.22715,-23.79103,4.94113,18.09699,-22.35176,4.947072,17.95608
273.3297,-23.82996,5.059032,18.23441,-23.79103,4.94113,18.09699,-22.35176,4.947072,17.95608
273.3452,-23.83002,5.057965,18.23463,-23.79103,4.94113,18.09699,-22.35176,4.947072,17.95608
273.359,-23.83002,5.057965,18.23463,-23.79103,4.94113,18.09699,-22.35176,4.947072,17.95608
273.3691,-23.83215,5.057859,18.23068,-23.79103,4.94113,18.09699,-22.35176,4.947072,17.95608
273.3832,-23.83223,5.058071,18.22562,-23.79103,4.94113,18.09699,-22.35176,4.947072,17.95608
273.3986,-23.83223,5.058071,18.22562,-23.79103,4.94113,18.09699,-22.35176,4.947072,17.95608
273.4147,-23.83063,5.059153,18.20952,-23.79103,4.94113,18.09699,-22.35176,4.947072,17.95608
273.4296,-23.83024,5.059687,18.19697,-23.79103,4.94113,18.09699,-22.35176,4.947072,17.95608
273.4435,-23.82639,5.060621,18.18422,-23.79103,4.94113,18.09699,-22.35176,4.947072,17.95608
273.4597,-23.82639,5.060621,18.18422,-23.79103,4.94113,18.09699,-22.35176,4.947072,17.95608
273.4708,-23.82861,5.061465,18.15675,-23.79103,4.94113,18.09699,-22.35176,4.947072,17.95608
273.4849,-23.82819,5.061938,18.1426,-23.79103,4.94113,18.09699,-22.35176,4.947072,17.95608
273.5001,-23.82994,5.062178,18.12585,-23.79103,4.94113,18.09699,-22.35176,4.947072,17.95608
273.5168,-23.82994,5.062178,18.12585,-23.79103,4.94113,18.09699,-22.35176,4.947072,17.95608
273.531,-23.82422,5.063974,18.09741,-23.79103,4.94113,18.09699,-22.35176,4.947072,17.95608
273.5487,-23.82077,5.065914,18.07897,-23.79103,4.94113,18.09699,-22.35176,4.947072,17.95608
273.5621,-23.81768,5.067653,18.06584,-23.79103,4.94113,18.09699,-22.35176,4.947072,17.95608
273.577,-23.81768,5.067653,18.06584,-23.79103,4.94113,18.09699,-22.35176,4.947072,17.95608
273.5887,-23.81595,5.070072,18.04273,-23.79103,4.94113,18.09699,-22.35176,4.947072,17.95608
273.6061,-23.81595,5.070501,18.02934,-23.79103,4.94113,18.09699,-22.35176,4.947072,17.95608
273.6213,-23.81615,5.06918,18.02027,-23.79103,4.94113,18.09699,-22.35176,4.947072,17.95608
273.6352,-23.81615,5.06918,18.02027,-23.79103,4.94113,18.09699,-22.35176,4.947072,17.95608
273.6479,-23.81926,5.065392,18.00891,-23.79103,4.94113,18.09699,-22.35176,4.947072,17.95608
273.6612,-23.82543,5.062311,18.00615,-23.79103,4.94113,18.09699,-22.35176,4.947072,17.95608
273.6747,-23.82543,5.062311,18.00615,-23.79103,4.94113,18.09699,-22.35176,4.947072,17.95608
273.6854,-23.84069,5.056512,18.00534,-23.79103,4.94113,18.09699,-22.35176,4.947072,17.95608
273.7008,-23.84843,5.054026,18.00875,-23.79103,4.94113,18.09699,-22.35176,4.947072,17.95608
273.7142,-23.84843,5.054026,18.00875,-23.79103,4.94113,18.09699,-22.35176,4.947072,17.95608
273.7251,-23.85861,5.050529,18.02176,-23.79103,4.94113,18.09699,-22.35176,4.947072,17.95608
273.7388,-23.85861,5.050529,18.02176,-23.79103,4.94113,18.09699,-22.35176,4.947072,17.95608
273.7489,-23.86211,5.046533,18.03552,-23.79103,4.94113,18.09699,-22.35176,4.947072,17.95608
273.7621,-23.86208,5.043963,18.046,-23.79103,4.94113,18.09699,-22.35176,4.947072,17.95608
273.7751,-23.86208,5.043963,18.046,-23.79103,4.94113,18.09699,-22.35176,4.947072,17.95608
273.7856,-23.86074,5.038984,18.06475,-23.79103,4.94113,18.09699,-22.35176,4.947072,17.95608
273.7987,-23.86074,5.038984,18.06475,-23.79103,4.94113,18.09699,-22.35176,4.947072,17.95608
273.8094,-23.86142,5.035693,18.07783,-23.79103,4.94113,18.09699,-22.35176,4.947072,17.95608
273.8254,-23.86157,5.034521,18.08507,-23.79103,4.94113,18.09699,-22.35176,4.947072,17.95608
273.839,-23.86157,5.034521,18.08507,-23.79103,4.94113,18.09699,-22.35176,4.947072,17.95608
273.8506,-23.86132,5.03267,18.09075,-23.79103,4.94113,18.09699,-22.35176,4.947072,17.95608
273.8637,-23.86194,5.031846,18.09317,-23.79103,4.94113,18.09699,-22.35176,4.947072,17.95608
273.8779,-23.86194,5.031846,18.09317,-23.79103,4.94113,18.09699,-22.35176,4.947072,17.95608
273.8901,-23.86194,5.030896,18.09321,-23.79103,4.94113,18.09699,-22.35176,4.947072,17.95608
273.9043,-23.86194,5.030896,18.09321,-23.79103,4.94113,18.09699,-22.35176,4.947072,17.95608
273.9188,-23.86194,5.030896,18.09321,-23.79103,4.94113,18.09699,-22.35176,4.947072,17.95608
273.9297,-23.86457,5.032184,18.09461,-23.79103,4.94113,18.09699,-22.35176,4.947072,17.95608
273.9434,-23.86719,5.033476,18.09601,-23.79103,4.94113,18.09699,-22.35176,4.947072,17.95608
273.9598,-23.86719,5.033476,18.09601,-23.79103,4.94113,18.09699,-22.35176,4.947072,17.95608
273.9734,-23.86683,5.03523,18.09465,-23.79103,4.94113,18.09699,-22.35176,4.947072,17.95608
273.9886,-23.86367,5.035799,18.09204,-23.79103,4.94113,18.09699,-22.35176,4.947072,17.95608
274.0062,-23.86301,5.036179,18.08871,-23.79103,4.94113,18.09699,-22.35176,4.947072,17.95608
274.0221,-23.8579,5.036666,18.0864,-23.79103,4.94113,18.09699,-22.35176,4.947072,17.95608
274.0382,-23.8579,5.036666,18.0864,-23.79103,4.94113,18.09699,-22.35176,4.947072,17.95608
274.0513,-23.84688,5.037189,18.08314,-23.79103,4.94113,18.09699,-22.35176,4.947072,17.95608
274.0724,-23.84465,5.037698,18.08022,-23.79103,4.94113,18.09699,-22.35176,4.947072,17.95608
274.0867,-23.84243,5.038216,18.07731,-23.79103,4.94113,18.09699,-22.35176,4.947072,17.95608
274.1013,-23.84173,5.039176,18.07064,-23.79103,4.94113,18.09699,-22.35176,4.947072,17.95608
274.1166,-23.84173,5.039176,18.07064,-23.79103,4.94113,18.09699,-22.35176,4.947072,17.95608
274.128,-23.84035,5.041744,18.06026,-23.79103,4.94113,18.09699,-22.35176,4.947072,17.95608
274.1427,-23.83661,5.0434,18.05505,-23.79103,4.94113,18.09699,-22.35176,4.947072,17.95608
274.1564,-23.83661,5.0434,18.05505,-23.79103,4.94113,18.09699,-22.35176,4.947072,17.95608
274.1689,-23.83233,5.046397,18.04263,-23.79103,4.94113,18.09699,-22.35176,4.947072,17.95608
274.1873,-23.82873,5.046198,18.04386,-23.79103,4.94113,18.09699,-22.35176,4.947072,17.95608
274.2025,-23.8265,5.045689,18.04773,-23.79103,4.94113,18.09699,-22.35176,4.947072,17.95608
274.2209,-23.82903,5.045493,18.04704,-23.79103,4.94113,18.09699,-22.35176,4.947072,17.95608
274.2392,-23.82903,5.045493,18.04704,-23.79103,4.94113,18.09699,-22.35176,4.947072,17.95608
274.2554,-23.85155,5.044648,18.04094,-23.79103,4.94113,18.09699,-22.35176,4.947072,17.95608
274.2736,-23.86271,5.043387,18.0445,-23.79103,4.94113,18.09699,-22.35176,4.947072,17.95608
274.2915,-23.87119,5.041283,18.05018,-23.79103,4.94113,18.09699,-22.35176,4.947072,17.95608
274.3123,-23.87725,5.03827,18.06325,-23.79103,4.94113,18.09699,-22.35176,4.947072,17.95608
274.3277,-23.88162,5.035966,18.07339,-23.79103,4.94113,18.09699,-22.35176,4.947072,17.95608
274.3428,-23.88373,5.034701,18.08134,-23.79103,4.94113,18.09699,-22.35176,4.947072,17.95608
274.3604,-23.88616,5.033723,18.08754,-23.79103,4.94113,18.09699,-22.35176,4.947072,17.95608
274.3745,-23.88616,5.033723,18.08754,-23.79103,4.94113,18.09699,-22.35176,4.947072,17.95608
274.3874,-23.88931,5.032781,18.09359,-23.79103,4.94113,18.09699,-22.35176,4.947072,17.95608
274.4022,-23.88931,5.032781,18.09359,-23.79103,4.94113,18.09699,-22.35176,4.947072,17.95608
274.4157,-23.88931,5.032781,18.09359,-23.79103,4.94113,18.09699,-22.35176,4.947072,17.95608
274.4266,-23.87446,5.036912,18.091,-23.79103,4.94113,18.09699,-22.35176,4.947072,17.95608
274.4418,-23.85989,5.040687,18.08644,-23.79103,4.94113,18.09699,-22.35176,4.947072,17.95608
274.4552,-23.85989,5.040687,18.08644,-23.79103,4.94113,18.09699,-22.35176,4.947072,17.95608
274.4686,-23.83993,5.046009,18.07344,-23.79103,4.94113,18.09699,-22.35176,4.947072,17.95608
274.483,-23.83197,5.048267,18.06456,-23.79103,4.94113,18.09699,-22.35176,4.947072,17.95608
274.4986,-23.83197,5.048267,18.06456,-23.79103,4.94113,18.09699,-22.35176,4.947072,17.95608
274.5103,-23.82444,5.049812,18.05434,-23.79103,4.94113,18.09699,-22.35176,4.947072,17.95608
274.5242,-23.82116,5.049284,18.05493,-23.79103,4.94113,18.09699,-22.35176,4.947072,17.95608
274.5424,-23.82176,5.048288,18.05752,-23.79103,4.94113,18.09699,-22.35176,4.947072,17.95608
274.5582,-23.82176,5.048288,18.05752,-23.79103,4.94113,18.09699,-22.35176,4.947072,17.95608
274.5738,-23.82083,5.046219,18.06496,-23.79103,4.94113,18.09699,-22.35176,4.947072,17.95608
274.5891,-23.82172,5.045261,18.06874,-23.79103,4.94113,18.09699,-22.35176,4.947072,17.95608
274.61,-23.82124,5.04454,18.07395,-23.79103,4.94113,18.09699,-22.35176,4.947072,17.95608
274.6254,-23.82124,5.044541,18.07395,-23.79103,4.94113,18.09699,-22.35176,4.947072,17.95608
274.6414,-23.82299,5.044052,18.07413,-23.79103,4.94113,18.09699,-22.35176,4.947072,17.95608
274.6596,-23.82299,5.044052,18.07413,-23.79103,4.94113,18.09699,-22.35176,4.947072,17.95608
274.6733,-23.83099,5.040585,18.06758,-23.79103,4.94113,18.09699,-22.35176,4.947072,17.95608
274.6887,-23.83699,5.039577,18.06713,-23.79103,4.94113,18.09699,-22.35176,4.947072,17.95608
274.7019,-23.84285,5.038998,18.06611,-23.79103,4.94113,18.09699,-22.35176,4.947072,17.95608
274.7158,-23.84285,5.038998,18.06611,-23.79103,4.94113,18.09699,-22.35176,4.947072,17.95608
274.7264,-23.8502,5.037975,18.06411,-23.79103,4.94113,18.09699,-22.35176,4.947072,17.95608
274.7441,-23.85238,5.036248,18.0661,-23.79103,4.94113,18.09699,-22.35176,4.947072,17.95608
274.7585,-23.85238,5.036248,18.0661,-23.79103,4.94113,18.09699,-22.35176,4.947072,17.95608
274.7765,-23.85897,5.034352,18.07235,-23.79103,4.94113,18.09699,-22.35176,4.947072,17.95608
274.7907,-23.85972,5.033837,18.07557,-23.79103,4.94113,18.09699,-22.35176,4.947072,17.95608
274.8057,-23.86277,5.033916,18.07717,-23.79103,4.94113,18.09699,-22.35176,4.947072,17.95608
274.8198,-23.86277,5.033916,18.07717,-23.79103,4.94113,18.09699,-22.35176,4.947072,17.95608
274.8319,-23.86468,5.034855,18.08032,-23.79103,4.94113,18.09699,-22.35176,4.947072,17.95608
274.8456,-23.86516,5.035668,18.08147,-23.79103,4.94113,18.09699,-22.35176,4.947072,17.95608
274.8609,-23.86513,5.036304,18.08041,-23.79103,4.94113,18.09699,-22.35176,4.947072,17.95608
274.8745,-23.86513,5.036304,18.08041,-23.79103,4.94113,18.09699,-22.35176,4.947072,17.95608
274.8848,-23.86353,5.036519,18.07902,-23.79103,4.94113,18.09699,-22.35176,4.947072,17.95608
274.899,-23.86353,5.036519,18.07902,-23.79103,4.94113,18.09699,-22.35176,4.947072,17.95608
274.9095,-23.86255,5.036474,18.07797,-23.79103,4.94113,18.09699,-22.35176,4.947072,17.95608
274.9227,-23.8639,5.036398,18.0764,-23.79103,4.94113,18.09699,-22.35176,4.947072,17.95608
274.9352,-23.8639,5.036398,18.0764,-23.79103,4.94113,18.09699,-22.35176,4.947072,17.95608
274.9465,-23.86363,5.036358,18.0752,-23.79103,4.94113,18.09699,-22.35176,4.947072,17.95608
274.9613,-23.86363,5.036358,18.0752,-23.79103,4.94113,18.09699,-22.35176,4.947072,17.95608
274.9768,-23.86363,5.036358,18.0752,-23.79103,4.94113,18.09699,-22.35176,4.947072,17.95608
274.9888,-23.86489,5.036584,18.07322,-23.79103,4.94113,18.09699,-22.35176,4.947072,17.95608
275.0029,-23.86615,5.036817,18.07124,-23.79103,4.94113,18.09699,-22.35176,4.947072,17.95608
275.0205,-23.86544,5.036816,18.07139,-23.79103,4.94113,18.09699,-22.35176,4.947072,17.95608
275.0377,-23.86544,5.036816,18.07139,-23.79103,4.94113,18.09699,-22.35176,4.947072,17.95608
275.05,-23.86326,5.036755,18.07058,-23.79103,4.94113,18.09699,-22.35176,4.947072,17.95608
275.066,-23.86148,5.037019,18.06927,-23.79103,4.94113,18.09699,-22.35176,4.947072,17.95608
275.0817,-23.85756,5.036718,18.06929,-23.79103,4.94113,18.09699,-22.35176,4.947072,17.95608
275.098,-23.85756,5.036718,18.06929,-23.79103,4.94113,18.09699,-22.35176,4.947072,17.95608
275.1085,-23.85602,5.034577,18.07135,-23.79103,4.94113,18.09699,-22.35176,4.947072,17.95608
275.124,-23.8539,5.032184,18.07522,-23.79103,4.94113,18.09699,-22.35176,4.947072,17.95608
275.1383,-23.8539,5.032184,18.07522,-23.79103,4.94113,18.09699,-22.35176,4.947072,17.95608
275.1493,-23.8513,5.028341,18.08383,-23.79103,4.94113,18.09699,-22.35176,4.947072,17.95608
275.1629,-23.84945,5.026684,18.08909,-23.79103,4.94113,18.09699,-22.35176,4.947072,17.95608
275.1766,-23.84945,5.026684,18.08909,-23.79103,4.94113,18.09699,-22.35176,4.947072,17.95608
275.1869,-23.84407,5.023486,18.09741,-23.79103,4.94113,18.09699,-22.35176,4.947072,17.95608
275.2005,-23.84357,5.022059,18.10214,-23.79103,4.94113,18.09699,-22.35176,4.947072,17.95608
275.2138,-23.84357,5.022059,18.10214,-23.79103,4.94113,18.09699,-22.35176,4.947072,17.95608
275.2265,-23.84122,5.019811,18.1098,-23.79103,4.94113,18.09699,-22.35176,4.947072,17.95608
275.2411,-23.84032,5.019686,18.11272,-23.79103,4.94113,18.09699,-22.35176,4.947072,17.95608
275.255,-23.84032,5.019686,18.11272,-23.79103,4.94113,18.09699,-22.35176,4.947072,17.95608
275.2676,-23.836,5.018859,18.11466,-23.79103,4.94113,18.09699,-22.35176,4.947072,17.95608
275.281,-23.83553,5.018728,18.11605,-23.79103,4.94113,18.09699,-22.35176,4.947072,17.95608
275.2951,-23.83553,5.018728,18.11605,-23.79103,4.94113,18.09699,-22.35176,4.947072,17.95608
275.3063,-23.8346,5.017661,18.12259,-23.79103,4.94113,18.09699,-22.35176,4.947072,17.95608
275.3222,-23.83323,5.01814,18.1233,-23.79103,4.94113,18.09699,-22.35176,4.947072,17.95608
275.335,-23.83323,5.01814,18.1233,-23.79103,4.94113,18.09699,-22.35176,4.947072,17.95608
275.348,-23.82933,5.018077,18.12277,-23.79103,4.94113,18.09699,-22.35176,4.947072,17.95608
275.3626,-23.82519,5.01836,18.12189,-23.79103,4.94113,18.09699,-22.35176,4.947072,17.95608
275.3771,-23.82519,5.01836,18.12189,-23.79103,4.94113,18.09699,-22.35176,4.947072,17.95608
275.3875,-23.82212,5.018576,18.12074,-23.79103,4.94113,18.09699,-22.35176,4.947072,17.95608
275.4014,-23.82103,5.019061,18.12284,-23.79103,4.94113,18.09699,-22.35176,4.947072,17.95608
275.4145,-23.82103,5.019061,18.12284,-23.79103,4.94113,18.09699,-22.35176,4.947072,17.95608
275.425,-23.81884,5.01906,18.12323,-23.79103,4.94113,18.09699,-22.35176,4.947072,17.95608
275.4389,-23.81884,5.01906,18.12323,-23.79103,4.94113,18.09699,-22.35176,4.947072,17.95608
275.4494,-23.81754,5.019432,18.1243,-23.79103,4.94113,18.09699,-22.35176,4.947072,17.95608
275.4649,-23.81697,5.019803,18.12524,-23.79103,4.94113,18.09699,-22.35176,4.947072,17.95608
275.4812,-23.81437,5.020762,18.12447,-23.79103,4.94113,18.09699,-22.35176,4.947072,17.95608
275.4977,-23.81437,5.020762,18.12447,-23.79103,4.94113,18.09699,-22.35176,4.947072,17.95608
275.5147,-23.81226,5.021443,18.12526,-23.79103,4.94113,18.09699,-22.35176,4.947072,17.95608
275.5301,-23.81111,5.021202,18.12714,-23.79103,4.94113,18.09699,-22.35176,4.947072,17.95608
275.5466,-23.80996,5.020963,18.12901,-23.79103,4.94113,18.09699,-22.35176,4.947072,17.95608
275.5634,-23.81086,5.020928,18.12882,-23.79103,4.94113,18.09699,-22.35176,4.947072,17.95608
275.5814,-23.80811,5.021509,18.12724,-23.79103,4.94113,18.09699,-22.35176,4.947072,17.95608
275.5988,-23.80811,5.021509,18.12724,-23.79103,4.94113,18.09699,-22.35176,4.947072,17.95608
275.6108,-23.80901,5.021474,18.12705,-23.79103,4.94113,18.09699,-22.35176,4.947072,17.95608
275.6245,-23.8082,5.021782,18.12677,-23.79103,4.94113,18.09699,-22.35176,4.947072,17.95608
275.6392,-23.8082,5.021782,18.12677,-23.79103,4.94113,18.09699,-22.35176,4.947072,17.95608
275.6497,-23.8082,5.021782,18.12677,-23.79103,4.94113,18.09699,-22.35176,4.947072,17.95608
275.6632,-23.80782,5.022331,18.12474,-23.79103,4.94113,18.09699,-22.35176,4.947072,17.95608
275.6766,-23.80782,5.022331,18.12474,-23.79103,4.94113,18.09699,-22.35176,4.947072,17.95608
275.6883,-23.80774,5.022638,18.12433,-23.79103,4.94113,18.09699,-22.35176,4.947072,17.95608
275.7025,-23.80774,5.022638,18.12433,-23.79103,4.94113,18.09699,-22.35176,4.947072,17.95608
275.7156,-23.80774,5.022638,18.12433,-23.79103,4.94113,18.09699,-22.35176,4.947072,17.95608
275.7267,-23.80736,5.023188,18.1223,-23.79103,4.94113,18.09699,-22.35176,4.947072,17.95608
275.7401,-23.8077,5.023739,18.12014,-23.79103,4.94113,18.09699,-22.35176,4.947072,17.95608
275.7536,-23.8077,5.023739,18.12014,-23.79103,4.94113,18.09699,-22.35176,4.947072,17.95608
275.7637,-23.80847,5.024473,18.12023,-23.79103,4.94113,18.09699,-22.35176,4.947072,17.95608
275.7767,-23.80847,5.024473,18.12023,-23.79103,4.94113,18.09699,-22.35176,4.947072,17.95608
275.787,-23.81021,5.024936,18.11654,-23.79103,4.94113,18.09699,-22.35176,4.947072,17.95608
275.7999,-23.81021,5.024936,18.11654,-23.79103,4.94113,18.09699,-22.35176,4.947072,17.95608
275.8101,-23.81036,5.026169,18.11338,-23.79103,4.94113,18.09699,-22.35176,4.947072,17.95608
275.8233,-23.81161,5.0267,18.11104,-23.79103,4.94113,18.09699,-22.35176,4.947072,17.95608
275.8366,-23.81161,5.0267,18.11104,-23.79103,4.94113,18.09699,-22.35176,4.947072,17.95608
275.8467,-23.81262,5.027187,18.10748,-23.79103,4.94113,18.09699,-22.35176,4.947072,17.95608
275.8623,-23.81273,5.027712,18.10411,-23.79103,4.94113,18.09699,-22.35176,4.947072,17.95608
275.8755,-23.81273,5.027712,18.10411,-23.79103,4.94113,18.09699,-22.35176,4.947072,17.95608
275.8861,-23.81427,5.028906,18.09943,-23.79103,4.94113,18.09699,-22.35176,4.947072,17.95608
275.9021,-23.81467,5.029176,18.09768,-23.79103,4.94113,18.09699,-22.35176,4.947072,17.95608
275.9164,-23.81467,5.029176,18.09768,-23.79103,4.94113,18.09699,-22.35176,4.947072,17.95608
275.9268,-23.81672,5.029426,18.09561,-23.79103,4.94113,18.09699,-22.35176,4.947072,17.95608
275.9407,-23.81744,5.029425,18.09548,-23.79103,4.94113,18.09699,-22.35176,4.947072,17.95608
275.9552,-23.81744,5.029425,18.09548,-23.79103,4.94113,18.09699,-22.35176,4.947072,17.95608
275.9651,-23.81907,5.029404,18.09517,-23.79103,4.94113,18.09699,-22.35176,4.947072,17.95608
275.9796,-23.81907,5.029404,18.09517,-23.79103,4.94113,18.09699,-22.35176,4.947072,17.95608
275.9902,-23.82191,5.029354,18.09337,-23.79103,4.94113,18.09699,-22.35176,4.947072,17.95608
276.0034,-23.82263,5.029354,18.09324,-23.79103,4.94113,18.09699,-22.35176,4.947072,17.95608
276.0194,-23.82263,5.029354,18.09324,-23.79103,4.94113,18.09699,-22.35176,4.947072,17.95608
276.0317,-23.82554,5.029,18.09185,-23.79103,4.94113,18.09699,-22.35176,4.947072,17.95608
276.0534,-23.82846,5.02865,18.09046,-23.79103,4.94113,18.09699,-22.35176,4.947072,17.95608
276.068,-23.82989,5.02865,18.09019,-23.79103,4.94113,18.09699,-22.35176,4.947072,17.95608
276.0851,-23.83335,5.028049,18.09161,-23.79103,4.94113,18.09699,-22.35176,4.947072,17.95608
276.1009,-23.83723,5.026872,18.09505,-23.79103,4.94113,18.09699,-22.35176,4.947072,17.95608
276.1151,-23.83723,5.026872,18.09505,-23.79103,4.94113,18.09699,-22.35176,4.947072,17.95608
276.1268,-23.84191,5.024552,18.10254,-23.79103,4.94113,18.09699,-22.35176,4.947072,17.95608
276.1414,-23.84459,5.02428,18.10368,-23.79103,4.94113,18.09699,-22.35176,4.947072,17.95608
276.1577,-23.84459,5.02428,18.10368,-23.79103,4.94113,18.09699,-22.35176,4.947072,17.95608
276.1688,-23.84832,5.02293,18.11009,-23.79103,4.94113,18.09699,-22.35176,4.947072,17.95608
276.1824,-23.85028,5.022672,18.11138,-23.79103,4.94113,18.09699,-22.35176,4.947072,17.95608
276.1955,-23.85028,5.022672,18.11138,-23.79103,4.94113,18.09699,-22.35176,4.947072,17.95608
276.2068,-23.85256,5.02217,18.11429,-23.79103,4.94113,18.09699,-22.35176,4.947072,17.95608
276.2209,-23.85373,5.022348,18.11638,-23.79103,4.94113,18.09699,-22.35176,4.947072,17.95608
276.2346,-23.85373,5.022348,18.11638,-23.79103,4.94113,18.09699,-22.35176,4.947072,17.95608
276.2452,-23.8585,5.022292,18.11943,-23.79103,4.94113,18.09699,-22.35176,4.947072,17.95608
276.2612,-23.86026,5.022725,18.11972,-23.79103,4.94113,18.09699,-22.35176,4.947072,17.95608
276.2753,-23.86026,5.022725,18.11972,-23.79103,4.94113,18.09699,-22.35176,4.947072,17.95608
276.2878,-23.86585,5.023014,18.12219,-23.79103,4.94113,18.09699,-22.35176,4.947072,17.95608
276.3025,-23.86585,5.023015,18.1222,-23.79103,4.94113,18.09699,-22.35176,4.947072,17.95608
276.3158,-23.86585,5.023015,18.1222,-23.79103,4.94113,18.09699,-22.35176,4.947072,17.95608
276.326,-23.86676,5.023028,18.12202,-23.79103,4.94113,18.09699,-22.35176,4.947072,17.95608
276.3398,-23.86676,5.023028,18.12202,-23.79103,4.94113,18.09699,-22.35176,4.947072,17.95608
276.3503,-23.86676,5.023028,18.12202,-23.79103,4.94113,18.09699,-22.35176,4.947072,17.95608
276.3635,-23.86831,5.023351,18.12129,-23.79103,4.94113,18.09699,-22.35176,4.947072,17.95608
276.3782,-23.86831,5.023351,18.12129,-23.79103,4.94113,18.09699,-22.35176,4.947072,17.95608
276.3911,-23.86831,5.023351,18.12129,-23.79103,4.94113,18.09699,-22.35176,4.947072,17.95608
276.4036,-23.86799,5.023587,18.11967,-23.79103,4.94113,18.09699,-22.35176,4.947072,17.95608
276.4164,-23.86799,5.023587,18.11967,-23.79103,4.94113,18.09699,-22.35176,4.947072,17.95608
276.4266,-23.86726,5.023588,18.11982,-23.79103,4.94113,18.09699,-22.35176,4.947072,17.95608
276.4429,-23.86694,5.023827,18.1182,-23.79103,4.94113,18.09699,-22.35176,4.947072,17.95608
276.4563,-23.86694,5.023827,18.1182,-23.79103,4.94113,18.09699,-22.35176,4.947072,17.95608
276.4661,-23.86589,5.024067,18.11674,-23.79103,4.94113,18.09699,-22.35176,4.947072,17.95608
276.4793,-23.86589,5.024067,18.11674,-23.79103,4.94113,18.09699,-22.35176,4.947072,17.95608
276.4929,-23.86484,5.024311,18.11526,-23.79103,4.94113,18.09699,-22.35176,4.947072,17.95608
276.5074,-23.86575,5.024328,18.11509,-23.79103,4.94113,18.09699,-22.35176,4.947072,17.95608
276.5204,-23.86339,5.024311,18.11556,-23.79103,4.94113,18.09699,-22.35176,4.947072,17.95608
276.5335,-23.86339,5.024311,18.11556,-23.79103,4.94113,18.09699,-22.35176,4.947072,17.95608
276.5443,-23.86234,5.024555,18.1141,-23.79103,4.94113,18.09699,-22.35176,4.947072,17.95608
276.5573,-23.86234,5.024555,18.1141,-23.79103,4.94113,18.09699,-22.35176,4.947072,17.95608
276.5677,-23.86194,5.024311,18.11586,-23.79103,4.94113,18.09699,-22.35176,4.947072,17.95608
276.5815,-23.86089,5.024555,18.11439,-23.79103,4.94113,18.09699,-22.35176,4.947072,17.95608
276.6001,-23.85853,5.02454,18.11486,-23.79103,4.94113,18.09699,-22.35176,4.947072,17.95608
276.6137,-23.85853,5.02454,18.11486,-23.79103,4.94113,18.09699,-22.35176,4.947072,17.95608
276.6261,-23.8578,5.02454,18.11501,-23.79103,4.94113,18.09699,-22.35176,4.947072,17.95608
276.6398,-23.8578,5.02454,18.11501,-23.79103,4.94113,18.09699,-22.35176,4.947072,17.95608
276.6495,-23.85544,5.024527,18.11547,-23.79103,4.94113,18.09699,-22.35176,4.947072,17.95608
276.6634,-23.85707,5.02454,18.11515,-23.79103,4.94113,18.09699,-22.35176,4.947072,17.95608
276.6805,-23.85544,5.024527,18.11547,-23.79103,4.94113,18.09699,-22.35176,4.947072,17.95608
276.695,-23.85544,5.024527,18.11547,-23.79103,4.94113,18.09699,-22.35176,4.947072,17.95608
276.7095,-23.85471,5.024527,18.11562,-23.79103,4.94113,18.09699,-22.35176,4.947072,17.95608
276.7264,-23.85266,5.02427,18.1177,-23.79103,4.94113,18.09699,-22.35176,4.947072,17.95608
276.7413,-23.85071,5.024506,18.11639,-23.79103,4.94113,18.09699,-22.35176,4.947072,17.95608
276.7578,-23.85071,5.024506,18.11639,-23.79103,4.94113,18.09699,-22.35176,4.947072,17.95608
276.7685,-23.85071,5.024506,18.11639,-23.79103,4.94113,18.09699,-22.35176,4.947072,17.95608
276.7854,-23.85071,5.024506,18.11639,-23.79103,4.94113,18.09699,-22.35176,4.947072,17.95608
276.8006,-23.85071,5.024506,18.11639,-23.79103,4.94113,18.09699,-22.35176,4.947072,17.95608
276.8158,-23.85071,5.024506,18.11639,-23.79103,4.94113,18.09699,-22.35176,4.947072,17.95608
276.8273,-23.85071,5.024506,18.11639,-23.79103,4.94113,18.09699,-22.35176,4.947072,17.95608
276.8409,-23.85103,5.024261,18.11802,-23.79103,4.94113,18.09699,-22.35176,4.947072,17.95608
276.8545,-23.85103,5.024261,18.11802,-23.79103,4.94113,18.09699,-22.35176,4.947072,17.95608
276.8647,-23.85103,5.024261,18.11802,-23.79103,4.94113,18.09699,-22.35176,4.947072,17.95608
276.8783,-23.85103,5.024261,18.11802,-23.79103,4.94113,18.09699,-22.35176,4.947072,17.95608
276.8893,-23.85103,5.024261,18.11802,-23.79103,4.94113,18.09699,-22.35176,4.947072,17.95608
276.9042,-23.85103,5.024261,18.11802,-23.79103,4.94113,18.09699,-22.35176,4.947072,17.95608
276.9171,-23.85103,5.024261,18.11802,-23.79103,4.94113,18.09699,-22.35176,4.947072,17.95608
276.9275,-23.85103,5.024261,18.11802,-23.79103,4.94113,18.09699,-22.35176,4.947072,17.95608
276.9408,-23.85144,5.024507,18.11625,-23.79103,4.94113,18.09699,-22.35176,4.947072,17.95608
276.9558,-23.85144,5.024507,18.11625,-23.79103,4.94113,18.09699,-22.35176,4.947072,17.95608
276.966,-23.85144,5.024507,18.11625,-23.79103,4.94113,18.09699,-22.35176,4.947072,17.95608
276.9799,-23.85144,5.024507,18.11625,-23.79103,4.94113,18.09699,-22.35176,4.947072,17.95608
276.9904,-23.85176,5.024261,18.11787,-23.79103,4.94113,18.09699,-22.35176,4.947072,17.95608
277.0025,-23.85144,5.024507,18.11625,-23.79103,4.94113,18.09699,-22.35176,4.947072,17.95608
277.0152,-23.85144,5.024507,18.11625,-23.79103,4.94113,18.09699,-22.35176,4.947072,17.95608
277.0276,-23.85144,5.024507,18.11625,-23.79103,4.94113,18.09699,-22.35176,4.947072,17.95608
277.0427,-23.85144,5.024507,18.11625,-23.79103,4.94113,18.09699,-22.35176,4.947072,17.95608
277.0574,-23.85144,5.024507,18.11625,-23.79103,4.94113,18.09699,-22.35176,4.947072,17.95608
277.0673,-23.85144,5.024507,18.11625,-23.79103,4.94113,18.09699,-22.35176,4.947072,17.95608
277.0813,-23.85144,5.024507,18.11625,-23.79103,4.94113,18.09699,-22.35176,4.947072,17.95608
277.0946,-23.85144,5.024507,18.11625,-23.79103,4.94113,18.09699,-22.35176,4.947072,17.95608
277.105,-23.85176,5.024261,18.11787,-23.79103,4.94113,18.09699,-22.35176,4.947072,17.95608
277.1184,-23.85176,5.024261,18.11787,-23.79103,4.94113,18.09699,-22.35176,4.947072,17.95608
277.1307,-23.85144,5.024507,18.11625,-23.79103,4.94113,18.09699,-22.35176,4.947072,17.95608
277.1443,-23.85176,5.024261,18.11787,-23.79103,4.94113,18.09699,-22.35176,4.947072,17.95608
277.1569,-23.85176,5.024261,18.11787,-23.79103,4.94113,18.09699,-22.35176,4.947072,17.95608
277.1672,-23.85144,5.024507,18.11625,-23.79103,4.94113,18.09699,-22.35176,4.947072,17.95608
277.1798,-23.85144,5.024507,18.11625,-23.79103,4.94113,18.09699,-22.35176,4.947072,17.95608
277.1898,-23.85144,5.024507,18.11625,-23.79103,4.94113,18.09699,-22.35176,4.947072,17.95608
277.2024,-23.85176,5.024261,18.11787,-23.79103,4.94113,18.09699,-22.35176,4.947072,17.95608
277.2151,-23.85176,5.024261,18.11787,-23.79103,4.94113,18.09699,-22.35176,4.947072,17.95608
277.2256,-23.85144,5.024507,18.11625,-23.79103,4.94113,18.09699,-22.35176,4.947072,17.95608
277.2383,-23.85144,5.024507,18.11625,-23.79103,4.94113,18.09699,-22.35176,4.947072,17.95608
277.2488,-23.85144,5.024507,18.11625,-23.79103,4.94113,18.09699,-22.35176,4.947072,17.95608
277.2615,-23.85144,5.024507,18.11625,-23.79103,4.94113,18.09699,-22.35176,4.947072,17.95608
277.2748,-23.85144,5.024507,18.11625,-23.79103,4.94113,18.09699,-22.35176,4.947072,17.95608
277.287,-23.85103,5.024261,18.11802,-23.79103,4.94113,18.09699,-22.35176,4.947072,17.95608
277.2999,-23.85103,5.024261,18.11802,-23.79103,4.94113,18.09699,-22.35176,4.947072,17.95608
277.3113,-23.85071,5.024506,18.11639,-23.79103,4.94113,18.09699,-22.35176,4.947072,17.95608
277.3241,-23.84999,5.024506,18.11654,-23.79103,4.94113,18.09699,-22.35176,4.947072,17.95608
277.3388,-23.84999,5.024506,18.11654,-23.79103,4.94113,18.09699,-22.35176,4.947072,17.95608
277.3533,-23.84958,5.024261,18.1183,-23.79103,4.94113,18.09699,-22.35176,4.947072,17.95608
277.3672,-23.84885,5.024261,18.11845,-23.79103,4.94113,18.09699,-22.35176,4.947072,17.95608
277.3823,-23.84781,5.024507,18.11697,-23.79103,4.94113,18.09699,-22.35176,4.947072,17.95608
277.3964,-23.84781,5.024507,18.11697,-23.79103,4.94113,18.09699,-22.35176,4.947072,17.95608
277.4092,-23.84806,5.023416,18.11733,-23.79103,4.94113,18.09699,-22.35176,4.947072,17.95608
277.4276,-23.84497,5.023407,18.11793,-23.79103,4.94113,18.09699,-22.35176,4.947072,17.95608
277.4463,-23.8425,5.022914,18.12176,-23.79103,4.94113,18.09699,-22.35176,4.947072,17.95608
277.4616,-23.84044,5.022669,18.12384,-23.79103,4.94113,18.09699,-22.35176,4.947072,17.95608
277.4784,-23.84044,5.022669,18.12384,-23.79103,4.94113,18.09699,-22.35176,4.947072,17.95608
277.4922,-23.84033,5.022195,18.12723,-23.79103,4.94113,18.09699,-22.35176,4.947072,17.95608
277.5061,-23.839,5.021958,18.12916,-23.79103,4.94113,18.09699,-22.35176,4.947072,17.95608
277.521,-23.839,5.021958,18.12916,-23.79103,4.94113,18.09699,-22.35176,4.947072,17.95608
277.5346,-23.839,5.021958,18.12916,-23.79103,4.94113,18.09699,-22.35176,4.947072,17.95608
277.5459,-23.83736,5.021957,18.12947,-23.79103,4.94113,18.09699,-22.35176,4.947072,17.95608
277.5627,-23.83736,5.021957,18.12947,-23.79103,4.94113,18.09699,-22.35176,4.947072,17.95608
277.5758,-23.83736,5.021957,18.12947,-23.79103,4.94113,18.09699,-22.35176,4.947072,17.95608
277.5865,-23.83744,5.021649,18.12988,-23.79103,4.94113,18.09699,-22.35176,4.947072,17.95608
277.6037,-23.83744,5.021649,18.12988,-23.79103,4.94113,18.09699,-22.35176,4.947072,17.95608
277.617,-23.83744,5.021649,18.12988,-23.79103,4.94113,18.09699,-22.35176,4.947072,17.95608
277.6274,-23.83713,5.021883,18.12825,-23.79103,4.94113,18.09699,-22.35176,4.947072,17.95608
277.643,-23.83877,5.021884,18.12794,-23.79103,4.94113,18.09699,-22.35176,4.947072,17.95608
277.6565,-23.83877,5.021884,18.12794,-23.79103,4.94113,18.09699,-22.35176,4.947072,17.95608
277.6671,-23.83713,5.021883,18.12825,-23.79103,4.94113,18.09699,-22.35176,4.947072,17.95608
277.6833,-23.83682,5.022119,18.12663,-23.79103,4.94113,18.09699,-22.35176,4.947072,17.95608
277.6996,-23.83682,5.022119,18.12663,-23.79103,4.94113,18.09699,-22.35176,4.947072,17.95608
277.7104,-23.8364,5.021883,18.12839,-23.79103,4.94113,18.09699,-22.35176,4.947072,17.95608
277.7261,-23.83497,5.022663,18.12487,-23.79103,4.94113,18.09699,-22.35176,4.947072,17.95608
277.7402,-23.83497,5.022664,18.12487,-23.79103,4.94113,18.09699,-22.35176,4.947072,17.95608
277.7531,-23.83497,5.022664,18.12487,-23.79103,4.94113,18.09699,-22.35176,4.947072,17.95608
277.7631,-23.83467,5.022905,18.12325,-23.79103,4.94113,18.09699,-22.35176,4.947072,17.95608
277.7766,-23.83467,5.022905,18.12325,-23.79103,4.94113,18.09699,-22.35176,4.947072,17.95608
277.7866,-23.83363,5.023147,18.12177,-23.79103,4.94113,18.09699,-22.35176,4.947072,17.95608
277.7995,-23.83363,5.023147,18.12177,-23.79103,4.94113,18.09699,-22.35176,4.947072,17.95608
277.8107,-23.83363,5.023147,18.12177,-23.79103,4.94113,18.09699,-22.35176,4.947072,17.95608
277.8237,-23.83333,5.023391,18.12014,-23.79103,4.94113,18.09699,-22.35176,4.947072,17.95608
277.8371,-23.83333,5.023391,18.12014,-23.79103,4.94113,18.09699,-22.35176,4.947072,17.95608
277.847,-23.83333,5.023391,18.12014,-23.79103,4.94113,18.09699,-22.35176,4.947072,17.95608
277.8614,-23.8326,5.023391,18.12028,-23.79103,4.94113,18.09699,-22.35176,4.947072,17.95608
277.8747,-23.8326,5.023391,18.12028,-23.79103,4.94113,18.09699,-22.35176,4.947072,17.95608
277.8853,-23.83229,5.023637,18.11866,-23.79103,4.94113,18.09699,-22.35176,4.947072,17.95608
277.9022,-23.82993,5.023639,18.1191,-23.79103,4.94113,18.09699,-22.35176,4.947072,17.95608
277.9163,-23.82993,5.023639,18.1191,-23.79103,4.94113,18.09699,-22.35176,4.947072,17.95608
277.9269,-23.83084,5.023637,18.11893,-23.79103,4.94113,18.09699,-22.35176,4.947072,17.95608
277.9414,-23.8289,5.023887,18.11761,-23.79103,4.94113,18.09699,-22.35176,4.947072,17.95608
277.9579,-23.8289,5.023887,18.11761,-23.79103,4.94113,18.09699,-22.35176,4.947072,17.95608
277.968,-23.82805,5.02346,18.11713,-23.79103,4.94113,18.09699,-22.35176,4.947072,17.95608
277.9837,-23.82763,5.023211,18.11889,-23.79103,4.94113,18.09699,-22.35176,4.947072,17.95608
277.9993,-23.82763,5.023211,18.11889,-23.79103,4.94113,18.09699,-22.35176,4.947072,17.95608
278.0097,-23.82733,5.023461,18.11727,-23.79103,4.94113,18.09699,-22.35176,4.947072,17.95608
278.0222,-23.82492,5.022732,18.11749,-23.79103,4.94113,18.09699,-22.35176,4.947072,17.95608
278.0344,-23.82492,5.022732,18.11749,-23.79103,4.94113,18.09699,-22.35176,4.947072,17.95608
278.045,-23.82522,5.022482,18.11912,-23.79103,4.94113,18.09699,-22.35176,4.947072,17.95608
278.0596,-23.82522,5.022482,18.11912,-23.79103,4.94113,18.09699,-22.35176,4.947072,17.95608
278.073,-23.82522,5.022482,18.11912,-23.79103,4.94113,18.09699,-22.35176,4.947072,17.95608
278.0886,-23.82358,5.022487,18.11942,-23.82184,4.910352,18.10256,-22.35176,4.947072,17.95608
278.1039,-23.82522,5.022482,18.11912,-23.8201,4.911334,18.10304,-22.35176,4.947072,17.95608
278.12,-23.82286,5.022488,18.11955,-23.82184,4.910352,18.10256,-22.35176,4.947072,17.95608
278.1374,-23.82286,5.022488,18.11955,-23.81939,4.91173,18.10323,-22.35176,4.947072,17.95608
278.1511,-23.82256,5.022738,18.11793,-23.81939,4.91173,18.10323,-22.35176,4.947072,17.95608
278.1699,-23.82286,5.022488,18.11955,-23.81906,4.91198,18.10146,-22.35176,4.947072,17.95608
278.1899,-23.82256,5.022737,18.11793,-23.81939,4.91173,18.10323,-22.35176,4.947072,17.95608
278.2084,-23.82256,5.022737,18.11793,-23.81906,4.91198,18.10146,-22.35176,4.947072,17.95608
278.2241,-23.82183,5.022736,18.11806,-23.81906,4.91198,18.10146,-22.35176,4.947072,17.95608
278.2388,-23.82183,5.022736,18.11806,-23.81835,4.912378,18.10165,-22.35176,4.947072,17.95608
278.2513,-23.82304,5.022481,18.11951,-23.81835,4.912378,18.10165,-22.35176,4.947072,17.95608
278.267,-23.82038,5.022738,18.11833,-23.81972,4.911545,18.10313,-22.35176,4.947072,17.95608
278.2828,-23.81965,5.022738,18.11846,-23.81694,4.913172,18.10203,-22.35176,4.947072,17.95608
278.2985,-23.81965,5.022738,18.11846,-23.81623,4.913569,18.10222,-22.35176,4.947072,17.95608
278.3113,-23.81793,5.023052,18.11835,-23.81623,4.913569,18.10222,-22.35176,4.947072,17.95608
278.3285,-23.81713,5.023359,18.11808,-23.8144,4.914662,18.10226,-22.35176,4.947072,17.95608
278.344,-23.81847,5.023604,18.11615,-23.81361,4.915276,18.10202,-22.35176,4.947072,17.95608
278.3607,-23.81804,5.023352,18.11791,-23.81503,4.914439,18.09977,-22.35176,4.947072,17.95608
278.3763,-23.81804,5.023352,18.11791,-23.81465,4.914532,18.10172,-22.35176,4.947072,17.95608
278.3882,-23.81731,5.023352,18.11804,-23.81465,4.914532,18.10172,-22.35176,4.947072,17.95608
278.4027,-23.81465,5.023611,18.11684,-23.81394,4.91504,18.10192,-22.35176,4.947072,17.95608
278.419,-23.81465,5.023611,18.11684,-23.81118,4.917212,18.1009,-22.35176,4.947072,17.95608
278.434,-23.81393,5.023612,18.11697,-23.81118,4.917212,18.1009,-22.35176,4.947072,17.95608
278.4492,-23.81156,5.023621,18.1174,-23.81048,4.917719,18.1011,-22.35176,4.947072,17.95608
278.4647,-23.81083,5.023622,18.11753,-23.80804,4.919475,18.10182,-22.35176,4.947072,17.95608
278.48,-23.81083,5.023622,18.11753,-23.80734,4.919982,18.10202,-22.35176,4.947072,17.95608
278.4916,-23.8101,5.023622,18.11766,-23.80734,4.919982,18.10202,-22.35176,4.947072,17.95608
278.507,-23.8101,5.023622,18.11766,-23.80664,4.920489,18.10222,-22.35176,4.947072,17.95608
278.5219,-23.80744,5.023887,18.11646,-23.80664,4.920489,18.10222,-22.35176,4.947072,17.95608
278.5363,-23.80744,5.023887,18.11646,-23.80389,4.922459,18.10117,-22.35176,4.947072,17.95608
278.5482,-23.80701,5.023633,18.11821,-23.80389,4.922459,18.10117,-22.35176,4.947072,17.95608
278.5628,-23.80672,5.023887,18.11658,-23.80349,4.922435,18.10308,-22.35176,4.947072,17.95608
278.5779,-23.80672,5.023887,18.11658,-23.80318,4.922781,18.10134,-22.35176,4.947072,17.95608
278.5929,-23.80719,5.023622,18.11817,-23.80318,4.922781,18.10134,-22.35176,4.947072,17.95608
278.6084,-23.80362,5.023901,18.11713,-23.80381,4.92229,18.10299,-22.35176,4.947072,17.95608
278.624,-23.80289,5.023901,18.11726,-23.80048,4.936977,18.10405,-22.35176,4.947072,17.95608
278.6393,-23.80289,5.023901,18.11726,-23.79977,4.937407,18.10423,-22.35176,4.947072,17.95608
278.6512,-23.80144,5.023901,18.11751,-23.79977,4.937407,18.10423,-22.35176,4.947072,17.95608
278.6679,-23.80071,5.023901,18.11763,-23.79833,4.937528,18.1045,-22.35176,4.947072,17.95608
278.6835,-23.79835,5.023917,18.11805,-23.79759,4.936955,18.10454,-22.35176,4.947072,17.95608
278.6992,-23.79835,5.023917,18.11805,-23.79474,4.926606,18.10341,-22.35176,4.947072,17.95608
278.7123,-23.79689,5.023917,18.11829,-23.79474,4.926606,18.10341,-22.35176,4.947072,17.95608
278.7274,-23.79445,5.024242,18.1183,-23.79332,4.92725,18.10375,-22.35176,4.947072,17.95608
278.7421,-23.79372,5.024242,18.11842,-23.79117,4.938302,18.10538,-22.35176,4.947072,17.95608
278.7576,-23.79372,5.024242,18.11842,-23.79048,4.939067,18.10562,-22.35176,4.947072,17.95608
278.7699,-23.79136,5.024262,18.11883,-23.79048,4.939067,18.10562,-22.35176,4.947072,17.95608
278.7848,-23.79063,5.024262,18.11895,-23.78801,4.93917,18.10606,-22.35176,4.947072,17.95608
278.7999,-23.79063,5.024262,18.11895,-23.78726,4.938457,18.10607,-22.35176,4.947072,17.95608
278.8125,-23.78753,5.024284,18.11948,-23.78726,4.938457,18.10607,-22.35176,4.947072,17.95608
278.8273,-23.78415,5.024565,18.11838,-23.78378,4.931625,18.10559,-22.35176,4.947072,17.95608
278.8421,-23.78335,5.024872,18.11808,-23.78034,4.933431,18.10462,-22.35176,4.947072,17.95608
278.8636,-23.7819,5.024872,18.11832,-23.77955,4.933849,18.10434,-22.35176,4.947072,17.95608
278.8844,-23.77991,5.025465,18.11657,-23.77814,4.934506,18.10467,-22.35176,4.947072,17.95608
278.9026,-23.77918,5.025465,18.11668,-23.77604,4.935744,18.10292,-22.35176,4.947072,17.95608
278.9197,-23.77918,5.025465,18.11668,-23.77533,4.936071,18.10308,-22.35176,4.947072,17.95608
278.9339,-23.77754,5.025493,18.11697,-23.77533,4.936071,18.10308,-22.35176,4.947072,17.95608
278.9544,-23.77747,5.025799,18.11656,-23.77361,4.936867,18.10351,-22.35176,4.947072,17.95608
278.9711,-23.77719,5.02606,18.11493,-23.77353,4.936959,18.10306,-22.35176,4.947072,17.95608
278.9877,-23.77712,5.026367,18.11453,-23.77323,4.937245,18.10133,-22.35176,4.947072,17.95608
279.0056,-23.77684,5.026629,18.1129,-23.77315,4.937318,18.10089,-22.35176,4.947072,17.95608
279.0219,-23.77656,5.026894,18.11128,-23.77285,4.937602,18.09915,-22.35176,4.947072,17.95608
279.0401,-23.77649,5.027201,18.11087,-23.77256,4.937885,18.09741,-22.35176,4.947072,17.95608
279.0595,-23.77649,5.027201,18.11087,-23.77248,4.937959,18.09697,-22.35176,4.947072,17.95608
279.0721,-23.77594,5.027736,18.10762,-23.77248,4.937959,18.09697,-22.35176,4.947072,17.95608
279.0872,-23.77566,5.028007,18.106,-23.77188,4.938526,18.09349,-22.35176,4.947072,17.95608
279.1028,-23.77538,5.02828,18.10437,-23.77159,4.93881,18.09175,-22.35176,4.947072,17.95608
279.1205,-23.77503,5.028862,18.10234,-23.77129,4.939094,18.09002,-22.35176,4.947072,17.95608
279.136,-23.77503,5.028862,18.10234,-23.77091,4.939452,18.08784,-22.35176,4.947072,17.95608
279.1523,-23.77368,5.029723,18.0988,-23.77091,4.939452,18.08784,-22.35176,4.947072,17.95608
279.1714,-23.77369,5.029724,18.0988,-23.76952,4.940237,18.08405,-22.35176,4.947072,17.95608
279.1914,-23.77334,5.030312,18.09677,-23.76952,4.940236,18.08405,-22.35176,4.947072,17.95608
279.2096,-23.77255,5.030618,18.09647,-23.76915,4.940593,18.08186,-22.35176,4.947072,17.95608
279.2268,-23.77156,5.0309,18.09496,-23.76836,4.94081,18.08155,-22.35176,4.947072,17.95608
279.2429,-23.77111,5.030617,18.09669,-23.76736,4.941236,18.07994,-22.35176,4.947072,17.95608
279.2607,-23.7704,5.030616,18.09681,-23.76695,4.941096,18.08181,-22.35176,4.947072,17.95608
279.2784,-23.7704,5.030616,18.09681,-23.76624,4.941238,18.08195,-22.35176,4.947072,17.95608
279.2928,-23.76868,5.0309,18.09541,-23.76624,4.941238,18.08195,-22.35176,4.947072,17.95608
279.3093,-23.76841,5.031187,18.09378,-23.76454,4.941807,18.08048,-22.35176,4.947072,17.95608
279.3264,-23.76769,5.031187,18.09389,-23.76423,4.941906,18.07871,-22.35176,4.947072,17.95608
279.3419,-23.76797,5.030901,18.09551,-23.76353,4.941921,18.07882,-22.35176,4.947072,17.95608
279.3576,-23.76797,5.030901,18.09551,-23.76383,4.94195,18.08061,-22.35176,4.947072,17.95608
279.3699,-23.76698,5.031187,18.094,-23.76383,4.94195,18.08061,-22.35176,4.947072,17.95608
279.3857,-23.76461,5.031217,18.09439,-23.76282,4.941936,18.07893,-22.35176,4.947072,17.95608
279.4015,-23.76461,5.031217,18.09439,-23.76035,4.941989,18.07934,-22.35176,4.947072,17.95608
279.4174,-23.76461,5.031217,18.09439,-23.76035,4.941989,18.07934,-22.35176,4.947072,17.95608
279.4304,-23.76225,5.031249,18.09478,-23.76035,4.941989,18.07934,-22.35176,4.947072,17.95608
279.4457,-23.7639,5.031217,18.0945,-23.75788,4.942042,18.07975,-22.35176,4.947072,17.95608
279.4605,-23.7639,5.031217,18.0945,-23.75964,4.942004,18.07945,-22.35176,4.947072,17.95608
279.4816,-23.7639,5.031217,18.0945,-23.75964,4.942004,18.07945,-22.35176,4.947072,17.95608
279.4988,-23.7639,5.031217,18.0945,-23.75964,4.942004,18.07945,-22.35176,4.947072,17.95608
279.5119,-23.76154,5.031249,18.09489,-23.75964,4.942004,18.07945,-22.35176,4.947072,17.95608
279.529,-23.76109,5.030964,18.09662,-23.75717,4.942057,18.07986,-22.35176,4.947072,17.95608
279.5454,-23.76201,5.030931,18.09645,-23.75676,4.942154,18.08177,-22.35176,4.947072,17.95608
279.5658,-23.75938,5.031249,18.09521,-23.75781,4.942131,18.08158,-22.35176,4.947072,17.95608
279.5833,-23.75905,5.031842,18.09318,-23.75503,4.942101,18.08018,-22.35176,4.947072,17.95608
279.6005,-23.75905,5.031843,18.09318,-23.75464,4.941998,18.07792,-22.35176,4.947072,17.95608
279.6206,-23.75826,5.032149,18.09288,-23.75464,4.941998,18.07792,-22.35176,4.947072,17.95608
279.6366,-23.75826,5.032149,18.09288,-23.75385,4.941991,18.07756,-22.35176,4.947072,17.95608
279.6494,-23.7555,5.033084,18.09081,-23.75385,4.941991,18.07756,-22.35176,4.947072,17.95608
279.6672,-23.75478,5.033084,18.09092,-23.75091,4.941919,18.07522,-22.35176,4.947072,17.95608
279.6829,-23.7561,5.033647,18.08861,-23.7502,4.941934,18.07533,-22.35176,4.947072,17.95608
279.6988,-23.7561,5.033647,18.08861,-23.75158,4.941792,18.07276,-22.35176,4.947072,17.95608
279.7121,-23.75183,5.034013,18.08764,-23.75158,4.941792,18.07276,-22.35176,4.947072,17.95608
279.7284,-23.75111,5.034013,18.08775,-23.74704,4.9418,18.07165,-22.35176,4.947072,17.95608
279.7448,-23.74946,5.03405,18.08802,-23.74633,4.941814,18.07175,-22.35176,4.947072,17.95608
279.7622,-23.75033,5.034318,18.08744,-23.74457,4.941853,18.07205,-22.35176,4.947072,17.95608
279.7782,-23.75033,5.034318,18.08744,-23.74554,4.941808,18.07139,-22.35176,4.947072,17.95608
279.7935,-23.74677,5.034692,18.08637,-23.74554,4.941808,18.07139,-22.35176,4.947072,17.95608
279.8124,-23.74599,5.034997,18.08606,-23.7417,4.941801,18.07017,-22.35176,4.947072,17.95608
279.8289,-23.74599,5.034997,18.08606,-23.74092,4.941794,18.0698,-22.35176,4.947072,17.95608
279.8457,-23.74528,5.034997,18.08616,-23.74092,4.941794,18.0698,-22.35176,4.947072,17.95608
279.864,-23.74521,5.035301,18.08575,-23.74021,4.941808,18.0699,-22.35176,4.947072,17.95608
279.8812,-23.74331,5.035644,18.0844,-23.74012,4.941787,18.06944,-22.35176,4.947072,17.95608
279.9035,-23.7445,5.035302,18.08585,-23.73805,4.941742,18.06791,-22.35176,4.947072,17.95608
279.9246,-23.74352,5.0356,18.08433,-23.73942,4.941802,18.06954,-22.35176,4.947072,17.95608
279.9425,-23.74045,5.035644,18.0848,-23.73841,4.941733,18.06783,-22.35176,4.947072,17.95608
279.9618,-23.74045,5.035644,18.0848,-23.73525,4.942132,18.06837,-22.35176,4.947072,17.95608
279.9806,-23.73948,5.035944,18.08327,-23.73525,4.942132,18.06837,-22.35176,4.947072,17.95608
279.9974,-23.73948,5.035944,18.08327,-23.73425,4.942203,18.06669,-22.35176,4.947072,17.95608
280.0148,-23.73712,5.03599,18.08364,-23.73425,4.942203,18.06669,-22.35176,4.947072,17.95608
280.0329,-23.73615,5.036292,18.08212,-23.7318,4.942608,18.06714,-22.35176,4.947072,17.95608
280.0526,-23.73308,5.036339,18.08258,-23.73079,4.942497,18.06541,-22.35176,4.947072,17.95608
280.0687,-23.73401,5.036292,18.08241,-23.72761,4.942528,18.06589,-22.35176,4.947072,17.95608
280.0841,-23.73165,5.036339,18.08277,-23.72868,4.942512,18.0657,-22.35176,4.947072,17.95608
280.0998,-23.73165,5.036339,18.08277,-23.7262,4.942538,18.06608,-22.35176,4.947072,17.95608
280.1122,-23.73094,5.036338,18.08287,-23.7262,4.942538,18.06608,-22.35176,4.947072,17.95608
280.1282,-23.73023,5.036338,18.08296,-23.72549,4.942542,18.06617,-22.35176,4.947072,17.95608
280.1442,-23.72951,5.036337,18.08306,-23.72479,4.942547,18.06627,-22.35176,4.947072,17.95608
280.1604,-23.7288,5.036339,18.08315,-23.72408,4.942551,18.06636,-22.35176,4.947072,17.95608
280.1765,-23.7288,5.036339,18.08315,-23.72338,4.942555,18.06645,-22.35176,4.947072,17.95608
280.1909,-23.72502,5.036388,18.0837,-23.72338,4.942555,18.06645,-22.35176,4.947072,17.95608
280.2069,-23.72265,5.03644,18.08405,-23.71949,4.942588,18.067,-22.35176,4.947072,17.95608
280.2279,-23.72169,5.036743,18.08252,-23.71701,4.942612,18.06737,-22.35176,4.947072,17.95608
280.2457,-23.71768,5.036853,18.08314,-23.716,4.942248,18.06559,-22.35176,4.947072,17.95608
280.2621,-23.71887,5.036493,18.08459,-23.71175,4.94229,18.06623,-22.35176,4.947072,17.95608
280.2778,-23.71887,5.036493,18.08459,-23.71313,4.942643,18.06791,-22.35176,4.947072,17.95608
280.2912,-23.71508,5.036547,18.08512,-23.71313,4.942643,18.06791,-22.35176,4.947072,17.95608
280.3097,-23.71247,5.03691,18.08384,-23.70924,4.942672,18.06845,-22.35176,4.947072,17.95608
280.3262,-23.71129,5.036606,18.08564,-23.70645,4.942326,18.06694,-22.35176,4.947072,17.95608
280.342,-23.71057,5.036605,18.08572,-23.70534,4.942699,18.06897,-22.35176,4.947072,17.95608
280.3571,-23.71057,5.036605,18.08572,-23.70464,4.942702,18.06906,-22.35176,4.947072,17.95608
280.3707,-23.7049,5.037032,18.08487,-23.70464,4.942702,18.06906,-22.35176,4.947072,17.95608
280.3908,-23.70341,5.037337,18.08463,-23.69868,4.94253,18.068,-22.35176,4.947072,17.95608
280.4102,-23.69962,5.037401,18.08513,-23.69803,4.955425,18.07,-22.35176,4.947072,17.95608
280.4297,-23.69418,5.037535,18.08588,-23.69426,4.957121,18.0708,-22.35176,4.947072,17.95608
280.4487,-23.68779,5.037984,18.08507,-23.68769,4.943575,18.06914,-22.35176,4.947072,17.95608
280.4673,-23.684,5.038057,18.08555,-23.68112,4.944725,18.06836,-22.35176,4.947072,17.95608
280.4854,-23.67691,5.038293,18.08652,-23.67728,4.945538,18.06898,-22.35176,4.947072,17.95608
280.5048,-23.67361,5.038685,18.08528,-23.66996,4.9471,18.07023,-22.35176,4.947072,17.95608
280.5225,-23.6729,5.038684,18.08536,-23.66654,4.947579,18.0689,-22.35176,4.947072,17.95608
280.5401,-23.66888,5.038857,18.08592,-23.66584,4.947724,18.069,-22.35176,4.947072,17.95608
280.5563,-23.66888,5.038857,18.08592,-23.66164,4.948386,18.06968,-22.35176,4.947072,17.95608
280.5699,-23.66393,5.039347,18.08492,-23.66164,4.948386,18.06968,-22.35176,4.947072,17.95608
280.5859,-23.66294,5.039964,18.08295,-23.65642,4.948485,18.06852,-22.35176,4.947072,17.95608
280.6024,-23.66151,5.039965,18.08309,-23.65535,4.948258,18.06627,-22.35176,4.947072,17.95608
280.6204,-23.66052,5.040582,18.08111,-23.65394,4.948408,18.06643,-22.35176,4.947072,17.95608
280.6368,-23.66052,5.040582,18.08111,-23.65292,4.948748,18.06428,-22.35176,4.947072,17.95608
280.6506,-23.65981,5.040582,18.08118,-23.65292,4.948748,18.06428,-22.35176,4.947072,17.95608
280.6682,-23.65723,5.040993,18.07986,-23.65224,4.948967,18.06438,-22.35176,4.947072,17.95608
280.6853,-23.65536,5.041408,18.07848,-23.64956,4.94983,18.06305,-22.35176,4.947072,17.95608
280.7053,-23.65673,5.041939,18.0762,-23.64758,4.950474,18.0616,-22.35176,4.947072,17.95608
280.7224,-23.65776,5.042248,18.07665,-23.64897,4.950043,18.05901,-22.35176,4.947072,17.95608
280.7383,-23.65776,5.042248,18.07665,-23.65007,4.94969,18.05935,-22.35176,4.947072,17.95608
280.7521,-23.65699,5.042552,18.0763,-23.65007,4.94969,18.05935,-22.35176,4.947072,17.95608
280.7697,-23.65441,5.042968,18.07498,-23.6493,4.949936,18.05898,-22.35176,4.947072,17.95608
280.7901,-23.6542,5.043292,18.07336,-23.64663,4.950799,18.05764,-22.35176,4.947072,17.95608
280.8067,-23.6542,5.043291,18.07336,-23.64638,4.950891,18.05585,-22.35176,4.947072,17.95608
280.8245,-23.65349,5.043291,18.07342,-23.64638,4.950891,18.05585,-22.35176,4.947072,17.95608
280.8405,-23.65349,5.043291,18.07342,-23.64569,4.951109,18.05595,-22.35176,4.947072,17.95608
280.8562,-23.65349,5.043291,18.07342,-23.64569,4.951109,18.05595,-22.35176,4.947072,17.95608
280.8697,-23.65256,5.043619,18.07186,-23.64569,4.951109,18.05595,-22.35176,4.947072,17.95608
280.8856,-23.65256,5.043619,18.07186,-23.64476,4.951418,18.05426,-22.35176,4.947072,17.95608
280.9052,-23.65329,5.043855,18.07006,-23.64476,4.951418,18.05426,-22.35176,4.947072,17.95608
280.9222,-23.65093,5.043948,18.07036,-23.64553,4.95083,18.05217,-22.35176,4.947072,17.95608
280.9381,-23.65093,5.043948,18.07036,-23.64311,4.951561,18.0526,-22.35176,4.947072,17.95608
280.9539,-23.64952,5.043947,18.07049,-23.64311,4.951561,18.0526,-22.35176,4.947072,17.95608
280.9738,-23.65046,5.043854,18.07031,-23.64174,4.951963,18.0528,-22.35176,4.947072,17.95608
280.9928,-23.64881,5.043947,18.07055,-23.64279,4.951636,18.05256,-22.35176,4.947072,17.95608
281.0139,-23.64975,5.043855,18.07037,-23.64106,4.952165,18.0529,-22.35176,4.947072,17.95608
281.0314,-23.6481,5.043948,18.07061,-23.64211,4.951838,18.05266,-22.35176,4.947072,17.95608
281.0486,-23.64739,5.043947,18.07067,-23.64038,4.952366,18.05299,-22.35176,4.947072,17.95608
281.0669,-23.64739,5.043947,18.07067,-23.63969,4.952567,18.05309,-22.35176,4.947072,17.95608
281.0847,-23.64668,5.043947,18.07073,-23.63969,4.952567,18.05309,-22.35176,4.947072,17.95608
281.1076,-23.64603,5.043643,18.0712,-23.63901,4.952768,18.05318,-22.35176,4.947072,17.95608
281.1251,-23.64388,5.04341,18.07312,-23.63841,4.953049,18.05377,-22.35176,4.947072,17.95608
281.1407,-23.64157,5.043204,18.07382,-23.63627,4.954094,18.05606,-22.35176,4.947072,17.95608
281.1585,-23.64157,5.043204,18.07382,-23.63395,4.954863,18.05696,-22.35176,4.947072,17.95608
281.1745,-23.64178,5.042877,18.07544,-23.63395,4.954863,18.05696,-22.35176,4.947072,17.95608
281.1908,-23.64199,5.042552,18.07707,-23.63419,4.954774,18.05874,-22.35176,4.947072,17.95608
281.2101,-23.63892,5.04265,18.07742,-23.63444,4.954685,18.06053,-22.35176,4.947072,17.95608
281.2264,-23.63842,5.042328,18.0791,-23.63134,4.955673,18.06106,-22.35176,4.947072,17.95608
281.2423,-23.63791,5.042008,18.08078,-23.6309,4.955803,18.06293,-22.35176,4.947072,17.95608
281.2597,-23.63791,5.042008,18.08078,-23.63046,4.955934,18.06481,-22.35176,4.947072,17.95608
281.2749,-23.63525,5.041475,18.08438,-23.63046,4.955934,18.06481,-22.35176,4.947072,17.95608
281.2933,-23.63403,5.041161,18.08611,-23.62785,4.956747,18.06888,-22.35176,4.947072,17.95608
281.31,-23.63357,5.040544,18.08821,-23.62671,4.957098,18.07085,-22.35176,4.947072,17.95608
281.3259,-23.63192,5.040647,18.08844,-23.62634,4.957205,18.07318,-22.35176,4.947072,17.95608
281.3417,-23.63146,5.040033,18.09053,-23.62459,4.957424,18.07344,-22.35176,4.947072,17.95608
281.358,-23.63146,5.040033,18.09053,-23.6242,4.957397,18.07575,-22.35176,4.947072,17.95608
281.3713,-23.63043,5.039419,18.09389,-23.6242,4.957397,18.07575,-22.35176,4.947072,17.95608
281.3903,-23.63012,5.038814,18.09721,-23.62326,4.957372,18.07943,-22.35176,4.947072,17.95608
281.4064,-23.6296,5.038514,18.09889,-23.62304,4.957307,18.08305,-22.35176,4.947072,17.95608
281.4219,-23.62743,5.038321,18.1008,-23.62256,4.957295,18.08488,-22.35176,4.947072,17.95608
281.439,-23.62743,5.038321,18.1008,-23.62033,4.957384,18.08695,-22.35176,4.947072,17.95608
281.452,-23.62454,5.038134,18.10275,-23.62033,4.957384,18.08695,-22.35176,4.947072,17.95608
281.4695,-23.62402,5.037839,18.10444,-23.6174,4.957514,18.08908,-22.35176,4.947072,17.95608
281.4868,-23.62237,5.03795,18.10466,-23.61692,4.957503,18.09091,-22.35176,4.947072,17.95608
281.5042,-23.62165,5.037951,18.10471,-23.61516,4.957603,18.09114,-22.35176,4.947072,17.95608
281.5217,-23.62093,5.03795,18.10476,-23.61445,4.957645,18.0912,-22.35176,4.947072,17.95608
281.5401,-23.6202,5.037949,18.10481,-23.61374,4.957686,18.09125,-22.35176,4.947072,17.95608
281.5566,-23.6202,5.037949,18.10481,-23.61302,4.957728,18.09131,-22.35176,4.947072,17.95608
281.5713,-23.61711,5.038062,18.10513,-23.61302,4.957728,18.09131,-22.35176,4.947072,17.95608
281.5965,-23.61546,5.038176,18.10534,-23.60984,4.957911,18.09164,-22.35176,4.947072,17.95608
281.6168,-23.61474,5.038176,18.10539,-23.60809,4.958012,18.09187,-22.35176,4.947072,17.95608
281.6363,-23.61474,5.038176,18.10539,-23.60738,4.958054,18.09192,-22.35176,4.947072,17.95608
281.655,-23.61402,5.038177,18.10544,-23.60738,4.958054,18.09192,-22.35176,4.947072,17.95608
281.6773,-23.61145,5.038586,18.10407,-23.60667,4.958174,18.09199,-22.35176,4.947072,17.95608
281.6956,-23.60888,5.038999,18.10271,-23.60402,4.958909,18.09058,-22.35176,4.947072,17.95608
281.7181,-23.60869,5.039297,18.10108,-23.60138,4.959643,18.08917,-22.35176,4.947072,17.95608
281.7368,-23.6083,5.039897,18.09781,-23.60116,4.959879,18.08743,-22.35176,4.947072,17.95608
281.755,-23.6083,5.039896,18.09781,-23.60074,4.960352,18.08393,-22.35176,4.947072,17.95608
281.7727,-23.60811,5.040202,18.09618,-23.60074,4.960352,18.08393,-22.35176,4.947072,17.95608
281.7913,-23.60555,5.040628,18.09481,-23.60052,4.960588,18.08219,-22.35176,4.947072,17.95608
281.8081,-23.60555,5.040628,18.09481,-23.59788,4.961322,18.08078,-22.35176,4.947072,17.95608
281.8275,-23.60483,5.040628,18.09486,-23.59788,4.961322,18.08078,-22.35176,4.947072,17.95608
281.8446,-23.60557,5.040816,18.09306,-23.59718,4.961469,18.08084,-22.35176,4.947072,17.95608
281.8621,-23.60392,5.040936,18.09327,-23.59801,4.961499,18.0789,-22.35176,4.947072,17.95608
281.8796,-23.60392,5.040936,18.09327,-23.59627,4.96185,18.07916,-22.35176,4.947072,17.95608
281.8941,-23.5999,5.041183,18.09375,-23.59627,4.96185,18.07916,-22.35176,4.947072,17.95608
281.9113,-23.59938,5.040875,18.09542,-23.59211,4.9627,18.07977,-22.35176,4.947072,17.95608
281.9291,-23.59919,5.041183,18.09379,-23.59163,4.96261,18.08157,-22.35176,4.947072,17.95608
281.9482,-23.59938,5.040875,18.09542,-23.59142,4.962846,18.07983,-22.35176,4.947072,17.95608
281.9667,-23.59754,5.041308,18.094,-23.59163,4.96261,18.08157,-22.35176,4.947072,17.95608
281.9874,-23.59754,5.041308,18.094,-23.58969,4.963197,18.0801,-22.35176,4.947072,17.95608
282.0055,-23.59938,5.040875,18.09542,-23.58969,4.963197,18.0801,-22.35176,4.947072,17.95608
282.0245,-23.59701,5.041001,18.09567,-23.59163,4.96261,18.08157,-22.35176,4.947072,17.95608
282.0425,-23.59706,5.040697,18.09609,-23.5892,4.963108,18.08191,-22.35176,4.947072,17.95608
282.0591,-23.59706,5.040697,18.09609,-23.58927,4.963043,18.08236,-22.35176,4.947072,17.95608
282.076,-23.59473,5.040521,18.09675,-23.58927,4.963043,18.08236,-22.35176,4.947072,17.95608
282.0929,-23.59327,5.040346,18.0986,-23.5869,4.963284,18.08311,-22.35176,4.947072,17.95608
282.1124,-23.59327,5.040346,18.0986,-23.58534,4.963057,18.08506,-22.35176,4.947072,17.95608
282.1314,-23.59255,5.040345,18.09864,-23.58534,4.963057,18.08506,-22.35176,4.947072,17.95608
282.1495,-23.59019,5.040478,18.09889,-23.58463,4.963053,18.08509,-22.35176,4.947072,17.95608
282.1661,-23.58965,5.040174,18.10056,-23.58215,4.963026,18.08533,-22.35176,4.947072,17.95608
282.1825,-23.58728,5.040309,18.10081,-23.58165,4.962818,18.08711,-22.35176,4.947072,17.95608
282.1994,-23.58728,5.040309,18.10081,-23.57916,4.962792,18.08734,-22.35176,4.947072,17.95608
282.2154,-23.58345,5.040283,18.1029,-23.57916,4.962792,18.08734,-22.35176,4.947072,17.95608
282.2323,-23.58345,5.040283,18.1029,-23.57512,4.962539,18.08952,-22.35176,4.947072,17.95608
282.2541,-23.58291,5.039983,18.10457,-23.57512,4.962539,18.08952,-22.35176,4.947072,17.95608
282.2776,-23.58126,5.040124,18.10478,-23.57462,4.962331,18.0913,-22.35176,4.947072,17.95608
282.3035,-23.57817,5.040266,18.10506,-23.57285,4.962308,18.0915,-22.35176,4.947072,17.95608
282.3276,-23.57526,5.040113,18.10697,-23.56964,4.962279,18.09175,-22.35176,4.947072,17.95608
282.3474,-23.57217,5.040262,18.10724,-23.56664,4.962034,18.09375,-22.35176,4.947072,17.95608
282.3714,-23.5709,5.039966,18.10893,-23.56344,4.961967,18.09399,-22.35176,4.947072,17.95608
282.3922,-23.56871,5.039822,18.1108,-23.56221,4.961759,18.09579,-22.35176,4.947072,17.95608
282.4111,-23.56634,5.039974,18.11104,-23.55992,4.96152,18.09775,-22.35176,4.947072,17.95608
282.4306,-23.56597,5.039393,18.11434,-23.55743,4.961465,18.09796,-22.35176,4.947072,17.95608
282.4483,-23.56602,5.039088,18.11475,-23.55712,4.961085,18.1015,-22.35176,4.947072,17.95608
282.467,-23.56602,5.039088,18.11475,-23.55719,4.961037,18.10195,-22.35176,4.947072,17.95608
282.4854,-23.56533,5.038783,18.11519,-23.55719,4.961037,18.10195,-22.35176,4.947072,17.95608
282.5062,-23.56296,5.038937,18.11543,-23.55654,4.960978,18.10243,-22.35176,4.947072,17.95608
282.5253,-23.56296,5.038937,18.11543,-23.55405,4.960924,18.10264,-22.35176,4.947072,17.95608
282.5428,-23.56223,5.038937,18.11545,-23.55405,4.960924,18.10264,-22.35176,4.947072,17.95608
282.5605,-23.56223,5.038937,18.11545,-23.55333,4.960912,18.10266,-22.35176,4.947072,17.95608
282.5788,-23.56223,5.038937,18.11545,-23.55333,4.960912,18.10266,-22.35176,4.947072,17.95608
282.5946,-23.56223,5.038937,18.11545,-23.55333,4.960912,18.10266,-22.35176,4.947072,17.95608
282.6162,-23.55986,5.039092,18.11568,-23.55333,4.960912,18.10266,-22.35176,4.947072,17.95608
282.6349,-23.56078,5.038937,18.1155,-23.55083,4.960858,18.10286,-22.35176,4.947072,17.95608
282.6526,-23.55895,5.039382,18.11407,-23.55188,4.960889,18.1027,-22.35176,4.947072,17.95608
282.6714,-23.55823,5.039382,18.1141,-23.54991,4.961031,18.10113,-22.35176,4.947072,17.95608
282.688,-23.55823,5.039382,18.1141,-23.54918,4.96102,18.10114,-22.35176,4.947072,17.95608
282.7052,-23.55823,5.039382,18.1141,-23.54918,4.96102,18.10114,-22.35176,4.947072,17.95608
282.7225,-23.55823,5.039382,18.1141,-23.54918,4.96102,18.10114,-22.35176,4.947072,17.95608
282.7413,-23.55805,5.039671,18.11246,-23.54918,4.96102,18.10114,-22.35176,4.947072,17.95608
282.7591,-23.55805,5.039671,18.11246,-23.54898,4.961204,18.09939,-22.35176,4.947072,17.95608
282.7733,-23.55643,5.039966,18.11087,-23.54898,4.961204,18.09939,-22.35176,4.947072,17.95608
282.7908,-23.5557,5.039967,18.1109,-23.54734,4.961366,18.09767,-22.35176,4.947072,17.95608
282.8109,-23.55553,5.040261,18.10926,-23.54662,4.961348,18.09769,-22.35176,4.947072,17.95608
282.8313,-23.55481,5.040261,18.10929,-23.54642,4.961518,18.09593,-22.35176,4.947072,17.95608
282.8496,-23.55468,5.040254,18.10807,-23.54569,4.961453,18.09594,-22.35176,4.947072,17.95608
282.8688,-23.55396,5.040253,18.10809,-23.54557,4.961581,18.09464,-22.35176,4.947072,17.95608
282.8865,-23.55396,5.040253,18.10809,-23.54484,4.961516,18.09464,-22.35176,4.947072,17.95608
282.9067,-23.55396,5.040253,18.10809,-23.54484,4.961516,18.09464,-22.35176,4.947072,17.95608
282.9254,-23.55383,5.040248,18.10687,-23.54484,4.961516,18.09464,-22.35176,4.947072,17.95608
282.9451,-23.55327,5.039949,18.10853,-23.54472,4.961644,18.09334,-22.35176,4.947072,17.95608
282.9634,-23.55332,5.039643,18.10894,-23.54419,4.961409,18.09511,-22.35176,4.947072,17.95608
282.9813,-23.55243,5.039943,18.10733,-23.54426,4.961366,18.09557,-22.35176,4.947072,17.95608
282.9994,-23.55243,5.039943,18.10733,-23.54334,4.961472,18.09382,-22.35176,4.947072,17.95608
283.0155,-23.55187,5.039643,18.10898,-23.54334,4.961472,18.09382,-22.35176,4.947072,17.95608
283.0365,-23.54937,5.039795,18.10798,-23.54281,4.961236,18.09558,-22.35176,4.947072,17.95608
283.0581,-23.54937,5.039795,18.10798,-23.54017,4.961124,18.09444,-22.35176,4.947072,17.95608
283.0815,-23.54974,5.039336,18.10946,-23.54017,4.961124,18.09444,-22.35176,4.947072,17.95608
283.1071,-23.54906,5.039031,18.1099,-23.54071,4.960999,18.09606,-22.35176,4.947072,17.95608
283.1287,-23.54652,5.039489,18.10848,-23.54005,4.960891,18.09653,-22.35176,4.947072,17.95608
283.149,-23.54528,5.038882,18.11056,-23.53734,4.960823,18.09492,-22.35176,4.947072,17.95608
283.1675,-23.54383,5.038881,18.1106,-23.53616,4.96048,18.09715,-22.35176,4.947072,17.95608
283.1876,-23.54073,5.039043,18.11083,-23.5347,4.960351,18.09716,-22.35176,4.947072,17.95608
283.2057,-23.54001,5.039043,18.11084,-23.53146,4.960048,18.09731,-22.35176,4.947072,17.95608
283.2259,-23.53763,5.039204,18.11105,-23.53074,4.959983,18.09731,-22.35176,4.947072,17.95608
283.244,-23.53707,5.038907,18.1127,-23.52822,4.959745,18.09745,-22.35176,4.947072,17.95608
283.2614,-23.53634,5.038907,18.11271,-23.52768,4.959509,18.09921,-22.35176,4.947072,17.95608
283.28,-23.5334,5.038775,18.11457,-23.52695,4.959445,18.09921,-22.35176,4.947072,17.95608
283.2977,-23.5334,5.038775,18.11457,-23.52388,4.95897,18.10112,-22.35176,4.947072,17.95608
283.312,-23.5321,5.038481,18.11623,-23.52388,4.95897,18.10112,-22.35176,4.947072,17.95608
283.3311,-23.53138,5.038482,18.11625,-23.52261,4.958669,18.10288,-22.35176,4.947072,17.95608
283.3492,-23.53065,5.038482,18.11626,-23.52188,4.958605,18.10288,-22.35176,4.947072,17.95608
283.3677,-23.53008,5.03819,18.11791,-23.52115,4.958541,18.10287,-22.35176,4.947072,17.95608
283.3875,-23.52878,5.037901,18.11957,-23.52061,4.958304,18.10463,-22.35176,4.947072,17.95608
283.407,-23.5282,5.037614,18.12121,-23.51933,4.958004,18.10639,-22.35176,4.947072,17.95608
283.425,-23.52583,5.037779,18.12141,-23.51878,4.957767,18.10814,-22.35176,4.947072,17.95608
283.4427,-23.52675,5.037613,18.12124,-23.51625,4.957529,18.10828,-22.35176,4.947072,17.95608
283.4605,-23.52437,5.037779,18.12144,-23.51731,4.957638,18.10814,-22.35176,4.947072,17.95608
283.4786,-23.52437,5.037779,18.12144,-23.51479,4.957401,18.10827,-22.35176,4.947072,17.95608
283.493,-23.52038,5.038234,18.12001,-23.51479,4.957401,18.10827,-22.35176,4.947072,17.95608
283.5109,-23.52058,5.038067,18.11984,-23.51062,4.957208,18.10663,-22.35176,4.947072,17.95608
283.5331,-23.51762,5.037947,18.12168,-23.51096,4.957253,18.10649,-22.35176,4.947072,17.95608
283.553,-23.51703,5.037662,18.12332,-23.50959,4.97112,18.11072,-22.35176,4.947072,17.95608
283.5717,-23.51393,5.037833,18.12351,-23.50907,4.971231,18.11251,-22.35176,4.947072,17.95608
283.5909,-23.5132,5.037833,18.12352,-23.50601,4.97247,18.11288,-22.35176,4.947072,17.95608
283.615,-23.51174,5.037833,18.12353,-23.50528,4.972432,18.11287,-22.35176,4.947072,17.95608
283.6391,-23.50863,5.038005,18.12371,-23.50378,4.972044,18.11282,-22.35176,4.947072,17.95608
283.6628,-23.50717,5.038005,18.12372,-23.49888,4.958083,18.1107,-22.35176,4.947072,17.95608
283.6852,-23.50644,5.038005,18.12372,-23.49728,4.956882,18.1105,-22.35176,4.947072,17.95608
283.7066,-23.50498,5.038005,18.12372,-23.4963,4.954737,18.11015,-22.35176,4.947072,17.95608
283.7255,-23.50425,5.038005,18.12373,-23.49481,4.954437,18.1101,-22.35176,4.947072,17.95608
283.745,-23.50201,5.037896,18.12554,-23.49407,4.954288,18.11007,-22.35176,4.947072,17.95608
283.7651,-23.50114,5.038179,18.1239,-23.49171,4.953979,18.11197,-22.35176,4.947072,17.95608
283.7837,-23.50133,5.038005,18.12373,-23.49076,4.953632,18.11011,-22.35176,4.947072,17.95608
283.8038,-23.49895,5.038179,18.1239,-23.4911,4.953688,18.10996,-22.35176,4.947072,17.95608
283.825,-23.49822,5.038179,18.1239,-23.48854,4.953183,18.11002,-22.35176,4.947072,17.95608
283.8449,-23.49749,5.038179,18.12389,-23.48779,4.953032,18.10999,-22.35176,4.947072,17.95608
283.8672,-23.49571,5.03864,18.12242,-23.48705,4.952881,18.10996,-22.35176,4.947072,17.95608
283.89,-23.49498,5.038641,18.12242,-23.48502,4.952338,18.10822,-22.35176,4.947072,17.95608
283.9117,-23.49498,5.03864,18.12242,-23.48428,4.952182,18.10819,-22.35176,4.947072,17.95608
283.9316,-23.49425,5.03864,18.12242,-23.48428,4.952182,18.10819,-22.35176,4.947072,17.95608
283.9518,-23.49425,5.03864,18.12242,-23.48353,4.952029,18.10816,-22.35176,4.947072,17.95608
283.9766,-23.49352,5.03864,18.12242,-23.48353,4.952029,18.10816,-22.35176,4.947072,17.95608
283.9964,-23.49266,5.038928,18.12078,-23.48279,4.951879,18.10813,-22.35176,4.947072,17.95608
284.0165,-23.4918,5.039216,18.11913,-23.48186,4.951643,18.10628,-22.35176,4.947072,17.95608
284.0368,-23.49107,5.039216,18.11913,-23.48093,4.951416,18.10443,-22.35176,4.947072,17.95608
284.0562,-23.49082,5.039802,18.11585,-23.48019,4.951261,18.1044,-22.35176,4.947072,17.95608
284.0775,-23.48983,5.040396,18.11257,-23.47982,4.951121,18.10077,-22.35176,4.947072,17.95608
284.0993,-23.48886,5.040998,18.10929,-23.47871,4.950825,18.09709,-22.35176,4.947072,17.95608
284.1207,-23.48788,5.041607,18.10602,-23.47761,4.950531,18.09342,-22.35176,4.947072,17.95608
284.145,-23.48704,5.041915,18.10438,-23.47651,4.950236,18.08973,-22.35176,4.947072,17.95608
284.1694,-23.48691,5.042226,18.10274,-23.47559,4.950012,18.08787,-22.35176,4.947072,17.95608
284.1907,-23.48607,5.042538,18.1011,-23.47541,4.949934,18.08604,-22.35176,4.947072,17.95608
284.215,-23.48523,5.042853,18.09946,-23.47446,4.94945,18.08413,-22.35176,4.947072,17.95608
284.2409,-23.48367,5.043169,18.09781,-23.47351,4.948968,18.08221,-22.35176,4.947072,17.95608
284.2643,-23.48367,5.043169,18.09781,-23.47183,4.948256,18.08024,-22.35176,4.947072,17.95608
284.2858,-23.48283,5.043488,18.09617,-23.47183,4.948256,18.08024,-22.35176,4.947072,17.95608
284.309,-23.47974,5.043666,18.09631,-23.47088,4.947774,18.07832,-22.35176,4.947072,17.95608
284.332,-23.47891,5.043987,18.09467,-23.46753,4.946755,18.07824,-22.35176,4.947072,17.95608
284.3559,-23.47759,5.043666,18.09628,-23.46659,4.946273,18.07631,-22.35176,4.947072,17.95608
284.3795,-23.47687,5.043666,18.09628,-23.46531,4.946069,18.07807,-22.35176,4.947072,17.95608
284.4023,-23.47367,5.044166,18.09477,-23.46457,4.94584,18.07801,-22.35176,4.947072,17.95608
284.4317,-23.47069,5.044029,18.09653,-23.46102,4.944566,18.07604,-22.35176,4.947072,17.95608
284.4538,-23.46843,5.043896,18.09831,-23.45786,4.943796,18.07782,-22.35176,4.947072,17.95608
284.4792,-23.46452,5.043955,18.10023,-23.45539,4.942935,18.07959,-22.35176,4.947072,17.95608
284.5016,-23.46226,5.043831,18.102,-23.45101,4.941244,18.08134,-22.35176,4.947072,17.95608
284.5254,-23.46165,5.043519,18.10362,-23.44853,4.940368,18.08311,-22.35176,4.947072,17.95608
284.5473,-23.46093,5.043519,18.1036,-23.44798,4.94031,18.08491,-22.35176,4.947072,17.95608
284.567,-23.45867,5.043401,18.10537,-23.44722,4.939979,18.08483,-22.35176,4.947072,17.95608
284.5868,-23.45794,5.043402,18.10535,-23.44474,4.939101,18.0866,-22.35176,4.947072,17.95608
284.6085,-23.45722,5.043401,18.10533,-23.44398,4.93877,18.08652,-22.35176,4.947072,17.95608
284.6293,-23.45485,5.043596,18.10546,-23.44322,4.93844,18.08643,-22.35176,4.947072,17.95608
284.6487,-23.45413,5.043597,18.10544,-23.44054,4.937288,18.08632,-22.35176,4.947072,17.95608
284.668,-23.4534,5.043597,18.10542,-23.43978,4.936957,18.08624,-22.35176,4.947072,17.95608
284.6869,-23.45444,5.043094,18.1069,-23.43902,4.936626,18.08615,-22.35176,4.947072,17.95608
284.7077,-23.45206,5.043288,18.10703,-23.44038,4.937387,18.08798,-22.35176,4.947072,17.95608
284.7289,-23.45206,5.043288,18.10703,-23.43769,4.936234,18.08787,-22.35176,4.947072,17.95608
284.7468,-23.45124,5.043597,18.10537,-23.43769,4.936234,18.08787,-22.35176,4.947072,17.95608
284.7649,-23.45051,5.043596,18.10535,-23.43674,4.935634,18.0859,-22.35176,4.947072,17.95608
284.7866,-23.44969,5.043907,18.10369,-23.43598,4.935303,18.08581,-22.35176,4.947072,17.95608
284.806,-23.44969,5.043907,18.10369,-23.43503,4.934703,18.08384,-22.35176,4.947072,17.95608
284.8251,-23.44721,5.044416,18.10217,-23.43503,4.934703,18.08384,-22.35176,4.947072,17.95608
284.8517,-23.44804,5.044534,18.10038,-23.43217,4.933428,18.08186,-22.35176,4.947072,17.95608
284.8726,-23.44794,5.04485,18.09874,-23.43315,4.933669,18.07992,-22.35176,4.947072,17.95608
284.8928,-23.44557,5.045047,18.09886,-23.43297,4.933477,18.07804,-22.35176,4.947072,17.95608
284.9135,-23.44485,5.045047,18.09883,-23.4303,4.932475,18.07794,-22.35176,4.947072,17.95608
284.9337,-23.44485,5.045047,18.09883,-23.42955,4.932189,18.07785,-22.35176,4.947072,17.95608
284.9555,-23.44413,5.045047,18.09881,-23.42955,4.932189,18.07786,-22.35176,4.947072,17.95608
284.9761,-23.44341,5.045048,18.09879,-23.4288,4.931904,18.07777,-22.35176,4.947072,17.95608
284.995,-23.44114,5.04493,18.10054,-23.42805,4.931619,18.07769,-22.35176,4.947072,17.95608
285.014,-23.44114,5.04493,18.10054,-23.42555,4.930805,18.07946,-22.35176,4.947072,17.95608
285.0379,-23.44042,5.04493,18.10051,-23.42555,4.930805,18.07946,-22.35176,4.947072,17.95608
285.0586,-23.43877,5.045131,18.10065,-23.42481,4.930521,18.07938,-22.35176,4.947072,17.95608
285.0779,-23.43898,5.04493,18.10047,-23.42288,4.929799,18.07936,-22.35176,4.947072,17.95608
285.0979,-23.43661,5.045131,18.10057,-23.4233,4.929948,18.07922,-22.35176,4.947072,17.95608
285.1183,-23.43424,5.045334,18.10068,-23.42062,4.928941,18.0791,-22.35176,4.947072,17.95608
285.1373,-23.43352,5.045335,18.10066,-23.41794,4.927933,18.07899,-22.35176,4.947072,17.95608
285.1572,-23.4328,5.045335,18.10063,-23.41718,4.927631,18.0789,-22.35176,4.947072,17.95608
285.179,-23.43208,5.045335,18.1006,-23.41643,4.927309,18.07881,-22.35176,4.947072,17.95608
285.1984,-23.43145,5.045019,18.10221,-23.41567,4.926986,18.07871,-22.35176,4.947072,17.95608
285.2186,-23.42908,5.045225,18.10231,-23.41509,4.926857,18.08051,-22.35176,4.947072,17.95608
285.239,-23.42826,5.04554,18.10065,-23.41238,4.925713,18.08036,-22.35176,4.947072,17.95608
285.2599,-23.42682,5.04554,18.10059,-23.41145,4.925195,18.07838,-22.35176,4.947072,17.95608
285.2814,-23.42602,5.045856,18.09892,-23.40994,4.924547,18.07818,-22.35176,4.947072,17.95608
285.3066,-23.42521,5.046175,18.09725,-23.40901,4.924032,18.0762,-22.35176,4.947072,17.95608
285.3315,-23.4244,5.046496,18.09559,-23.40808,4.923514,18.0742,-22.35176,4.947072,17.95608
285.353,-23.4244,5.046496,18.09559,-23.40716,4.922999,18.0722,-22.35176,4.947072,17.95608
285.3768,-23.4244,5.046496,18.09559,-23.40716,4.922999,18.0722,-22.35176,4.947072,17.95608
285.398,-23.4244,5.046496,18.09558,-23.40716,4.922999,18.0722,-22.35176,4.947072,17.95608
285.42,-23.4244,5.046496,18.09558,-23.40716,4.922998,18.0722,-22.35176,4.947072,17.95608
285.4408,-23.42369,5.046496,18.09556,-23.40716,4.922998,18.0722,-22.35176,4.947072,17.95608
285.4668,-23.42377,5.046175,18.09719,-23.40641,4.922677,18.07211,-22.35176,4.947072,17.95608
285.4891,-23.42295,5.046802,18.09511,-23.40658,4.922869,18.074,-22.35176,4.947072,17.95608
285.5108,-23.42405,5.045957,18.09823,-23.40558,4.922293,18.07152,-22.35176,4.947072,17.95608
285.5327,-23.42333,5.045958,18.09819,-23.40712,4.92318,18.07528,-22.35176,4.947072,17.95608
285.5554,-23.4227,5.045641,18.0998,-23.40637,4.922857,18.07518,-22.35176,4.947072,17.95608
285.5764,-23.41961,5.045846,18.09986,-23.40578,4.922725,18.07697,-22.35176,4.947072,17.95608
285.5991,-23.42054,5.04564,18.0997,-23.40231,4.921255,18.07672,-22.35176,4.947072,17.95608
285.6242,-23.4199,5.045326,18.10131,-23.40351,4.921756,18.07668,-22.35176,4.947072,17.95608
285.6504,-23.41846,5.045326,18.10124,-23.40292,4.921623,18.07847,-22.35176,4.947072,17.95608
285.6791,-23.41536,5.045532,18.10129,-23.40141,4.920977,18.07827,-22.35176,4.947072,17.95608
285.7022,-23.41565,5.045014,18.10274,-23.39798,4.919779,18.07806,-22.35176,4.947072,17.95608
285.727,-23.41328,5.045219,18.10282,-23.39856,4.919939,18.07978,-22.35176,4.947072,17.95608
285.752,-23.41349,5.045014,18.10264,-23.39589,4.91916,18.07968,-22.35176,4.947072,17.95608
285.7755,-23.41112,5.045219,18.10272,-23.39634,4.919291,18.07954,-22.35176,4.947072,17.95608
285.7984,-23.41205,5.045014,18.10257,-23.39367,4.918513,18.07943,-22.35176,4.947072,17.95608
285.8209,-23.40975,5.044909,18.10428,-23.39485,4.918858,18.07937,-22.35176,4.947072,17.95608
285.8474,-23.40988,5.045014,18.10246,-23.39232,4.918108,18.08113,-22.35176,4.947072,17.95608
285.8707,-23.40916,5.045014,18.10242,-23.39263,4.918211,18.07912,-22.35176,4.947072,17.95608
285.8954,-23.40844,5.045014,18.10238,-23.39189,4.917994,18.07904,-22.35176,4.947072,17.95608
285.9187,-23.40679,5.045219,18.10249,-23.39115,4.917779,18.07895,-22.35176,4.947072,17.95608
285.9438,-23.40772,5.045013,18.10234,-23.38923,4.917217,18.07893,-22.35176,4.947072,17.95608
285.9709,-23.40628,5.045013,18.10227,-23.39041,4.917564,18.07887,-22.35176,4.947072,17.95608
285.9985,-23.40389,5.045526,18.10192,-23.38893,4.917132,18.0787,-22.35176,4.947072,17.95608
286.0273,-23.40482,5.04532,18.10178,-23.3862,4.916339,18.07811,-22.35176,4.947072,17.95608
286.0558,-23.40173,5.045526,18.1018,-23.38739,4.916686,18.07805,-22.35176,4.947072,17.95608
286.0782,-23.40186,5.045938,18.09956,-23.38398,4.915692,18.07785,-22.35176,4.947072,17.95608
286.1013,-23.40106,5.046558,18.09747,-23.38425,4.915785,18.07536,-22.35176,4.947072,17.95608
286.1275,-23.40033,5.046864,18.09701,-23.38333,4.915531,18.07292,-22.35176,4.947072,17.95608
286.153,-23.39883,5.04789,18.0955,-23.38253,4.915301,18.07235,-22.35176,4.947072,17.95608
286.1775,-23.39734,5.048208,18.09377,-23.38085,4.914822,18.07042,-22.35176,4.947072,17.95608
286.2032,-23.39502,5.049175,18.08874,-23.37926,4.91437,18.06836,-22.35176,4.947072,17.95608
286.2289,-23.39353,5.049501,18.08702,-23.37673,4.913839,18.06247,-22.35176,4.947072,17.95608
286.2519,-23.39276,5.049829,18.08534,-23.37519,4.913624,18.06045,-22.35176,4.947072,17.95608
286.274,-23.39205,5.049829,18.08529,-23.37436,4.913548,18.0585,-22.35176,4.947072,17.95608
286.2952,-23.39222,5.049957,18.08347,-23.37365,4.913479,18.05843,-22.35176,4.947072,17.95608
286.3167,-23.38916,5.05056,18.0841,-23.37401,4.913561,18.0564,-22.35176,4.947072,17.95608
286.3399,-23.38773,5.05056,18.08401,-23.37067,4.913222,18.05689,-22.35176,4.947072,17.95608
286.363,-23.38725,5.050356,18.08378,-23.36925,4.913085,18.05676,-22.35176,4.947072,17.95608
286.3892,-23.38488,5.05056,18.08382,-23.369,4.913066,18.05654,-22.35176,4.947072,17.95608
286.4107,-23.38412,5.050892,18.08214,-23.3664,4.912813,18.05648,-22.35176,4.947072,17.95608
286.4341,-23.38341,5.05089,18.08209,-23.37117,4.954399,18.06285,-22.35176,4.947072,17.95608
286.4589,-23.38364,5.050688,18.08191,-23.37057,4.955112,18.06294,-22.35176,4.947072,17.95608
286.4833,-23.3806,5.05056,18.08353,-23.37094,4.954903,18.06275,-22.35176,4.947072,17.95608
286.5112,-23.37985,5.050892,18.08185,-23.36779,4.954778,18.06449,-22.35176,4.947072,17.95608
286.5348,-23.37842,5.050891,18.08175,-23.36722,4.95641,18.06293,-22.35176,4.947072,17.95608
286.559,-23.37704,5.050559,18.08328,-23.36578,4.956193,18.06278,-22.35176,4.947072,17.95608
286.5853,-23.37249,5.051097,18.08152,-23.3586,4.912192,18.05574,-22.35176,4.947072,17.95608
286.6145,-23.36941,5.051304,18.08149,-23.35384,4.912263,18.05367,-22.35176,4.947072,17.95608
286.6378,-23.36562,5.051514,18.08141,-23.3554,4.947874,18.06074,-22.35176,4.947072,17.95608
286.6597,-23.36588,5.050973,18.08286,-23.35148,4.947968,18.06061,-22.35176,4.947072,17.95608
286.6813,-23.36206,5.051515,18.08113,-23.35194,4.94765,18.06223,-22.35176,4.947072,17.95608
286.7058,-23.35995,5.051183,18.08259,-23.343,4.91153,18.05298,-22.35176,4.947072,17.95608
286.7279,-23.3585,5.051515,18.08084,-23.34091,4.911003,18.05457,-22.35176,4.947072,17.95608
286.7511,-23.35471,5.051726,18.08073,-23.33948,4.911357,18.05262,-22.35176,4.947072,17.95608
286.7736,-23.35331,5.051394,18.08225,-23.33553,4.911516,18.05248,-22.35176,4.947072,17.95608
286.7957,-23.35186,5.051726,18.08049,-23.33417,4.911294,18.05419,-22.35176,4.947072,17.95608
286.8199,-23.35044,5.051727,18.08037,-23.33278,4.911908,18.05228,-22.35176,4.947072,17.95608
286.8411,-23.34809,5.051609,18.08201,-23.33141,4.912105,18.05219,-22.35176,4.947072,17.95608
286.8648,-23.34736,5.05194,18.08031,-23.3289,4.912003,18.05401,-22.35176,4.947072,17.95608
286.8912,-23.34665,5.05194,18.08025,-23.3282,4.912519,18.05215,-22.35176,4.947072,17.95608
286.918,-23.34594,5.05194,18.08018,-23.32751,4.912618,18.0521,-22.35176,4.947072,17.95608
286.9445,-23.34523,5.05194,18.08012,-23.32682,4.912717,18.05205,-22.35176,4.947072,17.95608
286.9753,-23.34451,5.05194,18.08006,-23.32614,4.912816,18.052,-22.35176,4.947072,17.95608
287.0041,-23.34379,5.052274,18.07836,-23.32545,4.912915,18.05195,-22.35176,4.947072,17.95608
287.0376,-23.34309,5.05194,18.07993,-23.32475,4.91343,18.05009,-22.35176,4.947072,17.95608
287.0691,-23.34238,5.051939,18.07986,-23.32408,4.913112,18.05184,-22.35176,4.947072,17.95608
287.1112,-23.34096,5.051939,18.07973,-23.32339,4.913211,18.05179,-22.35176,4.947072,17.95608
287.1531,-23.33787,5.05249,18.07802,-23.32202,4.913409,18.05169,-22.35176,4.947072,17.95608
287.1916,-23.3381,5.052274,18.07783,-23.3188,4.914244,18.04983,-22.35176,4.947072,17.95608
287.2339,-23.33668,5.052274,18.0777,-23.31927,4.914222,18.04967,-22.35176,4.947072,17.95608
287.2734,-23.33525,5.05261,18.07593,-23.31789,4.914422,18.04956,-22.35176,4.947072,17.95608
287.3153,-23.33384,5.052273,18.07743,-23.31652,4.915036,18.04765,-22.35176,4.947072,17.95608
287.355,-23.33147,5.05249,18.07741,-23.31515,4.914819,18.04934,-22.35176,4.947072,17.95608
287.3931,-23.33241,5.052609,18.07566,-23.31263,4.915139,18.04933,-22.35176,4.947072,17.95608
287.4314,-23.32934,5.052826,18.07557,-23.31378,4.915433,18.04742,-22.35176,4.947072,17.95608
287.4692,-23.32863,5.052826,18.07549,-23.31058,4.915854,18.04736,-22.35176,4.947072,17.95608
287.5097,-23.3265,5.052825,18.07528,-23.30989,4.915954,18.0473,-22.35176,4.947072,17.95608
287.5487,-23.32271,5.053044,18.07511,-23.30784,4.916254,18.04713,-22.35176,4.947072,17.95608
287.5897,-23.32059,5.053077,18.07367,-23.30395,4.916742,18.04699,-22.35176,4.947072,17.95608
287.632,-23.3161,5.053636,18.07178,-23.30188,4.917014,18.04539,-22.35176,4.947072,17.95608
287.6705,-23.31399,5.053673,18.07034,-23.29724,4.917401,18.04325,-22.35176,4.947072,17.95608
287.7086,-23.31093,5.05424,18.06858,-23.29523,4.918009,18.04172,-22.35176,4.947072,17.95608
287.7504,-23.30951,5.05424,18.06843,-23.29211,4.919299,18.03992,-22.35176,4.947072,17.95608
287.7909,-23.30882,5.054586,18.06672,-23.29078,4.919748,18.03985,-22.35176,4.947072,17.95608
287.8282,-23.3074,5.05424,18.06819,-23.29012,4.920239,18.03798,-22.35176,4.947072,17.95608
287.8658,-23.30598,5.05424,18.06803,-23.28879,4.92042,18.03973,-22.35176,4.947072,17.95608
287.9049,-23.30457,5.05424,18.06787,-23.28747,4.920869,18.03965,-22.35176,4.947072,17.95608
287.9425,-23.30388,5.054586,18.06616,-23.28614,4.921319,18.03957,-22.35176,4.947072,17.95608
287.977,-23.30317,5.054585,18.06608,-23.28548,4.921808,18.03771,-22.35176,4.947072,17.95608
288.0084,-23.30178,5.054935,18.06428,-23.28481,4.922033,18.03766,-22.35176,4.947072,17.95608
288.0445,-23.29872,5.055158,18.06415,-23.28349,4.922747,18.03575,-22.35176,4.947072,17.95608
288.078,-23.2966,5.055159,18.0639,-23.28039,4.923767,18.03577,-22.35176,4.947072,17.95608
288.1091,-23.29522,5.055509,18.0621,-23.2784,4.92444,18.03564,-22.35176,4.947072,17.95608
288.1468,-23.29213,5.055384,18.06358,-23.27709,4.925152,18.03373,-22.35176,4.947072,17.95608
288.1815,-23.29142,5.055385,18.0635,-23.27397,4.92591,18.03557,-22.35176,4.947072,17.95608
288.2144,-23.29001,5.055384,18.06333,-23.27331,4.926135,18.03552,-22.35176,4.947072,17.95608
288.2503,-23.2879,5.055385,18.06307,-23.27247,4.930049,18.03618,-22.35176,4.947072,17.95608
288.291,-23.28719,5.055384,18.06298,-23.27106,4.934852,18.03694,-22.35176,4.947072,17.95608
288.3276,-23.28413,5.055613,18.06282,-23.27206,4.947048,18.03949,-22.35176,4.947072,17.95608
288.3627,-23.28343,5.055612,18.06273,-23.26921,4.949597,18.03982,-22.35176,4.947072,17.95608
288.3982,-23.28438,5.055384,18.06263,-23.26853,4.949737,18.03976,-22.35176,4.947072,17.95608
288.4288,-23.28273,5.055917,18.06223,-23.26965,4.949687,18.03969,-22.35176,4.947072,17.95608
288.4641,-23.28273,5.056619,18.06243,-23.26786,4.95015,18.03927,-22.35176,4.947072,17.95608
288.5022,-23.28207,5.057273,18.06029,-23.26775,4.950089,18.03935,-22.35176,4.947072,17.95608
288.5362,-23.28136,5.057274,18.0602,-23.26715,4.95116,18.03716,-22.35176,4.947072,17.95608
288.567,-23.2793,5.05793,18.05788,-23.26642,4.950875,18.037,-22.35176,4.947072,17.95608
288.601,-23.2769,5.058507,18.05964,-23.26103,4.927554,18.02925,-22.35176,4.947072,17.95608
288.6381,-23.27484,5.059163,18.05731,-23.25842,4.927828,18.03116,-22.35176,4.947072,17.95608
288.6693,-23.26968,5.059396,18.05685,-23.25633,4.927979,18.02852,-22.35176,4.947072,17.95608
288.705,-23.26451,5.059631,18.05638,-23.25125,4.929609,18.02832,-22.35176,4.947072,17.95608
288.7406,-23.25935,5.060565,18.05609,-23.24619,4.931346,18.02814,-22.35176,4.947072,17.95608
288.7787,-23.25423,5.061854,18.05416,-23.24103,4.933119,18.02805,-22.35176,4.947072,17.95608
288.8117,-23.24825,5.064049,18.05026,-23.23574,4.933986,18.02586,-22.35176,4.947072,17.95608
288.849,-23.24618,5.065495,18.04914,-23.22918,4.934269,18.02121,-22.35176,4.947072,17.95608
288.8843,-23.24557,5.066461,18.04657,-23.22695,4.934375,18.01969,-22.35176,4.947072,17.95608
288.9179,-23.24324,5.067008,18.04604,-23.22616,4.934003,18.01663,-22.35176,4.947072,17.95608
288.9491,-23.24492,5.067369,18.04521,-23.22363,4.934308,18.01603,-22.35176,4.947072,17.95608
288.9826,-23.24571,5.068334,18.04285,-23.22537,4.933867,18.01503,-22.35176,4.947072,17.95608
289.0202,-23.24409,5.069184,18.042,-23.22592,4.933311,18.01215,-22.35176,4.947072,17.95608
289.0525,-23.24575,5.069241,18.04159,-23.22401,4.933448,18.01114,-22.35176,4.947072,17.95608
289.0837,-23.24575,5.069241,18.04159,-23.2258,4.933083,18.01064,-22.35176,4.947072,17.95608
289.1161,-23.24587,5.069968,18.03834,-23.2258,4.933083,18.01064,-22.35176,4.947072,17.95608
289.1451,-23.24589,5.07027,18.03792,-23.22589,4.933582,18.00696,-22.35176,4.947072,17.95608
289.1741,-23.24763,5.070996,18.03546,-23.22587,4.933656,18.00649,-22.35176,4.947072,17.95608
289.1979,-23.24774,5.072267,18.03258,-23.2277,4.933712,18.0037,-22.35176,4.947072,17.95608
289.222,-23.24812,5.073299,18.0295,-23.2277,4.934202,18.00044,-22.35176,4.947072,17.95608
289.2507,-23.2492,5.073808,18.02615,-23.22819,4.934618,17.99702,-22.35176,4.947072,17.95608
289.2751,-23.25092,5.073948,18.02454,-23.22946,4.934933,17.99326,-22.35176,4.947072,17.95608
289.2972,-23.24929,5.074485,18.02411,-23.23133,4.934838,17.9914,-22.35176,4.947072,17.95608
289.3196,-23.25038,5.075008,18.02077,-23.22948,4.93514,17.99091,-22.35176,4.947072,17.95608
289.3434,-23.25047,5.075692,18.01872,-23.23073,4.935336,17.98711,-22.35176,4.947072,17.95608
289.3749,-23.24985,5.076077,18.017,-23.23075,4.935536,17.98476,-22.35176,4.947072,17.95608
289.4006,-23.24855,5.076463,18.01517,-23.23012,4.935772,17.9828,-22.35176,4.947072,17.95608
289.4255,-23.24786,5.076463,18.01507,-23.22884,4.936086,17.98074,-22.35176,4.947072,17.95608
289.4494,-23.24786,5.076463,18.01507,-23.22818,4.936164,17.98065,-22.35176,4.947072,17.95608
289.4705,-23.24726,5.07715,18.01292,-23.22818,4.936164,17.98065,-22.35176,4.947072,17.95608
289.4919,-23.24561,5.077388,18.01291,-23.22754,4.936443,17.97821,-22.35176,4.947072,17.95608
289.5132,-23.24604,5.077937,18.00947,-23.22569,4.936642,17.97817,-22.35176,4.947072,17.95608
289.5349,-23.24529,5.077543,18.01099,-23.22631,4.936913,17.97428,-22.35176,4.947072,17.95608
289.5562,-23.24529,5.077543,18.01099,-23.22561,4.936834,17.97606,-22.35176,4.947072,17.95608
289.5773,-23.24469,5.078236,18.00884,-23.22561,4.936834,17.97606,-22.35176,4.947072,17.95608
289.5991,-23.24168,5.078472,18.00861,-23.22497,4.937113,17.9736,-22.35176,4.947072,17.95608
289.6231,-23.24198,5.078536,18.008,-23.22181,4.937468,17.97338,-22.35176,4.947072,17.95608
289.649,-23.24139,5.079231,18.00586,-23.22233,4.937469,17.97274,-22.35176,4.947072,17.95608
289.6755,-23.24141,5.07953,18.00543,-23.2217,4.937747,17.97029,-22.35176,4.947072,17.95608
289.6971,-23.23907,5.080446,18.0055,-23.22168,4.93779,17.96981,-22.35176,4.947072,17.95608
289.7189,-23.23909,5.080744,18.00508,-23.21907,4.938072,17.96976,-22.35176,4.947072,17.95608
289.742,-23.23838,5.081125,18.00558,-23.21906,4.938115,17.96927,-22.35176,4.947072,17.95608
289.7697,-23.23778,5.081521,18.00386,-23.21832,4.938153,17.96975,-22.35176,4.947072,17.95608
289.7919,-23.23712,5.08182,18.00333,-23.21771,4.938387,17.96777,-22.35176,4.947072,17.95608
289.818,-23.23654,5.082516,18.00118,-23.21704,4.938509,17.96719,-22.35176,4.947072,17.95608
289.8412,-23.2345,5.083193,18.00105,-23.21642,4.938787,17.96473,-22.35176,4.947072,17.95608
289.8659,-23.23381,5.083194,18.00094,-23.21437,4.939104,17.96454,-22.35176,4.947072,17.95608
289.8893,-23.23188,5.083891,17.99857,-23.21372,4.939259,17.96447,-22.35176,4.947072,17.95608
289.9117,-23.23053,5.083891,17.99835,-23.21183,4.939905,17.96186,-22.35176,4.947072,17.95608
289.9337,-23.23017,5.083953,17.99763,-23.21055,4.940213,17.9617,-22.35176,4.947072,17.95608
289.9586,-23.22786,5.084487,17.99706,-23.21043,4.9403,17.96097,-22.35176,4.947072,17.95608
289.9812,-23.2272,5.084785,17.99652,-23.20795,4.940883,17.9604,-22.35176,4.947072,17.95608
290.0073,-23.22652,5.084785,17.99641,-23.2073,4.941067,17.95983,-22.35176,4.947072,17.95608
290.0285,-23.22585,5.084785,17.9963,-23.20665,4.941213,17.95975,-22.35176,4.947072,17.95608
290.0498,-23.22528,5.086159,17.99434,-23.20601,4.941358,17.95966,-22.35176,4.947072,17.95608
290.0728,-23.22464,5.086754,17.99338,-23.20531,4.941684,17.95729,-22.35176,4.947072,17.95608
290.0969,-23.22399,5.08705,17.99285,-23.20465,4.941907,17.95623,-22.35176,4.947072,17.95608
290.119,-23.22166,5.087288,17.99269,-23.20399,4.942092,17.95566,-22.35176,4.947072,17.95608
290.1431,-23.22331,5.08705,17.99273,-23.20153,4.942633,17.95556,-22.35176,4.947072,17.95608
290.1681,-23.22285,5.088154,17.98897,-23.20335,4.942237,17.95557,-22.35176,4.947072,17.95608
290.1912,-23.22278,5.088047,17.99016,-23.20281,4.942545,17.95119,-22.35176,4.947072,17.95608
290.214,-23.22058,5.088986,17.98797,-23.20274,4.942524,17.95261,-22.35176,4.947072,17.95608
290.2351,-23.22155,5.088748,17.98789,-23.20031,4.943116,17.95011,-22.35176,4.947072,17.95608
290.2584,-23.2202,5.088748,17.98767,-23.2015,4.94286,17.95003,-22.35176,4.947072,17.95608
290.2805,-23.21798,5.089394,17.98589,-23.20022,4.943142,17.94986,-22.35176,4.947072,17.95608
290.3057,-23.21674,5.089803,17.98404,-23.19781,4.943717,17.94785,-22.35176,4.947072,17.95608
290.3275,-23.21676,5.090098,17.98362,-23.19659,4.944036,17.94576,-22.35176,4.947072,17.95608
290.3503,-23.21557,5.091101,17.98093,-23.19658,4.944051,17.94526,-22.35176,4.947072,17.95608
290.3725,-23.21492,5.091397,17.98039,-23.19533,4.9444,17.94218,-22.35176,4.947072,17.95608
290.3954,-23.21438,5.092105,17.97823,-23.19468,4.944557,17.94159,-22.35176,4.947072,17.95608
290.421,-23.21382,5.09252,17.9765,-23.19409,4.944748,17.93909,-22.35176,4.947072,17.95608
290.4464,-23.21339,5.093651,17.97274,-23.19352,4.944924,17.93709,-22.35176,4.947072,17.95608
290.4683,-23.21339,5.09365,17.97274,-23.19299,4.945151,17.93266,-22.35176,4.947072,17.95608
290.4899,-23.21177,5.094187,17.97227,-23.19299,4.945151,17.93266,-22.35176,4.947072,17.95608
290.5115,-23.21275,5.093947,17.9722,-23.19115,4.945565,17.93214,-22.35176,4.947072,17.95608
290.5345,-23.21208,5.093947,17.97208,-23.19235,4.945306,17.93207,-22.35176,4.947072,17.95608
290.5557,-23.21057,5.094903,17.97,-23.19172,4.945446,17.93199,-22.35176,4.947072,17.95608
290.5766,-23.21216,5.094831,17.97081,-23.18994,4.945894,17.92955,-22.35176,4.947072,17.95608
290.5988,-23.21165,5.09584,17.96823,-23.19168,4.945492,17.93049,-22.35176,4.947072,17.95608
290.6259,-23.2104,5.096722,17.96672,-23.19108,4.945697,17.92748,-22.35176,4.947072,17.95608
290.651,-23.20987,5.097439,17.96457,-23.18978,4.945988,17.92579,-22.35176,4.947072,17.95608
290.6714,-23.20912,5.09731,17.96564,-23.1892,4.946093,17.92326,-22.35176,4.947072,17.95608
290.6922,-23.20849,5.096938,17.96491,-23.18849,4.946218,17.92459,-22.35176,4.947072,17.95608
290.7144,-23.20801,5.097285,17.96214,-23.18794,4.946315,17.92392,-22.35176,4.947072,17.95608
290.7359,-23.2066,5.096489,17.9629,-23.18745,4.946403,17.9208,-22.35176,4.947072,17.95608
290.7596,-23.20601,5.096411,17.96175,-23.18621,4.946622,17.92196,-22.35176,4.947072,17.95608
290.7832,-23.20484,5.096548,17.95901,-23.18566,4.946721,17.92079,-22.35176,4.947072,17.95608
290.8083,-23.20373,5.097268,17.95542,-23.18454,4.94692,17.91792,-22.35176,4.947072,17.95608
290.8326,-23.20175,5.097778,17.95025,-23.1834,4.947123,17.91404,-22.35176,4.947072,17.95608
290.8548,-23.19971,5.098364,17.9461,-23.18122,4.94751,17.90854,-22.35176,4.947072,17.95608
290.878,-23.19847,5.098354,17.94453,-23.17897,4.94791,17.90412,-22.35176,4.947072,17.95608
290.9028,-23.19287,5.099698,17.93937,-23.17779,4.948119,17.90268,-22.35176,4.947072,17.95608
290.9298,-23.19098,5.099618,17.93795,-23.17183,4.949178,17.89703,-22.35176,4.947072,17.95608
290.9525,-23.18725,5.099432,17.93911,-23.17006,4.949494,17.89563,-22.35176,4.947072,17.95608
290.9742,-23.18511,5.100406,17.93689,-23.16626,4.950056,17.89717,-22.35176,4.947072,17.95608
290.9956,-23.18284,5.100945,17.93627,-23.16385,4.950359,17.89452,-22.35176,4.947072,17.95608
291.0175,-23.18221,5.101233,17.93571,-23.16136,4.950584,17.89378,-22.35176,4.947072,17.95608
291.0392,-23.18094,5.101521,17.93502,-23.16071,4.950632,17.89315,-22.35176,4.947072,17.95608
291.0629,-23.17964,5.101521,17.93476,-23.15945,4.950736,17.89239,-22.35176,4.947072,17.95608
291.0917,-23.1785,5.102245,17.93246,-23.1582,4.950852,17.89214,-22.35176,4.947072,17.95608
291.114,-23.17785,5.102245,17.93233,-23.15701,4.950903,17.88943,-22.35176,4.947072,17.95608
291.1371,-23.17672,5.102969,17.93003,-23.15639,4.950961,17.8893,-22.35176,4.947072,17.95608
291.1607,-23.17546,5.103256,17.92933,-23.15515,4.950672,17.88649,-22.35176,4.947072,17.95608
291.1852,-23.17487,5.103829,17.92834,-23.15387,4.950555,17.88566,-22.35176,4.947072,17.95608
291.2065,-23.17196,5.104371,17.92757,-23.15318,4.950241,17.88441,-22.35176,4.947072,17.95608
291.2274,-23.17304,5.104038,17.92647,-23.15002,4.950291,17.88346,-22.35176,4.947072,17.95608
291.2494,-23.17301,5.103805,17.92661,-23.1513,4.949775,17.88225,-22.35176,4.947072,17.95608
291.2717,-23.1708,5.10398,17.92536,-23.15132,4.949892,17.88263,-22.35176,4.947072,17.95608
291.2953,-23.17191,5.10393,17.92383,-23.14887,4.949709,17.88118,-22.35176,4.947072,17.95608
291.316,-23.17119,5.104062,17.92444,-23.15012,4.949024,17.87942,-22.35176,4.947072,17.95608
291.3368,-23.16882,5.104448,17.92498,-23.14944,4.949371,17.88029,-22.35176,4.947072,17.95608
291.3623,-23.16706,5.105169,17.92253,-23.14689,4.949885,17.88105,-22.35176,4.947072,17.95608
291.3859,-23.16645,5.105453,17.92197,-23.14498,4.949128,17.87794,-22.35176,4.947072,17.95608
291.4097,-23.16537,5.106461,17.91923,-23.14433,4.948982,17.87725,-22.35176,4.947072,17.95608
291.4334,-23.16545,5.107029,17.91837,-23.14302,4.948024,17.87371,-22.35176,4.947072,17.95608
291.4574,-23.16494,5.108162,17.91651,-23.14297,4.947682,17.87259,-22.35176,4.947072,17.95608
291.4794,-23.16437,5.108727,17.91551,-23.14223,4.947022,17.8702,-22.35176,4.947072,17.95608
291.5003,-23.16315,5.109292,17.91437,-23.14155,4.946704,17.86894,-22.35176,4.947072,17.95608
291.5273,-23.16195,5.109208,17.91305,-23.14025,4.946428,17.86754,-22.35176,4.947072,17.95608
291.55,-23.16159,5.109849,17.90984,-23.13908,4.946218,17.8661,-22.35176,4.947072,17.95608
291.5722,-23.16183,5.110212,17.90719,-23.13852,4.94521,17.86209,-22.35176,4.947072,17.95608
291.5931,-23.15956,5.110503,17.90667,-23.13859,4.944286,17.85877,-22.35176,4.947072,17.95608
291.6164,-23.15991,5.111708,17.90273,-23.13611,4.944571,17.85837,-22.35176,4.947072,17.95608
291.64,-23.15953,5.112102,17.89963,-23.13611,4.943198,17.85337,-22.35176,4.947072,17.95608
291.6611,-23.15838,5.112298,17.89787,-23.13557,4.942287,17.84974,-22.35176,4.947072,17.95608
291.6874,-23.1555,5.112835,17.89707,-23.13439,4.941922,17.84772,-22.35176,4.947072,17.95608
291.7089,-23.1549,5.113114,17.8965,-23.13128,4.942162,17.84679,-22.35176,4.947072,17.95608
291.7347,-23.1544,5.11331,17.89488,-23.13065,4.942071,17.84609,-22.35176,4.947072,17.95608
291.7576,-23.15219,5.114126,17.89378,-23.13008,4.941644,17.84421,-22.35176,4.947072,17.95608
291.7786,-23.15224,5.114404,17.89335,-23.12755,4.941672,17.84284,-22.35176,4.947072,17.95608
291.7986,-23.15169,5.114321,17.89216,-23.12753,4.941521,17.84228,-22.35176,4.947072,17.95608
291.8198,-23.14882,5.114861,17.89135,-23.12698,4.941243,17.84095,-22.35176,4.947072,17.95608
291.8402,-23.15009,5.114966,17.88865,-23.1238,4.940947,17.83985,-22.35176,4.947072,17.95608
291.8642,-23.14791,5.115145,17.88737,-23.12522,4.940252,17.83661,-22.35176,4.947072,17.95608
291.8853,-23.14556,5.114873,17.88768,-23.1227,4.939511,17.83494,-22.35176,4.947072,17.95608
291.9084,-23.14422,5.115787,17.88451,-23.12018,4.939626,17.8355,-22.35176,4.947072,17.95608
291.9294,-23.14441,5.115621,17.88242,-23.11847,4.939531,17.83168,-22.35176,4.947072,17.95608
291.9516,-23.14294,5.116358,17.88041,-23.11864,4.939163,17.82937,-22.35176,4.947072,17.95608
291.9748,-23.14091,5.116736,17.87765,-23.11673,4.938462,17.82683,-22.35176,4.947072,17.95608
291.998,-23.14206,5.116657,17.87611,-23.11428,4.937527,17.82348,-22.35176,4.947072,17.95608
292.0194,-23.14155,5.117481,17.87466,-23.11559,4.936661,17.82163,-22.35176,4.947072,17.95608
292.0408,-23.14005,5.117942,17.87308,-23.11489,4.93604,17.81973,-22.35176,4.947072,17.95608
292.0648,-23.14009,5.118216,17.87264,-23.113,4.93555,17.81776,-22.35176,4.947072,17.95608
292.0852,-23.1395,5.118489,17.87206,-23.11297,4.935335,17.81718,-22.35176,4.947072,17.95608
292.1078,-23.13896,5.119035,17.87104,-23.11234,4.935143,17.81644,-22.35176,4.947072,17.95608
292.1287,-23.13775,5.119308,17.87031,-23.11168,4.934734,17.81512,-22.35176,4.947072,17.95608
292.1498,-23.13733,5.120043,17.86812,-23.11045,4.934563,17.81423,-22.35176,4.947072,17.95608
292.1705,-23.13297,5.121052,17.86604,-23.10981,4.933524,17.81124,-22.35176,4.947072,17.95608
292.1913,-23.13252,5.121516,17.86429,-23.10479,4.933116,17.80838,-22.35176,4.947072,17.95608
292.2123,-23.13043,5.12226,17.86245,-23.10425,4.932746,17.8061,-22.35176,4.947072,17.95608
292.235,-23.1297,5.121435,17.86328,-23.10193,4.933383,17.80392,-22.35176,4.947072,17.95608
292.2554,-23.12907,5.121435,17.86313,-23.10139,4.933782,17.8053,-22.35176,4.947072,17.95608
292.276,-23.12845,5.121437,17.86298,-23.10083,4.933995,17.8052,-22.35176,4.947072,17.95608
292.2999,-23.12619,5.121715,17.86273,-23.10026,4.934208,17.8051,-22.35176,4.947072,17.95608
292.3226,-23.12494,5.121715,17.86242,-23.09992,4.948663,17.80919,-22.35176,4.947072,17.95608
292.3474,-23.12286,5.122461,17.86057,-23.10055,4.960809,17.81262,-22.35176,4.947072,17.95608
292.3689,-23.12224,5.122461,17.86041,-23.09869,4.964173,17.81133,-22.35176,4.947072,17.95608
292.39,-23.1218,5.122931,17.85867,-23.09814,4.964525,17.81127,-22.35176,4.947072,17.95608
292.4123,-23.12074,5.123403,17.85677,-23.09762,4.964297,17.80908,-22.35176,4.947072,17.95608
292.4341,-23.11804,5.124159,17.85476,-23.0945,4.950824,17.80255,-22.35176,4.947072,17.95608
292.4549,-23.11742,5.124158,17.8546,-23.09151,4.950789,17.8,-22.35176,4.947072,17.95608
292.4768,-23.11473,5.124918,17.85259,-23.09088,4.950577,17.79976,-22.35176,4.947072,17.95608
292.5002,-23.11344,5.125271,17.85288,-23.08781,4.949996,17.79704,-22.35176,4.947072,17.95608
292.5241,-23.11056,5.125558,17.85246,-23.08478,4.938794,17.79372,-22.35176,4.947072,17.95608
292.5453,-23.10952,5.126033,17.85055,-23.08164,4.9387,17.79312,-22.35176,4.947072,17.95608
292.5667,-23.10669,5.126595,17.84968,-23.08053,4.938349,17.79066,-22.35176,4.947072,17.95608
292.5881,-23.10546,5.126595,17.84936,-23.07743,4.938405,17.78957,-22.35176,4.947072,17.95608
292.6089,-23.10423,5.126595,17.84903,-23.0763,4.938769,17.78934,-22.35176,4.947072,17.95608
292.6345,-23.10238,5.126595,17.84854,-23.07517,4.939134,17.78911,-22.35176,4.947072,17.95608
292.6562,-23.09889,5.126886,17.84793,-23.07348,4.939681,17.78876,-22.35176,4.947072,17.95608
292.679,-23.09766,5.126886,17.8476,-23.06994,4.940794,17.78835,-22.35176,4.947072,17.95608
292.7003,-23.09541,5.127179,17.84732,-23.06881,4.941159,17.78811,-22.35176,4.947072,17.95608
292.7263,-23.09316,5.127473,17.84704,-23.0664,4.941906,17.78793,-22.35176,4.947072,17.95608
292.7477,-23.09254,5.127473,17.84687,-23.064,4.942654,17.78774,-22.35176,4.947072,17.95608
292.77,-23.09193,5.127473,17.8467,-23.06343,4.942836,17.78762,-22.35176,4.947072,17.95608
292.7926,-23.08968,5.12777,17.84641,-23.06287,4.943018,17.7875,-22.35176,4.947072,17.95608
292.8163,-23.08906,5.127769,17.84624,-23.06047,4.943766,17.78732,-22.35176,4.947072,17.95608
292.838,-23.08681,5.128069,17.84596,-23.05991,4.943948,17.78719,-22.35176,4.947072,17.95608
292.8592,-23.08498,5.127893,17.84742,-23.0575,4.944695,17.787,-22.35176,4.947072,17.95608
292.8841,-23.08599,5.127593,17.84737,-23.05549,4.945115,17.78889,-22.35176,4.947072,17.95608
292.9088,-23.08333,5.12837,17.84532,-23.05677,4.944734,17.78883,-22.35176,4.947072,17.95608
292.9308,-23.08203,5.128723,17.84559,-23.05397,4.945808,17.78656,-22.35176,4.947072,17.95608
292.9552,-23.08243,5.128422,17.84537,-23.05272,4.946157,17.78688,-22.35176,4.947072,17.95608
292.9773,-23.07856,5.129025,17.84495,-23.05343,4.945958,17.78671,-22.35176,4.947072,17.95608
293.0009,-23.07856,5.129025,17.84495,-23.04919,4.947269,17.78643,-22.35176,4.947072,17.95608
293.0261,-23.07957,5.128723,17.8449,-23.04919,4.947269,17.78643,-22.35176,4.947072,17.95608
293.0465,-23.07794,5.129025,17.84477,-23.05047,4.946887,17.78638,-22.35176,4.947072,17.95608
293.0681,-23.07733,5.129025,17.8446,-23.04863,4.947452,17.78631,-22.35176,4.947072,17.95608
293.0907,-23.07529,5.129808,17.84271,-23.04807,4.947634,17.78618,-22.35176,4.947072,17.95608
293.1136,-23.07529,5.129808,17.84271,-23.04585,4.948523,17.78403,-22.35176,4.947072,17.95608
293.1404,-23.07406,5.129806,17.84236,-23.04585,4.948523,17.78403,-22.35176,4.947072,17.95608
293.1653,-23.07283,5.129806,17.84201,-23.04473,4.948888,17.78377,-22.35176,4.947072,17.95608
293.1866,-23.07161,5.129807,17.84166,-23.04357,4.949009,17.78344,-22.35176,4.947072,17.95608
293.2105,-23.06875,5.130114,17.84118,-23.04236,4.948867,17.78301,-22.35176,4.947072,17.95608
293.2327,-23.06752,5.130115,17.84082,-23.03928,4.949008,17.78242,-22.35176,4.947072,17.95608
293.2554,-23.06467,5.130424,17.84033,-23.03812,4.949089,17.78206,-22.35176,4.947072,17.95608
293.278,-23.06344,5.130424,17.83998,-23.03503,4.949234,17.78146,-22.35176,4.947072,17.95608
293.3011,-23.06059,5.130735,17.83948,-23.03386,4.949271,17.78109,-22.35176,4.947072,17.95608
293.3272,-23.0616,5.130423,17.83943,-23.03072,4.949043,17.78036,-22.35176,4.947072,17.95608
293.3494,-23.05834,5.131047,17.83916,-23.03207,4.9491,17.78046,-22.35176,4.947072,17.95608
293.3719,-23.05773,5.131048,17.83898,-23.02817,4.948872,17.77984,-22.35176,4.947072,17.95608
293.3938,-23.05875,5.130735,17.83893,-23.02757,4.948815,17.77963,-22.35176,4.947072,17.95608
293.4149,-23.05814,5.130735,17.83875,-23.02892,4.948873,17.77972,-22.35176,4.947072,17.95608
293.4375,-23.05505,5.13057,17.83984,-23.02833,4.948816,17.77951,-22.35176,4.947072,17.95608
293.4642,-23.05444,5.13057,17.83965,-23.02507,4.948978,17.7809,-22.35176,4.947072,17.95608
293.4891,-23.05523,5.129782,17.84119,-23.02448,4.948921,17.78068,-22.35176,4.947072,17.95608
293.5119,-23.0536,5.130094,17.84105,-23.02566,4.949021,17.78279,-22.35176,4.947072,17.95608
293.5328,-23.05337,5.129621,17.84264,-23.02375,4.949087,17.78254,-22.35176,4.947072,17.95608
293.5585,-23.0536,5.130094,17.84105,-23.02351,4.948703,17.78441,-22.35176,4.947072,17.95608
293.5836,-23.05337,5.129621,17.84264,-23.02375,4.949087,17.78254,-22.35176,4.947072,17.95608
293.6099,-23.055,5.129307,17.84278,-23.02351,4.948703,17.78441,-22.35176,4.947072,17.95608
293.631,-23.055,5.129308,17.84278,-23.02543,4.948637,17.78466,-22.35176,4.947072,17.95608
293.6539,-23.05337,5.129622,17.84264,-23.02543,4.948637,17.78466,-22.35176,4.947072,17.95608
293.6772,-23.055,5.129309,17.84278,-23.02351,4.948703,17.78441,-22.35176,4.947072,17.95608
293.6984,-23.05506,5.129581,17.84234,-23.02543,4.948637,17.78466,-22.35176,4.947072,17.95608
293.7217,-23.05506,5.129581,17.84234,-23.02546,4.948739,17.78417,-22.35176,4.947072,17.95608
293.7482,-23.05348,5.130167,17.84177,-23.02546,4.948739,17.78417,-22.35176,4.947072,17.95608
293.7766,-23.05226,5.130167,17.8414,-23.02357,4.948905,17.78343,-22.35176,4.947072,17.95608
293.7996,-23.05389,5.129854,17.84154,-23.0224,4.948988,17.78306,-22.35176,4.947072,17.95608
293.8225,-23.05114,5.130712,17.84016,-23.02432,4.948923,17.78332,-22.35176,4.947072,17.95608
293.8505,-23.0516,5.13067,17.8395,-23.02125,4.949001,17.78163,-22.35176,4.947072,17.95608
293.8737,-23.04822,5.130629,17.8382,-23.02199,4.948899,17.78096,-22.35176,4.947072,17.95608
293.9009,-23.04591,5.129686,17.84081,-23.01838,4.948501,17.77938,-22.35176,4.947072,17.95608
293.9379,-23.04392,5.128862,17.84122,-23.01634,4.949051,17.78295,-22.35176,4.947072,17.95608
293.9745,-23.04106,5.129178,17.8407,-23.01451,4.948904,17.78372,-22.35176,4.947072,17.95608
294.0124,-23.03858,5.129028,17.84194,-23.01142,4.94898,17.78306,-22.35176,4.947072,17.95608
294.0446,-23.03759,5.129494,17.83998,-23.00869,4.948784,17.78449,-22.35176,4.947072,17.95608
294.0743,-23.03474,5.129814,17.83944,-23.00767,4.948686,17.78207,-22.35176,4.947072,17.95608
294.0966,-23.03376,5.130283,17.83747,-23.00455,4.948558,17.78133,-22.35176,4.947072,17.95608
294.1187,-23.03152,5.130604,17.83713,-23.00348,4.94805,17.77877,-22.35176,4.947072,17.95608
294.1432,-23.03091,5.130604,17.83694,-23.00089,4.94765,17.77814,-22.35176,4.947072,17.95608
294.17,-23.02867,5.130927,17.83659,-23.00029,4.947543,17.7779,-22.35176,4.947072,17.95608
294.1932,-23.02668,5.131723,17.83465,-22.9977,4.947143,17.77726,-22.35176,4.947072,17.95608
294.2181,-23.02643,5.131253,17.83624,-22.99525,4.946446,17.77453,-22.35176,4.947072,17.95608
294.2466,-23.02516,5.132468,17.83205,-22.99511,4.946742,17.77662,-22.35176,4.947072,17.95608
294.2793,-23.02317,5.133269,17.83012,-22.99359,4.945745,17.77116,-22.35176,4.947072,17.95608
294.3071,-23.02334,5.134099,17.82914,-22.99114,4.945047,17.76842,-22.35176,4.947072,17.95608
294.3329,-23.02334,5.134099,17.82914,-22.99114,4.944822,17.76691,-22.35176,4.947072,17.95608
294.3551,-23.02171,5.134429,17.82898,-22.99114,4.944822,17.76691,-22.35176,4.947072,17.95608
294.377,-23.02197,5.134907,17.8274,-22.98915,4.944527,17.7665,-22.35176,4.947072,17.95608
294.4043,-23.02203,5.135178,17.82697,-22.9893,4.944229,17.7644,-22.35176,4.947072,17.95608
294.4336,-23.02234,5.135928,17.82495,-22.9893,4.944148,17.76385,-22.35176,4.947072,17.95608
294.4608,-23.02125,5.136471,17.82369,-22.98945,4.943768,17.76119,-22.35176,4.947072,17.95608
294.4943,-23.02065,5.136471,17.8235,-22.98825,4.943388,17.75959,-22.35176,4.947072,17.95608
294.5225,-23.02029,5.136953,17.82172,-22.98765,4.943281,17.75935,-22.35176,4.947072,17.95608
294.554,-23.01867,5.137284,17.82156,-22.98721,4.942906,17.757,-22.35176,4.947072,17.95608
294.5806,-23.01813,5.137555,17.82093,-22.98522,4.942656,17.7566,-22.35176,4.947072,17.95608
294.6119,-23.01469,5.137888,17.82017,-22.98463,4.942492,17.75581,-22.35176,4.947072,17.95608
294.6436,-23.01125,5.138224,17.81941,-22.98086,4.941967,17.75468,-22.35176,4.947072,17.95608
294.6734,-23.00883,5.138223,17.8186,-22.97708,4.941441,17.75354,-22.35176,4.947072,17.95608
294.6961,-23.00601,5.138561,17.81803,-22.97471,4.941074,17.75256,-22.35176,4.947072,17.95608
294.7177,-23.0019,5.138761,17.81907,-22.97153,4.940638,17.75165,-22.35176,4.947072,17.95608
294.7399,-23.0019,5.13876,17.81907,-22.96678,4.940306,17.75269,-22.35176,4.947072,17.95608
294.7622,-23.00163,5.138281,17.82065,-22.96678,4.940306,17.75269,-22.35176,4.947072,17.95608
294.7872,-23.00105,5.137658,17.82027,-22.96661,4.940571,17.7548,-22.35176,4.947072,17.95608
294.8086,-22.99866,5.137169,17.82088,-22.96617,4.940487,17.7545,-22.35176,4.947072,17.95608
294.829,-22.9994,5.136349,17.82242,-22.96362,4.940648,17.75545,-22.35176,4.947072,17.95608
294.8501,-22.99718,5.136693,17.82204,-22.96483,4.940879,17.75765,-22.35176,4.947072,17.95608
294.8737,-22.99735,5.137523,17.82106,-22.9623,4.940916,17.75711,-22.35176,4.947072,17.95608
294.8992,-22.99762,5.138001,17.81949,-22.96231,4.940723,17.75561,-22.35176,4.947072,17.95608
294.9245,-22.99566,5.138827,17.81754,-22.96248,4.940446,17.7535,-22.35176,4.947072,17.95608
294.9525,-22.99566,5.138826,17.81754,-22.96011,4.940205,17.75085,-22.35176,4.947072,17.95608
294.976,-22.99566,5.138825,17.81754,-22.96011,4.940205,17.75085,-22.35176,4.947072,17.95608
295.0019,-22.99431,5.139657,17.81579,-22.96011,4.940205,17.75085,-22.35176,4.947072,17.95608
295.0279,-22.996,5.139579,17.81553,-22.95832,4.939968,17.74841,-22.35176,4.947072,17.95608
295.0496,-22.99613,5.140121,17.81466,-22.96028,4.939857,17.74818,-22.35176,4.947072,17.95608
295.0715,-22.99449,5.141089,17.81465,-22.96029,4.939716,17.74708,-22.35176,4.947072,17.95608
295.093,-22.99449,5.141089,17.81465,-22.95819,4.939713,17.7468,-22.35176,4.947072,17.95608
295.1146,-22.99422,5.140609,17.81623,-22.95819,4.939713,17.7468,-22.35176,4.947072,17.95608
295.1368,-22.99455,5.14136,17.81422,-22.95804,4.940046,17.74893,-22.35176,4.947072,17.95608
295.1583,-22.99455,5.14136,17.81422,-22.95819,4.939615,17.74624,-22.35176,4.947072,17.95608
295.1811,-22.993,5.141979,17.81362,-22.95819,4.939614,17.74623,-22.35176,4.947072,17.95608
295.2065,-22.9924,5.14198,17.81341,-22.95621,4.939444,17.74532,-22.35176,4.947072,17.95608
295.2317,-22.99058,5.14212,17.81438,-22.95563,4.939399,17.74508,-22.35176,4.947072,17.95608
295.2538,-22.99058,5.14212,17.81438,-22.95351,4.939603,17.74632,-22.35176,4.947072,17.95608
295.2751,-22.99058,5.142118,17.81438,-22.95351,4.939603,17.74632,-22.35176,4.947072,17.95608
295.2961,-22.98971,5.14164,17.81575,-22.95351,4.939603,17.74632,-22.35176,4.947072,17.95608
295.318,-22.98748,5.141994,17.81537,-22.95279,4.939933,17.74823,-22.35176,4.947072,17.95608
295.3395,-22.98688,5.141994,17.81516,-22.95023,4.939814,17.74763,-22.35176,4.947072,17.95608
295.3616,-22.98628,5.141994,17.81495,-22.94964,4.939768,17.74738,-22.35176,4.947072,17.95608
295.3881,-22.98295,5.14306,17.8152,-22.94906,4.939723,17.74714,-22.35176,4.947072,17.95608
295.4103,-22.98457,5.142703,17.81537,-22.94496,4.93968,17.74702,-22.35176,4.947072,17.95608
295.4346,-22.98484,5.14318,17.8138,-22.94694,4.939754,17.74739,-22.35176,4.947072,17.95608
295.4576,-22.9835,5.144019,17.81205,-22.94708,4.939379,17.74524,-22.35176,4.947072,17.95608
295.4838,-22.9835,5.14402,17.81205,-22.94525,4.938928,17.74272,-22.35176,4.947072,17.95608
295.5109,-22.98493,5.142829,17.8132,-22.94525,4.938928,17.74271,-22.35176,4.947072,17.95608
295.5341,-22.9823,5.142483,17.81141,-22.94723,4.939273,17.74463,-22.35176,4.947072,17.95608
295.5604,-22.9799,5.140944,17.81032,-22.94438,4.938896,17.74256,-22.35176,4.947072,17.95608
295.5861,-22.98023,5.139403,17.81044,-22.94235,4.938772,17.74191,-22.35176,4.947072,17.95608
295.6082,-22.97834,5.138219,17.81017,-22.94332,4.93892,17.74273,-22.35176,4.947072,17.95608
295.6315,-22.97477,5.137122,17.81015,-22.94172,4.938946,17.74293,-22.35176,4.947072,17.95608
295.6563,-22.975,5.135934,17.81087,-22.93815,4.938993,17.74331,-22.35176,4.947072,17.95608
295.6799,-22.972,5.135461,17.81123,-22.93895,4.939245,17.74473,-22.35176,4.947072,17.95608
295.7025,-22.97241,5.135103,17.81098,-22.93581,4.939345,17.7454,-22.35176,4.947072,17.95608
295.7299,-22.97093,5.134627,17.81212,-22.93661,4.939328,17.74528,-22.35176,4.947072,17.95608
295.7515,-22.96871,5.134985,17.81172,-22.93529,4.939608,17.74692,-22.35176,4.947072,17.95608
295.7733,-22.97033,5.134626,17.8119,-22.93417,4.947263,17.7489,-22.35176,4.947072,17.95608
295.7954,-22.96994,5.134833,17.81054,-22.93471,4.939561,17.74667,-22.35176,4.947072,17.95608
295.817,-22.96994,5.134832,17.81054,-22.93428,4.93924,17.74484,-22.35176,4.947072,17.95608
295.8392,-22.96934,5.134832,17.81033,-22.93428,4.93924,17.74484,-22.35176,4.947072,17.95608
295.8647,-22.96933,5.134833,17.81033,-22.9337,4.939193,17.74459,-22.35176,4.947072,17.95608
295.8958,-22.96926,5.134563,17.81076,-22.93369,4.939193,17.74459,-22.35176,4.947072,17.95608
295.9263,-22.96859,5.134293,17.81098,-22.93369,4.939291,17.74515,-22.35176,4.947072,17.95608
295.9597,-22.9677,5.133817,17.81233,-22.93311,4.939341,17.74546,-22.35176,4.947072,17.95608
295.988,-22.96781,5.133464,17.81173,-22.93386,4.947906,17.7501,-22.35176,4.947072,17.95608
296.0215,-22.96846,5.132363,17.81371,-22.934,4.94775,17.74949,-22.35176,4.947072,17.95608
296.0532,-22.96567,5.132094,17.81291,-22.93517,4.94805,17.75223,-22.35176,4.947072,17.95608
296.0783,-22.96431,5.130641,17.81327,-22.93074,4.939883,17.74863,-22.35176,4.947072,17.95608
296.1002,-22.96326,5.128718,17.81543,-22.92971,4.940048,17.74961,-22.35176,4.947072,17.95608
296.1259,-22.96187,5.127893,17.81596,-22.9291,4.94063,17.75296,-22.35176,4.947072,17.95608
296.1504,-22.9604,5.126798,17.81692,-22.92791,4.940801,17.75397,-22.35176,4.947072,17.95608
296.172,-22.95925,5.125544,17.81613,-22.92672,4.941068,17.75554,-22.35176,4.947072,17.95608
296.1933,-22.9579,5.125,17.81655,-22.92585,4.940958,17.75494,-22.35176,4.947072,17.95608
296.2177,-22.95582,5.123904,17.81729,-22.92466,4.941058,17.75555,-22.35176,4.947072,17.95608
296.2392,-22.95445,5.122454,17.81763,-22.92288,4.941291,17.75686,-22.35176,4.947072,17.95608
296.2624,-22.95298,5.121358,17.81859,-22.92184,4.941485,17.75782,-22.35176,4.947072,17.95608
296.288,-22.95301,5.12073,17.81842,-22.92065,4.941787,17.75938,-22.35176,4.947072,17.95608
296.3116,-22.95233,5.120457,17.81862,-22.9208,4.941775,17.75933,-22.35176,4.947072,17.95608
296.3335,-22.95364,5.12057,17.81702,-22.92021,4.941844,17.75964,-22.35176,4.947072,17.95608
296.3568,-22.95209,5.119199,17.8184,-22.92173,4.94146,17.75766,-22.35176,4.947072,17.95608
296.3789,-22.9496,5.119393,17.816,-22.92052,4.941858,17.75977,-22.35176,4.947072,17.95608
296.3999,-22.94804,5.118024,17.81738,-22.91775,4.941405,17.75675,-22.35176,4.947072,17.95608
296.4251,-22.94728,5.117476,17.81802,-22.91654,4.941803,17.75887,-22.35176,4.947072,17.95608
296.4594,-22.94721,5.117203,17.81845,-22.91594,4.941968,17.75972,-22.35176,4.947072,17.95608
296.4894,-22.94882,5.116847,17.81865,-22.91592,4.942064,17.76027,-22.35176,4.947072,17.95608
296.5203,-22.94814,5.116572,17.81886,-22.91785,4.94208,17.76065,-22.35176,4.947072,17.95608
296.5547,-22.94623,5.117397,17.81685,-22.91725,4.942149,17.76095,-22.35176,4.947072,17.95608
296.5894,-22.94738,5.116024,17.81949,-22.91493,4.941734,17.75823,-22.35176,4.947072,17.95608
296.6192,-22.94517,5.116378,17.81905,-22.91664,4.942314,17.76181,-22.35176,4.947072,17.95608
296.6448,-22.94372,5.114649,17.81982,-22.91414,4.942269,17.76119,-22.35176,4.947072,17.95608
296.6713,-22.94385,5.113197,17.82097,-22.91308,4.942558,17.76269,-22.35176,4.947072,17.95608
296.6934,-22.94067,5.112179,17.82213,-22.91378,4.942873,17.76461,-22.35176,4.947072,17.95608
296.7177,-22.93808,5.110727,17.82199,-22.91065,4.943253,17.76633,-22.35176,4.947072,17.95608
296.7423,-22.93591,5.109353,17.82313,-22.90842,4.943385,17.76676,-22.35176,4.947072,17.95608
296.7673,-22.93413,5.10872,17.82225,-22.9066,4.94375,17.76859,-22.35176,4.947072,17.95608
296.7885,-22.93264,5.107625,17.82318,-22.90499,4.943651,17.76778,-22.35176,4.947072,17.95608
296.8107,-22.93288,5.106715,17.82379,-22.90376,4.943948,17.76931,-22.35176,4.947072,17.95608
296.8324,-22.92949,5.105778,17.82596,-22.90446,4.9441,17.77028,-22.35176,4.947072,17.95608
296.853,-22.9282,5.1055,17.82592,-22.90113,4.944677,17.77311,-22.35176,4.947072,17.95608
296.8744,-22.92722,5.105684,17.8243,-22.89994,4.944715,17.77315,-22.35176,4.947072,17.95608
296.8955,-22.9256,5.104945,17.82583,-22.89894,4.944386,17.77112,-22.35176,4.947072,17.95608
296.9174,-22.92402,5.105128,17.82397,-22.89754,4.944789,17.77322,-22.35176,4.947072,17.95608
296.9393,-22.92487,5.104217,17.82482,-22.89596,4.944431,17.77093,-22.35176,4.947072,17.95608
296.9609,-22.92256,5.104293,17.82478,-22.89723,4.944613,17.77217,-22.35176,4.947072,17.95608
296.9849,-22.9224,5.103734,17.82564,-22.89473,4.94466,17.77207,-22.35176,4.947072,17.95608
297.0072,-22.92393,5.103101,17.82629,-22.8947,4.944852,17.77317,-22.35176,4.947072,17.95608
297.0286,-22.92215,5.102897,17.82691,-22.89657,4.944969,17.77411,-22.35176,4.947072,17.95608
297.0523,-22.9236,5.101982,17.82799,-22.89464,4.945141,17.77482,-22.35176,4.947072,17.95608
297.0736,-22.9219,5.102057,17.82819,-22.8965,4.945354,17.77631,-22.35176,4.947072,17.95608
297.0982,-22.92121,5.101776,17.82838,-22.89459,4.94543,17.77647,-22.35176,4.947072,17.95608
297.1248,-22.92113,5.101495,17.82881,-22.89398,4.945496,17.77676,-22.35176,4.947072,17.95608
297.1562,-22.92096,5.100935,17.82966,-22.89397,4.945592,17.77731,-22.35176,4.947072,17.95608
297.1861,-22.92131,5.098993,17.83292,-22.89393,4.945784,17.77841,-22.35176,4.947072,17.95608
297.2195,-22.9186,5.098326,17.83487,-22.89494,4.94645,17.78278,-22.35176,4.947072,17.95608
297.2473,-22.91791,5.098043,17.83506,-22.89217,4.946723,17.7852,-22.35176,4.947072,17.95608
297.2733,-22.91689,5.097303,17.83681,-22.89155,4.94676,17.78548,-22.35176,4.947072,17.95608
297.2953,-22.91681,5.097021,17.83724,-22.89069,4.946982,17.78775,-22.35176,4.947072,17.95608
297.32,-22.9167,5.094755,17.83935,-22.89066,4.947031,17.78829,-22.35176,4.947072,17.95608
297.3472,-22.91653,5.094189,17.84019,-22.8912,4.947313,17.79153,-22.35176,4.947072,17.95608
297.3695,-22.91502,5.093093,17.8411,-22.89115,4.947409,17.79259,-22.35176,4.947072,17.95608
297.3904,-22.91391,5.092074,17.84328,-22.88987,4.947564,17.79403,-22.35176,4.947072,17.95608
297.4139,-22.91152,5.091863,17.84365,-22.88897,4.947833,17.79682,-22.35176,4.947072,17.95608
297.4367,-22.90979,5.090845,17.84559,-22.88646,4.94792,17.79723,-22.35176,4.947072,17.95608
297.4578,-22.90901,5.090276,17.84619,-22.88496,4.948177,17.79976,-22.35176,4.947072,17.95608
297.4789,-22.91,5.089921,17.84619,-22.88431,4.948262,17.80056,-22.35176,4.947072,17.95608
297.5033,-22.90798,5.089544,17.84794,-22.88558,4.948249,17.8007,-22.35176,4.947072,17.95608
297.5299,-22.9076,5.089706,17.84655,-22.88343,4.948482,17.80281,-22.35176,4.947072,17.95608
297.5531,-22.90529,5.089778,17.84649,-22.88306,4.948336,17.80111,-22.35176,4.947072,17.95608
297.5761,-22.90398,5.089493,17.84643,-22.88056,4.948352,17.80098,-22.35176,4.947072,17.95608
297.5981,-22.90216,5.088189,17.84877,-22.87927,4.947987,17.80087,-22.35176,4.947072,17.95608
297.6198,-22.89819,5.087531,17.85021,-22.87765,4.947793,17.80375,-22.35176,4.947072,17.95608
297.6444,-22.89567,5.086596,17.84945,-22.87345,4.946767,17.80519,-22.35176,4.947072,17.95608
297.6717,-22.89322,5.084409,17.85148,-22.87105,4.94604,17.8044,-22.35176,4.947072,17.95608
297.6933,-22.89008,5.083678,17.85212,-22.86894,4.945709,17.80726,-22.35176,4.947072,17.95608
297.717,-22.88841,5.082952,17.85361,-22.8656,4.944851,17.80793,-22.35176,4.947072,17.95608
297.7393,-22.88638,5.082589,17.85536,-22.86403,4.944576,17.80974,-22.35176,4.947072,17.95608
297.7638,-22.88638,5.082589,17.85536,-22.86175,4.944114,17.81161,-22.35176,4.947072,17.95608
297.7887,-22.88629,5.082301,17.85578,-22.86175,4.944114,17.81161,-22.35176,4.947072,17.95608
297.8118,-22.88459,5.082379,17.85596,-22.86172,4.944151,17.81213,-22.35176,4.947072,17.95608
297.8345,-22.88611,5.081725,17.85662,-22.85972,4.943596,17.81207,-22.35176,4.947072,17.95608
297.8619,-22.88281,5.08217,17.85655,-22.86166,4.944227,17.81318,-22.35176,4.947072,17.95608
297.8896,-22.88272,5.081882,17.85697,-22.85769,4.943079,17.81252,-22.35176,4.947072,17.95608
297.9171,-22.88264,5.081593,17.85739,-22.85766,4.943117,17.81304,-22.35176,4.947072,17.95608
297.9424,-22.88159,5.080869,17.85913,-22.85764,4.943155,17.81357,-22.35176,4.947072,17.95608
297.9718,-22.88079,5.080291,17.85971,-22.8567,4.943083,17.8157,-22.35176,4.947072,17.95608
297.9983,-22.87948,5.0787,17.86271,-22.856,4.942953,17.81641,-22.35176,4.947072,17.95608
298.022,-22.87807,5.076817,17.86611,-22.85497,4.942992,17.8201,-22.35176,4.947072,17.95608
298.0496,-22.8747,5.076175,17.86776,-22.8539,4.943067,17.8243,-22.35176,4.947072,17.95608
298.0732,-22.87373,5.075747,17.86908,-22.85032,4.942231,17.82602,-22.35176,4.947072,17.95608
298.0985,-22.8723,5.075166,17.8694,-22.8494,4.942118,17.82761,-22.35176,4.947072,17.95608
298.1226,-22.8698,5.074662,17.87015,-22.84805,4.941781,17.82798,-22.35176,4.947072,17.95608
298.1505,-22.86963,5.074078,17.87098,-22.84535,4.941097,17.82862,-22.35176,4.947072,17.95608
298.1748,-22.8682,5.073494,17.87129,-22.84529,4.94117,17.82966,-22.35176,4.947072,17.95608
298.2006,-22.86677,5.072908,17.8716,-22.84395,4.940864,17.83004,-22.35176,4.947072,17.95608
298.2267,-22.86436,5.072696,17.87192,-22.84262,4.940614,17.83043,-22.35176,4.947072,17.95608
298.2506,-22.86355,5.072109,17.87249,-22.83997,4.939996,17.83057,-22.35176,4.947072,17.95608
298.275,-22.86266,5.071228,17.87348,-22.83923,4.939674,17.83122,-22.35176,4.947072,17.95608
298.3002,-22.86024,5.071015,17.87379,-22.83845,4.93935,17.83237,-22.35176,4.947072,17.95608
298.3267,-22.86007,5.069625,17.87592,-22.83568,4.938077,17.8323,-22.35176,4.947072,17.95608
298.3491,-22.85908,5.068445,17.87731,-22.83598,4.938294,17.83513,-22.35176,4.947072,17.95608
298.3714,-22.85568,5.067805,17.87893,-22.83515,4.937866,17.83675,-22.35176,4.947072,17.95608
298.3933,-22.85424,5.067213,17.87923,-22.83349,4.947612,17.84171,-22.35176,4.947072,17.95608
298.4147,-22.85227,5.066917,17.87884,-22.83244,4.948946,17.84258,-22.35176,4.947072,17.95608
298.4404,-22.85011,5.066025,17.87928,-22.83077,4.950114,17.84262,-22.35176,4.947072,17.95608
298.4665,-22.84697,5.065513,17.87972,-22.82885,4.950265,17.84336,-22.35176,4.947072,17.95608
298.4886,-22.84606,5.06462,17.88069,-22.82538,4.948632,17.8434,-22.35176,4.947072,17.95608
298.5114,-22.84521,5.064692,17.88143,-22.82151,4.931569,17.83933,-22.35176,4.947072,17.95608
298.5335,-22.84448,5.064394,17.88157,-22.82056,4.931083,17.83995,-22.35176,4.947072,17.95608
298.5582,-22.84367,5.063797,17.88213,-22.81985,4.930756,17.84007,-22.35176,4.947072,17.95608
298.5811,-22.84213,5.062901,17.88282,-22.82204,4.946435,17.84567,-22.35176,4.947072,17.95608
298.6086,-22.84131,5.062304,17.88337,-22.82077,4.946813,17.84674,-22.35176,4.947072,17.95608
298.6303,-22.83969,5.061882,17.8844,-22.82004,4.946594,17.8474,-22.35176,4.947072,17.95608
298.6541,-22.83799,5.061962,17.88454,-22.81819,4.944924,17.84819,-22.35176,4.947072,17.95608
298.6772,-22.83727,5.061662,17.88468,-22.81309,4.927474,17.84286,-22.35176,4.947072,17.95608
298.7,-22.8354,5.062465,17.88256,-22.81237,4.927147,17.84298,-22.35176,4.947072,17.95608
298.7254,-22.83677,5.062152,17.88385,-22.81349,4.944705,17.84584,-22.35176,4.947072,17.95608
298.7505,-22.83677,5.062152,17.88385,-22.81495,4.944075,17.84712,-22.35176,4.947072,17.95608
298.7731,-22.83668,5.061853,17.88426,-22.81495,4.944075,17.84712,-22.35176,4.947072,17.95608
298.7988,-22.83523,5.061254,17.88453,-22.81175,4.926945,17.8423,-22.35176,4.947072,17.95608
298.8217,-22.83441,5.060652,17.88508,-22.81033,4.926291,17.84253,-22.35176,4.947072,17.95608
298.8477,-22.83259,5.05963,17.88692,-22.80956,4.92589,17.84313,-22.35176,4.947072,17.95608
298.8701,-22.82907,5.058687,17.8889,-22.80774,4.924872,17.84514,-22.35176,4.947072,17.95608
298.8936,-22.82825,5.058084,17.88943,-22.80387,4.922967,17.84694,-22.35176,4.947072,17.95608
298.917,-22.82454,5.057336,17.89216,-22.8031,4.922565,17.84753,-22.35176,4.947072,17.95608
298.9384,-22.82372,5.056731,17.8927,-22.799,4.920846,17.85027,-22.35176,4.947072,17.95608
298.9624,-22.82309,5.056731,17.89242,-22.79825,4.92056,17.85089,-22.35176,4.947072,17.95608
298.9897,-22.8213,5.056511,17.89296,-22.7976,4.9204,17.85056,-22.35176,4.947072,17.95608
299.0143,-22.82057,5.056209,17.89309,-22.79555,4.91975,17.85092,-22.35176,4.947072,17.95608
299.038,-22.81911,5.055603,17.89334,-22.79486,4.919571,17.85107,-22.35176,4.947072,17.95608
299.0606,-22.818,5.054886,17.89504,-22.79348,4.919214,17.85138,-22.35176,4.947072,17.95608
299.0862,-22.81727,5.054583,17.89517,-22.7924,4.918696,17.85332,-22.35176,4.947072,17.95608
299.1134,-22.81617,5.053868,17.89687,-22.79171,4.918517,17.85348,-22.35176,4.947072,17.95608
299.1366,-22.81687,5.053893,17.89501,-22.79062,4.918,17.85541,-22.35176,4.947072,17.95608
299.1586,-22.81362,5.053868,17.89574,-22.79166,4.918498,17.85354,-22.35176,4.947072,17.95608
299.181,-22.81289,5.053565,17.89586,-22.78806,4.917598,17.85412,-22.35176,4.947072,17.95608
299.2127,-22.81152,5.053261,17.8957,-22.78738,4.91742,17.85427,-22.35176,4.947072,17.95608
299.2417,-22.80928,5.053647,17.89514,-22.78605,4.91714,17.8541,-22.35176,4.947072,17.95608
299.2699,-22.80903,5.054059,17.89328,-22.78348,4.91668,17.85322,-22.35176,4.947072,17.95608
299.2943,-22.8083,5.053754,17.8934,-22.78325,4.916923,17.85111,-22.35176,4.947072,17.95608
299.3206,-22.80795,5.053863,17.89195,-22.78256,4.916744,17.85126,-22.35176,4.947072,17.95608
299.3459,-22.80785,5.053558,17.89236,-22.78227,4.916906,17.84962,-22.35176,4.947072,17.95608
299.3734,-22.80712,5.053253,17.89248,-22.78222,4.916827,17.8501,-22.35176,4.947072,17.95608
299.3984,-22.80518,5.053753,17.89074,-22.78153,4.916649,17.85025,-22.35176,4.947072,17.95608
299.4201,-22.80483,5.052031,17.89324,-22.77932,4.916454,17.84805,-22.35176,4.947072,17.95608
299.4447,-22.80162,5.05133,17.89375,-22.7794,4.916036,17.85117,-22.35176,4.947072,17.95608
299.4688,-22.79923,5.050614,17.89486,-22.77599,4.915186,17.8517,-22.35176,4.947072,17.95608
299.491,-22.79649,5.04881,17.89734,-22.77361,4.914467,17.85296,-22.35176,4.947072,17.95608
299.5133,-22.79365,5.046704,17.90022,-22.77102,4.913456,17.85597,-22.35176,4.947072,17.95608
299.5354,-22.79188,5.045995,17.90162,-22.77099,4.926379,17.8637,-22.35176,4.947072,17.95608
299.5572,-22.78997,5.045994,17.90074,-22.76794,4.918825,17.86317,-22.35176,4.947072,17.95608
299.5793,-22.7866,5.045678,17.90183,-22.76624,4.919713,17.86254,-22.35176,4.947072,17.95608
299.6036,-22.78618,5.044981,17.90166,-22.76295,4.920682,17.86412,-22.35176,4.947072,17.95608
299.6293,-22.78446,5.044765,17.90001,-22.76287,4.920663,17.86417,-22.35176,4.947072,17.95608
299.6547,-22.78045,5.044448,17.90079,-22.76133,4.920973,17.86248,-22.35176,4.947072,17.95608
299.677,-22.78131,5.04375,17.9012,-22.75682,4.918843,17.86281,-22.35176,4.947072,17.95608
299.7024,-22.77929,5.043442,17.90072,-22.75806,4.919192,17.86357,-22.35176,4.947072,17.95608
299.7313,-22.77896,5.043535,17.89925,-22.75593,4.918021,17.8628,-22.35176,4.947072,17.95608
299.7563,-22.77634,5.044705,17.89738,-22.75586,4.919299,17.86151,-22.35176,4.947072,17.95608
299.7817,-22.77747,5.045122,17.89396,-22.75287,4.919098,17.85904,-22.35176,4.947072,17.95608
299.8112,-22.77661,5.045531,17.89181,-22.75476,4.922089,17.8561,-22.35176,4.947072,17.95608
299.8378,-22.77623,5.046315,17.89054,-22.75401,4.922803,17.85384,-22.35176,4.947072,17.95608
299.8607,-22.77664,5.046726,17.88898,-22.75356,4.922962,17.85226,-22.35176,4.947072,17.95608
299.8878,-22.77483,5.04753,17.8868,-22.75393,4.92298,17.8504,-22.35176,4.947072,17.95608
299.9149,-22.7742,5.047531,17.8865,-22.75195,4.923491,17.84791,-22.35176,4.947072,17.95608
299.9375,-22.77461,5.047945,17.88494,-22.75135,4.923619,17.84764,-22.35176,4.947072,17.95608
299.9594,-22.77387,5.047637,17.88504,-22.75167,4.923322,17.84569,-22.35176,4.947072,17.95608
299.9847,-22.77273,5.046915,17.8867,-22.75109,4.923757,17.84601,-22.35176,4.947072,17.95608
300.011,-22.77081,5.047414,17.88493,-22.75007,4.923841,17.84809,-22.35176,4.947072,17.95608
300.0338,-22.76956,5.046381,17.88699,-22.74804,4.924338,17.84609,-22.35176,4.947072,17.95608
300.0592,-22.76871,5.045763,17.88749,-22.7468,4.923498,17.84837,-22.35176,4.947072,17.95608
300.0856,-22.76851,5.045144,17.88829,-22.74601,4.923086,17.84892,-22.35176,4.947072,17.95608
300.1134,-22.76725,5.044111,17.89035,-22.74577,4.922318,17.84968,-22.35176,4.947072,17.95608
300.1367,-22.7654,5.042394,17.8919,-22.74326,4.914613,17.84981,-22.35176,4.947072,17.95608
300.1663,-22.76145,5.039863,17.89598,-22.74174,4.914559,17.85199,-22.35176,4.947072,17.95608
300.1953,-22.75807,5.038033,17.90056,-22.7382,4.914412,17.85724,-22.35176,4.947072,17.95608
300.2218,-22.75606,5.0367,17.90271,-22.73506,4.914187,17.86279,-22.35176,4.947072,17.95608
300.2495,-22.75331,5.036386,17.90404,-22.73327,4.914109,17.86548,-22.35176,4.947072,17.95608
300.2725,-22.75362,5.035991,17.90375,-22.73042,4.914269,17.86707,-22.35176,4.947072,17.95608
300.3,-22.74915,5.036471,17.90072,-22.73099,4.91422,17.86691,-22.35176,4.947072,17.95608
300.3234,-22.74855,5.036141,17.90112,-22.72654,4.915066,17.86373,-22.35176,4.947072,17.95608
300.3503,-22.74596,5.037313,17.8992,-22.7262,4.915046,17.86429,-22.35176,4.947072,17.95608
300.3771,-22.74717,5.037694,17.89827,-22.72342,4.91586,17.86209,-22.35176,4.947072,17.95608
300.4002,-22.74474,5.03849,17.89575,-22.72472,4.915576,17.86087,-22.35176,4.947072,17.95608
300.4291,-22.74443,5.03858,17.89427,-22.72228,4.916811,17.85825,-22.35176,4.947072,17.95608
300.4524,-22.74316,5.03858,17.89365,-22.72205,4.917073,17.85666,-22.35176,4.947072,17.95608
300.4759,-22.7403,5.038978,17.89269,-22.72091,4.917653,17.8562,-22.35176,4.947072,17.95608
300.4987,-22.73809,5.039377,17.89204,-22.71808,4.918891,17.85543,-22.35176,4.947072,17.95608
300.5221,-22.7376,5.039354,17.89204,-22.71583,4.919878,17.8549,-22.35176,4.947072,17.95608
300.5503,-22.73206,5.040623,17.88953,-22.71556,4.919988,17.85501,-22.35176,4.947072,17.95608
300.5764,-22.7291,5.040713,17.88895,-22.71002,4.922512,17.85265,-22.35176,4.947072,17.95608
300.5998,-22.72672,5.041496,17.88888,-22.70715,4.923778,17.85238,-22.35176,4.947072,17.95608
300.623,-22.72387,5.041904,17.8879,-22.70467,4.92486,17.8524,-22.35176,4.947072,17.95608
300.6525,-22.72396,5.04087,17.8884,-22.70186,4.926128,17.85163,-22.35176,4.947072,17.95608
300.6791,-22.72078,5.040338,17.88859,-22.70229,4.9259,17.8524,-22.35176,4.947072,17.95608
300.7029,-22.71782,5.038214,17.89133,-22.69932,4.927162,17.8531,-22.35176,4.947072,17.95608
300.7303,-22.71486,5.036079,17.89654,-22.69691,4.928016,17.85701,-22.35176,4.947072,17.95608
300.753,-22.71314,5.035686,17.89746,-22.69446,4.928878,17.86357,-22.35176,4.947072,17.95608
300.7767,-22.71131,5.03498,17.89876,-22.69292,4.929505,17.86493,-22.35176,4.947072,17.95608
300.8002,-22.70958,5.034591,17.89967,-22.69134,4.930143,17.86677,-22.35176,4.947072,17.95608
300.8281,-22.70819,5.034275,17.89941,-22.6898,4.930774,17.86812,-22.35176,4.947072,17.95608
300.8538,-22.70737,5.034665,17.8972,-22.6886,4.931293,17.8681,-22.35176,4.947072,17.95608
300.8797,-22.70599,5.03435,17.89694,-22.68784,4.931679,17.86573,-22.35176,4.947072,17.95608
300.9057,-22.70587,5.034035,17.89734,-22.68663,4.932199,17.86571,-22.35176,4.947072,17.95608
300.9335,-22.70366,5.034444,17.89665,-22.68658,4.932209,17.8662,-22.35176,4.947072,17.95608
300.9565,-22.70411,5.034836,17.89509,-22.68435,4.9332,17.86565,-22.35176,4.947072,17.95608
300.9813,-22.70336,5.034519,17.89516,-22.68474,4.933073,17.86379,-22.35176,4.947072,17.95608
301.0083,-22.70255,5.0349,17.89543,-22.68411,4.933344,17.86403,-22.35176,4.947072,17.95608
301.0323,-22.70111,5.035282,17.89536,-22.6833,4.933697,17.86432,-22.35176,4.947072,17.95608
301.0555,-22.70012,5.036053,17.89375,-22.68189,4.934171,17.86432,-22.35176,4.947072,17.95608
301.0786,-22.69937,5.035738,17.89381,-22.68085,4.934391,17.86242,-22.35176,4.947072,17.95608
301.1026,-22.69779,5.03615,17.89344,-22.68021,4.93461,17.86263,-22.35176,4.947072,17.95608
301.1335,-22.6975,5.036227,17.89195,-22.67852,4.935133,17.86226,-22.35176,4.947072,17.95608
301.1625,-22.69664,5.035595,17.8924,-22.67826,4.935136,17.8606,-22.35176,4.947072,17.95608
301.1904,-22.69479,5.034886,17.89369,-22.67757,4.93538,17.86132,-22.35176,4.947072,17.95608
301.2146,-22.693,5.034329,17.89231,-22.67597,4.936008,17.86314,-22.35176,4.947072,17.95608
301.2385,-22.6904,5.033301,17.89365,-22.67444,4.936427,17.86191,-22.35176,4.947072,17.95608
301.2651,-22.68703,5.031958,17.89504,-22.6722,4.937275,17.86394,-22.35176,4.947072,17.95608
301.2941,-22.68313,5.031278,17.8975,-22.66931,4.938343,17.86617,-22.35176,4.947072,17.95608
301.3209,-22.68029,5.031343,17.89713,-22.66564,4.939728,17.86946,-22.35176,4.947072,17.95608
301.3475,-22.67826,5.031024,17.89651,-22.66298,4.940578,17.86935,-22.35176,4.947072,17.95608
301.3724,-22.67372,5.031187,17.89615,-22.66115,4.941144,17.86898,-22.35176,4.947072,17.95608
301.4007,-22.66934,5.030967,17.89767,-22.65677,4.942557,17.86897,-22.35176,4.947072,17.95608
301.4319,-22.66859,5.030648,17.89771,-22.6526,4.944036,17.8711,-22.35176,4.947072,17.95608
301.4598,-22.66632,5.02969,17.89785,-22.65196,4.944255,17.87131,-22.35176,4.947072,17.95608
301.483,-22.66375,5.027965,17.89894,-22.65003,4.944914,17.87192,-22.35176,4.947072,17.95608
301.5098,-22.66247,5.027966,17.89825,-22.64795,4.945701,17.87384,-22.35176,4.947072,17.95608
301.5334,-22.66184,5.027965,17.89791,-22.64676,4.946047,17.87324,-22.35176,4.947072,17.95608
301.5601,-22.65883,5.028409,17.89561,-22.64617,4.94622,17.87294,-22.35176,4.947072,17.95608
301.592,-22.65641,5.029562,17.89385,-22.64318,4.946337,17.87043,-22.35176,4.947072,17.95608
301.6203,-22.65419,5.030455,17.8938,-22.64056,4.946217,17.86822,-22.35176,4.947072,17.95608
301.6507,-22.65374,5.030902,17.89288,-22.63818,4.9461,17.86783,-22.35176,4.947072,17.95608
301.6768,-22.6531,5.031734,17.89255,-22.63765,4.945941,17.86663,-22.35176,4.947072,17.95608
301.7003,-22.65059,5.032216,17.89277,-22.63686,4.945826,17.86596,-22.35176,4.947072,17.95608
301.728,-22.65133,5.03218,17.89341,-22.63411,4.945684,17.86598,-22.35176,4.947072,17.95608
301.7515,-22.65044,5.032243,17.89155,-22.635,4.945813,17.86674,-22.35176,4.947072,17.95608
301.7741,-22.64735,5.032729,17.88894,-22.6341,4.945538,17.86465,-22.35176,4.947072,17.95608
301.7968,-22.64828,5.032308,17.88899,-22.63077,4.945025,17.86155,-22.35176,4.947072,17.95608
301.8203,-22.64689,5.031987,17.88867,-22.63192,4.945112,17.86179,-22.35176,4.947072,17.95608
301.8486,-22.64457,5.032085,17.8883,-22.63059,4.945014,17.86152,-22.35176,4.947072,17.95608
301.8716,-22.64267,5.032918,17.88726,-22.62811,4.944828,17.86102,-22.35176,4.947072,17.95608
301.8952,-22.64077,5.032207,17.88848,-22.62606,4.944561,17.85957,-22.35176,4.947072,17.95608
301.9203,-22.63989,5.032273,17.88661,-22.6243,4.94464,17.86114,-22.35176,4.947072,17.95608
301.9485,-22.63787,5.031951,17.88594,-22.62341,4.944364,17.85903,-22.35176,4.947072,17.95608
301.9711,-22.63572,5.031306,17.88564,-22.62144,4.94419,17.85838,-22.35176,4.947072,17.95608
301.9938,-22.63464,5.031043,17.88663,-22.61943,4.944067,17.85823,-22.35176,4.947072,17.95608
302.0168,-22.63293,5.03078,17.88727,-22.61841,4.944136,17.85936,-22.35176,4.947072,17.95608
302.042,-22.63128,5.029809,17.8877,-22.61676,4.944129,17.8601,-22.35176,4.947072,17.95608
302.0709,-22.62989,5.029483,17.88737,-22.61532,4.944132,17.86082,-22.35176,4.947072,17.95608
302.0956,-22.62913,5.02916,17.88739,-22.61399,4.944033,17.86055,-22.35176,4.947072,17.95608
302.1221,-22.62745,5.029259,17.88735,-22.6133,4.944008,17.86066,-22.35176,4.947072,17.95608
302.1498,-22.62812,5.028187,17.88818,-22.61146,4.943896,17.86051,-22.35176,4.947072,17.95608
302.1741,-22.62567,5.02796,17.88816,-22.61249,4.944086,17.86176,-22.35176,4.947072,17.95608
302.1982,-22.62558,5.026562,17.889,-22.60996,4.943949,17.86173,-22.35176,4.947072,17.95608
302.2247,-22.62398,5.025908,17.89152,-22.61029,4.944115,17.86309,-22.35176,4.947072,17.95608
302.2551,-22.62321,5.025582,17.89154,-22.60883,4.944358,17.86603,-22.35176,4.947072,17.95608
302.2837,-22.62173,5.025258,17.89368,-22.60813,4.944333,17.86614,-22.35176,4.947072,17.95608
302.3096,-22.6207,5.026028,17.89449,-22.60672,4.944523,17.86857,-22.35176,4.947072,17.95608
302.3326,-22.61955,5.026474,17.89567,-22.60554,4.94453,17.8692,-22.35176,4.947072,17.95608
302.3602,-22.61712,5.025167,17.8961,-22.6043,4.944587,17.87033,-22.35176,4.947072,17.95608
302.3868,-22.6158,5.024951,17.89555,-22.60215,4.944561,17.87114,-22.35176,4.947072,17.95608
302.4097,-22.61295,5.024666,17.89667,-22.60088,4.944428,17.87052,-22.35176,4.947072,17.95608
302.4327,-22.61374,5.023916,17.89711,-22.59785,4.943825,17.87161,-22.35176,4.947072,17.95608
302.4555,-22.61245,5.023211,17.89866,-22.59896,4.944179,17.87243,-22.35176,4.947072,17.95608
302.4807,-22.6093,5.021934,17.89843,-22.59776,4.944081,17.87427,-22.35176,4.947072,17.95608
302.5067,-22.60711,5.020571,17.90036,-22.59463,4.943308,17.87411,-22.35176,4.947072,17.95608
302.5294,-22.6057,5.018457,17.90274,-22.59264,4.943077,17.87648,-22.35176,4.947072,17.95608
302.5527,-22.60143,5.017848,17.90348,-22.59175,4.943194,17.87966,-22.35176,4.947072,17.95608
302.5755,-22.59872,5.016818,17.90466,-22.58731,4.942194,17.88034,-22.35176,4.947072,17.95608
302.6002,-22.59769,5.015697,17.9059,-22.58546,4.945776,17.88301,-22.35176,4.947072,17.95608
302.627,-22.59605,5.015403,17.904,-22.58494,4.946903,17.88504,-22.35176,4.947072,17.95608
302.6501,-22.59248,5.014763,17.90537,-22.58325,4.94606,17.88286,-22.35176,4.947072,17.95608
302.6771,-22.58979,5.014431,17.90425,-22.57986,4.946389,17.88463,-22.35176,4.947072,17.95608
302.7031,-22.58765,5.014467,17.90159,-22.57712,4.945596,17.88335,-22.35176,4.947072,17.95608
302.7312,-22.58415,5.013105,17.90274,-22.57492,4.945036,17.8804,-22.35176,4.947072,17.95608
302.7595,-22.5821,5.012773,17.90199,-22.57148,4.943946,17.8817,-22.35176,4.947072,17.95608
302.7843,-22.57969,5.012144,17.90005,-22.56936,4.943056,17.88076,-22.35176,4.947072,17.95608
302.8133,-22.57778,5.012142,17.89892,-22.56704,4.94256,17.87875,-22.35176,4.947072,17.95608
302.8375,-22.57553,5.012199,17.89873,-22.56501,4.941754,17.87736,-22.35176,4.947072,17.95608
302.8615,-22.57412,5.012681,17.89833,-22.56247,4.940141,17.87667,-22.35176,4.947072,17.95608
302.8885,-22.57279,5.012794,17.89985,-22.56086,4.939344,17.87583,-22.35176,4.947072,17.95608
302.913,-22.57223,5.012885,17.89926,-22.55877,4.935349,17.87615,-22.35176,4.947072,17.95608
302.9402,-22.57244,5.013309,17.89868,-22.55828,4.935616,17.87553,-22.35176,4.947072,17.95608
302.9727,-22.57154,5.012641,17.89903,-22.55875,4.937323,17.87527,-22.35176,4.947072,17.95608
303.0004,-22.5721,5.013011,17.8975,-22.55753,4.934907,17.87508,-22.35176,4.947072,17.95608
303.0276,-22.57133,5.012677,17.89749,-22.55869,4.93843,17.87443,-22.35176,4.947072,17.95608
303.0504,-22.57105,5.012008,17.89823,-22.55783,4.937564,17.87425,-22.35176,4.947072,17.95608
303.074,-22.57084,5.012046,17.89669,-22.55733,4.935604,17.87459,-22.35176,4.947072,17.95608
303.0966,-22.56951,5.011338,17.8982,-22.55758,4.937997,17.87367,-22.35176,4.947072,17.95608
303.1201,-22.56944,5.011711,17.8963,-22.55565,4.934072,17.87428,-22.35176,4.947072,17.95608
303.1479,-22.5693,5.011376,17.89667,-22.55597,4.936432,17.87288,-22.35176,4.947072,17.95608
303.1738,-22.56866,5.011376,17.89628,-22.55572,4.935451,17.87305,-22.35176,4.947072,17.95608
303.1968,-22.5681,5.011003,17.89781,-22.55502,4.935028,17.87253,-22.35176,4.947072,17.95608
303.2192,-22.5681,5.011003,17.89781,-22.55424,4.933614,17.87384,-22.35176,4.947072,17.95608
303.2421,-22.56733,5.010667,17.89779,-22.55424,4.933614,17.87384,-22.35176,4.947072,17.95608
303.27,-22.56719,5.010332,17.89816,-22.5535,4.933397,17.87385,-22.35176,4.947072,17.95608
303.2942,-22.56585,5.009626,17.89967,-22.55343,4.933422,17.87433,-22.35176,4.947072,17.95608
303.319,-22.56494,5.008955,17.90002,-22.55215,4.933212,17.87609,-22.35176,4.947072,17.95608
303.3425,-22.56283,5.007914,17.90152,-22.55134,4.933019,17.87659,-22.35176,4.947072,17.95608
303.3706,-22.56078,5.006509,17.90492,-22.54932,4.93259,17.87836,-22.35176,4.947072,17.95608
303.3949,-22.55725,5.006233,17.90557,-22.54745,4.932409,17.88233,-22.35176,4.947072,17.95608
303.4178,-22.55732,5.004776,17.90791,-22.54366,4.931337,17.88279,-22.35176,4.947072,17.95608
303.4492,-22.55455,5.003741,17.90901,-22.54415,4.931765,17.88583,-22.35176,4.947072,17.95608
303.4822,-22.55088,5.003134,17.91001,-22.54144,4.931088,17.88712,-22.35176,4.947072,17.95608
303.5139,-22.548,5.00249,17.90891,-22.53758,4.930037,17.88803,-22.35176,4.947072,17.95608
303.5421,-22.54558,5.001401,17.90905,-22.53456,4.929027,17.88675,-22.35176,4.947072,17.95608
303.5683,-22.54514,4.999101,17.90852,-22.53223,4.92837,17.88707,-22.35176,4.947072,17.95608
303.5903,-22.54104,4.998101,17.90854,-22.53234,4.92842,17.88727,-22.35176,4.947072,17.95608
303.6182,-22.5373,4.996295,17.91043,-22.52811,4.927195,17.88723,-22.35176,4.947072,17.95608
303.6445,-22.53149,4.995702,17.90865,-22.52468,4.926592,17.88968,-22.35176,4.947072,17.95608
303.6732,-22.52756,4.995013,17.90854,-22.5187,4.925284,17.88762,-22.35176,4.947072,17.95608
303.6956,-22.52486,4.994674,17.9073,-22.51471,4.924214,17.88746,-22.35176,4.947072,17.95608
303.7188,-22.52193,4.994731,17.90663,-22.51195,4.923383,17.88606,-22.35176,4.947072,17.95608
303.7443,-22.51987,4.99439,17.90579,-22.50887,4.922477,17.88511,-22.35176,4.947072,17.95608
303.7719,-22.51822,4.994448,17.90591,-22.50679,4.921851,17.88416,-22.35176,4.947072,17.95608
303.7965,-22.51848,4.994462,17.90319,-22.50505,4.921358,17.88414,-22.35176,4.947072,17.95608
303.8199,-22.51761,4.994858,17.90336,-22.50538,4.921346,17.88121,-22.35176,4.947072,17.95608
303.845,-22.51743,4.994867,17.9018,-22.50439,4.921065,17.8812,-22.35176,4.947072,17.95608
303.8771,-22.51725,4.99488,17.90024,-22.50422,4.920957,17.87951,-22.35176,4.947072,17.95608
303.9089,-22.51591,4.994605,17.89956,-22.50406,4.920848,17.8778,-22.35176,4.947072,17.95608
303.948,-22.51559,4.994277,17.89836,-22.50275,4.920448,17.87701,-22.35176,4.947072,17.95608
303.9804,-22.51455,4.994686,17.89697,-22.5025,4.920333,17.87577,-22.35176,4.947072,17.95608
304.0209,-22.51317,4.994135,17.89642,-22.50136,4.919947,17.87405,-22.35176,4.947072,17.95608
304.0607,-22.50928,4.994678,17.89815,-22.50009,4.919669,17.87345,-22.35176,4.947072,17.95608
304.091,-22.50801,4.99548,17.89732,-22.49599,4.918983,17.8749,-22.35176,4.947072,17.95608
304.1181,-22.50422,4.995599,17.89842,-22.49457,4.91878,17.87371,-22.35176,4.947072,17.95608
304.1447,-22.50321,4.99565,17.89894,-22.49052,4.918114,17.87465,-22.35176,4.947072,17.95608
304.1723,-22.50275,4.994974,17.89809,-22.48947,4.917936,17.87512,-22.35176,4.947072,17.95608
304.1961,-22.50139,4.993251,17.89946,-22.48917,4.917902,17.87436,-22.35176,4.947072,17.95608
304.2199,-22.50053,4.991179,17.90159,-22.48809,4.917694,17.87619,-22.35176,4.947072,17.95608
304.246,-22.49566,4.988465,17.90733,-22.48756,4.917558,17.87892,-22.35176,4.947072,17.95608
304.2738,-22.49261,4.986031,17.91287,-22.48284,4.916677,17.88546,-22.35176,4.947072,17.95608
304.2977,-22.48863,4.982915,17.91871,-22.48001,4.915947,17.8918,-22.35176,4.947072,17.95608
304.3204,-22.48721,4.980765,17.92249,-22.47634,4.914947,17.89853,-22.35176,4.947072,17.95608
304.348,-22.48558,4.980482,17.92451,-22.47529,4.914599,17.90304,-22.35176,4.947072,17.95608
304.3718,-22.48447,4.981287,17.92523,-22.47359,4.914162,17.90512,-22.35176,4.947072,17.95608
304.3948,-22.48447,4.982074,17.9252,-22.47227,4.913848,17.90556,-22.35176,4.947072,17.95608
304.4176,-22.48468,4.983583,17.92264,-22.47214,4.913826,17.90526,-22.35176,4.947072,17.95608
304.4411,-22.48513,4.984699,17.91951,-22.47216,4.913907,17.90209,-22.35176,4.947072,17.95608
304.4692,-22.48561,4.98548,17.91832,-22.47252,4.914076,17.89846,-22.35176,4.947072,17.95608
304.4973,-22.48507,4.985523,17.91766,-22.47294,4.914206,17.89695,-22.35176,4.947072,17.95608
304.5226,-22.48302,4.98565,17.9184,-22.47239,4.914101,17.89617,-22.35176,4.947072,17.95608
304.5549,-22.484,4.985262,17.91826,-22.47013,4.913569,17.8967,-22.35176,4.947072,17.95608
304.5909,-22.48121,4.98545,17.92108,-22.47135,4.913849,17.89673,-22.35176,4.947072,17.95608
304.6258,-22.47887,4.98484,17.92277,-22.46837,4.913103,17.89938,-22.35176,4.947072,17.95608
304.6643,-22.4786,4.984924,17.92342,-22.46604,4.912529,17.90112,-22.35176,4.947072,17.95608
304.6968,-22.47781,4.984571,17.92335,-22.46575,4.912448,17.9017,-22.35176,4.947072,17.95608
304.7249,-22.47664,4.984264,17.92419,-22.465,4.912278,17.90167,-22.35176,4.947072,17.95608
304.753,-22.4765,4.983911,17.92454,-22.46383,4.91199,17.90254,-22.35176,4.947072,17.95608
304.7762,-22.4737,4.984001,17.9251,-22.46375,4.91196,17.90299,-22.35176,4.947072,17.95608
304.8026,-22.47427,4.983204,17.92397,-22.46069,4.911252,17.90335,-22.35176,4.947072,17.95608
304.8362,-22.47079,4.982972,17.92419,-22.46158,4.911477,17.90247,-22.35176,4.947072,17.95608
304.8693,-22.46993,4.981478,17.9245,-22.4579,4.910635,17.90249,-22.35176,4.947072,17.95608
304.9042,-22.46834,4.980767,17.92435,-22.45741,4.910504,17.90323,-22.35176,4.947072,17.95608
304.9386,-22.46726,4.979702,17.92496,-22.45591,4.910161,17.90317,-22.35176,4.947072,17.95608
304.9665,-22.46401,4.979067,17.9246,-22.45498,4.909929,17.90403,-22.35176,4.947072,17.95608
304.9965,-22.46244,4.978015,17.92637,-22.45168,4.909404,17.90366,-22.35176,4.947072,17.95608
305.0194,-22.46007,4.976607,17.92806,-22.45021,4.909063,17.90573,-22.35176,4.947072,17.95608
305.0421,-22.4572,4.975556,17.92897,-22.44807,4.909005,17.9079,-22.35176,4.947072,17.95608
305.0697,-22.4528,4.975276,17.92739,-22.4454,4.909147,17.90924,-22.35176,4.947072,17.95608
305.0928,-22.45049,4.97308,17.92909,-22.44106,4.909545,17.9078,-22.35176,4.947072,17.95608
305.1187,-22.44722,4.972407,17.92895,-22.43924,4.909571,17.91026,-22.35176,4.947072,17.95608
305.1416,-22.44512,4.972383,17.92605,-22.43615,4.909801,17.91039,-22.35176,4.947072,17.95608
305.1686,-22.44199,4.971735,17.9275,-22.43416,4.910088,17.9075,-22.35176,4.947072,17.95608
305.1914,-22.44032,4.972558,17.92748,-22.43116,4.910235,17.90926,-22.35176,4.947072,17.95608
305.2165,-22.43686,4.973873,17.92753,-22.42939,4.910382,17.90903,-22.35176,4.947072,17.95608
305.2393,-22.4332,4.973779,17.9342,-22.4257,4.910679,17.9087,-22.35176,4.947072,17.95608
305.263,-22.42736,4.974126,17.93774,-22.42212,4.911023,17.91578,-22.35176,4.947072,17.95608
305.2919,-22.42462,4.974307,17.94014,-22.41623,4.911574,17.91942,-22.35176,4.947072,17.95608
305.3151,-22.4218,4.974833,17.94063,-22.41361,4.912488,17.92207,-22.35176,4.947072,17.95608
305.3389,-22.4207,4.973741,17.9412,-22.4108,4.913467,17.92265,-22.35176,4.947072,17.95608
305.3646,-22.41922,4.972691,17.94264,-22.40996,4.913761,17.92361,-22.35176,4.947072,17.95608
305.3952,-22.41948,4.970795,17.94411,-22.40874,4.914189,17.92551,-22.35176,4.947072,17.95608
305.4236,-22.4186,4.968923,17.94416,-22.40938,4.913967,17.92749,-22.35176,4.947072,17.95608
305.4524,-22.41634,4.968191,17.94349,-22.4089,4.914135,17.92807,-22.35176,4.947072,17.95608
305.4752,-22.41393,4.967092,17.94316,-22.40691,4.914829,17.92781,-22.35176,4.947072,17.95608
305.5006,-22.41113,4.96603,17.94369,-22.40485,4.915549,17.928,-22.35176,4.947072,17.95608
305.5307,-22.40823,4.965741,17.94444,-22.4024,4.916405,17.9291,-22.35176,4.947072,17.95608
305.5586,-22.40358,4.966296,17.94515,-22.39971,4.91734,17.93024,-22.35176,4.947072,17.95608
305.584,-22.40311,4.965929,17.9463,-22.39518,4.918922,17.93127,-22.35176,4.947072,17.95608
305.6103,-22.40071,4.965269,17.94781,-22.39487,4.919032,17.93258,-22.35176,4.947072,17.95608
305.6333,-22.39904,4.966074,17.94771,-22.39271,4.919785,17.93453,-22.35176,4.947072,17.95608
305.6592,-22.39652,4.965743,17.94755,-22.39102,4.920376,17.93435,-22.35176,4.947072,17.95608
305.6864,-22.39507,4.965308,17.94506,-22.38875,4.921431,17.93461,-22.35176,4.947072,17.95608
305.7133,-22.39346,4.964566,17.94481,-22.38759,4.92239,17.93243,-22.35176,4.947072,17.95608
305.7369,-22.39145,4.963861,17.94542,-22.38624,4.923063,17.93258,-22.35176,4.947072,17.95608
305.7635,-22.39003,4.964253,17.94476,-22.38449,4.923795,17.93363,-22.35176,4.947072,17.95608
305.7902,-22.38898,4.96429,17.94518,-22.38315,4.92458,17.93306,-22.35176,4.947072,17.95608
305.8131,-22.38792,4.964326,17.94559,-22.38216,4.925001,17.9336,-22.35176,4.947072,17.95608
305.8369,-22.38709,4.963634,17.9474,-22.38118,4.925422,17.93414,-22.35176,4.947072,17.95608
305.8637,-22.38735,4.963704,17.94684,-22.38044,4.925436,17.93621,-22.35176,4.947072,17.95608
305.8913,-22.38696,4.963479,17.94769,-22.3807,4.925423,17.93559,-22.35176,4.947072,17.95608
305.9153,-22.38583,4.963069,17.94978,-22.38035,4.925426,17.93652,-22.35176,4.947072,17.95608
305.9383,-22.38591,4.963322,17.94907,-22.37928,4.925518,17.93882,-22.35176,4.947072,17.95608
305.9617,-22.38555,4.963446,17.94972,-22.37935,4.925615,17.93803,-22.35176,4.947072,17.95608
305.9898,-22.38537,4.96347,17.95019,-22.37898,4.925675,17.93867,-22.35176,4.947072,17.95608
306.0132,-22.3858,4.963806,17.9486,-22.37879,4.925679,17.93915,-22.35176,4.947072,17.95608
306.0372,-22.38567,4.963778,17.94888,-22.37921,4.925774,17.93744,-22.35176,4.947072,17.95608
306.0663,-22.38583,4.964116,17.9471,-22.37908,4.92578,17.93774,-22.35176,4.947072,17.95608
306.0944,-22.38609,4.964101,17.94692,-22.37925,4.926006,17.93587,-22.35176,4.947072,17.95608
306.1207,-22.38636,4.963923,17.94649,-22.37951,4.925928,17.93566,-22.35176,4.947072,17.95608
306.149,-22.38619,4.96357,17.94762,-22.37983,4.925857,17.93526,-22.35176,4.947072,17.95608
306.1736,-22.38642,4.963451,17.9473,-22.37969,4.925718,17.93648,-22.35176,4.947072,17.95608
306.1989,-22.38605,4.963176,17.94864,-22.37994,4.925659,17.93618,-22.35176,4.947072,17.95608
306.2227,-22.38644,4.96301,17.94813,-22.3796,4.925575,17.93761,-22.35176,4.947072,17.95608
306.2511,-22.38607,4.962597,17.94972,-22.38002,4.925474,17.93711,-22.35176,4.947072,17.95608
306.2767,-22.38647,4.96257,17.94881,-22.37969,4.925341,17.93883,-22.35176,4.947072,17.95608
306.3019,-22.38635,4.962362,17.94999,-22.38011,4.925307,17.93789,-22.35176,4.947072,17.95608
306.3306,-22.38612,4.962213,17.95033,-22.38,4.925159,17.93913,-22.35176,4.947072,17.95608
306.3558,-22.38601,4.962129,17.95071,-22.3798,4.92518,17.93953,-22.35176,4.947072,17.95608
306.379,-22.38565,4.961991,17.95162,-22.37969,4.925161,17.93994,-22.35176,4.947072,17.95608
306.4032,-22.38614,4.961085,17.95289,-22.37935,4.925153,17.94091,-22.35176,4.947072,17.95608
306.4323,-22.38537,4.961894,17.95239,-22.37995,4.92466,17.94235,-22.35176,4.947072,17.95608
306.4631,-22.38534,4.961924,17.95283,-22.37908,4.925139,17.94173,-22.35176,4.947072,17.95608
306.4962,-22.38552,4.961903,17.95265,-22.37903,4.925089,17.94216,-22.35176,4.947072,17.95608
306.5255,-22.38537,4.961867,17.95306,-22.37922,4.925041,17.94197,-22.35176,4.947072,17.95608
306.5572,-22.38551,4.961828,17.95286,-22.37907,4.925034,17.94239,-22.35176,4.947072,17.95608
306.5871,-22.3851,4.961646,17.95424,-22.37922,4.925004,17.94219,-22.35176,4.947072,17.95608
306.6142,-22.38524,4.961612,17.95404,-22.37882,4.924941,17.94365,-22.35176,4.947072,17.95608
306.6383,-22.38543,4.961524,17.95373,-22.37897,4.924909,17.94345,-22.35176,4.947072,17.95608
306.6636,-22.38432,4.962176,17.95454,-22.37918,4.924868,17.94314,-22.35176,4.947072,17.95608
306.6963,-22.38532,4.960738,17.95513,-22.37798,4.925266,17.94389,-22.35176,4.947072,17.95608
306.7267,-22.31476,4.972195,17.93239,-22.37922,4.924583,17.94473,-22.35176,4.947072,17.95608
306.775,-22.31781,4.951381,17.93931,-22.31113,4.950799,17.92621,-22.35176,4.947072,17.95608
306.8098,-22.31605,4.973699,17.93996,-22.31733,4.94849,17.93847,-22.35176,4.947072,17.95608
306.8475,-22.32419,4.975796,17.9424,-22.31203,4.949179,17.93286,-22.35176,4.947072,17.95608
306.8813,-22.32833,4.979054,17.94277,-22.3201,4.949581,17.93489,-22.35176,4.947072,17.95608
306.9158,-22.33421,4.979684,17.93852,-22.32378,4.9486,17.93414,-22.35176,4.947072,17.95608
306.9427,-22.34054,4.978063,17.93509,-22.32963,4.9481,17.92947,-22.35176,4.947072,17.95608
306.9695,-22.34251,4.978728,17.9344,-22.33617,4.946991,17.92611,-22.35176,4.947072,17.95608
306.9924,-22.34379,4.980052,17.93158,-22.33807,4.946678,17.92511,-22.35176,4.947072,17.95608
307.0173,-22.34416,4.980567,17.93065,-22.33928,4.947227,17.92198,-22.35176,4.947072,17.95608
307.0415,-22.34583,4.980817,17.93041,-22.33962,4.947433,17.92094,-22.35176,4.947072,17.95608
307.0703,-22.34504,4.981574,17.92837,-22.34126,4.947036,17.92049,-22.35176,4.947072,17.95608
307.0948,-22.34628,4.981745,17.9292,-22.34046,4.947918,17.91842,-22.35176,4.947072,17.95608
307.1233,-22.34572,4.982021,17.92712,-22.34165,4.947345,17.91905,-22.35176,4.947072,17.95608
307.1506,-22.34695,4.982266,17.92797,-22.34113,4.948113,17.91706,-22.35176,4.947072,17.95608
307.1768,-22.34697,4.982212,17.92797,-22.34229,4.947546,17.91768,-22.35176,4.947072,17.95608
307.2031,-22.34698,4.982198,17.92798,-22.34232,4.947534,17.9177,-22.35176,4.947072,17.95608
307.2303,-22.34711,4.982238,17.92792,-22.34232,4.947529,17.91771,-22.35176,4.947072,17.95608
307.2558,-22.34724,4.982285,17.92786,-22.34245,4.947509,17.91763,-22.35176,4.947072,17.95608
307.2791,-22.34688,4.981235,17.9293,-22.34259,4.947491,17.91755,-22.35176,4.947072,17.95608
307.3038,-22.34611,4.981436,17.931,-22.34229,4.947083,17.91922,-22.35176,4.947072,17.95608
307.3315,-22.34608,4.981402,17.93106,-22.34146,4.946866,17.92084,-22.35176,4.947072,17.95608
307.3568,-22.34569,4.979701,17.93302,-22.34142,4.946857,17.92091,-22.35176,4.947072,17.95608
307.3823,-22.34464,4.979645,17.93535,-22.34117,4.946238,17.92324,-22.35176,4.947072,17.95608
307.4095,-22.34456,4.979693,17.93563,-22.34008,4.945908,17.9255,-22.35176,4.947072,17.95608
307.434,-22.34327,4.98042,17.93723,-22.33998,4.945863,17.92576,-22.35176,4.947072,17.95608
307.4574,-22.3415,4.981592,17.93946,-22.33856,4.945879,17.92723,-22.35176,4.947072,17.95608
307.4815,-22.33836,4.982762,17.94123,-22.33659,4.945913,17.92924,-22.35176,4.947072,17.95608
307.5121,-22.3358,4.983365,17.945,-22.33329,4.946479,17.93091,-22.35176,4.947072,17.95608
307.541,-22.32863,4.981822,17.94813,-22.33056,4.946258,17.93459,-22.35176,4.947072,17.95608
307.5703,-22.32377,4.977833,17.94653,-22.32374,4.947294,17.93849,-22.35176,4.947072,17.95608
307.5958,-22.3053,4.950415,17.96442,-22.31958,4.948718,17.93829,-22.35176,4.947072,17.95608
307.6239,-22.30199,4.967099,17.96237,-22.30419,4.942733,17.96224,-22.35176,4.947072,17.95608
307.6613,-22.29978,4.970668,17.96219,-22.29836,4.942101,17.95519,-22.35176,4.947072,17.95608
307.6941,-22.29939,4.970538,17.963,-22.29544,4.941065,17.95368,-22.35176,4.947072,17.95608
307.7228,-22.2979,4.970297,17.96263,-22.29497,4.940457,17.95437,-22.35176,4.947072,17.95608
307.7517,-22.29822,4.970387,17.96208,-22.29314,4.938148,17.95339,-22.35176,4.947072,17.95608
307.7751,-22.30012,4.970668,17.96181,-22.29352,4.938644,17.95294,-22.35176,4.947072,17.95608
307.799,-22.30042,4.970872,17.96128,-22.29587,4.941618,17.95344,-22.35176,4.947072,17.95608
307.8229,-22.29873,4.97066,17.96142,-22.29617,4.941835,17.9529,-22.35176,4.947072,17.95608
307.8545,-22.30029,4.97113,17.95852,-22.29412,4.93941,17.9524,-22.35176,4.947072,17.95608
307.8822,-22.30164,4.971283,17.95928,-22.29602,4.941955,17.95003,-22.35176,4.947072,17.95608
307.9105,-22.3024,4.971581,17.95785,-22.29743,4.942264,17.95086,-22.35176,4.947072,17.95608
307.9345,-22.3024,4.971578,17.95787,-22.29824,4.942757,17.94945,-22.35176,4.947072,17.95608
307.9611,-22.30203,4.971464,17.95843,-22.29824,4.942752,17.94946,-22.35176,4.947072,17.95608
307.9912,-22.30166,4.971344,17.95897,-22.29784,4.942549,17.95001,-22.35176,4.947072,17.95608
308.0243,-22.30112,4.971212,17.95931,-22.29745,4.94235,17.95055,-22.35176,4.947072,17.95608
308.0583,-22.29967,4.970787,17.96115,-22.2969,4.942181,17.95088,-22.35176,4.947072,17.95608
308.0872,-22.30377,4.970996,17.96654,-22.29529,4.940891,17.95252,-22.35176,4.947072,17.95608
308.1166,-22.31063,4.970817,17.97065,-22.2996,4.942107,17.95829,-22.35176,4.947072,17.95608
308.1411,-22.32001,4.968968,17.97399,-22.30674,4.943209,17.96283,-22.35176,4.947072,17.95608
308.1721,-22.32125,4.968741,17.97488,-22.30674,4.943209,17.96283,-22.35176,4.947072,17.95608
308.1998,-22.32229,4.968828,17.97575,-22.30674,4.943209,17.96283,-22.35176,4.947072,17.95608
308.2213,-22.3222,4.968201,17.97661,-22.30674,4.943209,17.96283,-22.35176,4.947072,17.95608
308.2477,-22.32223,4.968245,17.97655,-22.30674,4.943209,17.96283,-22.35176,4.947072,17.95608
308.2699,-22.32239,4.968585,17.97617,-22.30674,4.943209,17.96283,-22.35176,4.947072,17.95608
308.2993,-22.32226,4.9684,17.97656,-22.30674,4.943209,17.96283,-22.35176,4.947072,17.95608
308.3258,-22.32237,4.97061,17.97426,-22.30674,4.943209,17.96283,-22.35176,4.947072,17.95608
308.3586,-22.32227,4.971025,17.97404,-22.30674,4.943209,17.96283,-22.35176,4.947072,17.95608
308.3863,-22.32226,4.97068,17.97475,-22.30674,4.943209,17.96283,-22.35176,4.947072,17.95608
308.4134,-22.3226,4.969582,17.97638,-22.30674,4.943209,17.96283,-22.35176,4.947072,17.95608
308.4378,-22.32329,4.968483,17.97811,-22.30674,4.943209,17.96283,-22.35176,4.947072,17.95608
308.4613,-22.32571,4.96855,17.97955,-22.30674,4.943209,17.96283,-22.35176,4.947072,17.95608
308.4892,-22.3265,4.969025,17.98001,-22.30674,4.943209,17.96283,-22.35176,4.947072,17.95608
308.5139,-22.32754,4.97011,17.97992,-22.30674,4.943209,17.96283,-22.35176,4.947072,17.95608
308.543,-22.33542,4.972451,17.98374,-22.30674,4.943209,17.96283,-22.35176,4.947072,17.95608
308.5742,-22.34779,4.972642,17.98604,-22.30674,4.943209,17.96283,-22.35176,4.947072,17.95608
308.6026,-22.38001,4.980086,17.98419,-22.30674,4.943209,17.96283,-22.35176,4.947072,17.95608
308.6298,-22.39042,4.984582,17.98314,-22.30674,4.943209,17.96283,-22.35176,4.947072,17.95608
308.6571,-22.40251,4.989101,17.98414,-22.30674,4.943209,17.96283,-22.35176,4.947072,17.95608
308.6818,-22.41853,4.996596,17.98261,-22.30674,4.943209,17.96283,-22.35176,4.947072,17.95608
308.7115,-22.43207,5.004502,17.97862,-22.30674,4.943209,17.96283,-22.35176,4.947072,17.95608
308.7336,-22.44938,5.01212,17.97592,-22.30674,4.943209,17.96283,-22.35176,4.947072,17.95608
308.7592,-22.46648,5.019731,17.96601,-22.30674,4.943209,17.96283,-22.35176,4.947072,17.95608
308.7859,-22.48528,5.031026,17.95431,-22.30674,4.943209,17.96283,-22.35176,4.947072,17.95608
308.8129,-22.50138,5.040263,17.93878,-22.30674,4.943209,17.96283,-22.35176,4.947072,17.95608
308.8365,-22.51647,5.048175,17.92514,-22.30674,4.943209,17.96283,-22.35176,4.947072,17.95608
308.8646,-22.52847,5.054287,17.91251,-22.30674,4.943209,17.96283,-22.35176,4.947072,17.95608
308.8907,-22.53407,5.056305,17.90629,-22.30674,4.943209,17.96283,-22.35176,4.947072,17.95608
308.9152,-22.53684,5.058229,17.90054,-22.30674,4.943209,17.96283,-22.35176,4.947072,17.95608
308.9385,-22.54041,5.059354,17.89683,-22.30674,4.943209,17.96283,-22.35176,4.947072,17.95608
308.9623,-22.5424,5.062175,17.88905,-22.30674,4.943209,17.96283,-22.35176,4.947072,17.95608
308.9911,-22.54597,5.063347,17.88536,-22.30674,4.943209,17.96283,-22.35176,4.947072,17.95608
309.0154,-22.54806,5.064878,17.88107,-22.30674,4.943209,17.96283,-22.35176,4.947072,17.95608
309.0388,-22.55311,5.065754,17.87799,-22.30674,4.943209,17.96283,-22.35176,4.947072,17.95608
309.0624,-22.56032,5.066854,17.8741,-22.30674,4.943209,17.96283,-22.35176,4.947072,17.95608
309.0938,-22.57122,5.065421,17.87358,-22.30674,4.943209,17.96283,-22.35176,4.947072,17.95608
309.1289,-22.58372,5.065425,17.87174,-22.30674,4.943209,17.96283,-22.35176,4.947072,17.95608
309.1623,-22.58829,5.065076,17.86832,-22.30674,4.943209,17.96283,-22.35176,4.947072,17.95608
309.1952,-22.58961,5.063071,17.8646,-22.30674,4.943209,17.96283,-22.35176,4.947072,17.95608
309.2232,-22.58662,5.058049,17.86607,-22.30674,4.943209,17.96283,-22.35176,4.947072,17.95608
309.2527,-22.57997,5.053646,17.86973,-22.30674,4.943209,17.96283,-22.35176,4.947072,17.95608
309.2748,-22.57526,5.049804,17.87271,-22.30674,4.943209,17.96283,-22.35176,4.947072,17.95608
309.3018,-22.56814,5.043653,17.88094,-22.30674,4.943209,17.96283,-22.35176,4.947072,17.95608
309.3327,-22.55912,5.040702,17.88185,-22.30674,4.943209,17.96283,-22.35176,4.947072,17.95608
309.3631,-22.54757,5.037077,17.88411,-22.30674,4.943209,17.96283,-22.35176,4.947072,17.95608
309.3952,-22.53851,5.031397,17.88647,-22.30674,4.943209,17.96283,-22.35176,4.947072,17.95608
309.4233,-22.52696,5.021426,17.89039,-22.30674,4.943209,17.96283,-22.35176,4.947072,17.95608
309.4522,-22.51733,5.013255,17.89927,-22.30674,4.943209,17.96283,-22.35176,4.947072,17.95608
309.4759,-22.50581,5.007318,17.90809,-22.30674,4.943209,17.96283,-22.35176,4.947072,17.95608
309.499,-22.49739,5.004356,17.91592,-22.30674,4.943209,17.96283,-22.35176,4.947072,17.95608
309.5229,-22.49331,5.001299,17.92403,-22.30674,4.943209,17.96283,-22.35176,4.947072,17.95608
309.55,-22.48974,5.000736,17.92585,-22.30674,4.943209,17.96283,-22.35176,4.947072,17.95608
309.5724,-22.4883,4.999863,17.92873,-22.30674,4.943209,17.96283,-22.35176,4.947072,17.95608
309.5955,-22.48676,4.998683,17.92831,-22.30674,4.943209,17.96283,-22.35176,4.947072,17.95608
309.6187,-22.48398,4.997451,17.92672,-22.30674,4.943209,17.96283,-22.35176,4.947072,17.95608
309.6419,-22.48129,4.995462,17.92492,-22.30674,4.943209,17.96283,-22.35176,4.947072,17.95608
309.6739,-22.4788,4.994224,17.92644,-22.30674,4.943209,17.96283,-22.35176,4.947072,17.95608
309.7011,-22.47464,4.994119,17.92597,-22.30674,4.943209,17.96283,-22.35176,4.947072,17.95608
309.7321,-22.47342,4.994549,17.92327,-22.30674,4.943209,17.96283,-22.35176,4.947072,17.95608
309.7606,-22.46714,4.994773,17.92171,-22.30674,4.943209,17.96283,-22.35176,4.947072,17.95608
309.788,-22.46445,4.995533,17.91834,-22.30674,4.943209,17.96283,-22.35176,4.947072,17.95608
309.816,-22.46138,4.994729,17.91755,-22.30674,4.943209,17.96283,-22.35176,4.947072,17.95608
309.8392,-22.45397,4.993806,17.91281,-22.30674,4.943209,17.96283,-22.35176,4.947072,17.95608
309.8617,-22.44806,4.991008,17.90859,-22.30674,4.943209,17.96283,-22.35176,4.947072,17.95608
309.8891,-22.44362,4.988598,17.90856,-22.30674,4.943209,17.96283,-22.35176,4.947072,17.95608
309.9125,-22.43949,4.986965,17.90791,-22.30674,4.943209,17.96283,-22.35176,4.947072,17.95608
309.9351,-22.43515,4.987236,17.90758,-22.30674,4.943209,17.96283,-22.35176,4.947072,17.95608
309.9575,-22.43411,4.985667,17.90972,-22.30674,4.943209,17.96283,-22.35176,4.947072,17.95608
309.983,-22.43185,4.985263,17.90714,-22.30674,4.943209,17.96283,-22.35176,4.947072,17.95608
310.0107,-22.42894,4.983669,17.90765,-22.30674,4.943209,17.96283,-22.35176,4.947072,17.95608
310.0352,-22.42431,4.981258,17.90789,-22.30674,4.943209,17.96283,-22.35176,4.947072,17.95608
310.06,-22.42191,4.978914,17.90736,-22.30674,4.943209,17.96283,-22.35176,4.947072,17.95608
310.0875,-22.41954,4.97692,17.91018,-22.30674,4.943209,17.96283,-22.35176,4.947072,17.95608
310.1098,-22.4183,4.975723,17.91253,-22.30674,4.943209,17.96283,-22.35176,4.947072,17.95608
310.1324,-22.41757,4.97377,17.91385,-22.30674,4.943209,17.96283,-22.35176,4.947072,17.95608
310.1547,-22.4141,4.972536,17.91697,-22.30674,4.943209,17.96283,-22.35176,4.947072,17.95608
310.1781,-22.41486,4.970237,17.91895,-22.30674,4.943209,17.96283,-22.35176,4.947072,17.95608
310.2019,-22.41152,4.967867,17.92007,-22.30674,4.943209,17.96283,-22.35176,4.947072,17.95608
310.2326,-22.41006,4.965537,17.92283,-22.30674,4.943209,17.96283,-22.35176,4.947072,17.95608
310.2599,-22.40837,4.962054,17.92598,-22.30674,4.943209,17.96283,-22.35176,4.947072,17.95608
310.2837,-22.4061,4.958591,17.93027,-22.30674,4.943209,17.96283,-22.35176,4.947072,17.95608
310.3136,-22.40491,4.955901,17.93251,-22.30674,4.943209,17.96283,-22.35176,4.947072,17.95608
310.3368,-22.40384,4.955151,17.93457,-22.30674,4.943209,17.96283,-22.35176,4.947072,17.95608
310.3593,-22.40325,4.955167,17.93571,-22.30674,4.943209,17.96283,-22.35176,4.947072,17.95608
310.3836,-22.40545,4.955922,17.93485,-22.30674,4.943209,17.96283,-22.35176,4.947072,17.95608
310.4113,-22.40655,4.957076,17.93438,-22.30674,4.943209,17.96283,-22.35176,4.947072,17.95608
310.4342,-22.4081,4.957831,17.93307,-22.30674,4.943209,17.96283,-22.35176,4.947072,17.95608
310.4607,-22.41044,4.958973,17.93189,-22.30674,4.943209,17.96283,-22.35176,4.947072,17.95608
310.4886,-22.41368,4.960877,17.92896,-22.30674,4.943209,17.96283,-22.35176,4.947072,17.95608
310.5115,-22.41593,4.961645,17.92968,-22.30674,4.943209,17.96283,-22.35176,4.947072,17.95608
310.5346,-22.41857,4.963556,17.92788,-22.30674,4.943209,17.96283,-22.35176,4.947072,17.95608
310.5569,-22.42179,4.965469,17.92493,-22.30674,4.943209,17.96283,-22.35176,4.947072,17.95608
310.5801,-22.42593,4.967403,17.91843,-22.30674,4.943209,17.96283,-22.35176,4.947072,17.95608
310.6069,-22.43088,4.966683,17.91022,-22.30674,4.943209,17.96283,-22.35176,4.947072,17.95608
310.6292,-22.43751,4.965993,17.90207,-22.30674,4.943209,17.96283,-22.35176,4.947072,17.95608
310.6531,-22.44336,4.966778,17.88801,-22.30674,4.943209,17.96283,-22.35176,4.947072,17.95608
310.6793,-22.45237,4.9664,17.87645,-22.30674,4.943209,17.96283,-22.35176,4.947072,17.95608
310.7028,-22.45495,4.965452,17.86883,-22.30674,4.943209,17.96283,-22.35176,4.947072,17.95608
310.7298,-22.45826,4.964622,17.8673,-22.30674,4.943209,17.96283,-22.35176,4.947072,17.95608
310.7541,-22.45843,4.965288,17.86658,-22.30674,4.943209,17.96283,-22.35176,4.947072,17.95608
310.7811,-22.46211,4.966835,17.86588,-22.30674,4.943209,17.96283,-22.35176,4.947072,17.95608
310.8094,-22.46558,4.966918,17.86593,-22.30674,4.943209,17.96283,-22.35176,4.947072,17.95608
310.8318,-22.46763,4.967794,17.86347,-22.30674,4.943209,17.96283,-22.35176,4.947072,17.95608
310.8538,-22.47042,4.969124,17.85958,-22.30674,4.943209,17.96283,-22.35176,4.947072,17.95608
310.8755,-22.47139,4.969206,17.8576,-22.30674,4.943209,17.96283,-22.35176,4.947072,17.95608
310.8982,-22.47299,4.969292,17.85604,-22.30674,4.943209,17.96283,-22.35176,4.947072,17.95608
310.9204,-22.47644,4.969395,17.85609,-22.30674,4.943209,17.96283,-22.35176,4.947072,17.95608
310.9471,-22.47902,4.96985,17.85591,-22.30674,4.943209,17.96283,-22.35176,4.947072,17.95608
310.9724,-22.48247,4.969957,17.85595,-22.30674,4.943209,17.96283,-22.35176,4.947072,17.95608
310.9935,-22.48521,4.969614,17.85741,-22.30674,4.943209,17.96283,-22.35176,4.947072,17.95608
311.0182,-22.48849,4.970533,17.85579,-22.30674,4.943209,17.96283,-22.35176,4.947072,17.95608
311.04,-22.49232,4.969819,17.8584,-22.30674,4.943209,17.96283,-22.35176,4.947072,17.95608
311.0674,-22.49676,4.970301,17.85979,-22.30674,4.943209,17.96283,-22.35176,4.947072,17.95608
311.0894,-22.50278,4.970892,17.85959,-22.30674,4.943209,17.96283,-22.35176,4.947072,17.95608
311.1146,-22.50856,4.970653,17.86155,-22.30674,4.943209,17.96283,-22.35176,4.947072,17.95608
311.1393,-22.51438,4.969243,17.86548,-22.30674,4.943209,17.96283,-22.35176,4.947072,17.95608
311.164,-22.52547,4.968403,17.86933,-22.30674,4.943209,17.96283,-22.35176,4.947072,17.95608
311.1933,-22.53313,4.967442,17.87318,-22.30674,4.943209,17.96283,-22.35176,4.947072,17.95608
311.22,-22.54502,4.96541,17.88086,-22.30674,4.943209,17.96283,-22.35176,4.947072,17.95608
311.2465,-22.55279,4.965599,17.88535,-22.30674,4.943209,17.96283,-22.35176,4.947072,17.95608
311.2719,-22.55877,4.967446,17.88792,-22.30674,4.943209,17.96283,-22.35176,4.947072,17.95608
311.2971,-22.56141,4.968036,17.89142,-22.30674,4.943209,17.96283,-22.35176,4.947072,17.95608
311.3212,-22.56385,4.968425,17.89566,-22.30674,4.943209,17.96283,-22.35176,4.947072,17.95608
311.3512,-22.56564,4.968088,17.8984,-22.30674,4.943209,17.96283,-22.35176,4.947072,17.95608
311.3733,-22.56999,4.968756,17.90235,-22.30674,4.943209,17.96283,-22.35176,4.947072,17.95608
311.3982,-22.57313,4.969651,17.90465,-22.30674,4.943209,17.96283,-22.35176,4.947072,17.95608
311.4227,-22.57705,4.970876,17.90751,-22.30674,4.943209,17.96283,-22.35176,4.947072,17.95608
311.451,-22.58066,4.971252,17.90999,-22.30674,4.943209,17.96283,-22.35176,4.947072,17.95608
311.4734,-22.58206,4.971632,17.91153,-22.30674,4.943209,17.96283,-22.35176,4.947072,17.95608
311.4976,-22.58517,4.972563,17.91216,-22.30674,4.943209,17.96283,-22.35176,4.947072,17.95608
311.524,-22.58714,4.974306,17.91254,-22.30674,4.943209,17.96283,-22.35176,4.947072,17.95608
311.5569,-22.58941,4.975602,17.9126,-22.30674,4.943209,17.96283,-22.35176,4.947072,17.95608
311.5961,-22.59329,4.976412,17.91503,-22.30674,4.943209,17.96283,-22.35176,4.947072,17.95608
311.6303,-22.5997,4.979282,17.91451,-22.30674,4.943209,17.96283,-22.35176,4.947072,17.95608
311.6645,-22.61629,4.984185,17.91198,-22.30674,4.943209,17.96283,-22.35176,4.947072,17.95608
311.7003,-22.64051,4.982453,17.912,-22.30674,4.943209,17.96283,-22.35176,4.947072,17.95608
311.7326,-22.65383,4.976615,17.91089,-22.30674,4.943209,17.96283,-22.35176,4.947072,17.95608
311.7617,-22.68299,4.965949,17.91118,-22.30674,4.943209,17.96283,-22.35176,4.947072,17.95608
311.7901,-22.69155,4.965869,17.90782,-22.30674,4.943209,17.96283,-22.35176,4.947072,17.95608
311.8187,-22.70482,4.965751,17.9046,-22.30674,4.943209,17.96283,-22.35176,4.947072,17.95608
311.8412,-22.71839,4.966147,17.89854,-22.30674,4.943209,17.96283,-22.35176,4.947072,17.95608
311.8677,-22.72928,4.967422,17.8926,-22.30674,4.943209,17.96283,-22.35176,4.947072,17.95608
311.889,-22.74164,4.968162,17.88531,-22.30674,4.943209,17.96283,-22.35176,4.947072,17.95608
311.9125,-22.75545,4.9694,17.87795,-22.30674,4.943209,17.96283,-22.35176,4.947072,17.95608
311.936,-22.76678,4.969402,17.87226,-22.30674,4.943209,17.96283,-22.35176,4.947072,17.95608
311.9616,-22.78255,4.967475,17.86857,-22.30674,4.943209,17.96283,-22.35176,4.947072,17.95608
311.9915,-22.79197,4.964272,17.86917,-22.30674,4.943209,17.96283,-22.35176,4.947072,17.95608
312.0139,-22.79691,4.960345,17.87111,-22.30674,4.943209,17.96283,-22.35176,4.947072,17.95608
312.0383,-22.8008,4.956247,17.87314,-22.30674,4.943209,17.96283,-22.35176,4.947072,17.95608
312.0638,-22.80335,4.953979,17.87885,-22.30674,4.943209,17.96283,-22.35176,4.947072,17.95608
312.0915,-22.80469,4.952603,17.88115,-22.30674,4.943209,17.96283,-22.35176,4.947072,17.95608
312.1166,-22.80725,4.952794,17.88212,-22.30674,4.943209,17.96283,-22.35176,4.947072,17.95608
312.1411,-22.80749,4.953326,17.88429,-22.30674,4.943209,17.96283,-22.35176,4.947072,17.95608
312.169,-22.80939,4.9537,17.88451,-22.30674,4.943209,17.96283,-22.35176,4.947072,17.95608
312.1915,-22.81178,4.955043,17.88344,-22.30674,4.943209,17.96283,-22.35176,4.947072,17.95608
312.216,-22.81535,4.95757,17.87842,-22.30674,4.943209,17.96283,-22.35176,4.947072,17.95608
312.243,-22.82087,4.962521,17.8745,-22.30674,4.943209,17.96283,-22.35176,4.947072,17.95608
312.2716,-22.82352,4.965385,17.87354,-22.30674,4.943209,17.96283,-22.35176,4.947072,17.95608
312.2937,-22.82607,4.971829,17.86742,-22.30674,4.943209,17.96283,-22.35176,4.947072,17.95608
312.3159,-22.83008,4.977376,17.85862,-22.30674,4.943209,17.96283,-22.35176,4.947072,17.95608
312.3409,-22.84617,4.983515,17.84,-22.30674,4.943209,17.96283,-22.35176,4.947072,17.95608
312.3671,-22.87381,4.991597,17.81403,-22.30674,4.943209,17.96283,-22.35176,4.947072,17.95608
312.3893,-22.87821,4.993723,17.8093,-22.30674,4.943209,17.96283,-22.35176,4.947072,17.95608
312.4114,-22.88103,4.993986,17.80509,-22.30674,4.943209,17.96283,-22.35176,4.947072,17.95608
312.4339,-22.88365,4.993196,17.7983,-22.30674,4.943209,17.96283,-22.35176,4.947072,17.95608
312.4567,-22.88849,4.99285,17.7951,-22.30674,4.943209,17.96283,-22.35176,4.947072,17.95608
312.4794,-22.89181,4.993631,17.79123,-22.30674,4.943209,17.96283,-22.35176,4.947072,17.95608
312.5009,-22.89635,4.994487,17.7876,-22.30674,4.943209,17.96283,-22.35176,4.947072,17.95608
312.5288,-22.90311,4.994533,17.78252,-22.30674,4.943209,17.96283,-22.35176,4.947072,17.95608
312.5515,-22.90859,4.994274,17.78115,-22.30674,4.943209,17.96283,-22.35176,4.947072,17.95608
312.5739,-22.91488,4.994653,17.77731,-22.30674,4.943209,17.96283,-22.35176,4.947072,17.95608
312.5968,-22.9214,4.994996,17.77272,-22.30674,4.943209,17.96283,-22.35176,4.947072,17.95608
312.6197,-22.92757,4.994364,17.77117,-22.30674,4.943209,17.96283,-22.35176,4.947072,17.95608
312.6436,-22.93451,4.993434,17.76921,-22.30674,4.943209,17.96283,-22.35176,4.947072,17.95608
312.672,-22.94147,4.992012,17.77051,-22.30674,4.943209,17.96283,-22.35176,4.947072,17.95608
312.6942,-22.94689,4.990246,17.77463,-22.30674,4.943209,17.96283,-22.35176,4.947072,17.95608
312.7176,-22.95615,4.989931,17.77628,-22.30674,4.943209,17.96283,-22.35176,4.947072,17.95608
312.739,-22.96366,4.98869,17.77933,-22.30674,4.943209,17.96283,-22.35176,4.947072,17.95608
312.7617,-22.97565,4.988462,17.78341,-22.30674,4.943209,17.96283,-22.35176,4.947072,17.95608
312.7902,-22.98136,4.986738,17.78674,-22.30674,4.943209,17.96283,-22.35176,4.947072,17.95608
312.8123,-22.98754,4.985636,17.78856,-22.30674,4.943209,17.96283,-22.35176,4.947072,17.95608
312.8343,-22.99111,4.983102,17.79329,-22.30674,4.943209,17.96283,-22.35176,4.947072,17.95608
312.8575,-22.99662,4.982335,17.79742,-22.30674,4.943209,17.96283,-22.35176,4.947072,17.95608
312.8782,-23.00286,4.981906,17.80134,-22.30674,4.943209,17.96283,-22.35176,4.947072,17.95608
312.9001,-23.01095,4.982047,17.80344,-22.30674,4.943209,17.96283,-22.35176,4.947072,17.95608
312.9271,-23.02005,4.982236,17.80661,-22.30674,4.943209,17.96283,-22.35176,4.947072,17.95608
312.9521,-23.03241,4.983513,17.8081,-22.30674,4.943209,17.96283,-22.35176,4.947072,17.95608
312.9755,-23.04659,4.984715,17.80923,-22.30674,4.943209,17.96283,-22.35176,4.947072,17.95608
313.0009,-23.05843,4.983814,17.81411,-22.30674,4.943209,17.96283,-22.35176,4.947072,17.95608
313.0312,-23.06559,4.982449,17.81635,-22.30674,4.943209,17.96283,-22.35176,4.947072,17.95608
313.0571,-23.07085,4.98087,17.81927,-22.30674,4.943209,17.96283,-22.35176,4.947072,17.95608
313.0799,-23.07397,4.981166,17.82331,-22.30674,4.943209,17.96283,-22.35176,4.947072,17.95608
313.1013,-23.07491,4.981355,17.82544,-22.30674,4.943209,17.96283,-22.35176,4.947072,17.95608
313.1298,-23.07657,4.981404,17.82764,-22.30674,4.943209,17.96283,-22.35176,4.947072,17.95608
313.1522,-23.07767,4.982161,17.82808,-22.30674,4.943209,17.96283,-22.35176,4.947072,17.95608
313.1741,-23.08043,4.983965,17.82786,-22.30674,4.943209,17.96283,-22.35176,4.947072,17.95608
313.1974,-23.0837,4.985875,17.82773,-22.30674,4.943209,17.96283,-22.35176,4.947072,17.95608
313.2201,-23.09068,4.9881,17.82818,-22.30674,4.943209,17.96283,-22.35176,4.947072,17.95608
313.2467,-23.0938,4.988335,17.8288,-22.30674,4.943209,17.96283,-22.35176,4.947072,17.95608
313.271,-23.1019,4.987427,17.82996,-22.30674,4.943209,17.96283,-22.35176,4.947072,17.95608
313.2914,-23.10737,4.985728,17.83,-22.30674,4.943209,17.96283,-22.35176,4.947072,17.95608
313.3177,-23.11507,4.985632,17.82776,-22.30674,4.943209,17.96283,-22.35176,4.947072,17.95608
313.3393,-23.12394,4.985416,17.82774,-22.30674,4.943209,17.96283,-22.35176,4.947072,17.95608
313.3607,-23.14571,4.985391,17.82882,-22.30674,4.943209,17.96283,-22.35176,4.947072,17.95608
313.3874,-23.15477,4.985962,17.82932,-22.30674,4.943209,17.96283,-22.35176,4.947072,17.95608
313.4083,-23.15965,4.985962,17.83045,-22.30674,4.943209,17.96283,-22.35176,4.947072,17.95608
313.4337,-23.17077,4.985898,17.83216,-22.30674,4.943209,17.96283,-22.35176,4.947072,17.95608
313.4571,-23.17863,4.985589,17.83322,-22.30674,4.943209,17.96283,-22.35176,4.947072,17.95608
313.4801,-23.18931,4.984344,17.83501,-22.30674,4.943209,17.96283,-22.35176,4.947072,17.95608
313.504,-23.19423,4.98251,17.83897,-22.30674,4.943209,17.96283,-22.35176,4.947072,17.95608
313.5267,-23.2,4.979469,17.84732,-22.30674,4.943209,17.96283,-22.35176,4.947072,17.95608
313.5464,-23.20531,4.977337,17.85172,-22.30674,4.943209,17.96283,-22.35176,4.947072,17.95608
313.5675,-23.20689,4.973702,17.86005,-22.30674,4.943209,17.96283,-22.35176,4.947072,17.95608
313.5879,-23.20778,4.970937,17.86548,-22.30674,4.943209,17.96283,-22.35176,4.947072,17.95608
313.6087,-23.20968,4.968178,17.87109,-22.30674,4.943209,17.96283,-22.35176,4.947072,17.95608
313.6325,-23.20942,4.96747,17.87814,-22.30674,4.943209,17.96283,-22.35176,4.947072,17.95608
313.6531,-23.20603,4.968612,17.87854,-22.30674,4.943209,17.96283,-22.35176,4.947072,17.95608
313.6756,-23.20249,4.969893,17.8817,-22.30674,4.943209,17.96283,-22.35176,4.947072,17.95608
313.6971,-23.1993,4.971221,17.88351,-22.30674,4.943209,17.96283,-22.35176,4.947072,17.95608
313.7206,-23.19443,4.972948,17.88455,-22.30674,4.943209,17.96283,-22.35176,4.947072,17.95608
313.7485,-23.19292,4.973371,17.88512,-22.30674,4.943209,17.96283,-22.35176,4.947072,17.95608
313.77,-23.19124,4.973801,17.88569,-22.30674,4.943209,17.96283,-22.35176,4.947072,17.95608
313.7913,-23.18967,4.974161,17.88528,-22.30674,4.943209,17.96283,-22.35176,4.947072,17.95608
313.8126,-23.1879,4.974519,17.88638,-22.30674,4.943209,17.96283,-22.35176,4.947072,17.95608
313.8344,-23.1876,4.974791,17.88838,-22.30674,4.943209,17.96283,-22.35176,4.947072,17.95608
313.8574,-23.18561,4.975206,17.89016,-22.30674,4.943209,17.96283,-22.35176,4.947072,17.95608
313.8846,-23.18162,4.975945,17.89352,-22.30674,4.943209,17.96283,-22.35176,4.947072,17.95608
313.9111,-23.18118,4.976039,17.89575,-22.30674,4.943209,17.96283,-22.35176,4.947072,17.95608
313.9328,-23.17728,4.976505,17.89873,-22.30674,4.943209,17.96283,-22.35176,4.947072,17.95608
313.9579,-23.17481,4.976796,17.9042,-22.30674,4.943209,17.96283,-22.35176,4.947072,17.95608
313.9868,-23.17049,4.977691,17.91248,-22.30674,4.943209,17.96283,-22.35176,4.947072,17.95608
314.019,-23.16986,4.977615,17.918,-22.30674,4.943209,17.96283,-22.35176,4.947072,17.95608
314.0486,-23.16681,4.978087,17.93254,-22.30674,4.943209,17.96283,-22.35176,4.947072,17.95608
314.0786,-23.16584,4.977968,17.94135,-22.30674,4.943209,17.96283,-22.35176,4.947072,17.95608
314.1064,-23.16375,4.978532,17.9532,-22.30674,4.943209,17.96283,-22.35176,4.947072,17.95608
314.1355,-23.16567,4.978058,17.95889,-22.30674,4.943209,17.96283,-22.35176,4.947072,17.95608
314.1615,-23.16881,4.977199,17.96763,-22.30674,4.943209,17.96283,-22.35176,4.947072,17.95608
314.1874,-23.17169,4.976441,17.97193,-22.30674,4.943209,17.96283,-22.35176,4.947072,17.95608
314.2115,-23.17375,4.975923,17.9744,-22.30674,4.943209,17.96283,-22.35176,4.947072,17.95608
314.2366,-23.1785,4.97481,17.97833,-22.30674,4.943209,17.96283,-22.35176,4.947072,17.95608
314.2578,-23.18628,4.972928,17.98277,-22.30674,4.943209,17.96283,-22.35176,4.947072,17.95608
314.2793,-23.19042,4.971443,17.98809,-22.30674,4.943209,17.96283,-22.35176,4.947072,17.95608
314.3061,-23.20312,4.968322,17.99381,-22.30674,4.943209,17.96283,-22.35176,4.947072,17.95608
314.3342,-23.20723,4.967254,17.99537,-22.30674,4.943209,17.96283,-22.35176,4.947072,17.95608
314.36,-23.2203,4.963796,18.00064,-22.30674,4.943209,17.96283,-22.35176,4.947072,17.95608
314.3879,-23.22622,4.963099,18.00158,-22.30674,4.943209,17.96283,-22.35176,4.947072,17.95608
314.41,-23.23292,4.962093,18.00418,-22.30674,4.943209,17.96283,-22.35176,4.947072,17.95608
314.4323,-23.24332,4.959505,18.00611,-22.30674,4.943209,17.96283,-22.35176,4.947072,17.95608
314.4543,-23.25261,4.95759,18.00823,-22.30674,4.943209,17.96283,-22.35176,4.947072,17.95608
314.4784,-23.25141,4.95795,18.01012,-22.30674,4.943209,17.96283,-22.35176,4.947072,17.95608
314.5013,-23.25245,4.959335,18.00985,-22.30674,4.943209,17.96283,-22.35176,4.947072,17.95608
314.5287,-23.25381,4.959723,18.00957,-22.30674,4.943209,17.96283,-22.35176,4.947072,17.95608
314.5523,-23.25322,4.959733,18.00978,-22.30674,4.943209,17.96283,-22.35176,4.947072,17.95608
314.5737,-23.25302,4.959728,18.00978,-22.30674,4.943209,17.96283,-22.35176,4.947072,17.95608
314.5961,-23.25415,4.960067,18.00951,-22.30674,4.943209,17.96283,-22.35176,4.947072,17.95608
314.6188,-23.25403,4.96015,18.00945,-22.30674,4.943209,17.96283,-22.35176,4.947072,17.95608
314.6412,-23.25632,4.961339,18.00909,-22.30674,4.943209,17.96283,-22.35176,4.947072,17.95608
314.6758,-23.25692,4.961739,18.00939,-22.30674,4.943209,17.96283,-22.35176,4.947072,17.95608
314.708,-23.26043,4.963751,18.00884,-22.30674,4.943209,17.96283,-22.35176,4.947072,17.95608
314.742,-23.27168,4.967622,18.00948,-22.30674,4.943209,17.96283,-22.35176,4.947072,17.95608
314.7748,-23.29777,4.965661,18.0148,-22.30674,4.943209,17.96283,-22.35176,4.947072,17.95608
314.811,-23.32022,4.975549,18.02725,-22.30674,4.943209,17.96283,-22.35176,4.947072,17.95608
314.8491,-23.35451,4.978076,18.04391,-22.30674,4.943209,17.96283,-22.35176,4.947072,17.95608
314.8858,-23.45027,4.966936,18.06504,-22.30674,4.943209,17.96283,-22.35176,4.947072,17.95608
314.9208,-23.4487,4.969266,18.065,-22.30674,4.943209,17.96283,-22.35176,4.947072,17.95608
314.952,-23.45155,4.970333,18.06416,-22.30674,4.943209,17.96283,-22.35176,4.947072,17.95608
314.9839,-23.46236,4.972485,18.0643,-22.30674,4.943209,17.96283,-22.35176,4.947072,17.95608
315.0148,-23.46413,4.973061,18.05762,-22.30674,4.943209,17.96283,-22.35176,4.947072,17.95608
315.0457,-23.4645,4.973299,18.0516,-22.30674,4.943209,17.96283,-22.35176,4.947072,17.95608
315.0815,-23.46405,4.972765,18.05524,-22.30674,4.943209,17.96283,-22.35176,4.947072,17.95608
315.1127,-23.46355,4.972812,18.05882,-22.30674,4.943209,17.96283,-22.35176,4.947072,17.95608
315.1425,-23.46285,4.973084,18.06182,-22.30674,4.943209,17.96283,-22.35176,4.947072,17.95608
315.1763,-23.46338,4.973474,18.06415,-22.30674,4.943209,17.96283,-22.35176,4.947072,17.95608
315.2057,-23.46688,4.974745,18.06347,-22.30674,4.943209,17.96283,-22.35176,4.947072,17.95608
315.2399,-23.4701,4.975765,18.06062,-22.30674,4.943209,17.96283,-22.35176,4.947072,17.95608
315.2725,-23.4716,4.976706,18.05766,-22.30674,4.943209,17.96283,-22.35176,4.947072,17.95608
315.3129,-23.47411,4.976707,18.0578,-22.30674,4.943209,17.96283,-22.35176,4.947072,17.95608
315.3517,-23.47593,4.977092,18.0594,-22.30674,4.943209,17.96283,-22.35176,4.947072,17.95608
315.3936,-23.47825,4.979023,18.06333,-22.30674,4.943209,17.96283,-22.35176,4.947072,17.95608
315.4315,-23.48405,4.980527,18.06536,-22.30674,4.943209,17.96283,-22.35176,4.947072,17.95608
315.4692,-23.49147,4.981721,18.06885,-22.30674,4.943209,17.96283,-22.35176,4.947072,17.95608
315.5066,-23.49478,4.983501,18.06603,-22.30674,4.943209,17.96283,-22.35176,4.947072,17.95608
315.5422,-23.49977,4.986451,18.06454,-22.30674,4.943209,17.96283,-22.35176,4.947072,17.95608
315.5853,-23.50957,4.991198,18.06488,-22.30674,4.943209,17.96283,-22.35176,4.947072,17.95608
315.6206,-23.52767,4.991992,18.07221,-22.30674,4.943209,17.96283,-22.35176,4.947072,17.95608
315.6563,-23.53628,4.993133,18.07695,-22.30674,4.943209,17.96283,-22.35176,4.947072,17.95608
315.6899,-23.5556,5.002461,18.08468,-22.30674,4.943209,17.96283,-22.35176,4.947072,17.95608
315.723,-23.56225,5.006667,18.08478,-22.30674,4.943209,17.96283,-22.35176,4.947072,17.95608
315.7586,-23.56415,5.008141,18.08485,-22.30674,4.943209,17.96283,-22.35176,4.947072,17.95608
315.7895,-23.56911,5.009784,18.08266,-22.30674,4.943209,17.96283,-22.35176,4.947072,17.95608
315.8262,-23.57503,5.010677,18.08148,-22.30674,4.943209,17.96283,-22.35176,4.947072,17.95608
315.8615,-23.58144,5.010677,18.08119,-22.30674,4.943209,17.96283,-22.35176,4.947072,17.95608
315.8996,-23.58864,5.012221,18.08432,-22.30674,4.943209,17.96283,-22.35176,4.947072,17.95608
315.9292,-23.60018,5.013881,18.08728,-22.30674,4.943209,17.96283,-22.35176,4.947072,17.95608
315.9606,-23.61672,5.015416,18.08943,-22.30674,4.943209,17.96283,-22.35176,4.947072,17.95608
315.9974,-23.63139,5.01766,18.09142,-22.30674,4.943209,17.96283,-22.35176,4.947072,17.95608
316.0308,-23.65546,5.019032,18.0941,-22.30674,4.943209,17.96283,-22.35176,4.947072,17.95608
316.0651,-23.6805,5.019027,18.09919,-22.30674,4.943209,17.96283,-22.35176,4.947072,17.95608
316.0986,-23.70087,5.019825,18.10117,-22.30674,4.943209,17.96283,-22.35176,4.947072,17.95608
316.1255,-23.72528,5.02027,18.10439,-22.30674,4.943209,17.96283,-22.35176,4.947072,17.95608
316.1544,-23.74183,5.022064,18.10517,-22.30674,4.943209,17.96283,-22.35176,4.947072,17.95608
316.1761,-23.75505,5.024924,18.1035,-22.30674,4.943209,17.96283,-22.35176,4.947072,17.95608
316.2005,-23.77129,5.027495,18.10267,-22.30674,4.943209,17.96283,-22.35176,4.947072,17.95608
316.2279,-23.78631,5.029135,18.10218,-22.30674,4.943209,17.96283,-22.35176,4.947072,17.95608
316.2522,-23.80254,5.029718,18.09929,-22.30674,4.943209,17.96283,-22.35176,4.947072,17.95608
316.2728,-23.81463,5.02993,18.09864,-22.30674,4.943209,17.96283,-22.35176,4.947072,17.95608
316.2942,-23.82786,5.029913,18.09949,-22.30674,4.943209,17.96283,-22.35176,4.947072,17.95608
316.3148,-23.83829,5.029078,18.10272,-22.30674,4.943209,17.96283,-22.35176,4.947072,17.95608
316.3367,-23.84506,5.029611,18.10215,-22.30674,4.943209,17.96283,-22.35176,4.947072,17.95608
316.3567,-23.84961,5.029245,18.10291,-22.30674,4.943209,17.96283,-22.35176,4.947072,17.95608
316.3777,-23.85497,5.030509,18.10279,-22.30674,4.943209,17.96283,-22.35176,4.947072,17.95608
316.399,-23.85416,5.031486,18.10366,-22.30674,4.943209,17.96283,-22.35176,4.947072,17.95608
316.4236,-23.8538,5.033026,18.09974,-22.30674,4.943209,17.96283,-22.35176,4.947072,17.95608
316.4505,-23.84805,5.033956,18.09705,-22.30674,4.943209,17.96283,-22.35176,4.947072,17.95608
316.47,-23.84368,5.034806,18.09599,-22.30674,4.943209,17.96283,-22.35176,4.947072,17.95608
316.4908,-23.83552,5.035513,18.09553,-22.30674,4.943209,17.96283,-22.35176,4.947072,17.95608
316.5113,-23.82145,5.035746,18.09639,-22.30674,4.943209,17.96283,-22.35176,4.947072,17.95608
316.5312,-23.80339,5.036222,18.09606,-22.30674,4.943209,17.96283,-22.35176,4.947072,17.95608
316.5513,-23.77984,5.036067,18.0956,-22.30674,4.943209,17.96283,-22.35176,4.947072,17.95608
316.5717,-23.75285,5.037063,18.09134,-22.30674,4.943209,17.96283,-22.35176,4.947072,17.95608
316.5928,-23.72944,5.038236,18.08505,-22.30674,4.943209,17.96283,-22.35176,4.947072,17.95608
316.6172,-23.70402,5.040189,18.07534,-22.30674,4.943209,17.96283,-22.35176,4.947072,17.95608
316.6381,-23.68676,5.042082,18.06763,-22.30674,4.943209,17.96283,-22.35176,4.947072,17.95608
316.6597,-23.6716,5.04309,18.06116,-22.30674,4.943209,17.96283,-22.35176,4.947072,17.95608
316.6829,-23.65046,5.041193,18.05118,-22.30674,4.943209,17.96283,-22.35176,4.947072,17.95608
316.7072,-23.63451,5.037332,18.04655,-22.30674,4.943209,17.96283,-22.35176,4.947072,17.95608
316.7275,-23.61669,5.031517,18.04529,-22.30674,4.943209,17.96283,-22.35176,4.947072,17.95608
316.7488,-23.59757,5.024531,18.04528,-22.30674,4.943209,17.96283,-22.35176,4.947072,17.95608
316.7688,-23.58221,5.019001,18.04535,-22.30674,4.943209,17.96283,-22.35176,4.947072,17.95608
316.7907,-23.56495,5.015415,18.04686,-22.30674,4.943209,17.96283,-22.35176,4.947072,17.95608
316.8108,-23.55213,5.013285,18.04955,-22.30674,4.943209,17.96283,-22.35176,4.947072,17.95608
316.8319,-23.54232,5.011363,18.05092,-22.30674,4.943209,17.96283,-22.35176,4.947072,17.95608
316.8523,-23.53295,5.009219,18.05336,-22.30674,4.943209,17.96283,-22.35176,4.947072,17.95608
316.875,-23.52147,5.007379,18.05336,-22.30674,4.943209,17.96283,-22.35176,4.947072,17.95608
316.8971,-23.51093,5.005593,18.0543,-22.30674,4.943209,17.96283,-22.35176,4.947072,17.95608
316.919,-23.49961,5.00154,18.05767,-22.30674,4.943209,17.96283,-22.35176,4.947072,17.95608
316.9401,-23.48563,4.996103,18.06248,-22.30674,4.943209,17.96283,-22.35176,4.947072,17.95608
316.9712,-23.46903,4.991936,18.06549,-22.30674,4.943209,17.96283,-22.35176,4.947072,17.95608
316.9979,-23.45261,4.9878,18.06837,-22.30674,4.943209,17.96283,-22.35176,4.947072,17.95608
317.0201,-23.43295,4.983413,18.07308,-22.30674,4.943209,17.96283,-22.35176,4.947072,17.95608
317.0457,-23.42013,4.981401,18.0765,-22.30674,4.943209,17.96283,-22.35176,4.947072,17.95608
317.0668,-23.40635,4.980751,18.07921,-22.30674,4.943209,17.96283,-22.35176,4.947072,17.95608
317.0944,-23.38727,4.981324,18.08213,-22.30674,4.943209,17.96283,-22.35176,4.947072,17.95608
317.1165,-23.37482,4.984636,18.07955,-22.30674,4.943209,17.96283,-22.35176,4.947072,17.95608
317.137,-23.36141,4.990988,18.07716,-22.30674,4.943209,17.96283,-22.35176,4.947072,17.95608
317.1598,-23.34803,4.997347,18.07463,-22.30674,4.943209,17.96283,-22.35176,4.947072,17.95608
317.1812,-23.33162,5.008204,18.07346,-22.30674,4.943209,17.96283,-22.35176,4.947072,17.95608
317.2064,-23.31998,5.014766,18.06864,-22.30674,4.943209,17.96283,-22.35176,4.947072,17.95608
317.2274,-23.30878,5.021199,18.06099,-22.30674,4.943209,17.96283,-22.35176,4.947072,17.95608
317.2517,-23.29413,5.02923,18.05302,-22.30674,4.943209,17.96283,-22.35176,4.947072,17.95608
317.2732,-23.28242,5.035257,18.04675,-22.30674,4.943209,17.96283,-22.35176,4.947072,17.95608
317.2952,-23.26761,5.039638,18.0397,-22.30674,4.943209,17.96283,-22.35176,4.947072,17.95608
317.3173,-23.25435,5.043207,18.0338,-22.30674,4.943209,17.96283,-22.35176,4.947072,17.95608
317.338,-23.24377,5.045864,18.02651,-22.30674,4.943209,17.96283,-22.35176,4.947072,17.95608
317.3594,-23.23418,5.048765,18.0181,-22.30674,4.943209,17.96283,-22.35176,4.947072,17.95608
317.381,-23.22324,5.052732,18.00751,-22.30674,4.943209,17.96283,-22.35176,4.947072,17.95608
317.4063,-23.21385,5.054522,18.00045,-22.30674,4.943209,17.96283,-22.35176,4.947072,17.95608
317.4288,-23.20273,5.056036,17.99418,-22.30674,4.943209,17.96283,-22.35176,4.947072,17.95608
317.4499,-23.19211,5.057323,17.98914,-22.30674,4.943209,17.96283,-22.35176,4.947072,17.95608
317.475,-23.17912,5.057645,17.98551,-22.30674,4.943209,17.96283,-22.35176,4.947072,17.95608
317.4959,-23.16681,5.056718,17.98405,-22.30674,4.943209,17.96283,-22.35176,4.947072,17.95608
317.5165,-23.15503,5.056109,17.9832,-22.30674,4.943209,17.96283,-22.35176,4.947072,17.95608
317.537,-23.14352,5.055745,17.9811,-22.30674,4.943209,17.96283,-22.35176,4.947072,17.95608
317.5578,-23.13549,5.057655,17.97462,-22.30674,4.943209,17.96283,-22.35176,4.947072,17.95608
317.5784,-23.12677,5.0592,17.97004,-22.30674,4.943209,17.96283,-22.35176,4.947072,17.95608
317.5997,-23.11651,5.059818,17.96605,-22.30674,4.943209,17.96283,-22.35176,4.947072,17.95608
317.6206,-23.10217,5.060724,17.96055,-22.30674,4.943209,17.96283,-22.35176,4.947072,17.95608
317.6468,-23.08984,5.060105,17.95905,-22.30674,4.943209,17.96283,-22.35176,4.947072,17.95608
317.6682,-23.07622,5.057644,17.96194,-22.30674,4.943209,17.96283,-22.35176,4.947072,17.95608
317.6913,-23.06451,5.05723,17.96135,-22.30674,4.943209,17.96283,-22.35176,4.947072,17.95608
317.7133,-23.05223,5.057835,17.95931,-22.30674,4.943209,17.96283,-22.35176,4.947072,17.95608
317.7367,-23.03824,5.062304,17.95043,-22.30674,4.943209,17.96283,-22.35176,4.947072,17.95608
317.7576,-23.02806,5.068814,17.93759,-22.30674,4.943209,17.96283,-22.35176,4.947072,17.95608
317.7819,-23.01606,5.078075,17.9201,-22.30674,4.943209,17.96283,-22.35176,4.947072,17.95608
317.8077,-23.00734,5.083853,17.9082,-22.30674,4.943209,17.96283,-22.35176,4.947072,17.95608
317.8299,-22.99533,5.088573,17.89709,-22.30674,4.943209,17.96283,-22.35176,4.947072,17.95608
317.8504,-22.98664,5.093788,17.88667,-22.30674,4.943209,17.96283,-22.35176,4.947072,17.95608
317.8715,-22.97362,5.098248,17.87516,-22.30674,4.943209,17.96283,-22.35176,4.947072,17.95608
317.8931,-22.96211,5.10443,17.86197,-22.30674,4.943209,17.96283,-22.35176,4.947072,17.95608
317.9163,-22.9538,5.112584,17.84464,-22.30674,4.943209,17.96283,-22.35176,4.947072,17.95608
317.9366,-22.94678,5.12255,17.82549,-22.30674,4.943209,17.96283,-22.35176,4.947072,17.95608
317.9573,-22.94076,5.131424,17.80695,-22.30674,4.943209,17.96283,-22.35176,4.947072,17.95608
317.9781,-22.93593,5.138048,17.79178,-22.30674,4.943209,17.96283,-22.35176,4.947072,17.95608
318.0022,-22.92724,5.14308,17.77879,-22.30674,4.943209,17.96283,-22.35176,4.947072,17.95608
318.0291,-22.91907,5.145077,17.7713,-22.30674,4.943209,17.96283,-22.35176,4.947072,17.95608
318.0495,-22.90932,5.146075,17.76436,-22.30674,4.943209,17.96283,-22.35176,4.947072,17.95608
318.0724,-22.89671,5.145429,17.75693,-22.30674,4.943209,17.96283,-22.35176,4.947072,17.95608
318.0949,-22.88594,5.143538,17.75087,-22.30674,4.943209,17.96283,-22.35176,4.947072,17.95608
318.1202,-22.86472,5.138318,17.74102,-22.30674,4.943209,17.96283,-22.35176,4.947072,17.95608
318.153,-22.85162,5.131446,17.73763,-22.30674,4.943209,17.96283,-22.35176,4.947072,17.95608
318.1887,-22.82808,5.115662,17.74027,-22.30674,4.943209,17.96283,-22.35176,4.947072,17.95608
318.2295,-22.79885,5.093974,17.75778,-22.30674,4.943209,17.96283,-22.35176,4.947072,17.95608
318.2621,-22.77914,5.076647,17.77355,-22.30674,4.943209,17.96283,-22.35176,4.947072,17.95608
318.2913,-22.7681,5.065162,17.78489,-22.30674,4.943209,17.96283,-22.35176,4.947072,17.95608
318.312,-22.7586,5.055348,17.79394,-22.30674,4.943209,17.96283,-22.35176,4.947072,17.95608
318.335,-22.74923,5.043921,17.80759,-22.30674,4.943209,17.96283,-22.35176,4.947072,17.95608
318.3618,-22.74138,5.031717,17.81969,-22.30674,4.943209,17.96283,-22.35176,4.947072,17.95608
318.3981,-22.73775,5.021955,17.83013,-22.30674,4.943209,17.96283,-22.35176,4.947072,17.95608
318.4277,-22.7295,5.007728,17.84941,-22.30674,4.943209,17.96283,-22.35176,4.947072,17.95608
318.4619,-22.72175,4.998945,17.86774,-22.30674,4.943209,17.96283,-22.35176,4.947072,17.95608
318.5003,-22.71315,4.994555,17.88265,-22.30674,4.943209,17.96283,-22.35176,4.947072,17.95608
318.5311,-22.70839,4.996796,17.88864,-22.30674,4.943209,17.96283,-22.35176,4.947072,17.95608
318.5567,-22.70293,4.998796,17.89555,-22.30674,4.943209,17.96283,-22.35176,4.947072,17.95608
318.5784,-22.70048,5.002804,17.89671,-22.30674,4.943209,17.96283,-22.35176,4.947072,17.95608
318.6012,-22.69821,5.008438,17.89403,-22.30674,4.943209,17.96283,-22.35176,4.947072,17.95608
318.6271,-22.69769,5.011141,17.89001,-22.30674,4.943209,17.96283,-22.35176,4.947072,17.95608
318.6482,-22.69758,5.01381,17.8856,-22.30674,4.943209,17.96283,-22.35176,4.947072,17.95608
318.6692,-22.69382,5.014834,17.88013,-22.30674,4.943209,17.96283,-22.35176,4.947072,17.95608
318.6985,-22.68939,5.015972,17.87331,-22.30674,4.943209,17.96283,-22.35176,4.947072,17.95608
318.7257,-22.67866,5.017262,17.86404,-22.30674,4.943209,17.96283,-22.35176,4.947072,17.95608
318.7587,-22.66781,5.01923,17.85286,-22.30674,4.943209,17.96283,-22.35176,4.947072,17.95608
318.7868,-22.65916,5.020721,17.84218,-22.30674,4.943209,17.96283,-22.35176,4.947072,17.95608
318.8226,-22.65344,5.021045,17.83619,-22.30674,4.943209,17.96283,-22.35176,4.947072,17.95608
318.8534,-22.64729,5.019866,17.83383,-22.30674,4.943209,17.96283,-22.35176,4.947072,17.95608
318.879,-22.64037,5.015733,17.83601,-22.30674,4.943209,17.96283,-22.35176,4.947072,17.95608
318.8997,-22.6305,5.011241,17.83687,-22.30674,4.943209,17.96283,-22.35176,4.947072,17.95608
318.9216,-22.62197,5.004441,17.84172,-22.30674,4.943209,17.96283,-22.35176,4.947072,17.95608
318.9466,-22.61313,4.998875,17.84524,-22.30674,4.943209,17.96283,-22.35176,4.947072,17.95608
318.9674,-22.60473,4.992914,17.84937,-22.30674,4.943209,17.96283,-22.35176,4.947072,17.95608
318.9882,-22.59785,4.987338,17.85399,-22.30674,4.943209,17.96283,-22.35176,4.947072,17.95608
319.0109,-22.58857,4.98288,17.86235,-22.30674,4.943209,17.96283,-22.35176,4.947072,17.95608
319.039,-22.57366,4.980591,17.87071,-22.30674,4.943209,17.96283,-22.35176,4.947072,17.95608
319.0641,-22.5541,4.979661,17.87322,-22.30674,4.943209,17.96283,-22.35176,4.947072,17.95608
319.0937,-22.54306,4.980877,17.87012,-22.30674,4.943209,17.96283,-22.35176,4.947072,17.95608
319.1183,-22.53295,4.983499,17.86547,-22.30674,4.943209,17.96283,-22.35176,4.947072,17.95608
319.1437,-22.51461,4.986557,17.86822,-22.30674,4.943209,17.96283,-22.35176,4.947072,17.95608
319.1714,-22.49811,4.989995,17.86955,-22.30674,4.943209,17.96283,-22.35176,4.947072,17.95608
319.1922,-22.48165,4.992735,17.871,-22.30674,4.943209,17.96283,-22.35176,4.947072,17.95608
319.2126,-22.46452,4.994438,17.87201,-22.30674,4.943209,17.96283,-22.35176,4.947072,17.95608
319.2351,-22.44494,4.998204,17.86793,-22.30674,4.943209,17.96283,-22.35176,4.947072,17.95608
319.2551,-22.43248,4.999122,17.86576,-22.30674,4.943209,17.96283,-22.35176,4.947072,17.95608
319.2755,-22.42017,5.000282,17.86632,-22.30674,4.943209,17.96283,-22.35176,4.947072,17.95608
319.2961,-22.41106,4.999152,17.86914,-22.30674,4.943209,17.96283,-22.35176,4.947072,17.95608
319.318,-22.40476,4.997712,17.87052,-22.30674,4.943209,17.96283,-22.35176,4.947072,17.95608
319.3381,-22.40122,4.994375,17.87045,-22.30674,4.943209,17.96283,-22.35176,4.947072,17.95608
319.3576,-22.39759,4.989399,17.87336,-22.30674,4.943209,17.96283,-22.35176,4.947072,17.95608
319.3773,-22.3915,4.982008,17.88,-22.30674,4.943209,17.96283,-22.35176,4.947072,17.95608
319.3968,-22.3868,4.977667,17.88643,-22.30674,4.943209,17.96283,-22.35176,4.947072,17.95608
319.4204,-22.38608,4.978181,17.89548,-22.30674,4.943209,17.96283,-22.35176,4.947072,17.95608
319.4505,-22.38489,4.97863,17.90107,-22.30674,4.943209,17.96283,-22.35176,4.947072,17.95608
319.4767,-22.38243,4.979809,17.90598,-22.30674,4.943209,17.96283,-22.35176,4.947072,17.95608
319.5004,-22.37954,4.981856,17.9135,-22.30674,4.943209,17.96283,-22.35176,4.947072,17.95608
319.5381,-22.37581,4.982511,17.91943,-22.30674,4.943209,17.96283,-22.35176,4.947072,17.95608
319.5656,-22.37174,4.985128,17.9196,-22.30674,4.943209,17.96283,-22.35176,4.947072,17.95608
319.593,-22.36876,4.986472,17.91827,-22.30674,4.943209,17.96283,-22.35176,4.947072,17.95608
319.6134,-22.36325,4.987379,17.91899,-22.30674,4.943209,17.96283,-22.35176,4.947072,17.95608
319.6334,-22.36132,4.987718,17.91979,-22.30674,4.943209,17.96283,-22.35176,4.947072,17.95608
319.6536,-22.35604,4.987572,17.91932,-22.30674,4.943209,17.96283,-22.35176,4.947072,17.95608
319.6727,-22.35338,4.987033,17.91847,-22.30674,4.943209,17.96283,-22.35176,4.947072,17.95608
319.696,-22.34792,4.985119,17.91886,-22.30674,4.943209,17.96283,-22.35176,4.947072,17.95608
319.7154,-22.34373,4.982,17.92472,-22.30674,4.943209,17.96283,-22.35176,4.947072,17.95608
319.7345,-22.3369,4.974441,17.93056,-22.30674,4.943209,17.96283,-22.35176,4.947072,17.95608
319.7541,-22.32953,4.970973,17.93488,-22.30674,4.943209,17.96283,-22.35176,4.947072,17.95608
319.7733,-22.32602,4.969593,17.93726,-22.30674,4.943209,17.96283,-22.35176,4.947072,17.95608
319.7949,-22.32172,4.975698,17.94013,-22.30674,4.943209,17.96283,-22.35176,4.947072,17.95608
319.8154,-22.31836,4.976504,17.94238,-22.30674,4.943209,17.96283,-22.35176,4.947072,17.95608
319.8348,-22.31751,4.976319,17.94406,-22.30674,4.943209,17.96283,-22.35176,4.947072,17.95608
319.8543,-22.31661,4.976372,17.94398,-22.30674,4.943209,17.96283,-22.35176,4.947072,17.95608
319.8777,-22.3161,4.975824,17.94578,-22.30674,4.943209,17.96283,-22.35176,4.947072,17.95608
319.9002,-22.31513,4.975828,17.94539,-22.30674,4.943209,17.96283,-22.35176,4.947072,17.95608
319.931,-22.31531,4.975811,17.94542,-22.30674,4.943209,17.96283,-22.35176,4.947072,17.95608
319.9593,-22.31458,4.975024,17.94697,-22.30674,4.943209,17.96283,-22.35176,4.947072,17.95608
319.9838,-22.31476,4.974884,17.94747,-22.30674,4.943209,17.96283,-22.35176,4.947072,17.95608
320.0166,-22.31344,4.97509,17.94678,-22.30674,4.943209,17.96283,-22.35176,4.947072,17.95608
320.0408,-22.31211,4.975195,17.94596,-22.30674,4.943209,17.96283,-22.35176,4.947072,17.95608
320.0709,-22.31212,4.975188,17.94597,-22.30674,4.943209,17.96283,-22.35176,4.947072,17.95608
320.0964,-22.31043,4.975084,17.9456,-22.30674,4.943209,17.96283,-22.35176,4.947072,17.95608
320.1182,-22.31009,4.974871,17.94608,-22.30674,4.943209,17.96283,-22.35176,4.947072,17.95608
320.1393,-22.31001,4.974834,17.94613,-22.30674,4.943209,17.96283,-22.35176,4.947072,17.95608
320.1596,-22.30884,4.975028,17.9449,-22.30674,4.943209,17.96283,-22.35176,4.947072,17.95608
320.1803,-22.30946,4.974028,17.94767,-22.30674,4.943209,17.96283,-22.35176,4.947072,17.95608
320.2072,-22.3107,4.973973,17.94857,-22.30674,4.943209,17.96283,-22.35176,4.947072,17.95608
320.2263,-22.31164,4.973999,17.94991,-22.30674,4.943209,17.96283,-22.35176,4.947072,17.95608
320.2463,-22.31514,4.974445,17.95034,-22.30674,4.943209,17.96283,-22.35176,4.947072,17.95608
320.267,-22.31593,4.97483,17.94903,-22.30674,4.943209,17.96283,-22.35176,4.947072,17.95608
320.2861,-22.31839,4.975088,17.94824,-22.30674,4.943209,17.96283,-22.35176,4.947072,17.95608
320.3055,-22.31918,4.975906,17.94603,-22.30674,4.943209,17.96283,-22.35176,4.947072,17.95608
320.3256,-22.32068,4.976531,17.94387,-22.30674,4.943209,17.96283,-22.35176,4.947072,17.95608
320.3478,-22.32212,4.976622,17.94335,-22.30674,4.943209,17.96283,-22.35176,4.947072,17.95608
320.3705,-22.32393,4.976287,17.94238,-22.30674,4.943209,17.96283,-22.35176,4.947072,17.95608
320.3927,-22.32514,4.976612,17.94225,-22.30674,4.943209,17.96283,-22.35176,4.947072,17.95608
320.4229,-22.32666,4.978504,17.94395,-22.30674,4.943209,17.96283,-22.35176,4.947072,17.95608
320.4648,-22.3285,4.980394,17.94459,-22.30674,4.943209,17.96283,-22.35176,4.947072,17.95608
320.5045,-22.3549,4.991149,17.95791,-22.30674,4.943209,17.96283,-22.35176,4.947072,17.95608
320.5389,-22.44274,4.945811,18.00464,-22.30674,4.943209,17.96283,-22.35176,4.947072,17.95608
320.5711,-22.46403,4.94597,18.00931,-22.30674,4.943209,17.96283,-22.35176,4.947072,17.95608
320.6007,-22.48253,4.948476,18.01209,-22.30674,4.943209,17.96283,-22.35176,4.947072,17.95608
320.6245,-22.49783,4.949422,18.01219,-22.30674,4.943209,17.96283,-22.35176,4.947072,17.95608
320.6459,-22.51377,4.954096,18.00911,-22.30674,4.943209,17.96283,-22.35176,4.947072,17.95608
320.6658,-22.53217,4.960138,18.0028,-22.30674,4.943209,17.96283,-22.35176,4.947072,17.95608
320.6877,-22.54923,4.968237,17.99187,-22.30674,4.943209,17.96283,-22.35176,4.947072,17.95608
320.7086,-22.56507,4.975853,17.98137,-22.30674,4.943209,17.96283,-22.35176,4.947072,17.95608
320.7296,-22.5759,4.979949,17.97173,-22.30674,4.943209,17.96283,-22.35176,4.947072,17.95608
320.7498,-22.58295,4.980781,17.97148,-22.30674,4.943209,17.96283,-22.35176,4.947072,17.95608
320.772,-22.58307,4.979341,17.97456,-22.30674,4.943209,17.96283,-22.35176,4.947072,17.95608
320.7931,-22.58233,4.977563,17.97945,-22.30674,4.943209,17.96283,-22.35176,4.947072,17.95608
320.8141,-22.58167,4.977563,17.97908,-22.30674,4.943209,17.96283,-22.35176,4.947072,17.95608
320.8371,-22.58043,4.977422,17.97826,-22.30674,4.943209,17.96283,-22.35176,4.947072,17.95608
320.8573,-22.5792,4.979188,17.97067,-22.30674,4.943209,17.96283,-22.35176,4.947072,17.95608
320.8786,-22.57722,4.980564,17.96298,-22.30674,4.943209,17.96283,-22.35176,4.947072,17.95608
320.9003,-22.57304,4.981846,17.95143,-22.30674,4.943209,17.96283,-22.35176,4.947072,17.95608
320.9262,-22.56772,4.981329,17.94362,-22.30674,4.943209,17.96283,-22.35176,4.947072,17.95608
320.9474,-22.56219,4.979999,17.93633,-22.30674,4.943209,17.96283,-22.35176,4.947072,17.95608
320.9678,-22.55273,4.976378,17.93143,-22.30674,4.943209,17.96283,-22.35176,4.947072,17.95608
320.99,-22.54445,4.971754,17.9277,-22.30674,4.943209,17.96283,-22.35176,4.947072,17.95608
321.0142,-22.53173,4.967941,17.92374,-22.30674,4.943209,17.96283,-22.35176,4.947072,17.95608
321.0401,-22.51416,4.964664,17.91894,-22.30674,4.943209,17.96283,-22.35176,4.947072,17.95608
321.0689,-22.5031,4.963871,17.91339,-22.30674,4.943209,17.96283,-22.35176,4.947072,17.95608
321.0975,-22.48862,4.95866,17.91215,-22.30674,4.943209,17.96283,-22.35176,4.947072,17.95608
321.1269,-22.47837,4.953694,17.91139,-22.30674,4.943209,17.96283,-22.35176,4.947072,17.95608
321.1575,-22.47186,4.949841,17.91186,-22.30674,4.943209,17.96283,-22.35176,4.947072,17.95608
321.1828,-22.4684,4.944937,17.91482,-22.30674,4.943209,17.96283,-22.35176,4.947072,17.95608
321.2073,-22.46563,4.942193,17.91654,-22.30674,4.943209,17.96283,-22.35176,4.947072,17.95608
321.2278,-22.46272,4.940501,17.92102,-22.30674,4.943209,17.96283,-22.35176,4.947072,17.95608
321.2485,-22.45872,4.93973,17.92427,-22.30674,4.943209,17.96283,-22.35176,4.947072,17.95608
321.2699,-22.45734,4.939375,17.92903,-22.30674,4.943209,17.96283,-22.35176,4.947072,17.95608
321.2931,-22.45268,4.938446,17.93569,-22.30674,4.943209,17.96283,-22.35176,4.947072,17.95608
321.3145,-22.44864,4.937879,17.93896,-22.30674,4.943209,17.96283,-22.35176,4.947072,17.95608
321.3371,-22.44814,4.937804,17.9424,-22.30674,4.943209,17.96283,-22.35176,4.947072,17.95608
321.3569,-22.4466,4.93786,17.94508,-22.30674,4.943209,17.96283,-22.35176,4.947072,17.95608
321.3774,-22.44733,4.937911,17.94729,-22.30674,4.943209,17.96283,-22.35176,4.947072,17.95608
321.3976,-22.44811,4.938002,17.94942,-22.30674,4.943209,17.96283,-22.35176,4.947072,17.95608
321.4172,-22.45083,4.938752,17.95096,-22.30674,4.943209,17.96283,-22.35176,4.947072,17.95608
321.4368,-22.45182,4.939236,17.94964,-22.30674,4.943209,17.96283,-22.35176,4.947072,17.95608
321.4597,-22.45469,4.939612,17.95123,-22.30674,4.943209,17.96283,-22.35176,4.947072,17.95608
321.4793,-22.45627,4.940161,17.94899,-22.30674,4.943209,17.96283,-22.35176,4.947072,17.95608
321.5006,-22.45745,4.940283,17.94769,-22.30674,4.943209,17.96283,-22.35176,4.947072,17.95608
321.5292,-22.45816,4.940475,17.94628,-22.30674,4.943209,17.96283,-22.35176,4.947072,17.95608
321.5494,-22.45928,4.940465,17.94699,-22.30674,4.943209,17.96283,-22.35176,4.947072,17.95608
321.5688,-22.45945,4.940655,17.94542,-22.30674,4.943209,17.96283,-22.35176,4.947072,17.95608
321.5887,-22.4595,4.940738,17.94379,-22.30674,4.943209,17.96283,-22.35176,4.947072,17.95608
321.61,-22.45887,4.940579,17.94358,-22.30674,4.943209,17.96283,-22.35176,4.947072,17.95608
321.6293,-22.45906,4.940683,17.942,-22.30674,4.943209,17.96283,-22.35176,4.947072,17.95608
321.6518,-22.45884,4.940617,17.94071,-22.30674,4.943209,17.96283,-22.35176,4.947072,17.95608
321.674,-22.45853,4.940524,17.93875,-22.30674,4.943209,17.96283,-22.35176,4.947072,17.95608
321.6977,-22.45791,4.940263,17.93658,-22.30674,4.943209,17.96283,-22.35176,4.947072,17.95608
321.7225,-22.4553,4.939508,17.9351,-22.30674,4.943209,17.96283,-22.35176,4.947072,17.95608
321.7559,-22.45707,4.939875,17.9324,-22.30674,4.943209,17.96283,-22.35176,4.947072,17.95608
321.7849,-22.45727,4.939737,17.927,-22.30674,4.943209,17.96283,-22.35176,4.947072,17.95608
321.8154,-22.45806,4.939926,17.92374,-22.30674,4.943209,17.96283,-22.35176,4.947072,17.95608
321.8383,-22.45601,4.939376,17.92255,-22.30674,4.943209,17.96283,-22.35176,4.947072,17.95608
321.8581,-22.4579,4.939659,17.92181,-22.30674,4.943209,17.96283,-22.35176,4.947072,17.95608
321.8809,-22.45609,4.939298,17.92076,-22.30674,4.943209,17.96283,-22.35176,4.947072,17.95608
321.9062,-22.4574,4.939442,17.92153,-22.30674,4.943209,17.96283,-22.35176,4.947072,17.95608
321.9265,-22.45814,4.939714,17.92012,-22.30674,4.943209,17.96283,-22.35176,4.947072,17.95608
321.9478,-22.45856,4.939779,17.91911,-22.30674,4.943209,17.96283,-22.35176,4.947072,17.95608
321.9698,-22.45875,4.939785,17.91859,-22.30674,4.943209,17.96283,-22.35176,4.947072,17.95608
321.989,-22.46012,4.940413,17.91632,-22.30674,4.943209,17.96283,-22.35176,4.947072,17.95608
322.0088,-22.46062,4.940989,17.91589,-22.30674,4.943209,17.96283,-22.35176,4.947072,17.95608
322.0288,-22.46047,4.941249,17.91697,-22.30674,4.943209,17.96283,-22.35176,4.947072,17.95608
322.0476,-22.461,4.94226,17.91726,-22.30674,4.943209,17.96283,-22.35176,4.947072,17.95608
322.0664,-22.46039,4.943824,17.91689,-22.30674,4.943209,17.96283,-22.35176,4.947072,17.95608
322.0877,-22.46555,4.947794,17.91956,-22.30674,4.943209,17.96283,-22.35176,4.947072,17.95608
322.1074,-22.46697,4.951302,17.91873,-22.30674,4.943209,17.96283,-22.35176,4.947072,17.95608
322.1297,-22.47081,4.954749,17.91839,-22.30674,4.943209,17.96283,-22.35176,4.947072,17.95608
322.1505,-22.47534,4.959541,17.91691,-22.30674,4.943209,17.96283,-22.35176,4.947072,17.95608
322.1697,-22.47813,4.964778,17.91361,-22.30674,4.943209,17.96283,-22.35176,4.947072,17.95608
322.1895,-22.48189,4.969593,17.91328,-22.30674,4.943209,17.96283,-22.35176,4.947072,17.95608
322.21,-22.48558,4.975929,17.91146,-22.30674,4.943209,17.96283,-22.35176,4.947072,17.95608
322.2314,-22.49215,4.983247,17.90621,-22.30674,4.943209,17.96283,-22.35176,4.947072,17.95608
322.2503,-22.49902,4.990132,17.90347,-22.30674,4.943209,17.96283,-22.35176,4.947072,17.95608
322.2713,-22.50725,4.999156,17.89525,-22.30674,4.943209,17.96283,-22.35176,4.947072,17.95608
322.2908,-22.51737,5.009619,17.8867,-22.30674,4.943209,17.96283,-22.35176,4.947072,17.95608
322.3141,-22.53095,5.020527,17.87491,-22.30674,4.943209,17.96283,-22.35176,4.947072,17.95608
322.3412,-22.55301,5.038461,17.86166,-22.30674,4.943209,17.96283,-22.35176,4.947072,17.95608
322.3708,-22.56604,5.05174,17.85333,-22.30674,4.943209,17.96283,-22.35176,4.947072,17.95608
322.3989,-22.5832,5.067388,17.8433,-22.30674,4.943209,17.96283,-22.35176,4.947072,17.95608
322.4279,-22.60305,5.084256,17.83199,-22.30674,4.943209,17.96283,-22.35176,4.947072,17.95608
322.4561,-22.6159,5.092068,17.82752,-22.30674,4.943209,17.96283,-22.35176,4.947072,17.95608
322.4781,-22.62551,5.09743,17.82575,-22.30674,4.943209,17.96283,-22.35176,4.947072,17.95608
322.499,-22.62924,5.099116,17.82726,-22.30674,4.943209,17.96283,-22.35176,4.947072,17.95608
322.5196,-22.63144,5.098276,17.83185,-22.30674,4.943209,17.96283,-22.35176,4.947072,17.95608
322.5401,-22.62677,5.096237,17.8368,-22.30674,4.943209,17.96283,-22.35176,4.947072,17.95608
322.5681,-22.6223,5.095707,17.83842,-22.30674,4.943209,17.96283,-22.35176,4.947072,17.95608
322.5919,-22.6139,5.09567,17.83778,-22.30674,4.943209,17.96283,-22.35176,4.947072,17.95608
322.6133,-22.60817,5.098898,17.83233,-22.30674,4.943209,17.96283,-22.35176,4.947072,17.95608
322.6333,-22.60593,5.102404,17.82681,-22.30674,4.943209,17.96283,-22.35176,4.947072,17.95608
322.6534,-22.60575,5.107437,17.81908,-22.30674,4.943209,17.96283,-22.35176,4.947072,17.95608
322.6737,-22.60924,5.115263,17.80641,-22.30674,4.943209,17.96283,-22.35176,4.947072,17.95608
322.6985,-22.61568,5.125281,17.7902,-22.30674,4.943209,17.96283,-22.35176,4.947072,17.95608
322.7179,-22.61888,5.131431,17.7786,-22.30674,4.943209,17.96283,-22.35176,4.947072,17.95608
322.7389,-22.62355,5.13932,17.76456,-22.30674,4.943209,17.96283,-22.35176,4.947072,17.95608
322.7591,-22.62844,5.147155,17.75022,-22.30674,4.943209,17.96283,-22.35176,4.947072,17.95608
322.7792,-22.63665,5.156164,17.73579,-22.30674,4.943209,17.96283,-22.35176,4.947072,17.95608
322.7991,-22.64172,5.164446,17.72424,-22.30674,4.943209,17.96283,-22.35176,4.947072,17.95608
322.8188,-22.64606,5.174349,17.71118,-22.30674,4.943209,17.96283,-22.35176,4.947072,17.95608
322.838,-22.64695,5.182066,17.70133,-22.30674,4.943209,17.96283,-22.35176,4.947072,17.95608
322.8585,-22.64594,5.188671,17.6921,-22.30674,4.943209,17.96283,-22.35176,4.947072,17.95608
322.8801,-22.64459,5.195759,17.67925,-22.30674,4.943209,17.96283,-22.35176,4.947072,17.95608
322.9045,-22.64345,5.200299,17.66884,-22.30674,4.943209,17.96283,-22.35176,4.947072,17.95608
322.9244,-22.64351,5.208519,17.65567,-22.30674,4.943209,17.96283,-22.35176,4.947072,17.95608
322.9512,-22.64107,5.216947,17.64306,-22.30674,4.943209,17.96283,-22.35176,4.947072,17.95608
322.9718,-22.63833,5.222834,17.63366,-22.30674,4.943209,17.96283,-22.35176,4.947072,17.95608
322.9904,-22.6353,5.228627,17.6236,-22.30674,4.943209,17.96283,-22.35176,4.947072,17.95608
323.0098,-22.63307,5.232202,17.61708,-22.30674,4.943209,17.96283,-22.35176,4.947072,17.95608
323.0291,-22.63205,5.236205,17.61032,-22.30674,4.943209,17.96283,-22.35176,4.947072,17.95608
323.0546,-22.62753,5.234977,17.60836,-22.30674,4.943209,17.96283,-22.35176,4.947072,17.95608
323.0753,-22.62556,5.226092,17.6154,-22.30674,4.943209,17.96283,-22.35176,4.947072,17.95608
323.095,-22.62489,5.214133,17.62492,-22.30674,4.943209,17.96283,-22.35176,4.947072,17.95608
323.1171,-22.62918,5.195559,17.63801,-22.30674,4.943209,17.96283,-22.35176,4.947072,17.95608
323.1393,-22.63128,5.175077,17.64949,-22.30674,4.943209,17.96283,-22.35176,4.947072,17.95608
323.1586,-22.63013,5.1602,17.6547,-22.30674,4.943209,17.96283,-22.35176,4.947072,17.95608
323.1789,-22.61951,5.149635,17.661,-22.30674,4.943209,17.96283,-22.35176,4.947072,17.95608
323.1975,-22.61251,5.142279,17.66507,-22.30674,4.943209,17.96283,-22.35176,4.947072,17.95608
323.2163,-22.6047,5.134874,17.67177,-22.30674,4.943209,17.96283,-22.35176,4.947072,17.95608
323.235,-22.59722,5.127189,17.68236,-22.30674,4.943209,17.96283,-22.35176,4.947072,17.95608
323.2562,-22.59292,5.118899,17.6945,-22.30674,4.943209,17.96283,-22.35176,4.947072,17.95608
323.2758,-22.59524,5.11135,17.70669,-22.30674,4.943209,17.96283,-22.35176,4.947072,17.95608
323.2979,-22.60287,5.10542,17.71875,-22.30674,4.943209,17.96283,-22.35176,4.947072,17.95608
323.3166,-22.61025,5.101546,17.72878,-22.30674,4.943209,17.96283,-22.35176,4.947072,17.95608
323.3383,-22.61591,5.097823,17.73597,-22.30674,4.943209,17.96283,-22.35176,4.947072,17.95608
323.3582,-22.61784,5.09274,17.74418,-22.30674,4.943209,17.96283,-22.35176,4.947072,17.95608
323.3767,-22.61697,5.087951,17.75159,-22.30674,4.943209,17.96283,-22.35176,4.947072,17.95608
323.3948,-22.61417,5.083535,17.75812,-22.30674,4.943209,17.96283,-22.35176,4.947072,17.95608
323.414,-22.60851,5.079011,17.76519,-22.30674,4.943209,17.96283,-22.35176,4.947072,17.95608
323.4326,-22.60551,5.075018,17.77196,-22.30674,4.943209,17.96283,-22.35176,4.947072,17.95608
323.452,-22.60257,5.072608,17.777,-22.30674,4.943209,17.96283,-22.35176,4.947072,17.95608
323.4716,-22.60113,5.070678,17.78096,-22.30674,4.943209,17.96283,-22.35176,4.947072,17.95608
323.4909,-22.60183,5.07067,17.78271,-22.30674,4.943209,17.96283,-22.35176,4.947072,17.95608
323.5095,-22.60022,5.073047,17.78269,-22.30674,4.943209,17.96283,-22.35176,4.947072,17.95608
323.5298,-22.60491,5.0742,17.78345,-22.30674,4.943209,17.96283,-22.35176,4.947072,17.95608
323.549,-22.60828,5.077575,17.7805,-22.30674,4.943209,17.96283,-22.35176,4.947072,17.95608
323.5703,-22.61415,5.079486,17.77924,-22.30674,4.943209,17.96283,-22.35176,4.947072,17.95608
323.5909,-22.61962,5.080799,17.77853,-22.30674,4.943209,17.96283,-22.35176,4.947072,17.95608
323.6115,-22.62449,5.082562,17.7758,-22.30674,4.943209,17.96283,-22.35176,4.947072,17.95608
323.6318,-22.62798,5.084655,17.77251,-22.30674,4.943209,17.96283,-22.35176,4.947072,17.95608
323.6537,-22.63147,5.086767,17.76923,-22.30674,4.943209,17.96283,-22.35176,4.947072,17.95608
323.6765,-22.63764,5.086382,17.77021,-22.30674,4.943209,17.96283,-22.35176,4.947072,17.95608
323.7025,-22.65008,5.08462,17.77366,-22.30674,4.943209,17.96283,-22.35176,4.947072,17.95608
323.7299,-22.65948,5.082977,17.77809,-22.30674,4.943209,17.96283,-22.35176,4.947072,17.95608
323.7484,-22.66989,5.082409,17.78051,-22.30674,4.943209,17.96283,-22.35176,4.947072,17.95608
323.7693,-22.67847,5.083348,17.78346,-22.30674,4.943209,17.96283,-22.35176,4.947072,17.95608
323.7897,-22.68865,5.085079,17.78321,-22.30674,4.943209,17.96283,-22.35176,4.947072,17.95608
323.8095,-22.69548,5.085838,17.78292,-22.30674,4.943209,17.96283,-22.35176,4.947072,17.95608
323.8315,-22.70159,5.087683,17.78079,-22.30674,4.943209,17.96283,-22.35176,4.947072,17.95608
323.8556,-22.705,5.088095,17.78065,-22.30674,4.943209,17.96283,-22.35176,4.947072,17.95608
323.88,-22.70835,5.090403,17.77738,-22.30674,4.943209,17.96283,-22.35176,4.947072,17.95608
323.9055,-22.71038,5.09104,17.77667,-22.30674,4.943209,17.96283,-22.35176,4.947072,17.95608
323.9249,-22.71038,5.09104,17.77667,-22.30674,4.943209,17.96283,-22.35176,4.947072,17.95608
323.9446,-22.71104,5.091884,17.77539,-22.30674,4.943209,17.96283,-22.35176,4.947072,17.95608
323.9635,-22.71171,5.092731,17.77411,-22.30674,4.943209,17.96283,-22.35176,4.947072,17.95608
323.9851,-22.711,5.093785,17.77226,-22.30674,4.943209,17.96283,-22.35176,4.947072,17.95608
324.0041,-22.7103,5.094841,17.77042,-22.30674,4.943209,17.96283,-22.35176,4.947072,17.95608
324.024,-22.71233,5.095486,17.76972,-22.30674,4.943209,17.96283,-22.35176,4.947072,17.95608
324.046,-22.71241,5.097821,17.76633,-22.30674,4.943209,17.96283,-22.35176,4.947072,17.95608
324.0657,-22.71781,5.098922,17.76549,-22.30674,4.943209,17.96283,-22.35176,4.947072,17.95608
324.0858,-22.72118,5.099382,17.76536,-22.30674,4.943209,17.96283,-22.35176,4.947072,17.95608
324.1068,-22.72254,5.099184,17.76593,-22.30674,4.943209,17.96283,-22.35176,4.947072,17.95608
324.1337,-22.72531,5.096882,17.77018,-22.30674,4.943209,17.96283,-22.35176,4.947072,17.95608
324.1539,-22.72803,5.096504,17.77132,-22.30674,4.943209,17.96283,-22.35176,4.947072,17.95608
324.1757,-22.73067,5.09679,17.77263,-22.30674,4.943209,17.96283,-22.35176,4.947072,17.95608
324.1948,-22.73533,5.097764,17.77324,-22.30674,4.943209,17.96283,-22.35176,4.947072,17.95608
324.2141,-22.7374,5.096553,17.77566,-22.30674,4.943209,17.96283,-22.35176,4.947072,17.95608
324.2334,-22.7396,5.095768,17.7778,-22.30674,4.943209,17.96283,-22.35176,4.947072,17.95608
324.2521,-22.74168,5.094574,17.78022,-22.30674,4.943209,17.96283,-22.35176,4.947072,17.95608
324.2733,-22.74221,5.093795,17.78253,-22.30674,4.943209,17.96283,-22.35176,4.947072,17.95608
324.2927,-22.74357,5.093629,17.7831,-22.30674,4.943209,17.96283,-22.35176,4.947072,17.95608
324.312,-22.74362,5.094707,17.783,-22.30674,4.943209,17.96283,-22.35176,4.947072,17.95608
324.3346,-22.7476,5.097827,17.78164,-22.30674,4.943209,17.96283,-22.35176,4.947072,17.95608
324.3564,-22.74997,5.099778,17.7801,-22.30674,4.943209,17.96283,-22.35176,4.947072,17.95608
324.3772,-22.7515,5.100897,17.7788,-22.30674,4.943209,17.96283,-22.35176,4.947072,17.95608
324.4001,-22.75634,5.101717,17.77897,-22.30674,4.943209,17.96283,-22.35176,4.947072,17.95608
324.4246,-22.75962,5.102941,17.77901,-22.30674,4.943209,17.96283,-22.35176,4.947072,17.95608
324.4462,-22.76185,5.104493,17.77774,-22.30674,4.943209,17.96283,-22.35176,4.947072,17.95608
324.466,-22.76314,5.105003,17.77848,-22.30674,4.943209,17.96283,-22.35176,4.947072,17.95608
324.4907,-22.76513,5.105728,17.77777,-22.30674,4.943209,17.96283,-22.35176,4.947072,17.95608
324.5156,-22.76525,5.106145,17.77749,-22.30674,4.943209,17.96283,-22.35176,4.947072,17.95608
324.5395,-22.76661,5.106006,17.77807,-22.30674,4.943209,17.96283,-22.35176,4.947072,17.95608
324.5615,-22.76693,5.110709,17.77416,-22.30674,4.943209,17.96283,-22.35176,4.947072,17.95608
324.5895,-22.76959,5.113381,17.77206,-22.30674,4.943209,17.96283,-22.35176,4.947072,17.95608
324.614,-22.77108,5.118094,17.76875,-22.30674,4.943209,17.96283,-22.35176,4.947072,17.95608
324.6361,-22.77409,5.120131,17.76898,-22.30674,4.943209,17.96283,-22.35176,4.947072,17.95608
324.6586,-22.77578,5.123186,17.76705,-22.30674,4.943209,17.96283,-22.35176,4.947072,17.95608
324.6834,-22.77894,5.126345,17.76396,-22.30674,4.943209,17.96283,-22.35176,4.947072,17.95608
324.7148,-22.77956,5.12723,17.76269,-22.30674,4.943209,17.96283,-22.35176,4.947072,17.95608
324.7426,-22.78153,5.127983,17.76199,-22.30674,4.943209,17.96283,-22.35176,4.947072,17.95608
324.7722,-22.78288,5.127852,17.76256,-22.30674,4.943209,17.96283,-22.35176,4.947072,17.95608
324.795,-22.78288,5.127852,17.76256,-22.30674,4.943209,17.96283,-22.35176,4.947072,17.95608
324.8252,-22.7855,5.128135,17.76343,-22.30674,4.943209,17.96283,-22.35176,4.947072,17.95608
324.8599,-22.78991,5.126994,17.767,-22.30674,4.943209,17.96283,-22.35176,4.947072,17.95608
324.8942,-22.80047,5.124391,17.77466,-22.30674,4.943209,17.96283,-22.35176,4.947072,17.95608
324.9302,-22.80947,5.120026,17.7846,-22.30674,4.943209,17.96283,-22.35176,4.947072,17.95608
324.9654,-22.81659,5.11676,17.79216,-22.30674,4.943209,17.96283,-22.35176,4.947072,17.95608
325,-22.82279,5.115488,17.79631,-22.30674,4.943209,17.96283,-22.35176,4.947072,17.95608
325.0275,-22.82816,5.115852,17.79876,-22.30674,4.943209,17.96283,-22.35176,4.947072,17.95608
325.0573,-22.83088,5.115721,17.79989,-22.30674,4.943209,17.96283,-22.35176,4.947072,17.95608
325.083,-22.83088,5.115721,17.7999,-22.30674,4.943209,17.96283,-22.35176,4.947072,17.95608
325.1136,-22.83224,5.115656,17.80047,-22.30674,4.943209,17.96283,-22.35176,4.947072,17.95608
325.1449,-22.83354,5.116943,17.79916,-22.30674,4.943209,17.96283,-22.35176,4.947072,17.95608
325.1816,-22.8322,5.114573,17.80378,-22.30674,4.943209,17.96283,-22.35176,4.947072,17.95608
325.2165,-22.83017,5.109758,17.8119,-22.30674,4.943209,17.96283,-22.35176,4.947072,17.95608
325.244,-22.82664,5.104658,17.81977,-22.30674,4.943209,17.96283,-22.35176,4.947072,17.95608
325.2723,-22.82645,5.100339,17.8275,-22.30674,4.943209,17.96283,-22.35176,4.947072,17.95608
325.2985,-22.82727,5.0935,17.84042,-22.30674,4.943209,17.96283,-22.35176,4.947072,17.95608
325.3201,-22.83013,5.086766,17.85428,-22.30674,4.943209,17.96283,-22.35176,4.947072,17.95608
325.3499,-22.8308,5.08185,17.8641,-22.30674,4.943209,17.96283,-22.35176,4.947072,17.95608
325.3769,-22.83278,5.079001,17.87097,-22.30674,4.943209,17.96283,-22.35176,4.947072,17.95608
325.3988,-22.83278,5.075448,17.87863,-22.30674,4.943209,17.96283,-22.35176,4.947072,17.95608
325.4194,-22.83197,5.07274,17.88437,-22.30674,4.943209,17.96283,-22.35176,4.947072,17.95608
325.4416,-22.83261,5.069282,17.89236,-22.30674,4.943209,17.96283,-22.35176,4.947072,17.95608
325.467,-22.83315,5.065466,17.90067,-22.30674,4.943209,17.96283,-22.35176,4.947072,17.95608
325.49,-22.83176,5.062129,17.90784,-22.30674,4.943209,17.96283,-22.35176,4.947072,17.95608
325.513,-22.8341,5.059651,17.91595,-22.30674,4.943209,17.96283,-22.35176,4.947072,17.95608
325.5338,-22.83456,5.058761,17.92282,-22.30674,4.943209,17.96283,-22.35176,4.947072,17.95608
325.5549,-22.83548,5.05823,17.92862,-22.30674,4.943209,17.96283,-22.35176,4.947072,17.95608
325.5773,-22.83574,5.057737,17.93601,-22.30674,4.943209,17.96283,-22.35176,4.947072,17.95608
325.5986,-22.83792,5.057988,17.93886,-22.30674,4.943209,17.96283,-22.35176,4.947072,17.95608
325.6197,-22.83933,5.058244,17.94138,-22.30674,4.943209,17.96283,-22.35176,4.947072,17.95608
325.6456,-22.84061,5.060052,17.94014,-22.30674,4.943209,17.96283,-22.35176,4.947072,17.95608
325.6732,-22.84124,5.061861,17.93864,-22.30674,4.943209,17.96283,-22.35176,4.947072,17.95608
325.7018,-22.84518,5.066371,17.931,-22.30674,4.943209,17.96283,-22.35176,4.947072,17.95608
325.7319,-22.84658,5.070627,17.92361,-22.30674,4.943209,17.96283,-22.35176,4.947072,17.95608
325.7593,-22.84855,5.075653,17.91487,-22.30674,4.943209,17.96283,-22.35176,4.947072,17.95608
325.783,-22.85117,5.080798,17.90459,-22.30674,4.943209,17.96283,-22.35176,4.947072,17.95608
325.8107,-22.85321,5.085283,17.89574,-22.30674,4.943209,17.96283,-22.35176,4.947072,17.95608
325.831,-22.85551,5.088313,17.89025,-22.30674,4.943209,17.96283,-22.35176,4.947072,17.95608
325.8513,-22.8578,5.091373,17.88477,-22.30674,4.943209,17.96283,-22.35176,4.947072,17.95608
325.8713,-22.85951,5.093688,17.88067,-22.30674,4.943209,17.96283,-22.35176,4.947072,17.95608
325.8917,-22.86116,5.096802,17.87497,-22.30674,4.943209,17.96283,-22.35176,4.947072,17.95608
325.9152,-22.8654,5.100739,17.86876,-22.30674,4.943209,17.96283,-22.35176,4.947072,17.95608
325.9374,-22.86963,5.104724,17.86258,-22.30674,4.943209,17.96283,-22.35176,4.947072,17.95608
325.9576,-22.87132,5.107136,17.85853,-22.30674,4.943209,17.96283,-22.35176,4.947072,17.95608
325.979,-22.87383,5.108758,17.85641,-22.30674,4.943209,17.96283,-22.35176,4.947072,17.95608
326,-22.87551,5.111198,17.85238,-22.30674,4.943209,17.96283,-22.35176,4.947072,17.95608
326.0215,-22.87775,5.114476,17.84701,-22.30674,4.943209,17.96283,-22.35176,4.947072,17.95608
326.0516,-22.87998,5.117785,17.84165,-22.30674,4.943209,17.96283,-22.35176,4.947072,17.95608
326.0785,-22.88302,5.120294,17.83823,-22.30674,4.943209,17.96283,-22.35176,4.947072,17.95608
326.0992,-22.88881,5.120758,17.83942,-22.30674,4.943209,17.96283,-22.35176,4.947072,17.95608
326.1217,-22.89988,5.120102,17.84562,-22.30674,4.943209,17.96283,-22.35176,4.947072,17.95608
326.1504,-22.91003,5.117953,17.85461,-22.30674,4.943209,17.96283,-22.35176,4.947072,17.95608
326.1726,-22.92003,5.117629,17.86046,-22.30674,4.943209,17.96283,-22.35176,4.947072,17.95608
326.1932,-22.92686,5.116886,17.86625,-22.30674,4.943209,17.96283,-22.35176,4.947072,17.95608
326.2156,-22.94022,5.117038,17.87359,-22.30674,4.943209,17.96283,-22.35176,4.947072,17.95608
326.236,-22.9579,5.118742,17.88169,-22.30674,4.943209,17.96283,-22.35176,4.947072,17.95608
326.2576,-22.97537,5.118881,17.89228,-22.30674,4.943209,17.96283,-22.35176,4.947072,17.95608
326.2781,-22.99335,5.120166,17.90152,-22.30674,4.943209,17.96283,-22.35176,4.947072,17.95608
326.2992,-23.0093,5.121578,17.90997,-22.30674,4.943209,17.96283,-22.35176,4.947072,17.95608
326.3196,-23.0216,5.123426,17.91528,-22.30674,4.943209,17.96283,-22.35176,4.947072,17.95608
326.3411,-23.03661,5.125894,17.92176,-22.30674,4.943209,17.96283,-22.35176,4.947072,17.95608
326.3673,-23.04659,5.12839,17.9245,-22.30674,4.943209,17.96283,-22.35176,4.947072,17.95608
326.3899,-23.05654,5.130978,17.92723,-22.30674,4.943209,17.96283,-22.35176,4.947072,17.95608
326.4159,-23.06462,5.132307,17.93053,-22.30674,4.943209,17.96283,-22.35176,4.947072,17.95608
326.44,-23.07783,5.135336,17.93435,-22.30674,4.943209,17.96283,-22.35176,4.947072,17.95608
326.4623,-23.09129,5.137979,17.93995,-22.30674,4.943209,17.96283,-22.35176,4.947072,17.95608
326.4873,-23.10114,5.140944,17.94263,-22.30674,4.943209,17.96283,-22.35176,4.947072,17.95608
326.5085,-23.11388,5.143855,17.94803,-22.30674,4.943209,17.96283,-22.35176,4.947072,17.95608
326.531,-23.1246,5.146569,17.95268,-22.30674,4.943209,17.96283,-22.35176,4.947072,17.95608
326.5518,-23.13528,5.149403,17.95733,-22.30674,4.943209,17.96283,-22.35176,4.947072,17.95608
326.5742,-23.14832,5.153911,17.96157,-22.30674,4.943209,17.96283,-22.35176,4.947072,17.95608
326.5954,-23.16073,5.158054,17.96767,-22.30674,4.943209,17.96283,-22.35176,4.947072,17.95608
326.6161,-23.16714,5.160731,17.97131,-22.30674,4.943209,17.96283,-22.35176,4.947072,17.95608
326.6376,-23.1757,5.164944,17.97468,-22.30674,4.943209,17.96283,-22.35176,4.947072,17.95608
326.6625,-23.18912,5.170709,17.97919,-22.30674,4.943209,17.96283,-22.35176,4.947072,17.95608
326.6903,-23.20024,5.174287,17.98392,-22.30674,4.943209,17.96283,-22.35176,4.947072,17.95608
326.7151,-23.21142,5.177918,17.99096,-22.30674,4.943209,17.96283,-22.35176,4.947072,17.95608
326.7376,-23.22387,5.182196,17.99856,-22.30674,4.943209,17.96283,-22.35176,4.947072,17.95608
326.7601,-23.23836,5.185882,18.00976,-22.30674,4.943209,17.96283,-22.35176,4.947072,17.95608
326.7874,-23.24509,5.186687,18.01753,-22.30674,4.943209,17.96283,-22.35176,4.947072,17.95608
326.8089,-23.2531,5.188123,18.02588,-22.30674,4.943209,17.96283,-22.35176,4.947072,17.95608
326.8316,-23.26111,5.189677,18.03425,-22.30674,4.943209,17.96283,-22.35176,4.947072,17.95608
326.8522,-23.26764,5.191048,18.04248,-22.30674,4.943209,17.96283,-22.35176,4.947072,17.95608
326.8736,-23.27563,5.192825,18.05087,-22.30674,4.943209,17.96283,-22.35176,4.947072,17.95608
326.8992,-23.28742,5.196497,18.06099,-22.30674,4.943209,17.96283,-22.35176,4.947072,17.95608
326.9207,-23.29791,5.19977,18.07053,-22.30674,4.943209,17.96283,-22.35176,4.947072,17.95608
326.9444,-23.30615,5.202676,18.07747,-22.30674,4.943209,17.96283,-22.35176,4.947072,17.95608
326.9647,-23.31531,5.205622,18.08646,-22.30674,4.943209,17.96283,-22.35176,4.947072,17.95608
326.9849,-23.32122,5.207404,18.09425,-22.30674,4.943209,17.96283,-22.35176,4.947072,17.95608
327.0056,-23.32939,5.211576,18.10373,-22.30674,4.943209,17.96283,-22.35176,4.947072,17.95608
327.0276,-23.3398,5.217262,18.11236,-22.30674,4.943209,17.96283,-22.35176,4.947072,17.95608
327.0494,-23.3487,5.222574,18.12165,-22.30674,4.943209,17.96283,-22.35176,4.947072,17.95608
327.0717,-23.36166,5.229757,18.13097,-22.30674,4.943209,17.96283,-22.35176,4.947072,17.95608
327.098,-23.37589,5.238853,18.13973,-22.30674,4.943209,17.96283,-22.35176,4.947072,17.95608
327.1201,-23.39347,5.250795,18.15052,-22.30674,4.943209,17.96283,-22.35176,4.947072,17.95608
327.1476,-23.40703,5.259905,18.15833,-22.30674,4.943209,17.96283,-22.35176,4.947072,17.95608
327.1702,-23.41968,5.269035,18.1664,-22.30674,4.943209,17.96283,-22.35176,4.947072,17.95608
327.1915,-23.43257,5.277807,18.17363,-22.30674,4.943209,17.96283,-22.35176,4.947072,17.95608
327.2119,-23.44625,5.287021,18.1829,-22.30674,4.943209,17.96283,-22.35176,4.947072,17.95608
327.2338,-23.46274,5.298391,18.19596,-22.30674,4.943209,17.96283,-22.35176,4.947072,17.95608
327.254,-23.48084,5.310204,18.21066,-22.30674,4.943209,17.96283,-22.35176,4.947072,17.95608
327.2757,-23.49848,5.321939,18.22683,-22.30674,4.943209,17.96283,-22.35176,4.947072,17.95608
327.2964,-23.51404,5.331573,18.24708,-22.30674,4.943209,17.96283,-22.35176,4.947072,17.95608
327.3177,-23.5283,5.340789,18.2668,-22.30674,4.943209,17.96283,-22.35176,4.947072,17.95608
327.3421,-23.54077,5.348971,18.29121,-22.30674,4.943209,17.96283,-22.35176,4.947072,17.95608
327.3658,-23.55002,5.356121,18.30575,-22.30674,4.943209,17.96283,-22.35176,4.947072,17.95608
327.3872,-23.55807,5.362486,18.31976,-22.30674,4.943209,17.96283,-22.35176,4.947072,17.95608
327.4092,-23.56468,5.367548,18.33484,-22.30674,4.943209,17.96283,-22.35176,4.947072,17.95608
327.4312,-23.57232,5.374667,18.34361,-22.30674,4.943209,17.96283,-22.35176,4.947072,17.95608
327.4512,-23.57674,5.378667,18.35086,-22.30674,4.943209,17.96283,-22.35176,4.947072,17.95608
327.4713,-23.58113,5.382733,18.35811,-22.30674,4.943209,17.96283,-22.35176,4.947072,17.95608
327.4909,-23.58264,5.384019,18.36227,-22.30674,4.943209,17.96283,-22.35176,4.947072,17.95608
327.5122,-23.58435,5.38642,18.36697,-22.30674,4.943209,17.96283,-22.35176,4.947072,17.95608
327.5362,-23.58585,5.387741,18.37113,-22.30674,4.943209,17.96283,-22.35176,4.947072,17.95608
327.5555,-23.58659,5.388406,18.37321,-22.30674,4.943209,17.96283,-22.35176,4.947072,17.95608
327.5754,-23.58733,5.389077,18.37529,-22.30674,4.943209,17.96283,-22.35176,4.947072,17.95608
327.5944,-23.58733,5.389077,18.37529,-22.30674,4.943209,17.96283,-22.35176,4.947072,17.95608
327.616,-23.58704,5.388644,18.37687,-22.30674,4.943209,17.96283,-22.35176,4.947072,17.95608
327.6356,-23.58733,5.389077,18.37529,-22.30674,4.943209,17.96283,-22.35176,4.947072,17.95608
327.6562,-23.586,5.387538,18.37638,-22.30674,4.943209,17.96283,-22.35176,4.947072,17.95608
327.6769,-23.5863,5.387972,18.37479,-22.30674,4.943209,17.96283,-22.35176,4.947072,17.95608
327.6992,-23.58496,5.386434,18.37588,-22.30674,4.943209,17.96283,-22.35176,4.947072,17.95608
327.7211,-23.57793,5.381155,18.36819,-22.30674,4.943209,17.96283,-22.35176,4.947072,17.95608
327.7505,-23.56741,5.374245,18.35796,-22.30674,4.943209,17.96283,-22.35176,4.947072,17.95608
327.7699,-23.5543,5.366469,18.34593,-22.30674,4.943209,17.96283,-22.35176,4.947072,17.95608
327.7896,-23.53759,5.356069,18.32833,-22.30674,4.943209,17.96283,-22.35176,4.947072,17.95608
327.8111,-23.5143,5.341494,18.30276,-22.30674,4.943209,17.96283,-22.35176,4.947072,17.95608
327.8347,-23.49422,5.328324,18.27549,-22.30674,4.943209,17.96283,-22.35176,4.947072,17.95608
327.8543,-23.47706,5.316876,18.25236,-22.30674,4.943209,17.96283,-22.35176,4.947072,17.95608
327.8753,-23.45979,5.306314,18.22794,-22.30674,4.943209,17.96283,-22.35176,4.947072,17.95608
327.8961,-23.44649,5.29917,18.20518,-22.30674,4.943209,17.96283,-22.35176,4.947072,17.95608
327.9192,-23.43422,5.292058,18.18735,-22.30674,4.943209,17.96283,-22.35176,4.947072,17.95608
327.9395,-23.42544,5.288108,18.17323,-22.30674,4.943209,17.96283,-22.35176,4.947072,17.95608
327.96,-23.41939,5.285413,18.16179,-22.30674,4.943209,17.96283,-22.35176,4.947072,17.95608
327.985,-23.4143,5.281296,18.15906,-22.30674,4.943209,17.96283,-22.35176,4.947072,17.95608
328.0049,-23.41242,5.279024,18.15951,-22.30674,4.943209,17.96283,-22.35176,4.947072,17.95608
328.0285,-23.40778,5.274046,18.16392,-22.30674,4.943209,17.96283,-22.35176,4.947072,17.95608
328.0508,-23.40547,5.27072,18.16944,-22.30674,4.943209,17.96283,-22.35176,4.947072,17.95608
328.0723,-23.40578,5.269667,18.17457,-22.30674,4.943209,17.96283,-22.35176,4.947072,17.95608
328.0947,-23.4052,5.268432,18.17761,-22.30674,4.943209,17.96283,-22.35176,4.947072,17.95608
328.1148,-23.40566,5.267815,18.17917,-22.30674,4.943209,17.96283,-22.35176,4.947072,17.95608
328.1346,-23.40641,5.267816,18.17921,-22.30674,4.943209,17.96283,-22.35176,4.947072,17.95608
328.1542,-23.40582,5.266591,18.18226,-22.30674,4.943209,17.96283,-22.35176,4.947072,17.95608
328.1751,-23.40628,5.265979,18.18383,-22.30674,4.943209,17.96283,-22.35176,4.947072,17.95608
328.1951,-23.40586,5.264467,18.18648,-22.30674,4.943209,17.96283,-22.35176,4.947072,17.95608
328.2179,-23.40513,5.262849,18.18982,-22.30674,4.943209,17.96283,-22.35176,4.947072,17.95608
328.2386,-23.40483,5.262246,18.19135,-22.30674,4.943209,17.96283,-22.35176,4.947072,17.95608
328.2619,-23.40691,5.263289,18.194,-22.30674,4.943209,17.96283,-22.35176,4.947072,17.95608
328.2907,-23.4066,5.262691,18.19552,-22.30674,4.943209,17.96283,-22.35176,4.947072,17.95608
328.3154,-23.4066,5.262691,18.19552,-22.30674,4.943209,17.96283,-22.35176,4.947072,17.95608
328.338,-23.4066,5.262691,18.19552,-22.30674,4.943209,17.96283,-22.35176,4.947072,17.95608
328.3652,-23.4066,5.26269,18.19552,-22.30674,4.943209,17.96283,-22.35176,4.947072,17.95608
328.393,-23.40691,5.263289,18.194,-22.30674,4.943209,17.96283,-22.35176,4.947072,17.95608
328.4167,-23.40779,5.263516,18.19608,-22.30674,4.943209,17.96283,-22.35176,4.947072,17.95608
328.4364,-23.40779,5.263517,18.19608,-22.30674,4.943209,17.96283,-22.35176,4.947072,17.95608
328.4576,-23.40617,5.261685,18.19734,-22.30674,4.943209,17.96283,-22.35176,4.947072,17.95608
328.4787,-23.40736,5.262512,18.1979,-22.30674,4.943209,17.96283,-22.35176,4.947072,17.95608
328.4987,-23.40706,5.261916,18.19943,-22.30674,4.943209,17.96283,-22.35176,4.947072,17.95608
328.5204,-23.40706,5.261916,18.19943,-22.30674,4.943209,17.96283,-22.35176,4.947072,17.95608
328.5486,-23.40706,5.261916,18.19943,-22.30674,4.943209,17.96283,-22.35176,4.947072,17.95608
328.5697,-23.40706,5.261916,18.19943,-22.30674,4.943209,17.96283,-22.35176,4.947072,17.95608
328.5909,-23.40825,5.262744,18.19999,-22.30674,4.943209,17.96283,-22.35176,4.947072,17.95608
328.6142,-23.40706,5.261916,18.19943,-22.30674,4.943209,17.96283,-22.35176,4.947072,17.95608
328.636,-23.40706,5.261916,18.19943,-22.30674,4.943209,17.96283,-22.35176,4.947072,17.95608
328.66,-23.40706,5.261916,18.19943,-22.30674,4.943209,17.96283,-22.35176,4.947072,17.95608
328.6807,-23.40736,5.262512,18.1979,-22.30674,4.943209,17.96283,-22.35176,4.947072,17.95608
328.7085,-23.40736,5.262512,18.1979,-22.30674,4.943209,17.96283,-22.35176,4.947072,17.95608
328.7299,-23.40736,5.262512,18.1979,-22.30674,4.943209,17.96283,-22.35176,4.947072,17.95608
328.7534,-23.40736,5.262512,18.1979,-22.30674,4.943209,17.96283,-22.35176,4.947072,17.95608
328.7744,-23.40797,5.263708,18.19485,-22.30674,4.943209,17.96283,-22.35176,4.947072,17.95608
328.7964,-23.40827,5.264307,18.19332,-22.30674,4.943209,17.96283,-22.35176,4.947072,17.95608
328.8195,-23.40197,5.259888,18.1879,-22.30674,4.943209,17.96283,-22.35176,4.947072,17.95608
328.8398,-23.39458,5.255629,18.18078,-22.30674,4.943209,17.96283,-22.35176,4.947072,17.95608
328.8645,-23.37787,5.245787,18.16763,-22.30674,4.943209,17.96283,-22.35176,4.947072,17.95608
328.8912,-23.3628,5.236877,18.15628,-22.30674,4.943209,17.96283,-22.35176,4.947072,17.95608
328.9153,-23.34639,5.227571,18.14434,-22.30674,4.943209,17.96283,-22.35176,4.947072,17.95608
328.9363,-23.33193,5.219575,18.13594,-22.30674,4.943209,17.96283,-22.35176,4.947072,17.95608
328.957,-23.31256,5.209053,18.12158,-22.30674,4.943209,17.96283,-22.35176,4.947072,17.95608
328.9799,-23.28976,5.197803,18.10593,-22.30674,4.943209,17.96283,-22.35176,4.947072,17.95608
328.9997,-23.26853,5.18779,18.0945,-22.30674,4.943209,17.96283,-22.35176,4.947072,17.95608
329.0203,-23.23952,5.175669,18.07605,-22.30674,4.943209,17.96283,-22.35176,4.947072,17.95608
329.0489,-23.21676,5.165348,18.0632,-22.30674,4.943209,17.96283,-22.35176,4.947072,17.95608
329.0717,-23.19272,5.154563,18.05137,-22.30674,4.943209,17.96283,-22.35176,4.947072,17.95608
329.093,-23.16941,5.142644,18.04658,-22.30674,4.943209,17.96283,-22.35176,4.947072,17.95608
329.1141,-23.14507,5.129963,18.04411,-22.30674,4.943209,17.96283,-22.35176,4.947072,17.95608
329.1344,-23.12138,5.116631,18.04565,-22.30674,4.943209,17.96283,-22.35176,4.947072,17.95608
329.1553,-23.09613,5.101326,18.05326,-22.30674,4.943209,17.96283,-22.35176,4.947072,17.95608
329.1766,-23.06847,5.084299,18.06686,-22.30674,4.943209,17.96283,-22.35176,4.947072,17.95608
329.1977,-23.04348,5.069883,18.07825,-22.30674,4.943209,17.96283,-22.35176,4.947072,17.95608
329.2234,-23.00117,5.04876,18.10028,-22.30674,4.943209,17.96283,-22.35176,4.947072,17.95608
329.2495,-22.96233,5.037899,18.10342,-22.30674,4.943209,17.96283,-22.35176,4.947072,17.95608
329.2701,-22.91657,5.029761,18.09865,-22.30674,4.943209,17.96283,-22.35176,4.947072,17.95608
329.2931,-22.85805,5.021004,18.09446,-22.30674,4.943209,17.96283,-22.35176,4.947072,17.95608
329.3135,-22.80247,5.015661,18.09007,-22.30674,4.943209,17.96283,-22.35176,4.947072,17.95608
329.3354,-22.74523,5.011884,18.08645,-22.30674,4.943209,17.96283,-22.35176,4.947072,17.95608
329.3568,-22.69371,5.010449,18.08552,-22.30674,4.943209,17.96283,-22.35176,4.947072,17.95608
329.3817,-22.65232,5.010173,18.08951,-22.30674,4.943209,17.96283,-22.35176,4.947072,17.95608
329.408,-22.63542,5.011055,18.09186,-22.30674,4.943209,17.96283,-22.35176,4.947072,17.95608
329.429,-22.62532,5.012113,18.09482,-22.30674,4.943209,17.96283,-22.35176,4.947072,17.95608
329.4499,-22.62199,5.014989,18.09417,-22.30674,4.943209,17.96283,-22.35176,4.947072,17.95608
329.4711,-22.62138,5.017794,18.09125,-22.30674,4.943209,17.96283,-22.35176,4.947072,17.95608
329.4928,-22.61962,5.019806,18.08701,-22.30674,4.943209,17.96283,-22.35176,4.947072,17.95608
329.5128,-22.62077,5.020896,18.08418,-22.30674,4.943209,17.96283,-22.35176,4.947072,17.95608
329.535,-22.62487,5.021727,18.08264,-22.30674,4.943209,17.96283,-22.35176,4.947072,17.95608
329.5555,-22.6343,5.02151,18.08294,-22.30674,4.943209,17.96283,-22.35176,4.947072,17.95608
329.5767,-22.64302,5.021336,18.08287,-22.30674,4.943209,17.96283,-22.35176,4.947072,17.95608
329.5987,-22.65265,5.020533,18.08483,-22.30674,4.943209,17.96283,-22.35176,4.947072,17.95608
329.6194,-22.66209,5.021288,18.08295,-22.30674,4.943209,17.96283,-22.35176,4.947072,17.95608
329.6399,-22.6693,5.022029,18.08237,-22.30674,4.943209,17.96283,-22.35176,4.947072,17.95608
329.6601,-22.67578,5.023097,18.07925,-22.30674,4.943209,17.96283,-22.35176,4.947072,17.95608
329.6852,-22.68105,5.024832,18.07489,-22.30674,4.943209,17.96283,-22.35176,4.947072,17.95608
329.713,-22.68812,5.026435,18.07029,-22.30674,4.943209,17.96283,-22.35176,4.947072,17.95608
329.734,-22.69236,5.026951,18.06842,-22.30674,4.943209,17.96283,-22.35176,4.947072,17.95608
329.7573,-22.70476,5.026987,18.06782,-22.30674,4.943209,17.96283,-22.35176,4.947072,17.95608
329.7778,-22.71413,5.027496,18.06613,-22.30674,4.943209,17.96283,-22.35176,4.947072,17.95608
329.8004,-22.72267,5.028562,18.06232,-22.30674,4.943209,17.96283,-22.35176,4.947072,17.95608
329.8299,-22.7284,5.029047,18.06102,-22.30674,4.943209,17.96283,-22.35176,4.947072,17.95608
329.8522,-22.73132,5.029221,18.06033,-22.30674,4.943209,17.96283,-22.35176,4.947072,17.95608
329.8741,-22.73191,5.029715,18.05885,-22.30674,4.943209,17.96283,-22.35176,4.947072,17.95608
329.8999,-22.73342,5.029559,18.0594,-22.30674,4.943209,17.96283,-22.35176,4.947072,17.95608
329.9206,-22.73612,5.030398,18.057,-22.30674,4.943209,17.96283,-22.35176,4.947072,17.95608
329.9474,-22.73763,5.030247,18.05755,-22.30674,4.943209,17.96283,-22.35176,4.947072,17.95608
329.9698,-22.73612,5.0304,18.057,-22.30674,4.943209,17.96283,-22.35176,4.947072,17.95608
329.9997,-22.73973,5.030599,18.05663,-22.30674,4.943209,17.96283,-22.35176,4.947072,17.95608
330.0237,-22.73833,5.031153,18.05577,-22.30674,4.943209,17.96283,-22.35176,4.947072,17.95608
330.0518,-22.73833,5.031154,18.05577,-22.30674,4.943209,17.96283,-22.35176,4.947072,17.95608
330.0725,-22.73984,5.031004,18.05633,-22.30674,4.943209,17.96283,-22.35176,4.947072,17.95608
330.095,-22.73893,5.031656,18.0543,-22.30674,4.943209,17.96283,-22.35176,4.947072,17.95608
330.1153,-22.73893,5.031656,18.0543,-22.30674,4.943209,17.96283,-22.35176,4.947072,17.95608
330.1375,-22.73893,5.031655,18.0543,-22.30674,4.943209,17.96283,-22.35176,4.947072,17.95608
330.1614,-22.73952,5.032161,18.05282,-22.30674,4.943209,17.96283,-22.35176,4.947072,17.95608
330.1877,-22.74103,5.032011,18.05337,-22.30674,4.943209,17.96283,-22.35176,4.947072,17.95608
330.2101,-22.74011,5.032667,18.05134,-22.30674,4.943209,17.96283,-22.35176,4.947072,17.95608
330.2342,-22.74129,5.033685,18.04839,-22.30674,4.943209,17.96283,-22.35176,4.947072,17.95608
330.2633,-22.74425,5.036266,18.04103,-22.30674,4.943209,17.96283,-22.35176,4.947072,17.95608
330.293,-22.74474,5.037313,18.03778,-22.30674,4.943209,17.96283,-22.35176,4.947072,17.95608
330.3149,-22.74593,5.038368,18.03484,-22.30674,4.943209,17.96283,-22.35176,4.947072,17.95608
330.3398,-22.74861,5.039281,18.03246,-22.30674,4.943209,17.96283,-22.35176,4.947072,17.95608
330.3624,-22.75157,5.041974,18.02513,-22.30674,4.943209,17.96283,-22.35176,4.947072,17.95608
330.3914,-22.75265,5.043614,18.02044,-22.30674,4.943209,17.96283,-22.35176,4.947072,17.95608
330.4135,-22.75742,5.044981,18.01716,-22.30674,4.943209,17.96283,-22.35176,4.947072,17.95608
330.4348,-22.7601,5.045955,18.01479,-22.30674,4.943209,17.96283,-22.35176,4.947072,17.95608
330.4566,-22.76336,5.047503,18.01097,-22.30674,4.943209,17.96283,-22.35176,4.947072,17.95608
330.4814,-22.7679,5.050625,18.00395,-22.30674,4.943209,17.96283,-22.35176,4.947072,17.95608
330.5089,-22.77018,5.053679,17.99833,-22.30674,4.943209,17.96283,-22.35176,4.947072,17.95608
330.533,-22.77324,5.057164,17.99273,-22.30674,4.943209,17.96283,-22.35176,4.947072,17.95608
330.5572,-22.77439,5.061755,17.98762,-22.30674,4.943209,17.96283,-22.35176,4.947072,17.95608
330.5793,-22.77295,5.064571,17.98467,-22.30674,4.943209,17.96283,-22.35176,4.947072,17.95608
330.6003,-22.76853,5.067563,17.97871,-22.30674,4.943209,17.96283,-22.35176,4.947072,17.95608
330.6284,-22.7626,5.068178,17.97653,-22.30674,4.943209,17.96283,-22.35176,4.947072,17.95608
330.6524,-22.75875,5.069261,17.97347,-22.30674,4.943209,17.96283,-22.35176,4.947072,17.95608
330.6765,-22.75491,5.070364,17.97041,-22.30674,4.943209,17.96283,-22.35176,4.947072,17.95608
330.7032,-22.75402,5.071138,17.96843,-22.30674,4.943209,17.96283,-22.35176,4.947072,17.95608
330.7357,-22.75307,5.072526,17.96471,-22.30674,4.943209,17.96283,-22.35176,4.947072,17.95608
330.7708,-22.75525,5.075769,17.95731,-22.30674,4.943209,17.96283,-22.35176,4.947072,17.95608
330.809,-22.75589,5.079871,17.94766,-22.30674,4.943209,17.96283,-22.35176,4.947072,17.95608
330.8462,-22.75241,5.083139,17.93983,-22.30674,4.943209,17.96283,-22.35176,4.947072,17.95608
330.8846,-22.74836,5.085822,17.93343,-22.30674,4.943209,17.96283,-22.35176,4.947072,17.95608
330.9255,-22.74583,5.087702,17.92931,-22.30674,4.943209,17.96283,-22.35176,4.947072,17.95608
330.9656,-22.74593,5.091365,17.92119,-22.30674,4.943209,17.96283,-22.35176,4.947072,17.95608
331.0067,-22.74996,5.096884,17.90971,-22.30674,4.943209,17.96283,-22.35176,4.947072,17.95608
331.0441,-22.7513,5.102048,17.89886,-22.30674,4.943209,17.96283,-22.35176,4.947072,17.95608
331.0833,-22.75615,5.107592,17.88772,-22.30674,4.943209,17.96283,-22.35176,4.947072,17.95608
331.1209,-22.75814,5.109498,17.88347,-22.30674,4.943209,17.96283,-22.35176,4.947072,17.95608
331.1578,-22.76423,5.111735,17.8792,-22.30674,4.943209,17.96283,-22.35176,4.947072,17.95608
331.1892,-22.77177,5.113112,17.87715,-22.30674,4.943209,17.96283,-22.35176,4.947072,17.95608
331.2278,-22.78073,5.114357,17.87563,-22.30674,4.943209,17.96283,-22.35176,4.947072,17.95608
331.264,-22.78157,5.113452,17.87753,-22.30674,4.943209,17.96283,-22.35176,4.947072,17.95608
331.3006,-22.78147,5.109497,17.8855,-22.30674,4.943209,17.96283,-22.35176,4.947072,17.95608
331.3416,-22.7798,5.107762,17.88936,-22.30674,4.943209,17.96283,-22.35176,4.947072,17.95608
331.3795,-22.77946,5.105467,17.89406,-22.30674,4.943209,17.96283,-22.35176,4.947072,17.95608
331.4104,-22.7826,5.103549,17.89843,-22.30674,4.943209,17.96283,-22.35176,4.947072,17.95608
331.4539,-22.78711,5.102764,17.89954,-22.30674,4.943209,17.96283,-22.35176,4.947072,17.95608
331.4944,-22.79144,5.102288,17.90113,-22.30674,4.943209,17.96283,-22.35176,4.947072,17.95608
331.5365,-22.79311,5.101279,17.9033,-22.30674,4.943209,17.96283,-22.35176,4.947072,17.95608
331.574,-22.79278,5.096913,17.91011,-22.30674,4.943209,17.96283,-22.35176,4.947072,17.95608
331.6121,-22.78831,5.090618,17.92301,-22.30674,4.943209,17.96283,-22.35176,4.947072,17.95608
331.6514,-22.78266,5.083169,17.93881,-22.30674,4.943209,17.96283,-22.35176,4.947072,17.95608
331.696,-22.77676,5.076735,17.95304,-22.30674,4.943209,17.96283,-22.35176,4.947072,17.95608
331.7336,-22.77411,5.072201,17.96359,-22.30674,4.943209,17.96283,-22.35176,4.947072,17.95608
331.7712,-22.76613,5.068963,17.97058,-22.30674,4.943209,17.96283,-22.35176,4.947072,17.95608
331.8086,-22.75488,5.067495,17.97306,-22.30674,4.943209,17.96283,-22.35176,4.947072,17.95608
331.8453,-22.74635,5.06655,17.97496,-22.30674,4.943209,17.96283,-22.35176,4.947072,17.95608
331.8803,-22.74071,5.065901,17.97621,-22.30674,4.943209,17.96283,-22.35176,4.947072,17.95608
331.9156,-22.73594,5.064507,17.97945,-22.30674,4.943209,17.96283,-22.35176,4.947072,17.95608
331.9453,-22.73413,5.062768,17.98379,-22.30674,4.943209,17.96283,-22.35176,4.947072,17.95608
331.9817,-22.73264,5.062954,17.98324,-22.30674,4.943209,17.96283,-22.35176,4.947072,17.95608
332.0189,-22.73116,5.063141,17.9827,-22.30674,4.943209,17.96283,-22.35176,4.947072,17.95608
332.047,-22.72967,5.063332,17.98215,-22.30674,4.943209,17.96283,-22.35176,4.947072,17.95608
332.0765,-22.7267,5.063717,17.98106,-22.30674,4.943209,17.96283,-22.35176,4.947072,17.95608
332.0982,-22.7267,5.063717,17.98106,-22.30674,4.943209,17.96283,-22.35176,4.947072,17.95608
332.1244,-22.72461,5.063337,17.98196,-22.30674,4.943209,17.96283,-22.35176,4.947072,17.95608
332.1513,-22.72522,5.063911,17.98052,-22.30674,4.943209,17.96283,-22.35176,4.947072,17.95608
332.175,-22.7267,5.063716,17.98106,-22.30674,4.943209,17.96283,-22.35176,4.947072,17.95608
332.198,-22.72583,5.06449,17.97908,-22.30674,4.943209,17.96283,-22.35176,4.947072,17.95608
332.2235,-22.72461,5.063337,17.98196,-22.30674,4.943209,17.96283,-22.35176,4.947072,17.95608
332.2512,-22.72252,5.062962,17.98286,-22.30674,4.943209,17.96283,-22.35176,4.947072,17.95608
332.2735,-22.7234,5.062192,17.98486,-22.30674,4.943209,17.96283,-22.35176,4.947072,17.95608
332.2972,-22.7234,5.062192,17.98486,-22.30674,4.943209,17.96283,-22.35176,4.947072,17.95608
332.3209,-22.7228,5.061621,17.98631,-22.30674,4.943209,17.96283,-22.35176,4.947072,17.95608
332.3488,-22.72131,5.061821,17.98576,-22.30674,4.943209,17.96283,-22.35176,4.947072,17.95608
332.3707,-22.7228,5.061621,17.98631,-22.30674,4.943209,17.96283,-22.35176,4.947072,17.95608
332.3946,-22.7228,5.061623,17.9863,-22.30674,4.943209,17.96283,-22.35176,4.947072,17.95608
332.4184,-22.72401,5.062764,17.98341,-22.30674,4.943209,17.96283,-22.35176,4.947072,17.95608
332.4404,-22.72461,5.063337,17.98196,-22.30674,4.943209,17.96283,-22.35176,4.947072,17.95608
332.467,-22.72455,5.063912,17.9802,-22.30674,4.943209,17.96283,-22.35176,4.947072,17.95608
332.4902,-22.72725,5.064874,17.97786,-22.30674,4.943209,17.96283,-22.35176,4.947072,17.95608
332.5126,-22.72846,5.066038,17.97497,-22.30674,4.943209,17.96283,-22.35176,4.947072,17.95608
332.5371,-22.73115,5.067018,17.97264,-22.30674,4.943209,17.96283,-22.35176,4.947072,17.95608
332.5603,-22.73236,5.068201,17.96976,-22.30674,4.943209,17.96283,-22.35176,4.947072,17.95608
332.592,-22.73444,5.068603,17.96886,-22.30674,4.943209,17.96283,-22.35176,4.947072,17.95608
