Time,ObjectPositionX,ObjectPositionY,ObjectPositionZ,RayCastX,RayCastY,RayCastZ,BlueSphereX,BlueSphereY,BlueSphereZ
12.51354,-23.3997,5.905543,17.82571,0,0,0,0,0,0
12.54688,-23.39817,5.905696,17.82569,0,0,0,0,0,0
12.58021,-23.39756,5.905695,17.82564,0,0,0,0,0,0
12.61354,-23.39756,5.905695,17.82564,0,0,0,0,0,0
12.64688,-23.39723,5.90546,17.82721,0,0,0,0,0,0
12.68021,-23.39448,5.905759,17.8266,0,0,0,0,0,0
12.71354,-23.39387,5.90576,17.82656,0,0,0,0,0,0
12.74687,-23.39475,5.905525,17.82821,0,0,0,0,0,0
12.78021,-23.39078,5.905679,17.828,0,0,0,0,0,0
12.81354,-23.38872,5.905459,17.8266,0,0,0,0,0,0
12.84688,-23.3867,5.905636,17.82368,0,0,0,0,0,0
12.88021,-23.38559,5.905813,17.82025,0,0,0,0,0,0
12.91354,-23.38559,5.905813,17.82025,0,0,0,0,0,0
12.94687,-23.38646,5.905571,17.82191,0,0,0,0,0,0
12.98021,-23.3852,5.904737,17.82412,0,0,0,0,0,0
13.01354,-23.38362,5.904658,17.82624,0,0,0,0,0,0
13.04688,-23.38433,5.902073,17.83432,0,0,0,0,0,0
13.08021,-23.38712,5.895453,17.84181,0,0,0,0,0,0
13.11354,-23.39294,5.885235,17.84851,0,0,0,0,0,0
13.14688,-23.39723,5.87007,17.8511,0,0,0,0,0,0
13.18021,-23.40057,5.847562,17.85293,0,0,0,0,0,0
13.21354,-23.40178,5.820213,17.85705,0,0,0,0,0,0
13.24687,-23.39968,5.778934,17.86237,0,0,0,0,0,0
13.28021,-23.38193,5.732158,17.8722,0,0,0,0,0,0
13.31354,-23.35772,5.699464,17.87348,0,0,0,0,0,0
13.34688,-23.33744,5.67611,17.87426,0,0,0,0,0,0
13.38021,-23.30502,5.652659,17.87016,0,0,0,0,0,0
13.41354,-23.2773,5.632287,17.86786,0,0,0,0,0,0
13.44687,-23.24951,5.611667,17.86529,0,0,0,0,0,0
13.48021,-23.22136,5.577131,17.86543,0,0,0,0,0,0
13.51354,-23.20767,5.548721,17.86624,0,0,0,0,0,0
13.54688,-23.198,5.506004,17.88105,0,0,0,0,0,0
13.58021,-23.19242,5.455962,17.89713,0,0,0,0,0,0
13.61354,-23.19365,5.404692,17.91849,0,0,0,0,0,0
13.64688,-23.19863,5.368482,17.94618,0,0,0,0,0,0
13.68021,-23.20623,5.328729,17.99833,0,0,0,0,0,0
13.71354,-23.22098,5.305148,18.04568,0,0,0,0,0,0
13.74687,-23.23979,5.288178,18.0862,0,0,0,0,0,0
13.78021,-23.25465,5.275872,18.12168,0,0,0,0,0,0
13.81354,-23.26028,5.264229,18.14947,0,0,0,0,0,0
13.84688,-23.26441,5.253462,18.16025,0,0,0,0,0,0
13.88021,-23.26599,5.239896,18.166,0,0,0,0,0,0
13.91354,-23.26515,5.226564,18.16788,0,0,0,0,0,0
13.94687,-23.26605,5.21384,18.16421,0,0,0,0,0,0
13.98021,-23.27194,5.20085,18.16785,0,0,0,0,0,0
14.01354,-23.27548,5.187619,18.17249,0,0,0,0,0,0
14.04688,-23.28217,5.175884,18.18166,0,0,0,0,0,0
14.08021,-23.28561,5.169508,18.19412,0,0,0,0,0,0
14.11354,-23.28791,5.170573,18.2074,0,0,0,0,0,0
14.14688,-23.28902,5.17624,18.21326,0,0,0,0,0,0
14.18021,-23.28556,5.178254,18.2116,0,0,0,0,0,0
14.21354,-23.2785,5.172093,18.2191,0,0,0,0,0,0
14.24687,-23.2729,5.16573,18.22567,0,0,0,0,0,0
14.28021,-23.27709,5.156911,18.23934,0,0,0,0,0,0
14.31354,-23.28,5.15159,18.25077,0,0,0,0,0,0
14.34688,-23.28144,5.145141,18.25794,0,0,0,0,0,0
14.38021,-23.2794,5.138504,18.25286,0,0,0,0,0,0
14.41354,-23.27683,5.132811,18.24649,0,0,0,0,0,0
14.44687,-23.27701,5.124785,18.23615,0,0,0,0,0,0
14.48021,-23.27635,5.121303,18.23138,0,0,0,0,0,0
14.51354,-23.27535,5.118925,18.22455,0,0,0,0,0,0
14.54688,-23.27458,5.116544,18.21799,0,0,0,0,0,0
14.58021,-23.27362,5.115756,18.21012,0,0,0,0,0,0
14.61354,-23.27013,5.116049,18.19527,0,0,0,0,0,0
14.64688,-23.2626,5.119147,18.1734,0,0,0,0,0,0
14.68021,-23.25285,5.123126,18.15166,0,0,0,0,0,0
14.71354,-23.24191,5.12689,18.13642,0,0,0,0,0,0
14.74687,-23.21472,5.135091,18.11918,0,0,0,0,0,0
14.78021,-23.19824,5.139894,18.1084,0,0,0,0,0,0
14.81354,-23.18318,5.143774,18.10219,0,0,0,0,0,0
14.84688,-23.16144,5.148503,18.09352,0,0,0,0,0,0
14.88021,-23.14416,5.150647,18.08828,0,0,0,0,0,0
14.91354,-23.11781,5.153746,18.08744,0,0,0,0,0,0
14.94687,-23.09601,5.156229,18.08687,0,0,0,0,0,0
14.98021,-23.07534,5.156746,18.08791,0,0,0,0,0,0
15.01354,-23.05403,5.156716,18.08801,0,0,0,0,0,0
15.04688,-23.03284,5.1564,18.08962,0,0,0,0,0,0
15.08021,-23.01005,5.155514,18.08754,0,0,0,0,0,0
15.11354,-22.99091,5.151686,18.08838,0,0,0,0,0,0
15.14688,-22.97925,5.147356,18.09455,0,0,0,0,0,0
15.18021,-22.96848,5.143069,18.09814,0,0,0,0,0,0
15.21354,-22.95668,5.141056,18.09642,0,0,0,0,0,0
15.24687,-22.9477,5.140164,18.09513,0,0,0,0,0,0
15.28021,-22.94027,5.138791,18.09383,0,0,0,0,0,0
15.31354,-22.93543,5.139052,18.09943,0,0,0,0,0,0
15.34688,-22.92357,5.142333,18.10646,0,0,0,0,0,0
15.38021,-22.91031,5.143846,18.11053,0,0,0,0,0,0
15.41354,-22.90073,5.144515,18.11476,0,0,0,0,0,0
15.44687,-22.89007,5.145529,18.1219,0,0,0,0,0,0
15.48021,-22.87226,5.151369,18.12701,0,0,0,0,0,0
15.51354,-22.86056,5.153631,18.12371,0,0,0,0,0,0
15.54688,-22.84779,5.153799,18.12314,0,0,0,0,0,0
15.58021,-22.83535,5.152183,18.12562,0,0,0,0,0,0
15.61354,-22.82152,5.15391,18.12541,0,0,0,0,0,0
15.64688,-22.79743,5.157315,18.12006,0,0,0,0,0,0
15.68021,-22.77936,5.157033,18.11284,0,0,0,0,0,0
15.71354,-22.76595,5.155258,18.10612,0,0,0,0,0,0
15.74687,-22.74728,5.151791,18.09947,0,0,0,0,0,0
15.78021,-22.73549,5.145744,18.09456,0,0,0,0,0,0
15.81354,-22.72302,5.139806,18.08935,0,0,0,0,0,0
15.84688,-22.70784,5.135156,18.08722,0,0,0,0,0,0
15.88021,-22.69293,5.132068,18.08686,0,0,0,0,0,0
15.91354,-22.67805,5.130383,18.08117,0,0,0,0,0,0
15.94688,-22.66628,5.130639,18.07526,0,0,0,0,0,0
15.98021,-22.64776,5.130591,18.06711,0,0,0,0,0,0
16.01354,-22.63347,5.129896,18.05931,0,0,0,0,0,0
16.04688,-22.60958,5.13172,18.04765,0,0,0,0,0,0
16.08021,-22.58948,5.133713,18.03288,0,0,0,0,0,0
16.11354,-22.55887,5.133312,18.00775,0,0,0,0,0,0
16.14688,-22.53873,5.132542,17.99247,0,0,0,0,0,0
16.18021,-22.5256,5.131254,17.98278,0,0,0,0,0,0
16.21354,-22.50973,5.129118,17.97149,0,0,0,0,0,0
16.24688,-22.4998,5.127027,17.96625,0,0,0,0,0,0
16.28021,-22.487,5.124338,17.9583,0,0,0,0,0,0
16.31354,-22.47897,5.12262,17.95263,0,0,0,0,0,0
16.34687,-22.46742,5.120522,17.94687,0,0,0,0,0,0
16.38021,-22.45884,5.119503,17.94082,0,0,0,0,0,0
16.41354,-22.45047,5.118376,17.9358,0,0,0,0,0,0
16.44687,-22.44224,5.117162,17.93073,0,0,0,0,0,0
16.48021,-22.43387,5.115213,17.92719,0,0,0,0,0,0
16.51354,-22.42757,5.114179,17.92323,0,0,0,0,0,0
16.54688,-22.42074,5.113084,17.91883,0,0,0,0,0,0
16.58021,-22.4166,5.112423,17.91586,0,0,0,0,0,0
16.61354,-22.4108,5.110416,17.91255,0,0,0,0,0,0
16.64688,-22.4028,5.107936,17.9099,0,0,0,0,0,0
16.68021,-22.39472,5.107071,17.90712,0,0,0,0,0,0
16.71354,-22.38064,5.107594,17.9073,0,0,0,0,0,0
16.74688,-22.36413,5.109371,17.90655,0,0,0,0,0,0
16.78021,-22.34342,5.113349,17.90167,0,0,0,0,0,0
16.81354,-22.32982,5.116031,17.89734,0,0,0,0,0,0
16.84687,-22.313,5.119677,17.89188,0,0,0,0,0,0
16.88021,-22.295,5.123258,17.89045,0,0,0,0,0,0
16.91354,-22.28056,5.124838,17.8908,0,0,0,0,0,0
16.94687,-22.26797,5.126057,17.88996,0,0,0,0,0,0
16.98021,-22.25423,5.125668,17.8904,0,0,0,0,0,0
17.01354,-22.23861,5.125987,17.89432,0,0,0,0,0,0
17.04688,-22.22098,5.126208,17.89525,0,0,0,0,0,0
17.08021,-22.20848,5.125097,17.89099,0,0,0,0,0,0
17.11354,-22.1976,5.124899,17.88861,0,0,0,0,0,0
17.14688,-22.19143,5.123496,17.88171,0,0,0,0,0,0
17.18021,-22.18331,5.124331,17.88116,0,0,0,0,0,0
17.21354,-22.1794,5.125504,17.87805,0,0,0,0,0,0
17.24688,-22.18274,5.126129,17.87924,0,0,0,0,0,0
17.28021,-22.18597,5.127454,17.8793,0,0,0,0,0,0
17.31354,-22.19519,5.127163,17.8787,0,0,0,0,0,0
17.34687,-22.20608,5.125,17.88267,0,0,0,0,0,0
17.38021,-22.21394,5.124385,17.88263,0,0,0,0,0,0
17.41354,-22.22073,5.122186,17.87749,0,0,0,0,0,0
17.44687,-22.23114,5.11909,17.87838,0,0,0,0,0,0
17.48021,-22.24072,5.113797,17.88411,0,0,0,0,0,0
17.51354,-22.25751,5.107297,17.89555,0,0,0,0,0,0
17.54688,-22.27281,5.103611,17.90994,0,0,0,0,0,0
17.58021,-22.27665,5.105148,17.92331,0,0,0,0,0,0
17.61354,-22.27821,5.110353,17.93408,0,0,0,0,0,0
17.64688,-22.28322,5.116467,17.94198,0,0,0,0,0,0
17.68021,-22.29121,5.122729,17.94404,0,0,0,0,0,0
17.71354,-22.29915,5.128665,17.94614,0,0,0,0,0,0
17.74688,-22.30893,5.137147,17.95218,0,0,0,0,0,0
17.78021,-22.31492,5.142703,17.9492,0,0,0,0,0,0
17.81354,-22.31491,5.146239,17.942,0,0,0,0,0,0
17.84688,-22.31673,5.146832,17.9364,0,0,0,0,0,0
17.88021,-22.32199,5.14489,17.9458,0,0,0,0,0,0
17.91354,-22.32473,5.143909,17.95672,0,0,0,0,0,0
17.94687,-22.32486,5.141913,17.96559,0,0,0,0,0,0
17.98021,-22.3223,5.138459,17.97838,0,0,0,0,0,0
18.01354,-22.31777,5.138188,17.98743,0,0,0,0,0,0
18.04688,-22.31066,5.139518,17.99321,0,0,0,0,0,0
18.08021,-22.30202,5.140816,17.9982,0,0,0,0,0,0
18.11354,-22.29224,5.142517,18.00768,0,0,0,0,0,0
18.14688,-22.28058,5.143344,18.01555,0,0,0,0,0,0
18.18021,-22.26227,5.149836,18.03202,0,0,0,0,0,0
18.21354,-22.25283,5.153307,18.04216,0,0,0,0,0,0
18.24688,-22.24099,5.156285,18.05017,0,0,0,0,0,0
18.28021,-22.2346,5.159504,18.0526,0,0,0,0,0,0
18.31354,-22.22556,5.160807,18.05281,0,0,0,0,0,0
18.34688,-22.21954,5.162676,18.05114,0,0,0,0,0,0
18.38021,-22.20526,5.164433,18.0526,0,0,0,0,0,0
18.41354,-22.19375,5.166621,18.05482,0,0,0,0,0,0
18.44687,-22.18064,5.167416,18.05297,0,0,0,0,0,0
18.48021,-22.17217,5.166232,18.04581,0,0,0,0,0,0
18.51354,-22.16305,5.165575,18.04284,0,0,0,0,0,0
18.54688,-22.15528,5.164576,18.0469,0,0,0,0,0,0
18.58021,-22.14804,5.163051,18.05288,0,0,0,0,0,0
18.61354,-22.14533,5.159889,18.06689,0,0,0,0,0,0
18.64688,-22.15208,5.157407,18.08677,0,0,0,0,0,0
18.68021,-22.16565,5.157014,18.10896,0,0,0,0,0,0
18.71354,-22.17956,5.156868,18.1256,0,0,0,0,0,0
18.74688,-22.20337,5.156823,18.14509,0,0,0,0,0,0
18.78021,-22.22667,5.156239,18.16512,0,0,0,0,0,0
18.81354,-22.25294,5.156239,18.18325,0,0,0,0,0,0
18.84688,-22.27917,5.155065,18.19403,0,0,0,0,0,0
18.88021,-22.29829,5.151778,18.20042,0,0,0,0,0,0
18.91354,-22.30675,5.148449,18.19599,0,0,0,0,0,0
18.94687,-22.3113,5.143353,18.18891,0,0,0,0,0,0
18.98021,-22.31903,5.140088,18.18504,0,0,0,0,0,0
19.01354,-22.32433,5.136376,18.18371,0,0,0,0,0,0
19.04688,-22.33003,5.133177,18.18294,0,0,0,0,0,0
19.08021,-22.33037,5.129615,18.17674,0,0,0,0,0,0
19.11354,-22.32514,5.126999,18.16553,0,0,0,0,0,0
19.14688,-22.31741,5.124602,18.15207,0,0,0,0,0,0
19.18021,-22.3073,5.121997,18.13741,0,0,0,0,0,0
19.21354,-22.29666,5.12028,18.12701,0,0,0,0,0,0
19.24688,-22.28585,5.119119,18.12651,0,0,0,0,0,0
19.28021,-22.27212,5.119126,18.1227,0,0,0,0,0,0
19.31354,-22.26265,5.118899,18.12294,0,0,0,0,0,0
19.34688,-22.25783,5.115101,18.12147,0,0,0,0,0,0
19.38021,-22.25568,5.109729,18.11905,0,0,0,0,0,0
19.41354,-22.25749,5.099998,18.11422,0,0,0,0,0,0
19.44687,-22.26017,5.092891,18.10802,0,0,0,0,0,0
19.48021,-22.2599,5.091259,18.1084,0,0,0,0,0,0
19.51354,-22.25752,5.08952,18.10878,0,0,0,0,0,0
19.54688,-22.25914,5.087873,18.10796,0,0,0,0,0,0
19.58021,-22.25958,5.0863,18.10466,0,0,0,0,0,0
19.61354,-22.25996,5.084247,18.10126,0,0,0,0,0,0
19.64688,-22.26403,5.079381,18.09449,0,0,0,0,0,0
19.68021,-22.26688,5.076191,18.08934,0,0,0,0,0,0
19.71354,-22.26497,5.075333,18.08463,0,0,0,0,0,0
19.74688,-22.26325,5.073413,18.07814,0,0,0,0,0,0
19.78021,-22.26271,5.071003,18.06903,0,0,0,0,0,0
19.81354,-22.26317,5.068226,18.06,0,0,0,0,0,0
19.84688,-22.26264,5.066944,18.05647,0,0,0,0,0,0
19.88021,-22.2619,5.064326,18.05182,0,0,0,0,0,0
19.91354,-22.25838,5.063621,18.04673,0,0,0,0,0,0
19.94687,-22.25235,5.063022,18.03806,0,0,0,0,0,0
19.98021,-22.24898,5.061409,18.02882,0,0,0,0,0,0
20.01354,-22.24867,5.061686,18.02247,0,0,0,0,0,0
20.04688,-22.24718,5.062169,18.01357,0,0,0,0,0,0
20.08021,-22.24552,5.061766,18.00488,0,0,0,0,0,0
20.11354,-22.24499,5.060555,17.99746,0,0,0,0,0,0
20.14688,-22.24458,5.059032,17.98991,0,0,0,0,0,0
20.18021,-22.24858,5.056304,17.98223,0,0,0,0,0,0
20.21354,-22.24941,5.055159,17.97318,0,0,0,0,0,0
20.24688,-22.2529,5.05014,17.9648,0,0,0,0,0,0
20.28021,-22.25802,5.046878,17.95306,0,0,0,0,0,0
20.31354,-22.26086,5.044369,17.9482,0,0,0,0,0,0
20.34688,-22.26504,5.042991,17.94299,0,0,0,0,0,0
20.38021,-22.26911,5.041982,17.93792,0,0,0,0,0,0
20.41354,-22.2744,5.044024,17.93133,0,0,0,0,0,0
20.44687,-22.27785,5.045313,17.92038,0,0,0,0,0,0
20.48021,-22.28001,5.045506,17.91502,0,0,0,0,0,0
20.51354,-22.28156,5.046363,17.90777,0,0,0,0,0,0
20.54688,-22.28156,5.046364,17.90777,0,0,0,0,0,0
20.58021,-22.27845,5.045663,17.91164,0,0,0,0,0,0
20.61354,-22.27644,5.04171,17.90889,0,0,0,0,0,0
20.64688,-22.27966,5.035322,17.90756,0,0,0,0,0,0
20.68021,-22.28161,5.028306,17.90657,0,0,0,0,0,0
20.71354,-22.28226,5.020161,17.90585,0,0,0,0,0,0
20.74688,-22.28358,5.012023,17.90559,0,0,0,0,0,0
20.78021,-22.28306,5.005416,17.9089,0,0,0,0,0,0
20.81354,-22.27994,5.004743,17.91276,0,0,0,0,0,0
20.84688,-22.27915,5.004304,17.91634,0,0,0,0,0,0
20.88021,-22.27952,5.003497,17.92505,0,0,0,0,0,0
20.91354,-22.28004,5.003084,17.92964,0,0,0,0,0,0
20.94687,-22.28396,4.998988,17.93795,0,0,0,0,0,0
20.98021,-22.28933,4.996688,17.95252,0,0,0,0,0,0
21.01354,-22.29639,4.996264,17.96639,0,0,0,0,0,0
21.04688,-22.30235,4.996209,17.98441,0,0,0,0,0,0
21.08021,-22.31173,4.996748,18.00084,0,0,0,0,0,0
21.11354,-22.3184,4.997752,18.0126,0,0,0,0,0,0
21.14688,-22.32563,4.998043,18.02232,0,0,0,0,0,0
21.18021,-22.33247,4.998388,18.03388,0,0,0,0,0,0
21.21354,-22.33843,4.998671,18.04254,0,0,0,0,0,0
21.24688,-22.34241,4.998845,18.04968,0,0,0,0,0,0
21.28021,-22.3447,4.999019,18.05352,0,0,0,0,0,0
21.31354,-22.34598,4.999078,18.05868,0,0,0,0,0,0
21.34688,-22.34627,4.999113,18.06102,0,0,0,0,0,0
21.38021,-22.34655,4.999153,18.06337,0,0,0,0,0,0
21.41354,-22.34684,4.999197,18.06571,0,0,0,0,0,0
21.44687,-22.34684,4.999197,18.06571,0,0,0,0,0,0
21.48021,-22.34945,4.999531,18.06776,0,0,0,0,0,0
21.51354,-22.35106,4.99982,18.06699,0,0,0,0,0,0
21.54688,-22.35116,5.000288,18.06537,0,0,0,0,0,0
21.58021,-22.35291,5.000474,18.06433,0,0,0,0,0,0
21.61354,-22.3543,4.999548,18.0678,0,0,0,0,0,0
21.64688,-22.35597,4.999728,18.0709,0,0,0,0,0,0
21.68021,-22.35843,5.000334,18.07307,0,0,0,0,0,0
21.71354,-22.36312,5.001262,18.0791,0,0,0,0,0,0
21.74688,-22.3714,5.002818,18.08591,0,0,0,0,0,0
21.78021,-22.37597,5.001964,18.08804,0,0,0,0,0,0
21.81354,-22.38186,4.999938,18.0912,0,0,0,0,0,0
21.84688,-22.38611,4.998671,18.09377,0,0,0,0,0,0
21.88021,-22.38788,4.998243,18.09812,0,0,0,0,0,0
21.91354,-22.39066,4.998907,18.10254,0,0,0,0,0,0
21.94687,-22.39171,4.998806,18.10387,0,0,0,0,0,0
21.98021,-22.3925,4.999224,18.1068,0,0,0,0,0,0
22.01354,-22.39305,4.999496,18.10739,0,0,0,0,0,0
22.04688,-22.3916,4.999496,18.10648,0,0,0,0,0,0
22.08021,-22.3907,4.999771,18.10615,0,0,0,0,0,0
22.11354,-22.3907,4.999771,18.10615,0,0,0,0,0,0
22.14688,-22.39125,5.000047,18.10674,0,0,0,0,0,0
22.18021,-22.39034,4.999296,18.10524,0,0,0,0,0,0
22.21354,-22.39057,4.999453,18.10758,0,0,0,0,0,0
22.24688,-22.38952,4.999338,18.10888,0,0,0,0,0,0
22.28021,-22.38703,4.999224,18.10926,0,0,0,0,0,0
22.31354,-22.38631,4.999223,18.1088,0,0,0,0,0,0
22.34688,-22.38591,4.999338,18.10659,0,0,0,0,0,0
22.38021,-22.38107,4.999502,18.10572,0,0,0,0,0,0
22.41354,-22.38016,4.999783,18.10539,0,0,0,0,0,0
22.44687,-22.38196,5.00035,18.10704,0,0,0,0,0,0
22.48021,-22.38234,5.000335,18.10906,0,0,0,0,0,0
22.51354,-22.38128,5.000224,18.11035,0,0,0,0,0,0
22.54688,-22.38188,5.000784,18.11737,0,0,0,0,0,0
22.58021,-22.38083,5.000681,18.11866,0,0,0,0,0,0
22.61354,-22.38208,5.000978,18.11971,0,0,0,0,0,0
22.64688,-22.38102,5.000877,18.121,0,0,0,0,0,0
22.68021,-22.38353,5.001478,18.12311,0,0,0,0,0,0
22.71354,-22.38748,5.002605,18.12861,0,0,0,0,0,0
22.74688,-22.38925,5.00323,18.13026,0,0,0,0,0,0
22.78021,-22.38999,5.003913,18.13058,0,0,0,0,0,0
22.81354,-22.39124,5.00423,18.13163,0,0,0,0,0,0
22.84688,-22.39124,5.00423,18.13163,0,0,0,0,0,0
22.88021,-22.39124,5.00423,18.13163,0,0,0,0,0,0
22.91354,-22.39124,5.00423,18.13163,0,0,0,0,0,0
22.94687,-22.39282,5.004649,18.13095,0,0,0,0,0,0
22.98021,-22.39204,5.003581,18.12798,0,0,0,0,0,0
23.01354,-22.39146,5.003421,18.12721,0,0,0,0,0,0
23.04688,-22.39077,5.002837,18.12803,0,0,0,0,0,0
23.08021,-22.3897,5.002737,18.12932,0,0,0,0,0,0
23.11354,-22.38993,5.003105,18.12904,0,0,0,0,0,0
23.14688,-22.38953,5.003204,18.12684,0,0,0,0,0,0
23.18021,-22.3906,5.003307,18.12556,0,0,0,0,0,0
23.21354,-22.39057,5.002933,18.12291,0,0,0,0,0,0
23.24688,-22.39091,5.003041,18.12117,0,0,0,0,0,0
23.28021,-22.38984,5.002934,18.12245,0,0,0,0,0,0
23.31354,-22.39091,5.003041,18.12117,0,0,0,0,0,0
23.34688,-22.39091,5.003041,18.12117,0,0,0,0,0,0
23.38021,-22.39018,5.003041,18.12071,0,0,0,0,0,0
23.41354,-22.39124,5.00315,18.11943,0,0,0,0,0,0
23.44687,-22.39051,5.00315,18.11898,0,0,0,0,0,0
23.48021,-22.39051,5.00315,18.11898,0,0,0,0,0,0
23.51354,-22.39051,5.00315,18.11898,0,0,0,0,0,0
23.54688,-22.38872,5.003041,18.1198,0,0,0,0,0,0
23.58021,-22.38979,5.00315,18.11852,0,0,0,0,0,0
23.61354,-22.38799,5.003041,18.11934,0,0,0,0,0,0
23.64688,-22.38581,5.003041,18.11797,0,0,0,0,0,0
23.68021,-22.38508,5.003041,18.11751,0,0,0,0,0,0
23.71354,-22.38684,5.003687,18.11918,0,0,0,0,0,0
23.74688,-22.38498,5.004128,18.12249,0,0,0,0,0,0
23.78021,-22.38515,5.004354,18.12483,0,0,0,0,0,0
23.81354,-22.38515,5.004354,18.12483,0,0,0,0,0,0
23.84688,-22.38705,5.005254,18.12885,0,0,0,0,0,0
23.88021,-22.38794,5.006202,18.13152,0,0,0,0,0,0
23.91354,-22.38663,5.006447,18.13294,0,0,0,0,0,0
23.94687,-22.38627,5.007776,18.13442,0,0,0,0,0,0
23.98021,-22.38338,5.007592,18.1365,0,0,0,0,0,0
24.01354,-22.38483,5.008307,18.13729,0,0,0,0,0,0
24.04688,-22.38351,5.008568,18.13871,0,0,0,0,0,0
24.08021,-22.38349,5.009287,18.13858,0,0,0,0,0,0
24.11354,-22.38322,5.01002,18.13756,0,0,0,0,0,0
24.14688,-22.38282,5.011752,18.13786,0,0,0,0,0,0
24.18021,-22.38263,5.0133,18.13409,0,0,0,0,0,0
24.21354,-22.38186,5.014395,18.13233,0,0,0,0,0,0
24.24688,-22.38268,5.015213,18.13004,0,0,0,0,0,0
24.28021,-22.38317,5.01557,18.13066,0,0,0,0,0,0
24.31354,-22.38338,5.017026,18.12907,0,0,0,0,0,0
24.34688,-22.38517,5.018208,18.12697,0,0,0,0,0,0
24.38021,-22.38758,5.018761,18.12416,0,0,0,0,0,0
24.41354,-22.38974,5.01997,18.12157,0,0,0,0,0,0
24.44687,-22.3952,5.020436,18.11506,0,0,0,0,0,0
24.48021,-22.39761,5.021998,18.11217,0,0,0,0,0,0
24.51354,-22.39955,5.022837,18.10984,0,0,0,0,0,0
24.54688,-22.40221,5.024745,18.10665,0,0,0,0,0,0
24.58021,-22.40449,5.02557,18.10527,0,0,0,0,0,0
24.61354,-22.40521,5.026642,18.10441,0,0,0,0,0,0
24.64688,-22.40725,5.028181,18.102,0,0,0,0,0,0
24.68021,-22.40725,5.028181,18.102,0,0,0,0,0,0
24.71354,-22.40735,5.028295,18.09937,0,0,0,0,0,0
24.74688,-22.40881,5.029007,18.10016,0,0,0,0,0,0
24.78021,-22.40772,5.028893,18.10142,0,0,0,0,0,0
24.81354,-22.40772,5.028894,18.10143,0,0,0,0,0,0
24.84688,-22.40664,5.028782,18.10269,0,0,0,0,0,0
24.88021,-22.40434,5.028316,18.10287,0,0,0,0,0,0
24.91354,-22.40555,5.028673,18.10395,0,0,0,0,0,0
24.94687,-22.40447,5.028566,18.10522,0,0,0,0,0,0
24.98021,-22.40229,5.028358,18.10774,0,0,0,0,0,0
25.01354,-22.40121,5.028256,18.109,0,0,0,0,0,0
25.04688,-22.3989,5.027801,18.10919,0,0,0,0,0,0
25.08021,-22.39831,5.02806,18.11108,0,0,0,0,0,0
25.11354,-22.3994,5.028158,18.10981,0,0,0,0,0,0
25.14688,-22.3994,5.028158,18.10981,0,0,0,0,0,0
25.18021,-22.40061,5.028516,18.11089,0,0,0,0,0,0
25.21354,-22.40183,5.028876,18.11197,0,0,0,0,0,0
25.24688,-22.4011,5.028877,18.11152,0,0,0,0,0,0
25.28021,-22.40063,5.028883,18.11198,0,0,0,0,0,0
25.31354,-22.40051,5.028793,18.1146,0,0,0,0,0,0
25.34688,-22.40051,5.028794,18.1146,0,0,0,0,0,0
25.38021,-22.3993,5.02843,18.11353,0,0,0,0,0,0
25.41354,-22.3993,5.02843,18.11353,0,0,0,0,0,0
25.44688,-22.39942,5.028699,18.11586,0,0,0,0,0,0
25.48021,-22.39942,5.028698,18.11586,0,0,0,0,0,0
25.51354,-22.39908,5.027637,18.11622,0,0,0,0,0,0
25.54688,-22.39799,5.027545,18.11748,0,0,0,0,0,0
25.58021,-22.39726,5.027544,18.11703,0,0,0,0,0,0
25.61354,-22.39569,5.02781,18.11755,0,0,0,0,0,0
25.64688,-22.39569,5.02781,18.11755,0,0,0,0,0,0
25.68021,-22.39569,5.02781,18.11755,0,0,0,0,0,0
25.71354,-22.39497,5.027237,18.11835,0,0,0,0,0,0
25.74688,-22.39535,5.026752,18.1179,0,0,0,-22.41796,4.915042,18.13054
25.78021,-22.39512,5.025972,18.12059,0,0,0,-22.41796,4.915042,18.13054
25.81354,-22.39391,5.025605,18.11951,0,0,0,-22.41796,4.915042,18.13054
25.84688,-22.39391,5.025606,18.11951,0,0,0,-22.41796,4.915042,18.13054
25.88021,-22.39282,5.02552,18.12077,0,0,0,-22.41796,4.915042,18.13054
25.91354,-22.39282,5.025521,18.12077,0,0,0,-22.41796,4.915042,18.13054
25.94688,-22.39306,5.025878,18.12049,0,0,0,-22.41796,4.915042,18.13054
25.98021,-22.39341,5.026518,18.12254,0,0,0,-22.41796,4.915042,18.13054
26.01354,-22.3922,5.026151,18.12146,0,0,0,-22.41796,4.915042,18.13054
26.04688,-22.39341,5.026518,18.12254,0,0,0,-22.41796,4.915042,18.13054
26.08021,-22.3922,5.026152,18.12146,0,0,0,-22.41796,4.915042,18.13054
26.11354,-22.39258,5.025664,18.121,0,0,0,-22.41796,4.915042,18.13054
26.14688,-22.39334,5.024689,18.1201,0,0,0,-22.41796,4.915042,18.13054
26.18021,-22.39626,5.02486,18.11804,0,0,0,-22.41796,4.915042,18.13054
26.21354,-22.39989,5.025038,18.11643,0,0,0,-22.41796,4.915042,18.13054
26.24688,-22.40476,5.025208,18.11328,0,0,0,-22.41796,4.915042,18.13054
26.28021,-22.40924,5.022396,18.10543,0,0,0,-22.41796,4.915042,18.13054
26.31354,-22.41307,5.021433,18.10337,0,0,0,-22.41796,4.915042,18.13054
26.34688,-22.41681,5.019614,18.09641,0,0,0,-22.41796,4.915042,18.13054
26.38021,-22.42099,5.0202,18.09394,0,0,0,-22.41796,4.915042,18.13054
26.41354,-22.4215,5.025946,18.09064,0,0,0,-22.41796,4.915042,18.13054
26.44688,-22.42235,5.027098,18.08713,0,0,0,-22.41796,4.915042,18.13054
26.48021,-22.42564,5.028056,18.08826,0,0,0,-22.41796,4.915042,18.13054
26.51354,-22.4281,5.028173,18.08785,0,0,0,-22.41796,4.915042,18.13054
26.54688,-22.43509,5.027498,18.08463,0,0,0,-22.41796,4.915042,18.13054
26.58021,-22.44177,5.024721,18.07926,0,0,0,-22.41796,4.915042,18.13054
26.61354,-22.44355,5.023197,18.07714,0,0,0,-22.41796,4.915042,18.13054
26.64688,-22.44644,5.022253,18.07367,0,0,0,-22.41796,4.915042,18.13054
26.68021,-22.45412,5.020327,18.06834,0,0,0,-22.41796,4.915042,18.13054
26.71354,-22.45533,5.018327,18.06436,0,0,0,-22.41796,4.915042,18.13054
26.74688,-22.4585,5.019093,18.06314,0,0,0,-22.41796,4.915042,18.13054
26.78021,-22.4595,5.019451,18.05946,0,0,0,-22.41796,4.915042,18.13054
26.81354,-22.46396,5.020718,18.05539,0,0,0,-22.41796,4.915042,18.13054
26.84688,-22.47123,5.021482,18.04424,0,0,0,-22.41796,4.915042,18.13054
26.88021,-22.47591,5.022375,18.0412,0,0,0,-22.41796,4.915042,18.13054
26.91354,-22.47862,5.023805,18.038,0,0,0,-22.41796,4.915042,18.13054
26.94688,-22.47901,5.023351,18.03753,0,0,0,-22.41796,4.915042,18.13054
26.98021,-22.48219,5.022513,18.03501,0,0,0,-22.41796,4.915042,18.13054
27.01354,-22.48385,5.021839,18.03302,0,0,0,-22.41796,4.915042,18.13054
27.04688,-22.48524,5.02184,18.03385,0,0,0,-22.41796,4.915042,18.13054
27.08021,-22.48738,5.021882,18.03128,0,0,0,-22.41796,4.915042,18.13054
27.11354,-22.49099,5.022604,18.02948,0,0,0,-22.41796,4.915042,18.13054
27.14688,-22.49268,5.02396,18.02869,0,0,0,-22.41796,4.915042,18.13054
27.18021,-22.49431,5.025204,18.02673,0,0,0,-22.41796,4.915042,18.13054
27.21354,-22.4989,5.027308,18.02372,0,0,0,-22.41796,4.915042,18.13054
27.24688,-22.50064,5.027804,18.02159,0,0,0,-22.41796,4.915042,18.13054
27.28021,-22.50436,5.02778,18.01962,0,0,0,-22.41796,4.915042,18.13054
27.31354,-22.50859,5.029327,18.01453,0,0,0,-22.41796,4.915042,18.13054
27.34688,-22.5149,5.030581,18.01194,0,0,0,-22.41796,4.915042,18.13054
27.38021,-22.51791,5.030209,18.00945,0,0,0,-22.41796,4.915042,18.13054
27.41354,-22.52271,5.030648,18.00488,0,0,0,-22.41796,4.915042,18.13054
27.44688,-22.52771,5.030656,18.00002,0,0,0,-22.41796,4.915042,18.13054
27.48021,-22.53077,5.03088,17.9963,0,0,0,-22.41796,4.915042,18.13054
27.51354,-22.53395,5.031538,17.99362,0,0,0,-22.41796,4.915042,18.13054
27.54688,-22.53711,5.033131,17.98843,0,0,0,-22.41796,4.915042,18.13054
27.58021,-22.53634,5.03359,17.98425,0,0,0,-22.41796,4.915042,18.13054
27.61354,-22.53705,5.034354,17.97937,0,0,0,-22.41796,4.915042,18.13054
27.64688,-22.53861,5.034969,17.97854,0,0,0,-22.41796,4.915042,18.13054
27.68021,-22.53963,5.03549,17.97596,0,0,0,-22.41796,4.915042,18.13054
27.71354,-22.54126,5.035022,17.97009,0,0,0,-22.41796,4.915042,18.13054
27.74688,-22.54394,5.03423,17.96664,0,0,0,-22.41796,4.915042,18.13054
27.78021,-22.54633,5.034469,17.96616,0,0,0,-22.41796,4.915042,18.13054
27.81354,-22.5489,5.034061,17.96166,0,0,0,-22.41796,4.915042,18.13054
27.84688,-22.55281,5.033161,17.9569,0,0,0,-22.41796,4.915042,18.13054
27.88021,-22.55608,5.033631,17.9553,0,0,0,-22.41796,4.915042,18.13054
27.91354,-22.55718,5.035153,17.95139,0,0,0,-22.41796,4.915042,18.13054
27.94688,-22.55679,5.035326,17.94788,0,0,0,-22.41796,4.915042,18.13054
27.98021,-22.55876,5.035761,17.94388,0,0,0,-22.41796,4.915042,18.13054
28.01354,-22.55913,5.036467,17.9446,0,0,0,-22.41796,4.915042,18.13054
28.04688,-22.56061,5.037563,17.94019,0,0,0,-22.41796,4.915042,18.13054
28.08021,-22.5589,5.037062,17.93709,0,0,0,-22.41796,4.915042,18.13054
28.11354,-22.55864,5.036614,17.9346,0,0,0,-22.41796,4.915042,18.13054
28.14688,-22.55921,5.036819,17.93248,0,0,0,-22.41796,4.915042,18.13054
28.18021,-22.55841,5.037443,17.92945,0,0,0,-22.41796,4.915042,18.13054
28.21354,-22.56124,5.039237,17.92713,0,0,0,-22.41796,4.915042,18.13054
28.24688,-22.56246,5.040127,17.92421,0,0,0,-22.41796,4.915042,18.13054
28.28021,-22.56115,5.040123,17.92181,0,0,0,-22.41796,4.915042,18.13054
28.31354,-22.56145,5.041699,17.91882,0,0,0,-22.41796,4.915042,18.13054
28.34688,-22.5669,5.040936,17.91296,0,0,0,-22.41796,4.915042,18.13054
28.38021,-22.57153,5.041329,17.90836,0,0,0,-22.41796,4.915042,18.13054
28.41354,-22.5744,5.040895,17.9045,0,0,0,-22.41796,4.915042,18.13054
28.44688,-22.57523,5.041104,17.90721,0,0,0,-22.41796,4.915042,18.13054
28.48021,-22.57604,5.04258,17.90472,0,0,0,-22.41796,4.915042,18.13054
28.51354,-22.5801,5.044051,17.90578,0,0,0,-22.41796,4.915042,18.13054
28.54688,-22.5809,5.043059,17.90445,0,0,0,-22.41796,4.915042,18.13054
28.58021,-22.58372,5.042331,17.90323,0,0,0,-22.41796,4.915042,18.13054
28.61354,-22.58693,5.04118,17.90151,0,0,0,-22.41796,4.915042,18.13054
28.64688,-22.58576,5.040838,17.90293,0,0,0,-22.41796,4.915042,18.13054
28.68021,-22.58576,5.040995,17.90288,0,0,0,-22.41796,4.915042,18.13054
28.71354,-22.58537,5.041573,17.90332,0,0,0,-22.41796,4.915042,18.13054
28.74688,-22.58678,5.042484,17.90271,0,0,0,-22.41796,4.915042,18.13054
28.78021,-22.58613,5.041803,17.9035,0,0,0,-22.41796,4.915042,18.13054
28.81354,-22.58548,5.041124,17.90429,0,0,0,-22.41796,4.915042,18.13054
28.84688,-22.58509,5.040748,17.90475,0,0,0,-22.41796,4.915042,18.13054
28.88021,-22.58529,5.040805,17.9071,0,0,0,-22.41796,4.915042,18.13054
28.91354,-22.58347,5.040611,17.90934,0,0,0,-22.41796,4.915042,18.13054
28.94688,-22.58353,5.040051,17.90663,0,0,0,-22.41796,4.915042,18.13054
28.98021,-22.58533,5.039731,17.9055,0,0,0,-22.41796,4.915042,18.13054
29.01354,-22.58948,5.037651,17.90143,0,0,0,-22.41796,4.915042,18.13054
29.04688,-22.59117,5.035372,17.89921,0,0,0,-22.41796,4.915042,18.13054
29.08021,-22.5945,5.032976,17.89755,0,0,0,-22.41796,4.915042,18.13054
29.11354,-22.59874,5.032102,17.89997,0,0,0,-22.41796,4.915042,18.13054
29.14688,-22.5996,5.030578,17.90129,0,0,0,-22.41796,4.915042,18.13054
29.18021,-22.60137,5.030829,17.90156,0,0,0,-22.41796,4.915042,18.13054
29.21354,-22.60415,5.031313,17.90183,0,0,0,-22.41796,4.915042,18.13054
29.24688,-22.60297,5.032069,17.90437,0,0,0,-22.41796,4.915042,18.13054
29.28021,-22.60335,5.033659,17.90496,0,0,0,-22.41796,4.915042,18.13054
29.31354,-22.60393,5.034259,17.90676,0,0,0,-22.41796,4.915042,18.13054
29.34688,-22.60177,5.034069,17.90795,0,0,0,-22.41796,4.915042,18.13054
29.38021,-22.60209,5.03264,17.91007,0,0,0,-22.41796,4.915042,18.13054
29.41354,-22.60099,5.030795,17.90878,0,0,0,-22.41796,4.915042,18.13054
29.44688,-22.59868,5.030095,17.91412,0,0,0,-22.41796,4.915042,18.13054
29.48021,-22.59736,5.030544,17.91568,0,0,0,-22.41796,4.915042,18.13054
29.51354,-22.59657,5.030625,17.91662,0,0,0,-22.41796,4.915042,18.13054
29.54688,-22.59631,5.031292,17.91689,0,0,0,-22.41796,4.915042,18.13054
29.58021,-22.59488,5.031376,17.91747,0,0,0,-22.41796,4.915042,18.13054
29.61354,-22.59619,5.031874,17.91585,0,0,0,-22.41796,4.915042,18.13054
29.64688,-22.59606,5.032604,17.91602,0,0,0,-22.41796,4.915042,18.13054
29.68021,-22.5972,5.032993,17.91206,0,0,0,-22.41796,4.915042,18.13054
29.71354,-22.59839,5.034223,17.91061,0,0,0,-22.41796,4.915042,18.13054
29.74688,-22.59988,5.034833,17.91134,0,0,0,-22.41796,4.915042,18.13054
29.78021,-22.60093,5.035047,17.91007,0,0,0,-22.41796,4.915042,18.13054
29.81354,-22.60199,5.035262,17.90879,0,0,0,-22.41796,4.915042,18.13054
29.84688,-22.60179,5.034506,17.90759,0,0,0,-22.41796,4.915042,18.13054
29.88021,-22.60316,5.033303,17.90843,0,0,0,-22.41796,4.915042,18.13054
29.91354,-22.60151,5.032766,17.90901,0,0,0,-22.41796,4.915042,18.13054
29.94688,-22.60137,5.032843,17.91032,0,0,0,-22.41796,4.915042,18.13054
29.98021,-22.60155,5.03295,17.91266,0,0,0,-22.41796,4.915042,18.13054
30.01354,-22.60155,5.03295,17.91266,0,0,0,-22.41796,4.915042,18.13054
30.04688,-22.60181,5.03324,17.91233,0,0,0,-22.41796,4.915042,18.13054
30.08021,-22.60058,5.03292,17.91126,0,0,0,-22.41796,4.915042,18.13054
30.11354,-22.60076,5.03303,17.91361,0,0,0,-22.41796,4.915042,18.13054
30.14688,-22.59979,5.033,17.91221,0,0,0,-22.41796,4.915042,18.13054
30.18021,-22.60129,5.033609,17.91294,0,0,0,-22.41796,4.915042,18.13054
30.21354,-22.59927,5.03337,17.91281,0,0,0,-22.41796,4.915042,18.13054
30.24688,-22.59848,5.033455,17.91376,0,0,0,-22.61767,4.954471,17.91519
30.28021,-22.59796,5.033828,17.91436,0,0,0,-22.61767,4.954471,17.91519
30.31354,-22.59901,5.034032,17.91308,0,0,0,-22.61767,4.954471,17.91519
30.34688,-22.59796,5.033828,17.91436,0,0,0,-22.61767,4.954471,17.91519
30.38021,-22.59796,5.033827,17.91436,0,0,0,-22.61767,4.954471,17.91519
30.41354,-22.59673,5.03351,17.9133,0,0,0,-22.61767,4.954471,17.91519
30.44688,-22.59395,5.033501,17.90899,0,0,0,-22.61767,4.954471,17.91519
30.48021,-22.59254,5.034036,17.90552,0,0,0,-22.61767,4.954471,17.91519
30.51354,-22.58883,5.033124,17.90233,0,0,0,-22.61767,4.954471,17.91519
30.54688,-22.58873,5.033226,17.89731,0,0,0,-22.61767,4.954471,17.91519
30.58021,-22.58688,5.032634,17.89556,0,0,0,-22.61767,4.954471,17.91519
30.61354,-22.58628,5.032344,17.89487,0,0,0,-22.61767,4.954471,17.91519
30.64688,-22.58712,5.031826,17.8924,0,0,0,-22.61767,4.954471,17.91519
30.68021,-22.58607,5.031617,17.89368,0,0,0,-22.61767,4.954471,17.91519
30.71354,-22.58607,5.031617,17.89368,0,0,0,-22.61767,4.954471,17.91519
30.74688,-22.58502,5.031408,17.89497,0,0,0,-22.61767,4.954471,17.91519
30.78021,-22.58471,5.028725,17.89266,0,0,0,-22.61767,4.954471,17.91519
30.81354,-22.58544,5.026847,17.89426,0,0,0,-22.61767,4.954471,17.91519
30.84688,-22.58637,5.024452,17.89301,0,0,0,-22.61767,4.954471,17.91519
30.88021,-22.58783,5.023428,17.89115,0,0,0,-22.61767,4.954471,17.91519
30.91354,-22.58693,5.021702,17.89219,0,0,0,-22.61767,4.954471,17.91519
30.94688,-22.58888,5.02091,17.89491,0,0,0,-22.61767,4.954471,17.91519
30.98021,-22.59513,5.019894,17.90258,0,0,0,-22.61767,4.954471,17.91519
31.01354,-22.59957,5.020592,17.90995,0,0,0,-22.61767,4.954471,17.91519
31.04688,-22.60307,5.021211,17.91849,0,0,0,-22.61767,4.954471,17.91519
31.08021,-22.60234,5.021281,17.92445,0,0,0,-22.61767,4.954471,17.91519
31.11354,-22.60145,5.021232,17.92807,0,0,0,-22.61767,4.954471,17.91519
31.14688,-22.60207,5.020758,17.93079,0,0,0,-22.61767,4.954471,17.91519
31.18021,-22.6046,5.021089,17.93259,0,0,0,-22.61767,4.954471,17.91519
31.21354,-22.60195,5.021905,17.93582,0,0,0,-22.61767,4.954471,17.91519
31.24688,-22.60246,5.022959,17.93879,0,0,0,-22.61767,4.954471,17.91519
31.28021,-22.60024,5.022805,17.94646,0,0,0,-22.61767,4.954471,17.91519
31.31354,-22.59457,5.025767,17.95352,0,0,0,-22.61767,4.954471,17.91519
31.34688,-22.59141,5.028802,17.95873,0,0,0,-22.61767,4.954471,17.91519
31.38021,-22.58667,5.030365,17.96582,0,0,0,-22.61767,4.954471,17.91519
31.41354,-22.58375,5.03041,17.97054,0,0,0,-22.61767,4.954471,17.91519
31.44688,-22.57872,5.030227,17.97783,0,0,0,-22.61767,4.954471,17.91519
31.48021,-22.5753,5.031154,17.98562,0,0,0,-22.61767,4.954471,17.91519
31.51354,-22.57498,5.032816,17.99211,0,0,0,-22.61767,4.954471,17.91519
31.54688,-22.57465,5.038215,18.0013,0,0,0,-22.61767,4.954471,17.91519
31.58021,-22.57666,5.041502,18.00523,0,0,0,-22.61767,4.954471,17.91519
31.61354,-22.58036,5.044889,18.00447,0,0,0,-22.61767,4.954471,17.91519
31.64688,-22.58469,5.04947,18.00789,0,0,0,-22.61767,4.954471,17.91519
31.68021,-22.59695,5.053971,18.01132,0,0,0,-22.61767,4.954471,17.91519
31.71354,-22.60626,5.059383,18.01348,0,0,0,-22.61767,4.954471,17.91519
31.74688,-22.61744,5.062939,18.01947,0,0,0,-22.61767,4.954471,17.91519
31.78021,-22.62877,5.06502,18.0225,0,0,0,-22.61767,4.954471,17.91519
31.81354,-22.64138,5.065888,18.02739,0,0,0,-22.61767,4.954471,17.91519
31.84688,-22.65579,5.066237,18.03503,0,0,0,-22.61767,4.954471,17.91519
31.88021,-22.66671,5.065919,18.04593,0,0,0,-22.61767,4.954471,17.91519
31.91354,-22.67559,5.065812,18.05707,0,0,0,-22.61767,4.954471,17.91519
31.94688,-22.68719,5.065451,18.06987,0,0,0,-22.61767,4.954471,17.91519
31.98021,-22.69306,5.066248,18.07762,0,0,0,-22.61767,4.954471,17.91519
32.01354,-22.69614,5.067709,18.0813,0,0,0,-22.61767,4.954471,17.91519
32.04688,-22.701,5.069546,18.08369,0,0,0,-22.61767,4.954471,17.91519
32.08021,-22.7098,5.06983,18.08725,0,0,0,-22.61767,4.954471,17.91519
32.11354,-22.71767,5.069831,18.0908,0,0,0,-22.61767,4.954471,17.91519
32.14688,-22.72104,5.07018,18.09398,0,0,0,-22.61767,4.954471,17.91519
32.18021,-22.71754,5.069192,18.09019,0,0,0,-22.61767,4.954471,17.91519
32.21354,-22.71626,5.067505,18.08722,0,0,0,-22.61767,4.954471,17.91519
32.24688,-22.71365,5.06597,18.09202,0,0,0,-22.61767,4.954471,17.91519
32.28021,-22.71157,5.064307,18.09319,0,0,0,-22.61767,4.954471,17.91519
32.31354,-22.71441,5.062999,18.09692,0,0,0,-22.61767,4.954471,17.91519
32.34687,-22.72214,5.061886,18.09744,0,0,0,-22.61767,4.954471,17.91519
32.38021,-22.72371,5.063423,18.09324,0,0,0,-22.61767,4.954471,17.91519
32.41354,-22.72298,5.065299,18.08501,0,0,0,-22.61767,4.954471,17.91519
32.44688,-22.72586,5.064173,18.0732,0,0,0,-22.61767,4.954471,17.91519
32.48021,-22.72688,5.062905,18.06292,0,0,0,-22.61767,4.954471,17.91519
32.51354,-22.7227,5.061252,18.05175,0,0,0,-22.61767,4.954471,17.91519
32.54688,-22.72175,5.06029,18.04459,0,0,0,-22.61767,4.954471,17.91519
32.58021,-22.71546,5.056309,18.03236,0,0,0,-22.61767,4.954471,17.91519
32.61354,-22.69842,5.059919,18.0306,0,0,0,-22.61767,4.954471,17.91519
32.64688,-22.68029,5.06618,18.02935,0,0,0,-22.61767,4.954471,17.91519
32.68021,-22.65879,5.072742,18.02572,0,0,0,-22.61767,4.954471,17.91519
32.71354,-22.64628,5.076531,18.02125,0,0,0,-22.61767,4.954471,17.91519
32.74688,-22.63059,5.081571,18.0177,0,0,0,-22.61767,4.954471,17.91519
32.78021,-22.61662,5.083063,18.01748,0,0,0,-22.61767,4.954471,17.91519
32.81354,-22.6109,5.08296,18.01927,0,0,0,-22.61767,4.954471,17.91519
32.84687,-22.60372,5.083968,18.02694,0,0,0,-22.61767,4.954471,17.91519
32.88021,-22.59533,5.087018,18.03675,0,0,0,-22.61767,4.954471,17.91519
32.91354,-22.58823,5.089191,18.04585,0,0,0,-22.61767,4.954471,17.91519
32.94688,-22.58483,5.09057,18.05181,0,0,0,-22.61767,4.954471,17.91519
32.98021,-22.57922,5.092414,18.06485,0,0,0,-22.61767,4.954471,17.91519
33.01354,-22.57317,5.093397,18.08193,0,0,0,-22.61767,4.954471,17.91519
33.04688,-22.56882,5.094562,18.09614,0,0,0,-22.61767,4.954471,17.91519
33.08021,-22.56339,5.096461,18.11234,0,0,0,-22.61767,4.954471,17.91519
33.11354,-22.55717,5.098966,18.12503,0,0,0,-22.61767,4.954471,17.91519
33.14688,-22.5528,5.099801,18.13279,0,0,0,-22.61767,4.954471,17.91519
33.18021,-22.55182,5.10125,18.14125,0,0,0,-22.61767,4.954471,17.91519
33.21354,-22.54913,5.103234,18.14944,0,0,0,-22.61767,4.954471,17.91519
33.24688,-22.54576,5.103975,18.15391,0,0,0,-22.61767,4.954471,17.91519
33.28021,-22.54398,5.104475,18.16235,0,0,0,-22.61767,4.954471,17.91519
33.31354,-22.54209,5.10541,18.16948,0,0,0,-22.61767,4.954471,17.91519
33.34687,-22.54312,5.106343,18.17635,0,0,0,-22.61767,4.954471,17.91519
33.38021,-22.54507,5.107121,18.18177,0,0,0,-22.61767,4.954471,17.91519
33.41354,-22.54562,5.107873,18.18642,0,0,0,-22.61767,4.954471,17.91519
33.44688,-22.54911,5.108428,18.18892,0,0,0,-22.61767,4.954471,17.91519
33.48021,-22.55371,5.108536,18.19313,0,0,0,-22.61767,4.954471,17.91519
33.51354,-22.56294,5.108218,18.19408,0,0,0,-22.61767,4.954471,17.91519
33.54688,-22.57278,5.107842,18.19348,0,0,0,-22.61767,4.954471,17.91519
33.58021,-22.58133,5.107016,18.18655,0,0,0,-22.61767,4.954471,17.91519
33.61354,-22.58967,5.106665,18.18512,0,0,0,-22.61767,4.954471,17.91519
33.64688,-22.5976,5.104279,18.18075,0,0,0,-22.61767,4.954471,17.91519
33.68021,-22.60099,5.103498,18.17966,0,0,0,-22.61767,4.954471,17.91519
33.71354,-22.60401,5.103499,18.18113,0,0,0,-22.61767,4.954471,17.91519
33.74688,-22.60703,5.1038,18.18816,0,0,0,-22.61767,4.954471,17.91519
33.78021,-22.61154,5.104151,18.19592,0,0,0,-22.61767,4.954471,17.91519
33.81354,-22.61387,5.104489,18.20258,0,0,0,-22.61767,4.954471,17.91519
33.84687,-22.61625,5.104973,18.21109,0,0,0,-22.61767,4.954471,17.91519
33.88021,-22.61615,5.105877,18.21721,0,0,0,-22.61767,4.954471,17.91519
33.91354,-22.61783,5.10642,18.22536,0,0,0,-22.61767,4.954471,17.91519
33.94688,-22.61581,5.107455,18.23727,0,0,0,-22.61767,4.954471,17.91519
33.98021,-22.61311,5.108396,18.24698,0,0,0,-22.61767,4.954471,17.91519
34.01354,-22.60742,5.109388,18.25527,0,0,0,-22.61767,4.954471,17.91519
34.04688,-22.59752,5.110402,18.26153,0,0,0,-22.61767,4.954471,17.91519
34.08021,-22.59524,5.111363,18.26959,0,0,0,-22.61767,4.954471,17.91519
34.11354,-22.59145,5.112411,18.27695,0,0,0,-22.61767,4.954471,17.91519
34.14688,-22.58751,5.113097,18.28061,0,0,0,-22.61767,4.954471,17.91519
34.18021,-22.58041,5.113835,18.28279,0,0,0,-22.61767,4.954471,17.91519
34.21354,-22.57297,5.114975,18.28366,0,0,0,-22.61767,4.954471,17.91519
34.24688,-22.56477,5.115961,18.28235,0,0,0,-22.61767,4.954471,17.91519
34.28021,-22.55974,5.116319,18.28185,0,0,0,-22.61767,4.954471,17.91519
34.31354,-22.55473,5.116515,18.27957,0,0,0,-22.61767,4.954471,17.91519
34.34687,-22.55117,5.116683,18.27796,0,0,0,-22.61767,4.954471,17.91519
34.38021,-22.55126,5.116511,18.27858,0,0,0,-22.61767,4.954471,17.91519
34.41354,-22.55002,5.115478,18.27998,0,0,0,-22.61767,4.954471,17.91519
34.44688,-22.54758,5.113806,18.28405,0,0,0,-22.61767,4.954471,17.91519
34.48021,-22.54969,5.110888,18.29057,0,0,0,-22.61767,4.954471,17.91519
34.51354,-22.55268,5.109386,18.29744,0,0,0,-22.61767,4.954471,17.91519
34.54688,-22.55905,5.109463,18.3069,0,0,0,-22.61767,4.954471,17.91519
34.58021,-22.57139,5.109053,18.31388,0,0,0,-22.61767,4.954471,17.91519
34.61354,-22.58808,5.108915,18.32156,0,0,0,-22.61767,4.954471,17.91519
34.64688,-22.60271,5.10837,18.32852,0,0,0,-22.61767,4.954471,17.91519
34.68021,-22.6188,5.107653,18.33195,0,0,0,-22.61767,4.954471,17.91519
34.71354,-22.6287,5.107064,18.33264,0,0,0,-22.61767,4.954471,17.91519
34.74688,-22.64315,5.106213,18.33342,0,0,0,-22.61767,4.954471,17.91519
34.78021,-22.65598,5.1054,18.33343,0,0,0,-22.61767,4.954471,17.91519
34.81354,-22.66624,5.104239,18.32877,0,0,0,-22.61767,4.954471,17.91519
34.84687,-22.67751,5.102513,18.31911,0,0,0,-22.61767,4.954471,17.91519
34.88021,-22.68988,5.100403,18.3045,0,0,0,-22.61767,4.954471,17.91519
34.91354,-22.69989,5.098681,18.29064,0,0,0,-22.61767,4.954471,17.91519
34.94688,-22.70513,5.097766,18.28202,0,0,0,-22.61767,4.954471,17.91519
34.98021,-22.71026,5.096827,18.27156,0,0,0,-22.61767,4.954471,17.91519
35.01354,-22.71675,5.096412,18.2688,0,0,0,-22.61767,4.954471,17.91519
35.04688,-22.72074,5.095931,18.26324,0,0,0,-22.61767,4.954471,17.91519
35.08021,-22.72211,5.095999,18.25974,0,0,0,-22.61767,4.954471,17.91519
35.11354,-22.71977,5.095331,18.25461,0,0,0,-22.61767,4.954471,17.91519
35.14688,-22.7214,5.092487,18.24844,0,0,0,-22.61767,4.954471,17.91519
35.18021,-22.72413,5.090083,18.24155,0,0,0,-22.61767,4.954471,17.91519
35.21354,-22.72655,5.088835,18.23762,0,0,0,-22.61767,4.954471,17.91519
35.24688,-22.73007,5.088671,18.23545,0,0,0,-22.61767,4.954471,17.91519
35.28021,-22.73401,5.088367,18.22986,0,0,0,-22.61767,4.954471,17.91519
35.31354,-22.73672,5.088456,18.22511,0,0,0,-22.61767,4.954471,17.91519
35.34687,-22.73914,5.089215,18.22111,0,0,0,-22.61767,4.954471,17.91519
35.38021,-22.74533,5.089231,18.21417,0,0,0,-22.61767,4.954471,17.91519
35.41354,-22.75057,5.08857,18.21199,0,0,0,-22.61767,4.954471,17.91519
35.44688,-22.75055,5.08886,18.20976,0,0,0,-22.61767,4.954471,17.91519
35.48021,-22.74659,5.089655,18.20403,0,0,0,-22.61767,4.954471,17.91519
35.51354,-22.74538,5.089841,18.20029,0,0,0,-22.61767,4.954471,17.91519
35.54688,-22.74539,5.089399,18.19794,0,0,0,-22.61767,4.954471,17.91519
35.58021,-22.74616,5.089402,18.19115,0,0,0,-22.61767,4.954471,17.91519
35.61354,-22.74931,5.090228,18.18031,0,0,0,-22.61767,4.954471,17.91519
35.64688,-22.75044,5.090616,18.16781,0,0,0,-22.61767,4.954471,17.91519
35.68021,-22.75142,5.090823,18.15571,0,0,0,-22.61767,4.954471,17.91519
35.71354,-22.75537,5.091518,18.1474,0,0,0,-22.61767,4.954471,17.91519
35.74688,-22.75562,5.092711,18.13723,0,0,0,-22.61767,4.954471,17.91519
35.78021,-22.75093,5.093642,18.12615,0,0,0,-22.61767,4.954471,17.91519
35.81354,-22.74798,5.093739,18.11735,0,0,0,-22.61767,4.954471,17.91519
35.84687,-22.74384,5.09382,18.10701,0,0,0,-22.61767,4.954471,17.91519
35.88021,-22.74017,5.093899,18.08805,0,0,0,-22.61767,4.954471,17.91519
35.91354,-22.74014,5.094137,18.07853,0,0,0,-22.61767,4.954471,17.91519
35.94688,-22.74089,5.094678,18.07171,0,0,0,-22.61767,4.954471,17.91519
35.98021,-22.74434,5.09536,18.06234,0,0,0,-22.61767,4.954471,17.91519
36.01354,-22.74496,5.096118,18.05365,0,0,0,-22.61767,4.954471,17.91519
36.04688,-22.74876,5.098122,18.0438,0,0,0,-22.61767,4.954471,17.91519
36.08021,-22.75262,5.102006,18.02219,0,0,0,-22.61767,4.954471,17.91519
36.11354,-22.75307,5.10396,18.01461,0,0,0,-22.61767,4.954471,17.91519
36.14688,-22.75487,5.104955,18.00768,0,0,0,-22.61767,4.954471,17.91519
36.18021,-22.75634,5.105005,18.0064,0,0,0,-22.61767,4.954471,17.91519
36.21354,-22.75397,5.105984,17.99954,0,0,0,-22.61767,4.954471,17.91519
36.24688,-22.75283,5.10675,17.99627,0,0,0,-22.61767,4.954471,17.91519
36.28021,-22.7537,5.107294,17.99243,0,0,0,-22.61767,4.954471,17.91519
36.31354,-22.75325,5.108066,17.98947,0,0,0,-22.61767,4.954471,17.91519
36.34688,-22.75527,5.109484,17.98474,0,0,0,-22.61767,4.954471,17.91519
36.38021,-22.75839,5.109926,17.98181,0,0,0,-22.61767,4.954471,17.91519
36.41354,-22.7615,5.109682,17.98298,0,0,0,-22.61767,4.954471,17.91519
36.44688,-22.76425,5.10998,17.98047,0,0,0,-22.61767,4.954471,17.91519
36.48021,-22.76841,5.109922,17.98153,0,0,0,-22.61767,4.954471,17.91519
36.51354,-22.77168,5.109989,17.98231,0,0,0,-22.61767,4.954471,17.91519
36.54688,-22.77435,5.109337,17.98262,0,0,0,-22.61767,4.954471,17.91519
36.58021,-22.77427,5.109549,17.98077,0,0,0,-22.61767,4.954471,17.91519
36.61354,-22.77496,5.110265,17.97699,0,0,0,-22.61767,4.954471,17.91519
36.64688,-22.7758,5.111276,17.97281,0,0,0,-22.61767,4.954471,17.91519
36.68021,-22.77786,5.112761,17.96812,0,0,0,-22.61767,4.954471,17.91519
36.71354,-22.77785,5.114637,17.95957,0,0,0,-22.61767,4.954471,17.91519
36.74688,-22.77835,5.115349,17.95436,0,0,0,-22.61767,4.954471,17.91519
36.78021,-22.77729,5.116187,17.94856,0,0,0,-22.61767,4.954471,17.91519
36.81354,-22.77664,5.117221,17.94237,0,0,0,-22.61767,4.954471,17.91519
36.84688,-22.77311,5.118576,17.93385,0,0,0,-22.61767,4.954471,17.91519
36.88021,-22.76975,5.120268,17.92492,0,0,0,-22.61767,4.954471,17.91519
36.91354,-22.76315,5.122552,17.91394,0,0,0,-22.61767,4.954471,17.91519
36.94688,-22.75384,5.125644,17.89712,0,0,0,-22.61767,4.954471,17.91519
36.98021,-22.74511,5.128014,17.88466,0,0,0,-22.61767,4.954471,17.91519
37.01354,-22.73905,5.130157,17.87453,0,0,0,-22.61767,4.954471,17.91519
37.04688,-22.73148,5.132215,17.86563,0,0,0,-22.61767,4.954471,17.91519
37.08021,-22.72616,5.133151,17.85931,0,0,0,-22.61767,4.954471,17.91519
37.11354,-22.72742,5.133803,17.85629,0,0,0,-22.61767,4.954471,17.91519
37.14688,-22.72754,5.135716,17.84988,0,0,0,-22.61767,4.954471,17.91519
37.18021,-22.72696,5.137443,17.84264,0,0,0,-22.61767,4.954471,17.91519
37.21354,-22.72822,5.138135,17.83963,0,0,0,-22.61767,4.954471,17.91519
37.24688,-22.72817,5.138627,17.83546,0,0,0,-22.61767,4.954471,17.91519
37.28021,-22.73093,5.13844,17.83669,0,0,0,-22.61767,4.954471,17.91519
37.31354,-22.73248,5.139337,17.83403,0,0,0,-22.61767,4.954471,17.91519
37.34688,-22.73708,5.13915,17.8362,0,0,0,-22.61767,4.954471,17.91519
37.38021,-22.73707,5.138795,17.83802,0,0,0,-22.61767,4.954471,17.91519
37.41354,-22.74028,5.137464,17.83995,0,0,0,-22.61767,4.954471,17.91519
37.44688,-22.74195,5.135964,17.8431,0,0,0,-22.61767,4.954471,17.91519
37.48021,-22.74814,5.134204,17.85093,0,0,0,-22.61767,4.954471,17.91519
37.51354,-22.74969,5.133686,17.85334,0,0,0,-22.61767,4.954471,17.91519
37.54688,-22.75235,5.132946,17.85746,0,0,0,-22.61767,4.954471,17.91519
37.58021,-22.75391,5.13244,17.85987,0,0,0,-22.61767,4.954471,17.91519
37.61354,-22.75546,5.132275,17.86046,0,0,0,-22.61767,4.954471,17.91519
37.64688,-22.7564,5.131775,17.86257,0,0,0,-22.61767,4.954471,17.91519
37.68021,-22.75541,5.130375,17.86687,0,0,0,-22.61767,4.954471,17.91519
37.71354,-22.7564,5.128345,17.86881,0,0,0,-22.61767,4.954471,17.91519
37.74688,-22.7578,5.12705,17.86979,0,0,0,-22.61767,4.954471,17.91519
37.78021,-22.75835,5.125837,17.87286,0,0,0,-22.61767,4.954471,17.91519
37.81354,-22.75835,5.125836,17.87286,0,0,0,-22.61767,4.954471,17.91519
37.84688,-22.75835,5.125837,17.87286,0,0,0,-22.61767,4.954471,17.91519
37.88021,-22.75857,5.125432,17.8723,0,0,0,-22.61767,4.954471,17.91519
37.91354,-22.75857,5.125432,17.8723,0,0,0,-22.61767,4.954471,17.91519
37.94688,-22.75968,5.125238,17.87401,0,0,0,-22.61767,4.954471,17.91519
37.98021,-22.75951,5.126323,17.86998,0,0,0,-22.61767,4.954471,17.91519
38.01354,-22.7612,5.126779,17.86835,0,0,0,-22.61767,4.954471,17.91519
38.04688,-22.7618,5.12744,17.86501,0,0,0,-22.61767,4.954471,17.91519
38.08021,-22.7618,5.127773,17.86318,0,0,0,-22.61767,4.954471,17.91519
38.11354,-22.76418,5.127555,17.8617,0,0,0,-22.61767,4.954471,17.91519
38.14688,-22.76473,5.126863,17.86033,0,0,0,-22.61767,4.954471,17.91519
38.18021,-22.76677,5.127751,17.85709,0,0,0,-22.61767,4.954471,17.91519
38.21354,-22.76896,5.129256,17.85164,0,0,0,-22.61767,4.954471,17.91519
38.24688,-22.77105,5.130664,17.84643,0,0,0,-22.61767,4.954471,17.91519
38.28021,-22.77275,5.131338,17.84385,0,0,0,-22.61767,4.954471,17.91519
38.31354,-22.77267,5.131355,17.84381,0,0,0,-22.61767,4.954471,17.91519
38.34688,-22.77245,5.131097,17.84404,0,0,0,-22.61767,4.954471,17.91519
38.38021,-22.77221,5.130786,17.84381,0,0,0,-22.61767,4.954471,17.91519
38.41354,-22.77221,5.130684,17.84362,0,0,0,-22.61767,4.954471,17.91519
38.44688,-22.77185,5.130228,17.84332,0,0,0,-22.61767,4.954471,17.91519
38.48021,-22.77052,5.129239,17.84512,0,0,0,-22.61767,4.954471,17.91519
38.51354,-22.76927,5.12826,17.84534,0,0,0,-22.61767,4.954471,17.91519
38.54688,-22.76788,5.126776,17.84694,0,0,0,-22.61767,4.954471,17.91519
38.58021,-22.76727,5.126776,17.84664,0,0,0,-22.61767,4.954471,17.91519
38.61354,-22.76665,5.126434,17.84815,0,0,0,-22.61767,4.954471,17.91519
38.64688,-22.76526,5.124955,17.84975,0,0,0,-22.61767,4.954471,17.91519
38.68021,-22.76672,5.122128,17.85055,0,0,0,-22.61767,4.954471,17.91519
38.71354,-22.7651,5.120723,17.85453,0,0,0,-22.61767,4.954471,17.91519
38.74688,-22.7654,5.118783,17.85378,0,0,0,-22.61767,4.954471,17.91519
38.78021,-22.76525,5.117648,17.85416,0,0,0,-22.61767,4.954471,17.91519
38.81354,-22.76664,5.116364,17.85514,0,0,0,-22.61767,4.954471,17.91519
38.84688,-22.76478,5.114244,17.8553,0,0,0,-22.61767,4.954471,17.91519
38.88021,-22.76447,5.111975,17.85606,0,0,0,-22.61767,4.954471,17.91519
38.91354,-22.76464,5.110045,17.86007,0,0,0,-22.61767,4.954471,17.91519
38.94688,-22.76341,5.109402,17.86311,0,0,0,-22.61767,4.954471,17.91519
38.98021,-22.7628,5.109086,17.86462,0,0,0,-22.61767,4.954471,17.91519
39.01354,-22.76218,5.10877,17.86614,0,0,0,-22.61767,4.954471,17.91519
39.04688,-22.7628,5.109086,17.86462,0,0,0,-22.61767,4.954471,17.91519
39.08021,-22.76218,5.10877,17.86614,0,0,0,-22.61767,4.954471,17.91519
39.11354,-22.7639,5.108903,17.86634,0,0,0,-22.61767,4.954471,17.91519
39.14688,-22.7639,5.108903,17.86634,0,0,0,-22.61767,4.954471,17.91519
39.18021,-22.7639,5.108903,17.86634,0,0,0,-22.61767,4.954471,17.91519
39.21354,-22.76452,5.108903,17.86664,0,0,0,-22.61767,4.954471,17.91519
39.24688,-22.76513,5.109219,17.86512,0,0,0,-22.61767,4.954471,17.91519
39.28021,-22.76591,5.109815,17.8632,0,0,0,-22.61767,4.954471,17.91519
39.31354,-22.76652,5.110136,17.86168,0,0,0,-22.61767,4.954471,17.91519
39.34688,-22.76713,5.110457,17.86016,0,0,0,-22.61767,4.954471,17.91519
39.38021,-22.76869,5.110313,17.86075,0,0,0,-22.61767,4.954471,17.91519
39.41354,-22.7693,5.110638,17.85924,0,0,0,-22.61767,4.954471,17.91519
39.44688,-22.76852,5.111386,17.85672,0,0,0,-22.61767,4.954471,17.91519
39.48021,-22.77007,5.111242,17.85732,0,0,0,-22.61767,4.954471,17.91519
39.51354,-22.7713,5.1119,17.85428,0,0,0,-22.61767,4.954471,17.91519
39.54688,-22.7713,5.1119,17.85428,0,0,0,-22.61767,4.954471,17.91519
39.58021,-22.76975,5.112044,17.85369,0,0,0,-22.61767,4.954471,17.91519
39.61354,-22.7713,5.1119,17.85428,0,0,0,-22.61767,4.954471,17.91519
39.64688,-22.77191,5.112232,17.85277,0,0,0,-22.61767,4.954471,17.91519
39.68021,-22.7713,5.1119,17.85428,0,0,0,-22.61767,4.954471,17.91519
39.71354,-22.77036,5.112375,17.85217,0,0,0,-22.61767,4.954471,17.91519
39.74688,-22.7713,5.1119,17.85428,0,0,0,-22.61767,4.954471,17.91519
39.78021,-22.77169,5.112634,17.85333,0,0,0,-22.61767,4.954471,17.91519
39.81354,-22.77229,5.113304,17.85,0,0,0,-22.61767,4.954471,17.91519
39.84688,-22.77229,5.113304,17.85,0,0,0,-22.61767,4.954471,17.91519
39.88021,-22.77136,5.113785,17.84789,0,0,0,-22.61767,4.954471,17.91519
39.91354,-22.77291,5.11364,17.84849,0,0,0,-22.61767,4.954471,17.91519
39.94688,-22.77291,5.11364,17.84849,0,0,0,-22.61767,4.954471,17.91519
39.98021,-22.77213,5.113361,17.84859,0,0,0,-22.61767,4.954471,17.91519
40.01354,-22.77151,5.113024,17.85011,0,0,0,-22.61767,4.954471,17.91519
40.04688,-22.77213,5.113361,17.84859,0,0,0,-22.61767,4.954471,17.91519
40.08021,-22.77151,5.113024,17.85011,0,0,0,-22.61767,4.954471,17.91519
40.11354,-22.77151,5.113024,17.85011,0,0,0,-22.61767,4.954471,17.91519
40.14688,-22.7709,5.112689,17.85162,0,0,0,-22.61767,4.954471,17.91519
40.18021,-22.76997,5.112832,17.85133,0,0,0,-22.61767,4.954471,17.91519
40.21354,-22.77058,5.113168,17.84981,0,0,0,-22.61767,4.954471,17.91519
40.24688,-22.76903,5.113314,17.84921,0,0,0,-22.61767,4.954471,17.91519
40.28021,-22.76941,5.114051,17.84827,0,0,0,-22.61767,4.954471,17.91519
40.31354,-22.77003,5.114389,17.84675,0,0,0,-22.61767,4.954471,17.91519
40.34688,-22.77158,5.114244,17.84735,0,0,0,-22.61767,4.954471,17.91519
40.38021,-22.76996,5.115067,17.84692,0,0,0,-22.61767,4.954471,17.91519
40.41354,-22.76964,5.115899,17.84329,0,0,0,-22.61767,4.954471,17.91519
40.44688,-22.77041,5.11513,17.84581,0,0,0,-22.61767,4.954471,17.91519
40.48021,-22.77041,5.115129,17.84581,0,0,0,-22.61767,4.954471,17.91519
40.51354,-22.77041,5.11513,17.84581,0,0,0,-22.61767,4.954471,17.91519
40.54688,-22.7698,5.114788,17.84732,0,0,0,-22.61767,4.954471,17.91519
40.58021,-22.76763,5.114937,17.84643,0,0,0,-22.61767,4.954471,17.91519
40.61354,-22.76298,5.115393,17.84464,0,0,0,-22.61767,4.954471,17.91519
40.64688,-22.76081,5.115211,17.84556,0,0,0,-22.61767,4.954471,17.91519
40.68021,-22.75616,5.115692,17.84378,0,0,0,-22.61767,4.954471,17.91519
40.71354,-22.75399,5.11552,17.8447,0,0,0,-22.61767,4.954471,17.91519
40.74688,-22.74811,5.115029,17.84778,0,0,0,-22.61767,4.954471,17.91519
40.78021,-22.74316,5.114398,17.85114,0,0,0,-22.61767,4.954471,17.91519
40.81354,-22.74255,5.114076,17.85266,0,0,0,-22.61767,4.954471,17.91519
40.84688,-22.741,5.114254,17.85208,0,0,0,-22.61767,4.954471,17.91519
40.88021,-22.73821,5.113795,17.85453,0,0,0,-22.61767,4.954471,17.91519
40.91354,-22.73699,5.115068,17.85499,0,0,0,-22.61767,4.954471,17.91519
40.94688,-22.73761,5.115067,17.8553,0,0,0,-22.61767,4.954471,17.91519
40.98021,-22.73933,5.114852,17.85732,0,0,0,-22.61767,4.954471,17.91519
41.01354,-22.73839,5.115347,17.85521,0,0,0,-22.61767,4.954471,17.91519
41.04688,-22.74055,5.115483,17.85427,0,0,0,-22.61767,4.954471,17.91519
41.08021,-22.74055,5.115483,17.85427,0,0,0,-22.61767,4.954471,17.91519
41.11354,-22.73972,5.114723,17.85634,0,0,0,-22.61767,4.954471,17.91519
41.14688,-22.73996,5.114002,17.85761,0,0,0,-22.61767,4.954471,17.91519
41.18021,-22.73996,5.114002,17.85761,0,0,0,-22.61767,4.954471,17.91519
41.21354,-22.73911,5.114099,17.8597,0,0,0,-22.61767,4.954471,17.91519
41.24688,-22.73889,5.114508,17.86027,0,0,0,-22.61767,4.954471,17.91519
41.28021,-22.7406,5.114607,17.86045,0,0,0,-22.61767,4.954471,17.91519
41.31354,-22.7406,5.114607,17.86045,0,0,0,-22.61767,4.954471,17.91519
41.34688,-22.74277,5.114739,17.85952,0,0,0,-22.61767,4.954471,17.91519
41.38021,-22.74215,5.114429,17.86104,0,0,0,-22.61767,4.954471,17.91519
41.41354,-22.74215,5.114429,17.86104,0,0,0,-22.61767,4.954471,17.91519
41.44688,-22.74456,5.113846,17.86137,0,0,0,-22.61767,4.954471,17.91519
41.48021,-22.7434,5.114429,17.86166,0,0,0,-22.61767,4.954471,17.91519
41.51354,-22.74589,5.11566,17.86177,0,0,0,-22.61767,4.954471,17.91519
41.54688,-22.74571,5.117588,17.85776,0,0,0,-22.61767,4.954471,17.91519
41.58021,-22.74731,5.118948,17.85376,0,0,0,-22.61767,4.954471,17.91519
41.61354,-22.74853,5.119592,17.85072,0,0,0,-22.61767,4.954471,17.91519
41.64688,-22.75009,5.119418,17.85131,0,0,0,-22.61767,4.954471,17.91519
41.68021,-22.75086,5.12002,17.84939,0,0,0,-22.61767,4.954471,17.91519
41.71354,-22.75086,5.12002,17.84939,0,0,0,-22.61767,4.954471,17.91519
41.74688,-22.75086,5.12002,17.84939,0,0,0,-22.61767,4.954471,17.91519
41.78021,-22.74986,5.118967,17.85186,0,0,0,-22.61767,4.954471,17.91519
41.81354,-22.74925,5.118645,17.85338,0,0,0,-22.61767,4.954471,17.91519
41.84688,-22.74849,5.117194,17.85528,0,0,0,-22.61767,4.954471,17.91519
41.88021,-22.7475,5.116154,17.85775,0,0,0,-22.61767,4.954471,17.91519
41.91354,-22.74628,5.115529,17.8608,0,0,0,-22.61767,4.954471,17.91519
41.94688,-22.74629,5.11522,17.86263,0,0,0,-22.61767,4.954471,17.91519
41.98021,-22.74629,5.11522,17.86263,0,0,0,-22.61767,4.954471,17.91519
42.01354,-22.746,5.115467,17.86335,0,0,0,-22.61767,4.954471,17.91519
42.04688,-22.7454,5.115162,17.86487,0,0,0,-22.61767,4.954471,17.91519
42.08021,-22.74556,5.115439,17.86447,0,0,0,-22.61767,4.954471,17.91519
42.11354,-22.7496,5.115954,17.8633,0,0,0,-22.61767,4.954471,17.91519
42.14688,-22.75242,5.11689,17.86258,0,0,0,-22.61767,4.954471,17.91519
42.18021,-22.7529,5.117718,17.86136,0,0,0,-22.61767,4.954471,17.91519
42.21354,-22.75351,5.118025,17.85984,0,0,0,-22.61767,4.954471,17.91519
42.24688,-22.75489,5.118923,17.85639,0,0,0,-22.61767,4.954471,17.91519
42.28021,-22.75606,5.118036,17.85793,0,0,0,-22.61767,4.954471,17.91519
42.31354,-22.7569,5.117941,17.85583,0,0,0,-22.61767,4.954471,17.91519
42.34688,-22.75914,5.116556,17.85471,0,0,0,-22.61767,4.954471,17.91519
42.38021,-22.76113,5.113266,17.85155,0,0,0,-22.61767,4.954471,17.91519
42.41354,-22.76411,5.106763,17.85305,0,0,0,-22.61767,4.954471,17.91519
42.44688,-22.76546,5.102818,17.85417,0,0,0,-22.61767,4.954471,17.91519
42.48021,-22.76722,5.099906,17.85873,0,0,0,-22.61767,4.954471,17.91519
42.51354,-22.7671,5.098475,17.86092,0,0,0,-22.61767,4.954471,17.91519
42.54688,-22.76767,5.097304,17.86398,0,0,0,-22.61767,4.954471,17.91519
42.58021,-22.76746,5.096867,17.86452,0,0,0,-22.61767,4.954471,17.91519
42.61354,-22.76841,5.096417,17.86663,0,0,0,-22.61767,4.954471,17.91519
42.64688,-22.76873,5.094476,17.86584,0,0,0,-22.61767,4.954471,17.91519
42.68021,-22.76867,5.091825,17.866,0,0,0,-22.61767,4.954471,17.91519
42.71354,-22.76816,5.089997,17.86731,0,0,0,-22.61767,4.954471,17.91519
42.74688,-22.76937,5.0883,17.8688,0,0,0,-22.61767,4.954471,17.91519
42.78021,-22.76876,5.088005,17.87032,0,0,0,-22.61767,4.954471,17.91519
42.81354,-22.76923,5.087183,17.86916,0,0,0,-22.61767,4.954471,17.91519
42.84688,-22.76962,5.087046,17.86817,0,0,0,-22.61767,4.954471,17.91519
42.88021,-22.76885,5.086918,17.86561,0,0,0,-22.61767,4.954471,17.91519
42.91354,-22.77136,5.084288,17.86381,0,0,0,-22.61767,4.954471,17.91519
42.94688,-22.77341,5.080446,17.85867,0,0,0,-22.61767,4.954471,17.91519
42.98021,-22.77598,5.07659,17.85224,0,0,0,-22.61767,4.954471,17.91519
43.01354,-22.77734,5.073987,17.84883,0,0,0,-22.61767,4.954471,17.91519
43.04688,-22.77753,5.07125,17.84652,0,0,0,-22.61767,4.954471,17.91519
43.08021,-22.77798,5.067801,17.84543,0,0,0,-22.61767,4.954471,17.91519
43.11354,-22.77757,5.064756,17.84464,0,0,0,-22.61767,4.954471,17.91519
43.14688,-22.7767,5.06252,17.84502,0,0,0,-22.61767,4.954471,17.91519
43.18021,-22.77582,5.060595,17.84358,0,0,0,-22.61767,4.954471,17.91519
43.21354,-22.77471,5.058766,17.84455,0,0,0,-22.61767,4.954471,17.91519
43.24688,-22.77444,5.056842,17.8434,0,0,0,-22.61767,4.954471,17.91519
43.28021,-22.77333,5.055323,17.84253,0,0,0,-22.61767,4.954471,17.91519
43.31354,-22.7738,5.051883,17.84141,0,0,0,-22.61767,4.954471,17.91519
43.34688,-22.77293,5.049962,17.83995,0,0,0,-22.61767,4.954471,17.91519
43.38021,-22.77231,5.04733,17.83971,0,0,0,-22.61767,4.954471,17.91519
43.41354,-22.77206,5.045411,17.83855,0,0,0,-22.61767,4.954471,17.91519
43.44688,-22.77242,5.043494,17.83767,0,0,0,-22.61767,4.954471,17.91519
43.48021,-22.77327,5.040774,17.8356,0,0,0,-22.61767,4.954471,17.91519
43.51354,-22.77424,5.039173,17.83319,0,0,0,-22.61767,4.954471,17.91519
43.54688,-22.7733,5.034378,17.83116,0,0,0,-22.61767,4.954471,17.91519
43.58021,-22.77036,5.029412,17.8252,0,0,0,-22.61767,4.954471,17.91519
43.61354,-22.76757,5.025539,17.82518,0,0,0,-22.61767,4.954471,17.91519
43.64688,-22.76563,5.023202,17.82563,0,0,0,-22.61767,4.954471,17.91519
43.68021,-22.76121,5.022097,17.826,0,0,0,-22.61767,4.954471,17.91519
43.71354,-22.7569,5.021807,17.82789,0,0,0,-22.61767,4.954471,17.91519
43.74688,-22.7538,5.022141,17.82674,0,0,0,-22.61767,4.954471,17.91519
43.78021,-22.75165,5.022006,17.82769,0,0,0,-22.61767,4.954471,17.91519
43.81354,-22.75009,5.02218,17.82711,0,0,0,-22.61767,4.954471,17.91519
43.84688,-22.74819,5.021648,17.82746,0,0,0,-22.61767,4.954471,17.91519
43.88021,-22.74509,5.022005,17.82631,0,0,0,-22.61767,4.954471,17.91519
43.91354,-22.74414,5.022186,17.82604,0,0,0,-22.61767,4.954471,17.91519
43.94688,-22.74354,5.021883,17.82757,0,0,0,-22.61767,4.954471,17.91519
43.98021,-22.74165,5.022554,17.82521,0,0,0,-22.61767,4.954471,17.91519
44.01354,-22.7426,5.022066,17.82731,0,0,0,-22.61767,4.954471,17.91519
44.04688,-22.7426,5.022066,17.82731,0,0,0,-22.61767,4.954471,17.91519
44.08021,-22.74045,5.021949,17.82827,0,0,0,-22.61767,4.954471,17.91519
44.11354,-22.742,5.021765,17.82884,0,0,0,-22.61767,4.954471,17.91519
44.14688,-22.73985,5.021651,17.8298,0,0,0,-22.61767,4.954471,17.91519
44.18021,-22.73806,5.020765,17.83439,0,0,0,-22.61767,4.954471,17.91519
44.21354,-22.73746,5.020474,17.83592,0,0,0,-22.61767,4.954471,17.91519
44.24688,-22.73962,5.020289,17.83681,0,0,0,-22.61767,4.954471,17.91519
44.28021,-22.73964,5.02,17.83865,0,0,0,-22.61767,4.954471,17.91519
44.31354,-22.73749,5.019898,17.83961,0,0,0,-22.61767,4.954471,17.91519
44.34688,-22.73826,5.02017,17.83952,0,0,0,-22.61767,4.954471,17.91519
44.38021,-22.73922,5.0197,17.84162,0,0,0,-22.61767,4.954471,17.91519
44.41354,-22.73983,5.0197,17.84193,0,0,0,-22.61767,4.954471,17.91519
44.44688,-22.74043,5.019985,17.8404,0,0,0,-22.61767,4.954471,17.91519
44.48021,-22.74129,5.019578,17.8401,0,0,0,-22.61767,4.954471,17.91519
44.51354,-22.74214,5.01917,17.8398,0,0,0,-22.61767,4.954471,17.91519
44.54688,-22.74298,5.01905,17.83766,0,0,0,-22.61767,4.954471,17.91519
44.58021,-22.745,5.017904,17.83712,0,0,0,-22.61767,4.954471,17.91519
44.61354,-22.74865,5.018691,17.83422,0,0,0,-22.61767,4.954471,17.91519
44.64688,-22.75141,5.018807,17.83356,0,0,0,-22.61767,4.954471,17.91519
44.68021,-22.7557,5.019047,17.83163,0,0,0,-22.61767,4.954471,17.91519
44.71354,-22.75784,5.019175,17.83067,0,0,0,-22.61767,4.954471,17.91519
44.74688,-22.75784,5.019176,17.83067,0,0,0,-22.61767,4.954471,17.91519
44.78021,-22.7594,5.019003,17.83124,0,0,0,-22.61767,4.954471,17.91519
44.81354,-22.7594,5.019003,17.83124,0,0,0,-22.61767,4.954471,17.91519
44.84688,-22.75924,5.018732,17.83165,0,0,0,-22.61767,4.954471,17.91519
44.88021,-22.75854,5.017329,17.83349,0,0,0,-22.61767,4.954471,17.91519
44.91354,-22.75939,5.01576,17.8359,0,0,0,-22.61767,4.954471,17.91519
44.94688,-22.76014,5.013096,17.83862,0,0,0,-22.61767,4.954471,17.91519
44.98021,-22.76519,5.009268,17.84396,0,0,0,-22.75702,4.916501,17.81904
45.01354,-22.76675,5.007699,17.8491,0,0,0,-22.75702,4.916501,17.81904
45.04688,-22.76771,5.007268,17.85121,0,0,0,-22.75702,4.916501,17.81904
45.08021,-22.76807,5.006564,17.85485,0,0,0,-22.75702,4.916501,17.81904
45.11354,-22.76962,5.006416,17.85542,0,0,0,-22.75702,4.916501,17.81904
45.14688,-22.76894,5.006825,17.85717,0,0,0,-22.75702,4.916501,17.81904
45.18021,-22.76393,5.007975,17.8518,0,0,0,-22.75702,4.916501,17.81904
45.21354,-22.76142,5.008566,17.84912,0,0,0,-22.75702,4.916501,17.81904
45.24688,-22.75951,5.009451,17.84491,0,0,0,-22.75702,4.916501,17.81904
45.28021,-22.75915,5.010184,17.84128,0,0,0,-22.75702,4.916501,17.81904
45.31354,-22.75803,5.010366,17.83958,0,0,0,-22.75702,4.916501,17.81904
45.34688,-22.76005,5.010839,17.83437,0,0,0,-22.75702,4.916501,17.81904
45.38021,-22.76221,5.010672,17.83524,0,0,0,-22.75702,4.916501,17.81904
45.41354,-22.76307,5.011434,17.83222,0,0,0,-22.75702,4.916501,17.81904
45.44688,-22.76704,5.011568,17.83216,0,0,0,-22.75702,4.916501,17.81904
45.48021,-22.77198,5.011241,17.83419,0,0,0,-22.75702,4.916501,17.81904
45.51354,-22.77787,5.010766,17.83648,0,0,0,-22.75702,4.916501,17.81904
45.54688,-22.78164,5.009858,17.84157,0,0,0,-22.75702,4.916501,17.81904
45.58021,-22.79012,5.008246,17.85018,0,0,0,-22.75702,4.916501,17.81904
45.61354,-22.798,5.006703,17.85849,0,0,0,-22.75702,4.916501,17.81904
45.64688,-22.80793,5.005384,17.86338,0,0,0,-22.75702,4.916501,17.81904
45.68021,-22.82003,5.001693,17.86728,0,0,0,-22.75702,4.916501,17.81904
45.71354,-22.83591,4.995297,17.87252,0,0,0,-22.75702,4.916501,17.81904
45.74688,-22.8481,4.989963,17.87536,0,0,0,-22.75702,4.916501,17.81904
45.78021,-22.85908,4.985957,17.88223,0,0,0,-22.75702,4.916501,17.81904
45.81355,-22.86682,4.983651,17.88829,0,0,0,-22.75702,4.916501,17.81904
45.84688,-22.87161,4.981936,17.89637,0,0,0,-22.75702,4.916501,17.81904
45.88021,-22.87641,4.98126,17.90168,0,0,0,-22.75702,4.916501,17.81904
45.91354,-22.87832,4.981229,17.90595,0,0,0,-22.75702,4.916501,17.81904
45.94688,-22.88061,4.981574,17.91214,0,0,0,-22.75702,4.916501,17.81904
45.98021,-22.88489,4.981544,17.91598,0,0,0,-22.75702,4.916501,17.81904
46.01354,-22.89081,4.980496,17.91922,0,0,0,-22.75702,4.916501,17.81904
46.04688,-22.89399,4.980627,17.92262,0,0,0,-22.75702,4.916501,17.81904
46.08021,-22.89752,4.981074,17.92407,0,0,0,-22.75702,4.916501,17.81904
46.11354,-22.8992,4.981151,17.92517,0,0,0,-22.75702,4.916501,17.81904
46.14688,-22.90393,4.979547,17.92524,0,0,0,-22.75702,4.916501,17.81904
46.18021,-22.91141,4.974803,17.92579,0,0,0,-22.75702,4.916501,17.81904
46.21354,-22.91429,4.973656,17.92871,0,0,0,-22.75702,4.916501,17.81904
46.24688,-22.92212,4.971855,17.93413,0,0,0,-22.75702,4.916501,17.81904
46.28021,-22.92648,4.970483,17.93957,0,0,0,-22.75702,4.916501,17.81904
46.31355,-22.9298,4.969663,17.94367,0,0,0,-22.75702,4.916501,17.81904
46.34688,-22.93059,4.969398,17.94446,0,0,0,-22.75702,4.916501,17.81904
46.38021,-22.93372,4.968391,17.94916,0,0,0,-22.75702,4.916501,17.81904
46.41354,-22.9343,4.96792,17.95292,0,0,0,-22.75702,4.916501,17.81904
46.44688,-22.93448,4.967851,17.95202,0,0,0,-22.75702,4.916501,17.81904
46.48021,-22.93483,4.9677,17.95281,0,0,0,-22.75702,4.916501,17.81904
46.51354,-22.93502,4.967601,17.9533,0,0,0,-22.75702,4.916501,17.81904
46.54688,-22.93588,4.96712,17.95543,0,0,0,-22.75702,4.916501,17.81904
46.58021,-22.94081,4.965235,17.95622,0,0,0,-22.75702,4.916501,17.81904
46.61354,-22.94352,4.964371,17.95394,0,0,0,-22.75702,4.916501,17.81904
46.64688,-22.94876,4.962237,17.95244,0,0,0,-22.75702,4.916501,17.81904
46.68021,-22.9505,4.961335,17.9528,0,0,0,-22.75702,4.916501,17.81904
46.71354,-22.95218,4.960908,17.95066,0,0,0,-22.75702,4.916501,17.81904
46.74688,-22.95434,4.959974,17.95094,0,0,0,-22.75702,4.916501,17.81904
46.78021,-22.95697,4.958887,17.95014,0,0,0,-22.75702,4.916501,17.81904
46.81355,-22.96,4.958084,17.94554,0,0,0,-22.75702,4.916501,17.81904
46.84688,-22.96847,4.95311,17.9443,0,0,0,-22.75702,4.916501,17.81904
46.88021,-22.97174,4.952772,17.93692,0,0,0,-22.75702,4.916501,17.81904
46.91354,-22.97393,4.952945,17.9317,0,0,0,-22.75702,4.916501,17.81904
46.94688,-22.97737,4.952831,17.92856,0,0,0,-22.75702,4.916501,17.81904
46.98021,-22.97812,4.953053,17.93647,0,0,0,-22.75702,4.916501,17.81904
47.01354,-22.97671,4.954253,17.94685,0,0,0,-22.75702,4.916501,17.81904
47.04688,-22.97736,4.960839,17.95872,0,0,0,-22.75702,4.916501,17.81904
47.08021,-22.97478,4.976292,17.96932,0,0,0,-22.75702,4.916501,17.81904
47.11354,-22.9683,4.987529,17.97539,0,0,0,-22.75702,4.916501,17.81904
47.14688,-22.96415,4.996249,17.97663,0,0,0,-22.75702,4.916501,17.81904
47.18021,-22.9616,5.004397,17.97523,0,0,0,-22.75702,4.916501,17.81904
47.21354,-22.9597,5.009138,17.97262,0,0,0,-22.75702,4.916501,17.81904
47.24688,-22.95981,5.012237,17.96917,0,0,0,-22.75702,4.916501,17.81904
47.28021,-22.95994,5.014821,17.96793,0,0,0,-22.75702,4.916501,17.81904
47.31355,-22.9609,5.015208,17.96639,0,0,0,-22.75702,4.916501,17.81904
47.34688,-22.9638,5.014911,17.96654,0,0,0,-22.75702,4.916501,17.81904
47.38021,-22.96657,5.014613,17.96938,0,0,0,-22.75702,4.916501,17.81904
47.41354,-22.9706,5.014732,17.97058,0,0,0,-22.75702,4.916501,17.81904
47.44688,-22.97428,5.01487,17.97291,0,0,0,-22.75702,4.916501,17.81904
47.48021,-22.97916,5.013215,17.97849,0,0,0,-22.75702,4.916501,17.81904
47.51354,-22.98378,5.012399,17.9826,0,0,0,-22.75702,4.916501,17.81904
47.54688,-22.99002,5.011735,17.9896,0,0,0,-22.75702,4.916501,17.81904
47.58021,-22.99714,5.011602,17.99463,0,0,0,-22.75702,4.916501,17.81904
47.61354,-23.00093,5.011526,18.00263,0,0,0,-22.75702,4.916501,17.81904
47.64688,-23.0068,5.011794,18.01204,0,0,0,-22.75702,4.916501,17.81904
47.68021,-23.01006,5.011959,18.01953,0,0,0,-22.75702,4.916501,17.81904
47.71354,-23.0154,5.012372,18.02589,0,0,0,-22.75702,4.916501,17.81904
47.74688,-23.01926,5.013882,18.03144,0,0,0,-22.75702,4.916501,17.81904
47.78021,-23.02389,5.014689,18.03697,0,0,0,-22.75702,4.916501,17.81904
47.81355,-23.02824,5.014739,18.0436,0,0,0,-22.75702,4.916501,17.81904
47.84688,-23.03064,5.015073,18.04922,0,0,0,-22.75702,4.916501,17.81904
47.88021,-23.03531,5.013626,18.0556,0,0,0,-22.75702,4.916501,17.81904
47.91354,-23.03796,5.011595,18.06656,0,0,0,-22.75702,4.916501,17.81904
47.94688,-23.03642,5.010157,18.08101,0,0,0,-22.75702,4.916501,17.81904
47.98021,-23.03666,5.00858,18.09799,0,0,0,-22.75702,4.916501,17.81904
48.01354,-23.03425,5.006783,18.11499,0,0,0,-22.75702,4.916501,17.81904
48.04688,-23.03185,5.005317,18.13784,0,0,0,-22.75702,4.916501,17.81904
48.08021,-23.03191,5.005304,18.16117,0,0,0,-22.75702,4.916501,17.81904
48.11354,-23.02935,5.005521,18.17905,0,0,0,-22.75702,4.916501,17.81904
48.14688,-23.02882,5.006614,18.19299,0,0,0,-22.75702,4.916501,17.81904
48.18021,-23.0267,5.006597,18.20389,0,0,0,-22.75702,4.916501,17.81904
48.21354,-23.0253,5.006729,18.21515,0,0,0,-22.75702,4.916501,17.81904
48.24688,-23.02601,5.007716,18.22186,0,0,0,-22.75702,4.916501,17.81904
48.28021,-23.02341,5.008183,18.2253,0,0,0,-22.75702,4.916501,17.81904
48.31355,-23.02551,5.009217,18.22375,0,0,0,-22.75702,4.916501,17.81904
48.34688,-23.02647,5.010239,18.22017,0,0,0,-22.75702,4.916501,17.81904
48.38021,-23.02774,5.013331,18.21246,0,0,0,-22.75702,4.916501,17.81904
48.41354,-23.02983,5.016597,18.20167,0,0,0,-22.75702,4.916501,17.81904
48.44688,-23.03241,5.019739,18.17982,0,0,0,-22.75702,4.916501,17.81904
48.48021,-23.03441,5.02467,18.1598,0,0,0,-22.75702,4.916501,17.81904
48.51354,-23.03348,5.02946,18.13834,0,0,0,-22.75702,4.916501,17.81904
48.54688,-23.02988,5.035528,18.11751,0,0,0,-22.75702,4.916501,17.81904
48.58021,-23.02358,5.041852,18.08902,0,0,0,-22.75702,4.916501,17.81904
48.61354,-23.01573,5.046112,18.06306,0,0,0,-22.75702,4.916501,17.81904
48.64688,-23.00817,5.04882,18.0391,0,0,0,-22.75702,4.916501,17.81904
48.68021,-23.00152,5.051689,18.01839,0,0,0,-22.75702,4.916501,17.81904
48.71354,-22.99411,5.054452,18.00327,0,0,0,-22.75702,4.916501,17.81904
48.74688,-22.98735,5.057303,17.99478,0,0,0,-22.75702,4.916501,17.81904
48.78021,-22.97838,5.062061,17.98187,0,0,0,-22.75702,4.916501,17.81904
48.81355,-22.96933,5.064949,17.97451,0,0,0,-22.75702,4.916501,17.81904
48.84688,-22.95762,5.068743,17.96531,0,0,0,-22.75702,4.916501,17.81904
48.88021,-22.9425,5.073998,17.957,0,0,0,-22.75702,4.916501,17.81904
48.91354,-22.93283,5.077211,17.94942,0,0,0,-22.75702,4.916501,17.81904
48.94688,-22.92179,5.079601,17.93965,0,0,0,-22.75702,4.916501,17.81904
48.98021,-22.91697,5.080043,17.93836,0,0,0,-22.75702,4.916501,17.81904
49.01354,-22.90502,5.079199,17.93882,0,0,0,-22.75702,4.916501,17.81904
49.04688,-22.90252,5.080513,17.933,0,0,0,-22.75702,4.916501,17.81904
49.08021,-22.89823,5.082364,17.92493,0,0,0,-22.75702,4.916501,17.81904
49.11354,-22.89633,5.08426,17.91568,0,0,0,-22.75702,4.916501,17.81904
49.14688,-22.89176,5.086031,17.90731,0,0,0,-22.75702,4.916501,17.81904
49.18021,-22.89059,5.087114,17.90162,0,0,0,-22.75702,4.916501,17.81904
49.21354,-22.88672,5.088951,17.8935,0,0,0,-22.75702,4.916501,17.81904
49.24688,-22.88319,5.090071,17.88901,0,0,0,-22.75702,4.916501,17.81904
49.28021,-22.88046,5.090828,17.88657,0,0,0,-22.75702,4.916501,17.81904
49.31355,-22.87782,5.092552,17.88151,0,0,0,-22.75702,4.916501,17.81904
49.34688,-22.87854,5.093511,17.87914,0,0,0,-22.75702,4.916501,17.81904
49.38021,-22.87666,5.09554,17.87392,0,0,0,-22.75702,4.916501,17.81904
49.41354,-22.87875,5.096484,17.87271,0,0,0,-22.75702,4.916501,17.81904
49.44688,-22.87811,5.098215,17.86907,0,0,0,-22.75702,4.916501,17.81904
49.48021,-22.87743,5.101622,17.85993,0,0,0,-22.75702,4.916501,17.81904
49.51354,-22.87602,5.104094,17.85318,0,0,0,-22.75702,4.916501,17.81904
49.54688,-22.87631,5.104965,17.84913,0,0,0,-22.75702,4.916501,17.81904
49.58021,-22.8794,5.104919,17.84832,0,0,0,-22.75702,4.916501,17.81904
49.61354,-22.87824,5.104939,17.84811,0,0,0,-22.75702,4.916501,17.81904
49.64688,-22.87964,5.104629,17.84776,0,0,0,-22.75702,4.916501,17.81904
49.68021,-22.88099,5.104376,17.84659,0,0,0,-22.75702,4.916501,17.81904
49.71354,-22.88178,5.104175,17.84575,0,0,0,-22.75702,4.916501,17.81904
49.74688,-22.8826,5.103127,17.84484,0,0,0,-22.75702,4.916501,17.81904
49.78021,-22.88564,5.101433,17.84347,0,0,0,-22.75702,4.916501,17.81904
49.81355,-22.88787,5.101129,17.84075,0,0,0,-22.75702,4.916501,17.81904
49.84688,-22.89019,5.099141,17.84009,0,0,0,-22.75702,4.916501,17.81904
49.88021,-22.8943,5.097686,17.83794,0,0,0,-22.75702,4.916501,17.81904
49.91354,-22.9016,5.097233,17.83592,0,0,0,-22.75702,4.916501,17.81904
49.94688,-22.9125,5.096087,17.83341,0,0,0,-22.75702,4.916501,17.81904
49.98021,-22.92123,5.09536,17.83054,0,0,0,-22.75702,4.916501,17.81904
50.01354,-22.92872,5.0956,17.8292,0,0,0,-22.75702,4.916501,17.81904
50.04688,-22.94076,5.096018,17.8265,0,0,0,-22.75702,4.916501,17.81904
50.08021,-22.95343,5.09698,17.82425,0,0,0,-22.75702,4.916501,17.81904
50.11354,-22.96181,5.097801,17.82341,0,0,0,-22.75702,4.916501,17.81904
50.14688,-22.98932,5.104432,17.81763,0,0,0,-22.75702,4.916501,17.81904
50.18021,-22.99314,5.103365,17.81977,0,0,0,-22.75702,4.916501,17.81904
50.21354,-22.99366,5.103147,17.81879,0,0,0,-22.75702,4.916501,17.81904
50.24688,-22.9958,5.10341,17.81805,0,0,0,-22.75702,4.916501,17.81904
50.28021,-22.99646,5.103635,17.81594,0,0,0,-22.75702,4.916501,17.81904
50.31355,-22.99575,5.103827,17.81272,0,0,0,-22.75702,4.916501,17.81904
50.34688,-22.98542,5.103053,17.8094,0,0,0,-22.75702,4.916501,17.81904
50.38021,-22.97567,5.103209,17.80544,0,0,0,-22.75702,4.916501,17.81904
50.41354,-22.96904,5.103707,17.80117,0,0,0,-22.75702,4.916501,17.81904
50.44688,-22.95349,5.10378,17.79603,0,0,0,-22.75702,4.916501,17.81904
50.48021,-22.94019,5.104936,17.78948,0,0,0,-22.75702,4.916501,17.81904
50.51354,-22.93338,5.105643,17.78575,0,0,0,-22.75702,4.916501,17.81904
50.54688,-22.92144,5.106915,17.77885,0,0,0,-22.75702,4.916501,17.81904
50.58021,-22.9252,5.108111,17.76098,0,0,0,-22.75702,4.916501,17.81904
50.61354,-22.91875,5.108344,17.75768,0,0,0,-22.75702,4.916501,17.81904
50.64688,-22.90376,5.105534,17.75815,0,0,0,-22.75702,4.916501,17.81904
50.68021,-22.89303,5.106666,17.75024,0,0,0,-22.75702,4.916501,17.81904
50.71354,-22.88878,5.106538,17.74624,0,0,0,-22.75702,4.916501,17.81904
50.74688,-22.88744,5.09808,17.73811,0,0,0,-22.75702,4.916501,17.81904
50.78021,-22.90606,5.071308,17.72391,0,0,0,-22.75702,4.916501,17.81904
50.81355,-22.90962,5.06456,17.72287,0,0,0,-22.75702,4.916501,17.81904
50.84688,-22.90593,5.060137,17.72658,0,0,0,-22.75702,4.916501,17.81904
50.88021,-22.91484,5.053234,17.72273,0,0,0,-22.75702,4.916501,17.81904
50.91354,-22.91476,5.050351,17.72332,0,0,0,-22.75702,4.916501,17.81904
50.94688,-22.91216,5.048005,17.72367,0,0,0,-22.75702,4.916501,17.81904
50.98021,-22.91753,5.040533,17.72116,0,0,0,-22.75702,4.916501,17.81904
51.01354,-22.91865,5.0362,17.72202,0,0,0,-22.75702,4.916501,17.81904
51.04688,-22.91879,5.030068,17.7267,0,0,0,-22.75702,4.916501,17.81904
51.08021,-22.91733,5.024716,17.73146,0,0,0,-22.75702,4.916501,17.81904
51.11354,-22.91549,5.020072,17.73748,0,0,0,-22.75702,4.916501,17.81904
51.14688,-22.91274,5.014514,17.74657,0,0,0,-22.75702,4.916501,17.81904
51.18021,-22.91129,5.010699,17.7571,0,0,0,-22.75702,4.916501,17.81904
51.21354,-22.90944,5.008867,17.76325,0,0,0,-22.75702,4.916501,17.81904
51.24688,-22.90816,5.006015,17.76751,0,0,0,-22.75702,4.916501,17.81904
51.28021,-22.90723,5.004067,17.76845,0,0,0,-22.75702,4.916501,17.81904
51.31355,-22.90541,5.002583,17.76878,0,0,0,-22.75702,4.916501,17.81904
51.34688,-22.90667,5.000453,17.77039,0,0,0,-22.75702,4.916501,17.81904
51.38021,-22.90613,4.998868,17.7722,0,0,0,-22.75702,4.916501,17.81904
51.41354,-22.9074,4.998517,17.77375,0,0,0,-22.75702,4.916501,17.81904
51.44688,-22.90684,4.999139,17.77203,0,0,0,-22.75702,4.916501,17.81904
51.48021,-22.9073,4.999578,17.77048,0,0,0,-22.75702,4.916501,17.81904
51.51354,-22.90777,5.00002,17.76894,0,0,0,-22.75702,4.916501,17.81904
51.54688,-22.90996,5.00055,17.7674,0,0,0,-22.75702,4.916501,17.81904
51.58021,-22.91107,5.000374,17.76589,0,0,0,-22.75702,4.916501,17.81904
51.61354,-22.91211,4.999773,17.76244,0,0,0,-22.75702,4.916501,17.81904
51.64688,-22.91469,4.997448,17.75606,0,0,0,-22.75702,4.916501,17.81904
51.68021,-22.91578,4.99526,17.75465,0,0,0,-22.75702,4.916501,17.81904
51.71354,-22.9159,4.994801,17.75643,0,0,0,-22.75702,4.916501,17.81904
51.74688,-22.91602,4.994343,17.75821,0,0,0,-22.75702,4.916501,17.81904
51.78021,-22.91563,4.995039,17.75948,0,0,0,-22.75702,4.916501,17.81904
51.81355,-22.9157,4.996187,17.75922,0,0,0,-22.75702,4.916501,17.81904
51.84688,-22.91513,4.997231,17.76113,0,0,0,-22.75702,4.916501,17.81904
51.88021,-22.91282,4.998914,17.76084,0,0,0,-22.75702,4.916501,17.81904
51.91354,-22.91309,4.999716,17.75993,0,0,0,-22.75702,4.916501,17.81904
51.94688,-22.91309,4.999716,17.75993,0,0,0,-22.75702,4.916501,17.81904
51.98021,-22.91309,4.999716,17.75993,0,0,0,-22.75702,4.916501,17.81904
52.01354,-22.91221,5.001163,17.75707,0,0,0,-22.75702,4.916501,17.81904
52.04688,-22.91229,5.002316,17.7568,0,0,0,-22.75702,4.916501,17.81904
52.08021,-22.91367,5.003701,17.75219,0,0,0,-22.75702,4.916501,17.81904
52.11354,-22.91459,5.004635,17.74912,0,0,0,-22.75702,4.916501,17.81904
52.14688,-22.91597,5.006052,17.74452,0,0,0,-22.75702,4.916501,17.81904
52.18021,-22.91873,5.008939,17.73533,0,0,0,-22.75702,4.916501,17.81904
52.21354,-22.92011,5.010409,17.73075,0,0,0,-22.75702,4.916501,17.81904
52.24688,-22.92035,5.012588,17.72423,0,0,0,-22.75702,4.916501,17.81904
52.28021,-22.92127,5.013596,17.72118,0,0,0,-22.75702,4.916501,17.81904
52.31355,-22.91956,5.014295,17.719,0,0,0,-22.75702,4.916501,17.81904
52.34688,-22.92002,5.014803,17.71748,0,0,0,-22.75702,4.916501,17.81904
52.38021,-22.91992,5.015313,17.71572,0,0,0,-22.75702,4.916501,17.81904
52.41354,-22.91936,5.015314,17.71548,0,0,0,-22.75702,4.916501,17.81904
52.44688,-22.91982,5.015826,17.71396,0,0,0,-22.75702,4.916501,17.81904
52.48021,-22.91804,5.015644,17.71563,0,0,0,-22.75702,4.916501,17.81904
52.51354,-22.91702,5.015133,17.71691,0,0,0,-22.75702,4.916501,17.81904
52.54688,-22.9145,5.013616,17.72099,0,0,0,-22.75702,4.916501,17.81904
52.58021,-22.91253,5.012115,17.72532,0,0,0,-22.75702,4.916501,17.81904
52.61354,-22.91047,5.011815,17.72642,0,0,0,-22.75702,4.916501,17.81904
52.64688,-22.90793,5.011024,17.72904,0,0,0,-22.75702,4.916501,17.81904
52.68021,-22.90586,5.010734,17.73014,0,0,0,-22.75702,4.916501,17.81904
52.71354,-22.9054,5.010246,17.73167,0,0,0,-22.75702,4.916501,17.81904
52.74688,-22.90323,5.010447,17.731,0,0,0,-22.75702,4.916501,17.81904
52.78021,-22.90276,5.009961,17.73253,0,0,0,-22.75702,4.916501,17.81904
52.81355,-22.90276,5.009961,17.73253,0,0,0,-22.75702,4.916501,17.81904
52.84688,-22.90116,5.010163,17.73211,0,0,0,-22.75702,4.916501,17.81904
52.88021,-22.90116,5.010163,17.73211,0,0,0,-22.75702,4.916501,17.81904
52.91354,-22.90162,5.010649,17.73057,0,0,0,-22.75702,4.916501,17.81904
52.94688,-22.90059,5.010163,17.73186,0,0,0,-22.75702,4.916501,17.81904
52.98021,-22.90106,5.010649,17.73033,0,0,0,-22.75702,4.916501,17.81904
53.01354,-22.90106,5.010649,17.73033,0,0,0,-22.75702,4.916501,17.81904
53.04688,-22.90106,5.010649,17.73033,0,0,0,-22.75702,4.916501,17.81904
53.08021,-22.90152,5.011137,17.7288,0,0,0,-22.75702,4.916501,17.81904
53.11354,-22.90059,5.010163,17.73186,0,0,0,-22.75702,4.916501,17.81904
53.14688,-22.90012,5.009679,17.73339,0,0,0,-22.75702,4.916501,17.81904
53.18021,-22.90005,5.008519,17.73365,0,0,0,-22.75702,4.916501,17.81904
53.21354,-22.90002,5.007765,17.73585,0,0,0,-22.75702,4.916501,17.81904
53.24688,-22.90002,5.007765,17.73585,0,0,0,-22.89708,4.934814,17.71206
53.28021,-22.90002,5.007765,17.73585,0,0,0,-22.89708,4.934814,17.71206
53.31355,-22.89955,5.007286,17.73738,0,0,0,-22.89708,4.934814,17.71206
53.34688,-22.90012,5.007285,17.73762,0,0,0,-22.89708,4.934814,17.71206
53.38021,-22.89852,5.007491,17.7372,0,0,0,-22.89708,4.934814,17.71206
53.41354,-22.89532,5.007905,17.73635,0,0,0,-22.89708,4.934814,17.71206
53.44688,-22.89418,5.008594,17.7344,0,0,0,-22.89708,4.934814,17.71206
53.48021,-22.89467,5.008456,17.73706,0,0,0,-22.89708,4.934814,17.71206
53.51354,-22.89467,5.008456,17.73706,0,0,0,-22.89708,4.934814,17.71206
53.54688,-22.89306,5.008667,17.73664,0,0,0,-22.89708,4.934814,17.71206
53.58021,-22.89306,5.008667,17.73664,0,0,0,-22.89708,4.934814,17.71206
53.61354,-22.89317,5.008192,17.73843,0,0,0,-22.89708,4.934814,17.71206
53.64688,-22.89339,5.007246,17.74199,0,0,0,-22.89708,4.934814,17.71206
53.68021,-22.89487,5.005166,17.74929,0,0,0,-22.89708,4.934814,17.71206
53.71354,-22.89889,5.003826,17.75394,0,0,0,-22.89708,4.934814,17.71206
53.74688,-22.90709,5.001797,17.76201,0,0,0,-22.89708,4.934814,17.71206
53.78021,-22.91119,5.002493,17.77363,0,0,0,-22.89708,4.934814,17.71206
53.81355,-22.91162,5.005414,17.78243,0,0,0,-22.89708,4.934814,17.71206
53.84688,-22.91619,5.006761,17.78982,0,0,0,-22.89708,4.934814,17.71206
53.88021,-22.92431,5.005916,17.79706,0,0,0,-22.89708,4.934814,17.71206
53.91354,-22.93697,5.003813,17.80613,0,0,0,-22.89708,4.934814,17.71206
53.94688,-22.94691,5.001981,17.81186,0,0,0,-22.89708,4.934814,17.71206
53.98021,-22.95847,4.999998,17.82039,0,0,0,-22.89708,4.934814,17.71206
54.01354,-22.97008,4.998085,17.82888,0,0,0,-22.89708,4.934814,17.71206
54.04688,-22.98542,4.996905,17.83502,0,0,0,-22.89708,4.934814,17.71206
54.08021,-22.99754,4.995519,17.84184,0,0,0,-22.89708,4.934814,17.71206
54.11354,-23.01149,4.99438,17.84725,0,0,0,-22.89708,4.934814,17.71206
54.14688,-23.02284,4.993516,17.85202,0,0,0,-22.89708,4.934814,17.71206
54.18021,-23.03817,4.991054,17.8574,0,0,0,-22.89708,4.934814,17.71206
54.21354,-23.04813,4.989553,17.86506,0,0,0,-22.89708,4.934814,17.71206
54.24688,-23.06036,4.98807,17.8733,0,0,0,-22.89708,4.934814,17.71206
54.28021,-23.06726,4.987131,17.87841,0,0,0,-22.89708,4.934814,17.71206
54.31355,-23.07296,4.986638,17.88155,0,0,0,-22.89708,4.934814,17.71206
54.34688,-23.07843,4.985423,17.88562,0,0,0,-22.89708,4.934814,17.71206
54.38021,-23.08309,4.984985,17.88612,0,0,0,-22.89708,4.934814,17.71206
54.41354,-23.08655,4.984567,17.88868,0,0,0,-22.89708,4.934814,17.71206
54.44688,-23.08776,4.984183,17.89066,0,0,0,-22.89708,4.934814,17.71206
54.48021,-23.08776,4.984184,17.89066,0,0,0,-22.89708,4.934814,17.71206
54.51354,-23.09036,4.984142,17.89131,0,0,0,-22.89708,4.934814,17.71206
54.54688,-23.08996,4.983784,17.89289,0,0,0,-22.89708,4.934814,17.71206
54.58021,-23.08996,4.983784,17.89289,0,0,0,-22.89708,4.934814,17.71206
54.61354,-23.08955,4.983427,17.89446,0,0,0,-22.89708,4.934814,17.71206
54.64688,-23.08875,4.98272,17.89763,0,0,0,-22.89708,4.934814,17.71206
54.68021,-23.08754,4.981675,17.90237,0,0,0,-22.89708,4.934814,17.71206
54.71354,-23.08835,4.980971,17.90594,0,0,0,-22.89708,4.934814,17.71206
54.74688,-23.09046,4.980687,17.91124,0,0,0,-22.89708,4.934814,17.71206
54.78021,-23.09142,4.981594,17.91429,0,0,0,-22.89708,4.934814,17.71206
54.81355,-23.0923,4.982249,17.91746,0,0,0,-22.89708,4.934814,17.71206
54.84688,-23.09322,4.983277,17.92053,0,0,0,-22.89708,4.934814,17.71206
54.88021,-23.0924,4.984435,17.92369,0,0,0,-22.89708,4.934814,17.71206
54.91354,-23.09162,4.985062,17.92653,0,0,0,-22.89708,4.934814,17.71206
54.94688,-23.09163,4.985363,17.92644,0,0,0,-22.89708,4.934814,17.71206
54.98021,-23.09237,4.986124,17.92972,0,0,0,-22.89708,4.934814,17.71206
55.01354,-23.09089,4.986025,17.92885,0,0,0,-22.89708,4.934814,17.71206
55.04688,-23.09045,4.986281,17.93037,0,0,0,-22.89708,4.934814,17.71206
55.08021,-23.09186,4.986448,17.93135,0,0,0,-22.89708,4.934814,17.71206
55.11354,-23.09179,4.98661,17.93189,0,0,0,-22.89708,4.934814,17.71206
55.14688,-23.0917,4.986772,17.93241,0,0,0,-22.89708,4.934814,17.71206
55.18021,-23.09183,4.986697,17.93192,0,0,0,-22.89708,4.934814,17.71206
55.21354,-23.09224,4.986509,17.93044,0,0,0,-22.89708,4.934814,17.71206
55.24688,-23.0934,4.986783,17.93229,0,0,0,-22.89708,4.934814,17.71206
55.28021,-23.09339,4.986826,17.93226,0,0,0,-22.89708,4.934814,17.71206
55.31355,-23.09484,4.986979,17.93317,0,0,0,-22.89708,4.934814,17.71206
55.34688,-23.09533,4.986605,17.9313,0,0,0,-22.89708,4.934814,17.71206
55.38021,-23.09541,4.986349,17.93093,0,0,0,-22.89708,4.934814,17.71206
55.41354,-23.09515,4.986602,17.93188,0,0,0,-22.89708,4.934814,17.71206
55.44688,-23.09527,4.986589,17.93135,0,0,0,-22.89708,4.934814,17.71206
55.48021,-23.09527,4.986573,17.93131,0,0,0,-22.89708,4.934814,17.71206
55.51354,-23.09661,4.986749,17.93324,0,0,0,-22.89708,4.934814,17.71206
55.54688,-23.09699,4.986701,17.93172,0,0,0,-22.89708,4.934814,17.71206
55.58021,-23.09681,4.986965,17.93315,0,0,0,-22.89708,4.934814,17.71206
55.61354,-23.09762,4.986428,17.9303,0,0,0,-22.89708,4.934814,17.71206
55.64688,-23.09928,4.986134,17.93077,0,0,0,-22.89708,4.934814,17.71206
55.68021,-23.09963,4.985829,17.9293,0,0,0,-22.89708,4.934814,17.71206
55.71354,-23.09801,4.98571,17.92889,0,0,0,-22.89708,4.934814,17.71206
55.74688,-23.09959,4.985663,17.92927,0,0,0,-22.89708,4.934814,17.71206
55.78021,-23.09822,4.985147,17.92735,0,0,0,-22.89708,4.934814,17.71206
55.81355,-23.09991,4.985186,17.92776,0,0,0,-22.89708,4.934814,17.71206
55.84688,-23.09826,4.985065,17.92722,0,0,0,-22.89708,4.934814,17.71206
55.88021,-23.09856,4.984703,17.92573,0,0,0,-22.89708,4.934814,17.71206
55.91354,-23.09832,4.984589,17.9262,0,0,0,-22.89708,4.934814,17.71206
55.94688,-23.0983,4.984584,17.92619,0,0,0,-22.89708,4.934814,17.71206
55.98021,-23.09828,4.984612,17.92612,0,0,0,-22.89708,4.934814,17.71206
56.01354,-23.09787,4.984994,17.92744,0,0,0,-22.89708,4.934814,17.71206
56.04688,-23.09926,4.985066,17.92742,0,0,0,-22.89708,4.934814,17.71206
56.08021,-23.09763,4.985197,17.92689,0,0,0,-22.89708,4.934814,17.71206
56.11354,-23.09886,4.985416,17.92871,0,0,0,-22.89708,4.934814,17.71206
56.14688,-23.09725,4.985528,17.92822,0,0,0,-22.89708,4.934814,17.71206
56.18021,-23.09885,4.985642,17.92855,0,0,0,-22.89708,4.934814,17.71206
56.21354,-23.09883,4.985543,17.92856,0,0,0,-22.89708,4.934814,17.71206
56.24688,-23.09882,4.985509,17.92852,0,0,0,-22.89708,4.934814,17.71206
56.28021,-23.0972,4.985492,17.92806,0,0,0,-22.89708,4.934814,17.71206
56.31355,-23.09853,4.985769,17.9299,0,0,0,-22.89708,4.934814,17.71206
56.34688,-23.09718,4.985499,17.928,0,0,0,-22.89708,4.934814,17.71206
56.38021,-23.09716,4.985465,17.92796,0,0,0,-22.89708,4.934814,17.71206
56.41354,-23.09749,4.985141,17.92652,0,0,0,-22.89708,4.934814,17.71206
56.44688,-23.09896,4.985138,17.92735,0,0,0,-22.89708,4.934814,17.71206
56.48021,-23.09755,4.985072,17.92639,0,0,0,-22.89708,4.934814,17.71206
56.51354,-23.09705,4.985365,17.92825,0,0,0,-22.89708,4.934814,17.71206
56.54688,-23.09691,4.985531,17.92863,0,0,0,-22.89708,4.934814,17.71206
56.58021,-23.09601,4.984842,17.9254,0,0,0,-22.89708,4.934814,17.71206
56.61354,-23.09712,4.985174,17.92767,0,0,0,-22.89708,4.934814,17.71206
56.64688,-23.09484,4.992945,17.92927,0,0,0,-23.09877,4.951318,17.92146
56.68021,-23.09519,4.993646,17.92777,0,0,0,-23.09877,4.951318,17.92146
56.71354,-23.09477,4.993276,17.92936,0,0,0,-23.09877,4.951318,17.92146
56.74688,-23.09473,4.993253,17.92939,0,0,0,-23.09877,4.951318,17.92146
56.78021,-23.09448,4.992773,17.93101,0,0,0,-23.09877,4.951318,17.92146
56.81355,-23.09111,4.992143,17.93165,0,0,0,-23.09877,4.951318,17.92146
56.84688,-23.08729,4.991713,17.92944,0,0,0,-23.09877,4.951318,17.92146
56.88021,-23.08152,4.989656,17.92705,0,0,0,-23.09877,4.951318,17.92146
56.91354,-23.07902,4.988716,17.92493,0,0,0,-23.09877,4.951318,17.92146
56.94688,-23.07478,4.985373,17.92415,0,0,0,-23.09877,4.951318,17.92146
56.98021,-23.07334,4.983988,17.92223,0,0,0,-23.09877,4.951318,17.92146
57.01354,-23.0718,4.982568,17.91937,0,0,0,-23.09877,4.951318,17.92146
57.04688,-23.07311,4.981075,17.91249,0,0,0,-23.09877,4.951318,17.92146
57.08021,-23.07623,4.979388,17.90263,0,0,0,-23.09877,4.951318,17.92146
57.11354,-23.07769,4.980249,17.89093,0,0,0,-23.09877,4.951318,17.92146
57.14688,-23.08115,4.975906,17.87591,0,0,0,-23.09877,4.951318,17.92146
57.18021,-23.08242,4.97858,17.86448,0,0,0,-23.09877,4.951318,17.92146
57.21354,-23.08046,4.981412,17.85225,0,0,0,-23.09877,4.951318,17.92146
57.24688,-23.07769,4.985233,17.83651,0,0,0,-23.09877,4.951318,17.92146
57.28021,-23.07449,4.988817,17.82237,0,0,0,-23.09877,4.951318,17.92146
57.31355,-23.07128,4.992567,17.80828,0,0,0,-23.09877,4.951318,17.92146
57.34688,-23.06544,4.996074,17.79521,0,0,0,-23.09877,4.951318,17.92146
57.38021,-23.05876,4.999329,17.78368,0,0,0,-23.09877,4.951318,17.92146
57.41354,-23.05085,5.00331,17.77026,0,0,0,-23.09877,4.951318,17.92146
57.44688,-23.04397,5.005272,17.76367,0,0,0,-23.09877,4.951318,17.92146
57.48021,-23.03685,5.007611,17.75647,0,0,0,-23.09877,4.951318,17.92146
57.51354,-23.02898,5.008714,17.75317,0,0,0,-23.09877,4.951318,17.92146
57.54688,-23.02403,5.00929,17.75148,0,0,0,-23.09877,4.951318,17.92146
57.58021,-23.01746,5.010688,17.74786,0,0,0,-23.09877,4.951318,17.92146
57.61354,-23.01576,5.011067,17.74684,0,0,0,-23.09877,4.951318,17.92146
57.64688,-23.01228,5.011553,17.74546,0,0,0,-23.09877,4.951318,17.92146
57.68021,-23.00745,5.012301,17.74332,0,0,0,-23.09877,4.951318,17.92146
57.71354,-23.00431,5.012916,17.74166,0,0,0,-23.09877,4.951318,17.92146
57.74688,-22.99767,5.013889,17.73905,0,0,0,-23.09877,4.951318,17.92146
57.78021,-22.99075,5.015463,17.73524,0,0,0,-23.09877,4.951318,17.92146
57.81355,-22.98725,5.015868,17.73423,0,0,0,-23.09877,4.951318,17.92146
57.84688,-22.98342,5.01687,17.7319,0,0,0,-23.09877,4.951318,17.92146
57.88021,-22.9778,5.018262,17.7284,0,0,0,-23.09877,4.951318,17.92146
57.91354,-22.97573,5.018478,17.72755,0,0,0,-23.09877,4.951318,17.92146
57.94688,-22.96995,5.019626,17.72396,0,0,0,-23.09877,4.951318,17.92146
57.98021,-22.96544,5.020034,17.72166,0,0,0,-23.09877,4.951318,17.92146
58.01354,-22.9632,5.020564,17.7197,0,0,0,-23.09877,4.951318,17.92146
58.04688,-22.96033,5.020898,17.7177,0,0,0,-23.09877,4.951318,17.92146
58.08021,-22.95783,5.021039,17.71635,0,0,0,-23.09877,4.951318,17.92146
58.11354,-22.95714,5.021748,17.71458,0,0,0,-23.09877,4.951318,17.92146
58.14688,-22.95613,5.022069,17.71417,0,0,0,-23.09877,4.951318,17.92146
58.18021,-22.9574,5.022906,17.71372,0,0,0,-23.09877,4.951318,17.92146
58.21354,-22.95999,5.022988,17.71462,0,0,0,-23.09877,4.951318,17.92146
58.24688,-22.96981,5.022221,17.71906,0,0,0,-23.09877,4.951318,17.92146
58.28021,-22.983,5.021055,17.72524,0,0,0,-23.09877,4.951318,17.92146
58.31355,-22.99181,5.020358,17.72922,0,0,0,-23.09877,4.951318,17.92146
58.34688,-23.01002,5.019466,17.73801,0,0,0,-23.09877,4.951318,17.92146
58.38021,-23.03072,5.018962,17.7476,0,0,0,-23.09877,4.951318,17.92146
58.41354,-23.06395,5.022951,17.73653,0,0,0,-23.09877,4.951318,17.92146
58.44688,-23.09888,5.013999,17.75802,0,0,0,-23.09877,4.951318,17.92146
58.48021,-23.10763,5.009713,17.77472,0,0,0,-23.09877,4.951318,17.92146
58.51354,-23.11551,5.009838,17.77756,0,0,0,-23.09877,4.951318,17.92146
58.54688,-23.13984,5.009432,17.77082,0,0,0,-23.09877,4.951318,17.92146
58.58021,-23.15583,5.003423,17.78563,0,0,0,-23.09877,4.951318,17.92146
58.61354,-23.16263,5.00257,17.7904,0,0,0,-23.09877,4.951318,17.92146
58.64688,-23.18275,5.003452,17.7836,0,0,0,-23.09877,4.951318,17.92146
58.68021,-23.19374,4.992753,17.78497,0,0,0,-23.09877,4.951318,17.92146
58.71354,-23.19664,4.991307,17.79038,0,0,0,-23.09877,4.951318,17.92146
58.74688,-23.20125,4.992389,17.7925,0,0,0,-23.09877,4.951318,17.92146
58.78021,-23.20683,4.995111,17.79296,0,0,0,-23.09877,4.951318,17.92146
58.81355,-23.20907,4.997122,17.79202,0,0,0,-23.09877,4.951318,17.92146
58.84688,-23.21334,5.000647,17.79264,0,0,0,-23.09877,4.951318,17.92146
58.88021,-23.21777,5.004085,17.79371,0,0,0,-23.09877,4.951318,17.92146
58.91354,-23.21804,5.01808,17.76529,0,0,0,-23.09877,4.951318,17.92146
58.94688,-23.20828,5.025109,17.77679,0,0,0,-23.09877,4.951318,17.92146
58.98021,-23.20602,5.02247,17.7913,0,0,0,-23.09877,4.951318,17.92146
59.01354,-23.20672,5.023823,17.79016,0,0,0,-23.09877,4.951318,17.92146
59.04688,-23.21014,5.024924,17.78992,0,0,0,-23.09877,4.951318,17.92146
59.08021,-23.21789,5.025075,17.78972,0,0,0,-23.09877,4.951318,17.92146
59.11354,-23.21902,5.02424,17.78965,0,0,0,-23.09877,4.951318,17.92146
59.14688,-23.21208,5.028142,17.76817,0,0,0,-23.09877,4.951318,17.92146
59.18021,-23.21229,5.022314,17.78156,0,0,0,-23.09877,4.951318,17.92146
59.21354,-23.21579,5.020354,17.78508,0,0,0,-23.09877,4.951318,17.92146
59.24688,-23.21253,5.023619,17.77204,0,0,0,-23.09877,4.951318,17.92146
59.28021,-23.21288,5.020591,17.78226,0,0,0,-23.09877,4.951318,17.92146
59.31355,-23.21425,5.019331,17.78473,0,0,0,-23.09877,4.951318,17.92146
59.34688,-23.2087,5.023405,17.77841,0,0,0,-23.09877,4.951318,17.92146
59.38021,-23.21218,5.021932,17.78487,0,0,0,-23.09877,4.951318,17.92146
59.41354,-23.20906,5.022908,17.78219,0,0,0,-23.09877,4.951318,17.92146
59.44688,-23.20663,5.023061,17.78937,0,0,0,-23.09877,4.951318,17.92146
59.48021,-23.20847,5.019145,17.80431,0,0,0,-23.09877,4.951318,17.92146
59.51354,-23.20761,5.015541,17.81826,0,0,0,-23.09877,4.951318,17.92146
59.54688,-23.20341,5.012045,17.83757,0,0,0,-23.09877,4.951318,17.92146
59.58021,-23.20183,5.007009,17.85895,0,0,0,-23.09877,4.951318,17.92146
59.61354,-23.20286,5.004756,17.86917,0,0,0,-23.09877,4.951318,17.92146
59.64688,-23.19875,5.002764,17.88516,0,0,0,-23.09877,4.951318,17.92146
59.68021,-23.19646,5.001896,17.89864,0,0,0,-23.09877,4.951318,17.92146
59.71354,-23.19183,5.001008,17.90859,0,0,0,-23.09877,4.951318,17.92146
59.74688,-23.18723,4.999004,17.92747,0,0,0,-23.09877,4.951318,17.92146
59.78021,-23.18008,4.998072,17.9419,0,0,0,-23.09877,4.951318,17.92146
59.81355,-23.17797,4.997878,17.94769,0,0,0,-23.09877,4.951318,17.92146
59.84688,-23.17474,4.99698,17.95587,0,0,0,-23.09877,4.951318,17.92146
59.88021,-23.16578,4.995091,17.97274,0,0,0,-23.09877,4.951318,17.92146
59.91354,-23.1578,4.992784,17.98802,0,0,0,-23.09877,4.951318,17.92146
59.94688,-23.15193,4.991533,18.00847,0,0,0,-23.09877,4.951318,17.92146
59.98021,-23.14896,4.993417,18.01874,0,0,0,-23.09877,4.951318,17.92146
60.01354,-23.14596,4.993652,18.02453,0,0,0,-23.09877,4.951318,17.92146
60.04688,-23.14079,4.991811,18.03551,0,0,0,-23.09877,4.951318,17.92146
60.08021,-23.1387,4.989848,18.04432,0,0,0,-23.09877,4.951318,17.92146
60.11354,-23.13807,4.989007,18.04715,0,0,0,-23.09877,4.951318,17.92146
60.14688,-23.13776,4.988624,18.0484,0,0,0,-23.09877,4.951318,17.92146
60.18021,-23.14414,4.990743,18.04891,0,0,0,-23.09877,4.951318,17.92146
60.21354,-23.14844,4.990999,18.05175,0,0,0,-23.09877,4.951318,17.92146
60.24688,-23.16088,4.994177,18.05367,0,0,0,-23.09877,4.951318,17.92146
60.28021,-23.1866,4.991674,18.05433,0,0,0,-23.09877,4.951318,17.92146
60.31355,-23.2004,4.98609,18.05388,0,0,0,-23.09877,4.951318,17.92146
60.34688,-23.22887,4.979202,18.05077,0,0,0,-23.09877,4.951318,17.92146
60.38021,-23.24779,4.983087,18.04473,0,0,0,-23.09877,4.951318,17.92146
60.41354,-23.2552,4.98705,18.0369,0,0,0,-23.09877,4.951318,17.92146
60.44688,-23.26619,4.991443,18.02564,0,0,0,-23.09877,4.951318,17.92146
60.48021,-23.27388,4.995573,18.00865,0,0,0,-23.09877,4.951318,17.92146
60.51355,-23.27829,4.997943,17.99945,0,0,0,-23.09877,4.951318,17.92146
60.54688,-23.28257,5.000846,17.98633,0,0,0,-23.09877,4.951318,17.92146
60.58021,-23.28628,5.002601,17.97712,0,0,0,-23.09877,4.951318,17.92146
60.61354,-23.28596,5.002241,17.97458,0,0,0,-23.09877,4.951318,17.92146
60.64688,-23.28184,5.000908,17.97943,0,0,0,-23.09877,4.951318,17.92146
60.68021,-23.26729,4.997773,17.99695,0,0,0,-23.09877,4.951318,17.92146
60.71354,-23.25074,4.993281,18.01809,0,0,0,-23.09877,4.951318,17.92146
60.74688,-23.23404,4.988472,18.03652,0,0,0,-23.09877,4.951318,17.92146
60.78021,-23.22565,4.984264,18.05002,0,0,0,-23.09877,4.951318,17.92146
60.81355,-23.21816,4.979708,18.06665,0,0,0,-23.09877,4.951318,17.92146
60.84688,-23.21603,4.984496,18.08506,0,0,0,-23.09877,4.951318,17.92146
60.88021,-23.22004,4.992262,18.09972,0,0,0,-23.09877,4.951318,17.92146
60.91354,-23.22041,4.995276,18.11096,0,0,0,-23.09877,4.951318,17.92146
60.94688,-23.21931,5.000822,18.12134,0,0,0,-23.09877,4.951318,17.92146
60.98021,-23.21717,5.004566,18.13498,0,0,0,-23.09877,4.951318,17.92146
61.01355,-23.21386,5.0058,18.1454,0,0,0,-23.09877,4.951318,17.92146
61.04688,-23.21275,5.007917,18.15355,0,0,0,-23.09877,4.951318,17.92146
61.08021,-23.21145,5.008714,18.16285,0,0,0,-23.09877,4.951318,17.92146
61.11354,-23.21078,5.00904,18.16777,0,0,0,-23.09877,4.951318,17.92146
61.14688,-23.21032,5.009524,18.17112,0,0,0,-23.09877,4.951318,17.92146
61.18021,-23.20821,5.009919,18.17427,0,0,0,-23.09877,4.951318,17.92146
61.21354,-23.20636,5.010157,18.17572,0,0,0,-23.09877,4.951318,17.92146
61.24688,-23.2046,5.010358,18.17561,0,0,0,-23.09877,4.951318,17.92146
61.28021,-23.20422,5.010387,18.17739,0,0,0,-23.09877,4.951318,17.92146
61.31355,-23.19986,5.010185,18.17781,0,0,0,-23.09877,4.951318,17.92146
61.34688,-23.19678,5.009564,18.17999,0,0,0,-23.09877,4.951318,17.92146
61.38021,-23.18848,5.006481,18.18322,0,0,0,-23.09877,4.951318,17.92146
61.41354,-23.18517,5.00532,18.18222,0,0,0,-23.09877,4.951318,17.92146
61.44688,-23.18046,5.002936,18.17883,0,0,0,-23.09877,4.951318,17.92146
61.48021,-23.17556,4.999184,18.17727,0,0,0,-23.09877,4.951318,17.92146
61.51355,-23.17212,4.995239,18.17896,0,0,0,-23.09877,4.951318,17.92146
61.54688,-23.16825,4.988883,18.17971,0,0,0,-23.09877,4.951318,17.92146
61.58021,-23.16822,4.988404,18.18169,0,0,0,-23.09877,4.951318,17.92146
61.61354,-23.16815,4.988382,18.18169,0,0,0,-23.09877,4.951318,17.92146
61.64688,-23.16824,4.988544,18.18012,0,0,0,-23.09877,4.951318,17.92146
61.68021,-23.16799,4.989481,18.16864,0,0,0,-23.09877,4.951318,17.92146
61.71354,-23.16898,4.990869,18.1635,0,0,0,-23.09877,4.951318,17.92146
61.74688,-23.16746,4.990211,18.15819,0,0,0,-23.09877,4.951318,17.92146
61.78021,-23.17269,4.995718,18.14166,0,0,0,-23.09877,4.951318,17.92146
61.81355,-23.17563,4.997238,18.13874,0,0,0,-23.09877,4.951318,17.92146
61.84688,-23.17646,4.998758,18.13716,0,0,0,-23.09877,4.951318,17.92146
61.88021,-23.17869,4.998954,18.13482,0,0,0,-23.09877,4.951318,17.92146
61.91354,-23.18143,5.000031,18.13477,0,0,0,-23.09877,4.951318,17.92146
61.94688,-23.18382,5.001481,18.13408,0,0,0,-23.09877,4.951318,17.92146
61.98021,-23.18651,5.003144,18.13307,0,0,0,-23.09877,4.951318,17.92146
62.01355,-23.18874,5.004691,18.13497,0,0,0,-23.09877,4.951318,17.92146
62.04688,-23.18979,5.005601,18.13607,0,0,0,-23.09877,4.951318,17.92146
62.08021,-23.19178,5.00555,18.13359,0,0,0,-23.09877,4.951318,17.92146
62.11354,-23.19343,5.006442,18.13394,0,0,0,-23.09877,4.951318,17.92146
62.14688,-23.20979,5.005363,18.13353,0,0,0,-23.09877,4.951318,17.92146
62.18021,-23.23083,4.981538,18.12457,0,0,0,-23.09877,4.951318,17.92146
62.21354,-23.25326,4.945837,18.11687,0,0,0,-23.09877,4.951318,17.92146
62.24688,-23.25965,4.945185,18.1228,0,0,0,-23.09877,4.951318,17.92146
62.28021,-23.27833,4.956587,18.12888,0,0,0,-23.09877,4.951318,17.92146
62.31355,-23.28003,4.96013,18.12807,0,0,0,-23.09877,4.951318,17.92146
62.34688,-23.27979,4.959681,18.12669,0,0,0,-23.09877,4.951318,17.92146
62.38021,-23.28025,4.960748,18.12643,0,0,0,-23.09877,4.951318,17.92146
62.41354,-23.28027,4.960784,18.12642,0,0,0,-23.09877,4.951318,17.92146
62.44688,-23.28025,4.961003,18.12794,0,0,0,-23.09877,4.951318,17.92146
62.48021,-23.28181,4.960795,18.12927,0,0,0,-23.09877,4.951318,17.92146
62.51355,-23.28065,4.961079,18.12898,0,0,0,-23.09877,4.951318,17.92146
62.54688,-23.27934,4.961503,18.12757,0,0,0,-23.09877,4.951318,17.92146
62.58021,-23.27467,4.963201,18.12603,0,0,0,-23.09877,4.951318,17.92146
62.61354,-23.27337,4.964277,18.12873,0,0,0,-23.09877,4.951318,17.92146
62.64688,-23.27093,4.966362,18.13097,0,0,0,-23.09877,4.951318,17.92146
62.68021,-23.2711,4.967134,18.13451,0,0,0,-23.09877,4.951318,17.92146
62.71354,-23.26967,4.967662,18.13412,0,0,0,-23.09877,4.951318,17.92146
62.74688,-23.26977,4.967975,18.13508,0,0,0,-23.09877,4.951318,17.92146
62.78021,-23.26701,4.969734,18.1373,0,0,0,-23.09877,4.951318,17.92146
62.81355,-23.26538,4.97012,18.13577,0,0,0,-23.09877,4.951318,17.92146
62.84688,-23.26323,4.971065,18.13616,0,0,0,-23.09877,4.951318,17.92146
62.88021,-23.26247,4.971702,18.13668,0,0,0,-23.09877,4.951318,17.92146
62.91354,-23.26019,4.972211,18.13829,0,0,0,-23.09877,4.951318,17.92146
62.94688,-23.25791,4.974206,18.14056,0,0,0,-23.09877,4.951318,17.92146
62.98021,-23.25572,4.975309,18.14279,0,0,0,-23.09877,4.951318,17.92146
63.01355,-23.25319,4.976101,18.14508,0,0,0,-23.09877,4.951318,17.92146
63.04688,-23.25012,4.978097,18.14788,0,0,0,-23.09877,4.951318,17.92146
63.08021,-23.24839,4.979508,18.14913,0,0,0,-23.09877,4.951318,17.92146
63.11354,-23.24585,4.9806,18.1505,0,0,0,-23.09877,4.951318,17.92146
63.14688,-23.24397,4.981249,18.15262,0,0,0,-23.09877,4.951318,17.92146
63.18021,-23.24404,4.981341,18.1526,0,0,0,-23.09877,4.951318,17.92146
63.21354,-23.24323,4.981957,18.15134,0,0,0,-23.09877,4.951318,17.92146
63.24688,-23.24326,4.982909,18.1518,0,0,0,-23.09877,4.951318,17.92146
63.28021,-23.24278,4.983331,18.15151,0,0,0,-23.09877,4.951318,17.92146
63.31355,-23.24232,4.984165,18.1503,0,0,0,-23.09877,4.951318,17.92146
63.34688,-23.24197,4.985434,18.14995,0,0,0,-23.09877,4.951318,17.92146
63.38021,-23.24168,4.986117,18.14948,0,0,0,-23.09877,4.951318,17.92146
63.41354,-23.24109,4.986697,18.14904,0,0,0,-23.09877,4.951318,17.92146
63.44688,-23.24013,4.988127,18.14809,0,0,0,-23.09877,4.951318,17.92146
63.48021,-23.24037,4.988339,18.14799,0,0,0,-23.09877,4.951318,17.92146
63.51355,-23.23962,4.988984,18.14756,0,0,0,-23.09877,4.951318,17.92146
63.54688,-23.23978,4.989181,18.14746,0,0,0,-23.09877,4.951318,17.92146
63.58021,-23.23916,4.989946,18.14696,0,0,0,-23.09877,4.951318,17.92146
63.61354,-23.23832,4.990657,18.14654,0,0,0,-23.09877,4.951318,17.92146
63.64688,-23.23778,4.991599,18.14601,0,0,0,-23.09877,4.951318,17.92146
63.68021,-23.23697,4.992476,18.14552,0,0,0,-23.09877,4.951318,17.92146
63.71354,-23.23498,4.994055,18.14631,0,0,0,-23.09877,4.951318,17.92146
63.74688,-23.23546,4.994925,18.14931,0,0,0,-23.09877,4.951318,17.92146
63.78021,-23.23316,4.996718,18.1485,0,0,0,-23.09877,4.951318,17.92146
63.81355,-23.2331,4.996843,18.14846,0,0,0,-23.09877,4.951318,17.92146
63.84688,-23.23189,4.997979,18.14965,0,0,0,-23.09877,4.951318,17.92146
63.88021,-23.22944,4.999578,18.14889,0,0,0,-23.09877,4.951318,17.92146
63.91354,-23.22828,5.000586,18.15012,0,0,0,-23.09877,4.951318,17.92146
63.94688,-23.22719,5.001746,18.14968,0,0,0,-23.09877,4.951318,17.92146
63.98021,-23.22586,5.00291,18.15094,0,0,0,-23.09877,4.951318,17.92146
64.01354,-23.22351,5.004235,18.15052,0,0,0,-23.09877,4.951318,17.92146
64.04688,-23.21238,5.009017,18.15177,0,0,0,-23.09877,4.951318,17.92146
64.08021,-23.18768,5.008764,18.14999,0,0,0,-23.09877,4.951318,17.92146
64.11354,-23.16941,4.992271,18.15143,0,0,0,-23.09877,4.951318,17.92146
64.14688,-23.14095,4.981059,18.15355,0,0,0,-23.09877,4.951318,17.92146
64.18021,-23.14005,4.984509,18.15508,0,0,0,-23.09877,4.951318,17.92146
64.21355,-23.1402,4.984676,18.15396,0,0,0,-23.09877,4.951318,17.92146
64.24688,-23.13984,4.984681,18.15611,0,0,0,-23.09877,4.951318,17.92146
64.28021,-23.13985,4.984662,18.15611,0,0,0,-23.09877,4.951318,17.92146
64.31355,-23.13985,4.984684,18.15611,0,0,0,-23.09877,4.951318,17.92146
64.34688,-23.1398,4.984684,18.15614,0,0,0,-23.09877,4.951318,17.92146
64.38021,-23.14002,4.984681,18.15452,0,0,0,-23.09877,4.951318,17.92146
64.41354,-23.13991,4.984661,18.15457,0,0,0,-23.09877,4.951318,17.92146
64.44688,-23.14041,4.98472,18.1513,0,0,0,-23.09877,4.951318,17.92146
64.48021,-23.14087,4.984611,18.14807,0,0,0,-23.09877,4.951318,17.92146
64.51354,-23.14294,4.984899,18.14503,0,0,0,-23.09877,4.951318,17.92146
64.54688,-23.14822,4.985747,18.14238,0,0,0,-23.09877,4.951318,17.92146
64.58021,-23.15319,4.986611,18.14139,0,0,0,-23.09877,4.951318,17.92146
64.61354,-23.1581,4.987321,18.14043,0,0,0,-23.09877,4.951318,17.92146
64.64688,-23.16277,4.988334,18.14109,0,0,0,-23.09877,4.951318,17.92146
64.68021,-23.16587,4.98852,18.14158,0,0,0,-23.09877,4.951318,17.92146
64.71355,-23.1685,4.990328,18.14068,0,0,0,-23.09877,4.951318,17.92146
64.74688,-23.16916,4.992093,18.1412,0,0,0,-23.09877,4.951318,17.92146
64.78021,-23.17045,4.993758,18.14008,0,0,0,-23.09877,4.951318,17.92146
64.81355,-23.17115,4.994374,18.14033,0,0,0,-23.09877,4.951318,17.92146
64.84688,-23.17163,4.995259,18.14059,0,0,0,-23.09877,4.951318,17.92146
64.88021,-23.17314,4.996827,18.14106,0,0,0,-23.09877,4.951318,17.92146
64.91354,-23.17303,4.99685,18.14108,0,0,0,-23.09877,4.951318,17.92146
64.94688,-23.17521,4.998447,18.13988,0,0,0,-23.09877,4.951318,17.92146
64.98021,-23.17498,4.998594,18.13993,0,0,0,-23.09877,4.951318,17.92146
65.01354,-23.17395,4.998036,18.13865,0,0,0,-23.09877,4.951318,17.92146
65.04688,-23.17514,4.998645,18.1378,0,0,0,-23.09877,4.951318,17.92146
65.08021,-23.17526,4.998747,18.13623,0,0,0,-23.09877,4.951318,17.92146
65.11354,-23.17525,4.998753,18.13568,0,0,0,-23.09877,4.951318,17.92146
65.14688,-23.18148,5.002632,18.13761,0,0,0,-23.09877,4.951318,17.92146
65.18021,-23.19354,5.007456,18.13931,0,0,0,-23.09877,4.951318,17.92146
65.21355,-23.19931,5.009188,18.13931,0,0,0,-23.09877,4.951318,17.92146
65.24688,-23.23309,4.994571,18.14379,0,0,0,-23.09877,4.951318,17.92146
65.28021,-23.26884,4.972386,18.14968,0,0,0,-23.09877,4.951318,17.92146
65.31355,-23.27098,4.974309,18.15082,0,0,0,-23.09877,4.951318,17.92146
65.34688,-23.28183,4.981061,18.15602,0,0,0,-23.09877,4.951318,17.92146
65.38021,-23.28575,4.985086,18.16161,0,0,0,-23.09877,4.951318,17.92146
65.41354,-23.28741,4.989571,18.16735,0,0,0,-23.09877,4.951318,17.92146
65.44688,-23.28815,4.99509,18.17487,0,0,0,-23.09877,4.951318,17.92146
65.48021,-23.28736,4.998142,18.17347,0,0,0,-23.09877,4.951318,17.92146
65.51354,-23.28824,4.998588,18.17377,0,0,0,-23.09877,4.951318,17.92146
65.54688,-23.28458,5.000019,18.17234,0,0,0,-23.09877,4.951318,17.92146
65.58021,-23.27681,5.001184,18.17109,0,0,0,-23.09877,4.951318,17.92146
65.61354,-23.2699,5.003016,18.16889,0,0,0,-23.09877,4.951318,17.92146
65.64688,-23.26179,5.0048,18.16928,0,0,0,-23.09877,4.951318,17.92146
65.68021,-23.25709,5.005564,18.16773,0,0,0,-23.09877,4.951318,17.92146
65.71355,-23.25233,5.006769,18.1668,0,0,0,-23.09877,4.951318,17.92146
65.74688,-23.24768,5.006829,18.16621,0,0,0,-23.09877,4.951318,17.92146
65.78021,-23.24453,5.00689,18.16583,0,0,0,-23.09877,4.951318,17.92146
65.81355,-23.24213,5.006954,18.16556,0,0,0,-23.09877,4.951318,17.92146
65.84688,-23.24052,5.007334,18.16498,0,0,0,-23.09877,4.951318,17.92146
65.88021,-23.24034,5.007108,18.16662,0,0,0,-23.09877,4.951318,17.92146
65.91354,-23.23866,5.006883,18.16805,0,0,0,-23.09877,4.951318,17.92146
65.94688,-23.23552,5.007751,18.16887,0,0,0,-23.09877,4.951318,17.92146
65.98021,-23.22852,5.008979,18.16757,0,0,0,-23.09877,4.951318,17.92146
66.01354,-23.22521,5.009126,18.16721,0,0,0,-23.09877,4.951318,17.92146
66.04688,-23.2219,5.00928,18.16686,0,0,0,-23.09877,4.951318,17.92146
66.08021,-23.22025,5.009361,18.16668,0,0,0,-23.09877,4.951318,17.92146
66.11354,-23.22025,5.009361,18.16668,0,0,0,-23.09877,4.951318,17.92146
66.14688,-23.21859,5.009443,18.1665,0,0,0,-23.09877,4.951318,17.92146
66.18021,-23.22068,5.009585,18.16509,0,0,0,-23.09877,4.951318,17.92146
66.21355,-23.21971,5.009895,18.16333,0,0,0,-23.09877,4.951318,17.92146
66.24688,-23.22065,5.010124,18.1618,0,0,0,-23.09877,4.951318,17.92146
66.28021,-23.2206,5.009808,18.16221,0,0,0,-23.09877,4.951318,17.92146
66.31355,-23.22086,5.009608,18.15994,0,0,0,-23.09877,4.951318,17.92146
66.34688,-23.22086,5.009608,18.15994,0,0,0,-23.09877,4.951318,17.92146
66.38021,-23.22105,5.009842,18.1583,0,0,0,-23.09877,4.951318,17.92146
66.41354,-23.22112,5.00941,18.15767,0,0,0,-23.09877,4.951318,17.92146
66.44688,-23.22112,5.00941,18.15767,0,0,0,-23.09877,4.951318,17.92146
66.48021,-23.22112,5.009411,18.15767,0,0,0,-23.09877,4.951318,17.92146
66.51354,-23.22112,5.00941,18.15767,0,0,0,-23.09877,4.951318,17.92146
66.54688,-23.21947,5.009496,18.1575,0,0,0,-23.09877,4.951318,17.92146
66.58021,-23.22038,5.009409,18.15755,0,0,0,-23.09877,4.951318,17.92146
66.61354,-23.22019,5.009176,18.1592,0,0,0,-23.09877,4.951318,17.92146
66.64688,-23.22038,5.00941,18.15755,0,0,0,-23.09877,4.951318,17.92146
66.68021,-23.22019,5.009177,18.1592,0,0,0,-23.09877,4.951318,17.92146
66.71355,-23.22019,5.009177,18.1592,0,0,0,-23.09877,4.951318,17.92146
66.74688,-23.22088,5.008862,18.15972,0,0,0,-23.09877,4.951318,17.92146
66.78021,-23.22051,5.008399,18.163,0,0,0,-23.09877,4.951318,17.92146
66.81355,-23.21892,5.008256,18.16453,0,0,0,-23.09877,4.951318,17.92146
66.84688,-23.2207,5.007946,18.16638,0,0,0,-23.09877,4.951318,17.92146
66.88021,-23.22082,5.007946,18.1664,0,0,0,-23.09877,4.951318,17.92146
66.91354,-23.22109,5.007945,18.16645,0,0,0,-23.09877,4.951318,17.92146
66.94688,-23.22162,5.00817,18.16485,0,0,0,-23.09877,4.951318,17.92146
66.98021,-23.22193,5.008399,18.16323,0,0,0,-23.09877,4.951318,17.92146
67.01354,-23.22211,5.008629,18.16158,0,0,0,-23.09877,4.951318,17.92146
67.04688,-23.22219,5.00863,18.16159,0,0,0,-23.09877,4.951318,17.92146
67.08021,-23.22144,5.008629,18.16148,0,0,0,-23.09877,4.951318,17.92146
67.11354,-23.22163,5.008861,18.15983,0,0,0,-23.09877,4.951318,17.92146
67.14688,-23.22328,5.008779,18.16001,0,0,0,-23.09877,4.951318,17.92146
67.18021,-23.22347,5.009013,18.15837,0,0,0,-23.09877,4.951318,17.92146
67.21355,-23.22273,5.009013,18.15825,0,0,0,-23.09877,4.951318,17.92146
67.24688,-23.22433,5.008617,18.15883,0,0,0,-23.22104,4.958485,18.15081
67.28021,-23.22599,5.008537,18.15901,0,0,0,-23.22104,4.958485,18.15081
67.31355,-23.22746,5.008228,18.16083,0,0,0,-23.22104,4.958485,18.15081
67.34688,-23.22799,5.007692,18.16418,0,0,0,-23.22104,4.958485,18.15081
67.38021,-23.22685,5.00785,18.16227,0,0,0,-23.22104,4.958485,18.15081
67.41354,-23.22426,5.008317,18.15854,0,0,0,-23.22104,4.958485,18.15081
67.44688,-23.22225,5.008863,18.15496,0,0,0,-23.22104,4.958485,18.15081
67.48021,-23.22252,5.008675,18.15269,0,0,0,-23.22104,4.958485,18.15081
67.51354,-23.2218,5.008994,18.15098,0,0,0,-23.22104,4.958485,18.15081
67.54688,-23.22199,5.00924,18.14934,0,0,0,-23.22104,4.958485,18.15081
67.58021,-23.22053,5.009564,18.14752,0,0,0,-23.22104,4.958485,18.15081
67.61354,-23.22053,5.009564,18.14752,0,0,0,-23.22104,4.958485,18.15081
67.64688,-23.22134,5.009138,18.14701,0,0,0,-23.22104,4.958485,18.15081
67.68021,-23.22363,5.008712,18.14672,0,0,0,-23.22104,4.958485,18.15081
67.71355,-23.22604,5.008964,18.14543,0,0,0,-23.22104,4.958485,18.15081
67.74688,-23.229,5.00999,18.13921,0,0,0,-23.22104,4.958485,18.15081
67.78021,-23.22938,5.010859,18.13434,0,0,0,-23.22104,4.958485,18.15081
67.81355,-23.23251,5.008852,18.12641,0,0,0,-23.22104,4.958485,18.15081
67.84688,-23.23829,5.002171,18.11457,0,0,0,-23.22104,4.958485,18.15081
67.88021,-23.25069,4.99361,18.10389,0,0,0,-23.22104,4.958485,18.15081
67.91354,-23.26282,4.987478,18.09461,0,0,0,-23.22104,4.958485,18.15081
67.94688,-23.27355,4.984697,18.09349,0,0,0,-23.22104,4.958485,18.15081
67.98021,-23.28051,4.984241,18.09118,0,0,0,-23.22104,4.958485,18.15081
68.01354,-23.28645,4.985188,18.08666,0,0,0,-23.22104,4.958485,18.15081
68.04688,-23.28962,4.988389,18.07558,0,0,0,-23.22104,4.958485,18.15081
68.08021,-23.29209,4.992838,18.06407,0,0,0,-23.22104,4.958485,18.15081
68.11355,-23.29855,4.997986,18.05317,0,0,0,-23.22104,4.958485,18.15081
68.14688,-23.30395,5.002849,18.04606,0,0,0,-23.22104,4.958485,18.15081
68.18021,-23.30771,5.007164,18.03534,0,0,0,-23.22104,4.958485,18.15081
68.21355,-23.31342,5.009903,18.02905,0,0,0,-23.22104,4.958485,18.15081
68.24688,-23.31967,5.012262,18.02444,0,0,0,-23.22104,4.958485,18.15081
68.28021,-23.32632,5.015188,18.01802,0,0,0,-23.22104,4.958485,18.15081
68.31355,-23.32851,5.017734,18.01176,0,0,0,-23.22104,4.958485,18.15081
68.34688,-23.32878,5.016961,18.00859,0,0,0,-23.22104,4.958485,18.15081
68.38021,-23.33128,5.012061,18.01048,0,0,0,-23.22104,4.958485,18.15081
68.41354,-23.3312,5.009567,18.01143,0,0,0,-23.22104,4.958485,18.15081
68.44688,-23.33031,5.008475,18.01376,0,0,0,-23.22104,4.958485,18.15081
68.48021,-23.32966,5.007957,18.0133,0,0,0,-23.22104,4.958485,18.15081
68.51354,-23.32748,5.010469,18.01119,0,0,0,-23.22104,4.958485,18.15081
68.54688,-23.32382,5.014389,18.0104,0,0,0,-23.22104,4.958485,18.15081
68.58021,-23.31763,5.017696,18.00816,0,0,0,-23.22104,4.958485,18.15081
68.61355,-23.31315,5.020613,18.00543,0,0,0,-23.22104,4.958485,18.15081
68.64688,-23.30966,5.023488,18.00275,0,0,0,-23.22104,4.958485,18.15081
68.68021,-23.30589,5.024898,17.99983,0,0,0,-23.22104,4.958485,18.15081
68.71355,-23.30531,5.025721,17.99877,0,0,0,-23.22104,4.958485,18.15081
68.74688,-23.30191,5.026731,17.99521,0,0,0,-23.22104,4.958485,18.15081
68.78021,-23.30176,5.026256,17.9968,0,0,0,-23.22104,4.958485,18.15081
68.81355,-23.30191,5.02673,17.99521,0,0,0,-23.22104,4.958485,18.15081
68.84688,-23.30239,5.026611,17.9975,0,0,0,-23.22104,4.958485,18.15081
68.88021,-23.30378,5.026934,17.99726,0,0,0,-23.22104,4.958485,18.15081
68.91354,-23.30358,5.026817,17.99947,0,0,0,-23.22104,4.958485,18.15081
68.94688,-23.30435,5.027642,17.99857,0,0,0,-23.22104,4.958485,18.15081
68.98021,-23.30483,5.027528,18.00086,0,0,0,-23.22104,4.958485,18.15081
69.01354,-23.30453,5.027593,18.00089,0,0,0,-23.22104,4.958485,18.15081
69.04688,-23.3056,5.026663,18.00425,0,0,0,-23.22104,4.958485,18.15081
69.08021,-23.30449,5.026268,18.0058,0,0,0,-23.22104,4.958485,18.15081
69.11355,-23.30498,5.026165,18.00809,0,0,0,-23.22104,4.958485,18.15081
69.14688,-23.30493,5.026524,18.00871,0,0,0,-23.22104,4.958485,18.15081
69.18021,-23.30419,5.026883,18.00924,0,0,0,-23.22104,4.958485,18.15081
69.21355,-23.30331,5.026784,18.01138,0,0,0,-23.22104,4.958485,18.15081
69.24688,-23.30111,5.02731,18.00957,0,0,0,-23.22104,4.958485,18.15081
69.28021,-23.2976,5.027362,18.01153,0,0,0,-23.22104,4.958485,18.15081
69.31355,-23.29732,5.026457,18.01473,0,0,0,-23.22104,4.958485,18.15081
69.34688,-23.29718,5.02601,18.01634,0,0,0,-23.22104,4.958485,18.15081
69.38021,-23.29478,5.026447,18.01674,0,0,0,-23.22104,4.958485,18.15081
69.41354,-23.29478,5.026447,18.01674,0,0,0,-23.22104,4.958485,18.15081
69.44688,-23.29633,5.027095,18.0181,0,0,0,-23.22104,4.958485,18.15081
69.48021,-23.29476,5.027981,18.01698,0,0,0,-23.22104,4.958485,18.15081
69.51354,-23.29485,5.028791,18.016,0,0,0,-23.22104,4.958485,18.15081
69.54688,-23.29348,5.02977,18.01267,0,0,0,-23.22104,4.958485,18.15081
69.58021,-23.29377,5.030681,18.00947,0,0,0,-23.22104,4.958485,18.15081
69.61355,-23.29391,5.031139,18.00788,0,0,0,-23.22104,4.958485,18.15081
69.64688,-23.29414,5.032417,18.00529,0,0,0,-23.22104,4.958485,18.15081
69.68021,-23.29272,5.033783,18.00259,0,0,0,-23.22104,4.958485,18.15081
69.71355,-23.29299,5.035397,17.99961,0,0,0,-23.22104,4.958485,18.15081
69.74688,-23.29327,5.036338,17.99642,0,0,0,-23.22104,4.958485,18.15081
69.78021,-23.29356,5.037291,17.99323,0,0,0,-23.22104,4.958485,18.15081
69.81355,-23.29356,5.037291,17.99323,0,0,0,-23.22104,4.958485,18.15081
69.84688,-23.29351,5.037643,17.99384,0,0,0,-23.22104,4.958485,18.15081
69.88021,-23.2936,5.038472,17.99286,0,0,0,-23.22104,4.958485,18.15081
69.91354,-23.29423,5.038826,17.99355,0,0,0,-23.22104,4.958485,18.15081
69.94688,-23.29319,5.039261,17.99413,0,0,0,-23.22104,4.958485,18.15081
69.98021,-23.29284,5.041371,17.9948,0,0,0,-23.22104,4.958485,18.15081
70.01354,-23.28967,5.043695,17.99297,0,0,0,-23.22104,4.958485,18.15081
70.04688,-23.28869,5.043786,17.99294,0,0,0,-23.22104,4.958485,18.15081
70.08021,-23.28703,5.04388,17.99282,0,0,0,-23.22104,4.958485,18.15081
70.11355,-23.28538,5.043973,17.9927,0,0,0,-23.22104,4.958485,18.15081
70.14688,-23.28367,5.044425,17.99319,0,0,0,-23.22104,4.958485,18.15081
70.18021,-23.28367,5.044425,17.99319,0,0,0,-23.22104,4.958485,18.15081
70.21355,-23.28201,5.044524,17.99307,0,0,0,-23.22104,4.958485,18.15081
70.24688,-23.28201,5.044524,17.99307,0,0,0,-23.22104,4.958485,18.15081
70.28021,-23.28021,5.04415,17.99455,0,0,0,-23.22104,4.958485,18.15081
70.31355,-23.27842,5.043782,17.99603,0,0,0,-23.22104,4.958485,18.15081
70.34688,-23.27676,5.043889,17.99591,0,0,0,-23.22104,4.958485,18.15081
70.38021,-23.27326,5.043992,17.99788,0,0,0,-23.22104,4.958485,18.15081
70.41354,-23.27228,5.044103,17.99786,0,0,0,-23.22104,4.958485,18.15081
70.44688,-23.2695,5.043865,17.99932,0,0,0,-23.22104,4.958485,18.15081
70.48021,-23.26454,5.044225,17.99898,0,0,0,-23.22104,4.958485,18.15081
70.51354,-23.26107,5.044688,18.00056,0,0,0,-23.22104,4.958485,18.15081
70.54688,-23.25839,5.044255,18.00416,0,0,0,-23.22104,4.958485,18.15081
70.58021,-23.25517,5.045825,18.00628,0,0,0,-23.22104,4.958485,18.15081
70.61355,-23.24999,5.04718,18.01022,0,0,0,-23.22104,4.958485,18.15081
70.64688,-23.24677,5.048808,18.00771,0,0,0,-23.22104,4.958485,18.15081
70.68021,-23.24113,5.049756,18.00597,0,0,0,-23.22104,4.958485,18.15081
70.71355,-23.23854,5.048622,18.00833,0,0,0,-23.22104,4.958485,18.15081
70.74688,-23.23865,5.046469,18.01423,0,0,0,-23.22104,4.958485,18.15081
70.78021,-23.24039,5.045586,18.01775,0,0,0,-23.22104,4.958485,18.15081
70.81355,-23.24298,5.045147,18.01978,0,0,0,-23.22104,4.958485,18.15081
70.84688,-23.24656,5.045586,18.0187,0,0,0,-23.22104,4.958485,18.15081
70.88021,-23.25,5.045586,18.01922,0,0,0,-23.22104,4.958485,18.15081
70.91354,-23.25412,5.045586,18.01983,0,0,0,-23.22104,4.958485,18.15081
70.94688,-23.25756,5.045585,18.02033,0,0,0,-23.22104,4.958485,18.15081
70.98021,-23.25975,5.046027,18.01902,0,0,0,-23.22104,4.958485,18.15081
71.01354,-23.26204,5.047278,18.01672,0,0,0,-23.22104,4.958485,18.15081
71.04688,-23.26231,5.048172,18.01352,0,0,0,-23.22104,4.958485,18.15081
71.08021,-23.26312,5.048623,18.01201,0,0,0,-23.22104,4.958485,18.15081
71.11355,-23.26449,5.048622,18.01221,0,0,0,-23.22104,4.958485,18.15081
71.14688,-23.26615,5.048488,18.0123,0,0,0,-23.22104,4.958485,18.15081
71.18021,-23.26601,5.048038,18.01391,0,0,0,-23.22104,4.958485,18.15081
71.21355,-23.26891,5.047457,18.0158,0,0,0,-23.22104,4.958485,18.15081
71.24688,-23.27007,5.0462,18.01859,0,0,0,-23.22104,4.958485,18.15081
71.28021,-23.27512,5.044899,18.01954,0,0,0,-23.22104,4.958485,18.15081
71.31355,-23.28223,5.042958,18.02447,0,0,0,-23.22104,4.958485,18.15081
71.34688,-23.28664,5.042834,18.02492,0,0,0,-23.22104,4.958485,18.15081
71.38021,-23.29137,5.042912,18.02486,0,0,0,-23.22104,4.958485,18.15081
71.41354,-23.29194,5.042475,18.02656,0,0,0,-23.22104,4.958485,18.15081
71.44688,-23.29362,5.042678,18.02624,0,0,0,-23.22104,4.958485,18.15081
71.48021,-23.29654,5.042816,18.02831,0,0,0,-23.22104,4.958485,18.15081
71.51354,-23.29734,5.043251,18.02678,0,0,0,-23.22104,4.958485,18.15081
71.54688,-23.29974,5.043777,18.02615,0,0,0,-23.22104,4.958485,18.15081
71.58021,-23.30011,5.045411,18.02092,0,0,0,-23.22104,4.958485,18.15081
71.61355,-23.29968,5.046618,18.01723,0,0,0,-23.22104,4.958485,18.15081
71.64688,-23.30225,5.0474,18.01418,0,0,0,-23.22104,4.958485,18.15081
71.68021,-23.30296,5.047719,18.01386,0,0,0,-23.22104,4.958485,18.15081
71.71355,-23.30541,5.04806,18.01243,0,0,0,-23.22104,4.958485,18.15081
71.74688,-23.30541,5.04806,18.01243,0,0,0,-23.22104,4.958485,18.15081
71.78021,-23.30847,5.048273,18.01227,0,0,0,-23.22104,4.958485,18.15081
71.81355,-23.31013,5.048167,18.01235,0,0,0,-23.22104,4.958485,18.15081
71.84688,-23.30983,5.048273,18.01242,0,0,0,-23.22104,4.958485,18.15081
71.88021,-23.31275,5.047716,18.01426,0,0,0,-23.22104,4.958485,18.15081
71.91354,-23.31225,5.046927,18.01754,0,0,0,-23.22104,4.958485,18.15081
71.94688,-23.31453,5.046013,18.0187,0,0,0,-23.22104,4.958485,18.15081
71.98021,-23.31442,5.045569,18.0203,0,0,0,-23.22104,4.958485,18.15081
72.01354,-23.31569,5.04513,18.02206,0,0,0,-23.22104,4.958485,18.15081
72.04688,-23.31497,5.045496,18.02259,0,0,0,-23.22104,4.958485,18.15081
72.08021,-23.31417,5.045058,18.02413,0,0,0,-23.22104,4.958485,18.15081
72.11355,-23.31417,5.045058,18.02413,0,0,0,-23.22104,4.958485,18.15081
72.14688,-23.3159,5.043983,18.02736,0,0,0,-23.22104,4.958485,18.15081
72.18021,-23.31511,5.043551,18.02889,0,0,0,-23.22104,4.958485,18.15081
72.21355,-23.315,5.043122,18.0305,0,0,0,-23.22104,4.958485,18.15081
72.24688,-23.315,5.043122,18.0305,0,0,0,-23.22104,4.958485,18.15081
72.28021,-23.31489,5.042695,18.03211,0,0,0,-23.22104,4.958485,18.15081
72.31355,-23.31511,5.043551,18.02889,0,0,0,-23.22104,4.958485,18.15081
72.34688,-23.31666,5.043023,18.03058,0,0,0,-23.22104,4.958485,18.15081
72.38021,-23.31677,5.043452,18.02897,0,0,0,-23.22104,4.958485,18.15081
72.41354,-23.31677,5.043452,18.02897,0,0,0,-23.22104,4.958485,18.15081
72.44688,-23.31677,5.043452,18.02897,0,0,0,-23.22104,4.958485,18.15081
72.48021,-23.31846,5.044681,18.02845,0,0,0,-23.22104,4.958485,18.15081
72.51354,-23.31634,5.046648,18.02488,0,0,0,-23.22104,4.958485,18.15081
72.54688,-23.31653,5.048891,18.02207,0,0,0,-23.22104,4.958485,18.15081
72.58021,-23.31664,5.049328,18.02046,0,0,0,-23.22104,4.958485,18.15081
72.61355,-23.31675,5.049767,18.01886,0,0,0,-23.22104,4.958485,18.15081
72.64688,-23.31462,5.048962,18.01963,0,0,0,-23.22104,4.958485,18.15081
72.68021,-23.31268,5.048718,18.01759,0,0,0,-23.22104,4.958485,18.15081
72.71355,-23.31066,5.048353,18.01674,0,0,0,-23.22104,4.958485,18.15081
72.74688,-23.30933,5.047987,18.01598,0,0,0,-23.22104,4.958485,18.15081
72.78021,-23.3091,5.047106,18.01919,0,0,0,-23.22104,4.958485,18.15081
72.81355,-23.30903,5.0463,18.02018,0,0,0,-23.22104,4.958485,18.15081
72.84688,-23.30903,5.0463,18.02018,0,0,0,-23.22104,4.958485,18.15081
72.88021,-23.31046,5.045333,18.02349,0,0,0,-23.22104,4.958485,18.15081
72.91354,-23.3088,5.045431,18.0234,0,0,0,-23.22104,4.958485,18.15081
72.94688,-23.30949,5.045431,18.02348,0,0,0,-23.22104,4.958485,18.15081
72.98021,-23.30937,5.044998,18.02509,0,0,0,-23.22104,4.958485,18.15081
73.01354,-23.31075,5.044998,18.02524,0,0,0,-23.30488,4.943424,17.99752
73.04688,-23.31064,5.044566,18.02685,0,0,0,-23.30488,4.943424,17.99752
73.08021,-23.30887,5.044239,18.02837,0,0,0,-23.30488,4.943424,17.99752
73.11355,-23.31055,5.044458,18.02805,0,0,0,-23.30488,4.943424,17.99752
73.14688,-23.30901,5.044986,18.02635,0,0,0,-23.30488,4.943424,17.99752
73.18021,-23.3093,5.04665,18.02214,0,0,0,-23.30488,4.943424,17.99752
73.21355,-23.30787,5.047626,18.01884,0,0,0,-23.30488,4.943424,17.99752
73.24688,-23.30655,5.049055,18.01393,0,0,0,-23.30488,4.943424,17.99752
73.28021,-23.30501,5.049605,18.01224,0,0,0,-23.30488,4.943424,17.99752
73.31355,-23.30289,5.050613,18.00886,0,0,0,-23.30488,4.943424,17.99752
73.34688,-23.29649,5.051971,18.00531,0,0,0,-23.30488,4.943424,17.99752
73.38021,-23.29341,5.053122,18.00193,0,0,0,-23.30488,4.943424,17.99752
73.41354,-23.29021,5.05383,18.00016,0,0,0,-23.30488,4.943424,17.99752
73.44688,-23.28819,5.055707,17.9958,0,0,0,-23.30488,4.943424,17.99752
73.48021,-23.28716,5.057472,17.99144,0,0,0,-23.30488,4.943424,17.99752
73.51354,-23.28435,5.058903,17.98859,0,0,0,-23.30488,4.943424,17.99752
73.54688,-23.28256,5.060531,17.98534,0,0,0,-23.30488,4.943424,17.99752
73.58021,-23.28301,5.061872,17.98345,0,0,0,-23.30488,4.943424,17.99752
73.61355,-23.28255,5.063189,17.98078,0,0,0,-23.30488,4.943424,17.99752
73.64688,-23.28131,5.065012,17.97941,0,0,0,-23.30488,4.943424,17.99752
73.68021,-23.28008,5.067906,17.97392,0,0,0,-23.30488,4.943424,17.99752
73.71355,-23.27941,5.069557,17.97382,0,0,0,-23.30488,4.943424,17.99752
73.74688,-23.27985,5.072234,17.97233,0,0,0,-23.30488,4.943424,17.99752
73.78021,-23.27591,5.076045,17.96751,0,0,0,-23.30488,4.943424,17.99752
73.81355,-23.27315,5.077517,17.96465,0,0,0,-23.30488,4.943424,17.99752
73.84688,-23.27169,5.07944,17.96234,0,0,0,-23.30488,4.943424,17.99752
73.88021,-23.26922,5.083663,17.95604,0,0,0,-23.30488,4.943424,17.99752
73.91354,-23.26913,5.088382,17.94912,0,0,0,-23.30488,4.943424,17.99752
73.94688,-23.26893,5.091933,17.94359,0,0,0,-23.30488,4.943424,17.99752
73.98021,-23.26815,5.095378,17.93719,0,0,0,-23.30488,4.943424,17.99752
74.01354,-23.26704,5.09717,17.93479,0,0,0,-23.30488,4.943424,17.99752
74.04688,-23.26661,5.099271,17.93206,0,0,0,-23.30488,4.943424,17.99752
74.08021,-23.26692,5.101339,17.92842,0,0,0,-23.30488,4.943424,17.99752
74.11355,-23.2677,5.102573,17.92687,0,0,0,-23.30488,4.943424,17.99752
74.14688,-23.26694,5.104156,17.92404,0,0,0,-23.30488,4.943424,17.99752
74.18021,-23.26702,5.104124,17.92303,0,0,0,-23.30488,4.943424,17.99752
74.21355,-23.26476,5.10457,17.92241,0,0,0,-23.30488,4.943424,17.99752
74.24688,-23.26521,5.105351,17.92109,0,0,0,-23.30488,4.943424,17.99752
74.28021,-23.26555,5.107716,17.91702,0,0,0,-23.30488,4.943424,17.99752
74.31355,-23.26591,5.111025,17.91272,0,0,0,-23.30488,4.943424,17.99752
74.34688,-23.26666,5.118143,17.89984,0,0,0,-23.30488,4.943424,17.99752
74.38021,-23.26941,5.124325,17.88986,0,0,0,-23.30488,4.943424,17.99752
74.41354,-23.27115,5.127215,17.8841,0,0,0,-23.30488,4.943424,17.99752
74.44688,-23.27452,5.130586,17.8786,0,0,0,-23.30488,4.943424,17.99752
74.48021,-23.2769,5.133745,17.87248,0,0,0,-23.30488,4.943424,17.99752
74.51354,-23.279,5.135798,17.86979,0,0,0,-23.30488,4.943424,17.99752
74.54688,-23.27961,5.138821,17.865,0,0,0,-23.30488,4.943424,17.99752
74.58021,-23.28311,5.139297,17.86523,0,0,0,-23.30488,4.943424,17.99752
74.61355,-23.28445,5.140168,17.86413,0,0,0,-23.30488,4.943424,17.99752
74.64688,-23.287,5.140748,17.86363,0,0,0,-23.30488,4.943424,17.99752
74.68021,-23.29062,5.140238,17.86236,0,0,0,-23.30488,4.943424,17.99752
74.71355,-23.29091,5.140331,17.86151,0,0,0,-23.30488,4.943424,17.99752
74.74688,-23.29286,5.141199,17.86049,0,0,0,-23.30488,4.943424,17.99752
74.78021,-23.29511,5.141667,17.86052,0,0,0,-23.30488,4.943424,17.99752
74.81355,-23.29646,5.142818,17.85897,0,0,0,-23.30488,4.943424,17.99752
74.84688,-23.29781,5.143967,17.85743,0,0,0,-23.30488,4.943424,17.99752
74.88021,-23.2999,5.145043,17.85422,0,0,0,-23.30488,4.943424,17.99752
74.91354,-23.30114,5.14502,17.85407,0,0,0,-23.30488,4.943424,17.99752
74.94688,-23.30319,5.145783,17.85098,0,0,0,-23.30488,4.943424,17.99752
74.98021,-23.30671,5.148512,17.84431,0,0,0,-23.30488,4.943424,17.99752
75.01354,-23.31006,5.150393,17.83963,0,0,0,-23.30488,4.943424,17.99752
75.04688,-23.31421,5.153984,17.83203,0,0,0,-23.30488,4.943424,17.99752
75.08021,-23.3187,5.156164,17.82805,0,0,0,-23.30488,4.943424,17.99752
75.11355,-23.32488,5.158484,17.82297,0,0,0,-23.30488,4.943424,17.99752
75.14688,-23.32895,5.161224,17.81931,0,0,0,-23.30488,4.943424,17.99752
75.18021,-23.32905,5.161775,17.81928,0,0,0,-23.30488,4.943424,17.99752
75.21355,-23.33105,5.161946,17.81928,0,0,0,-23.30488,4.943424,17.99752
75.24688,-23.33686,5.162205,17.81897,0,0,0,-23.30488,4.943424,17.99752
75.28021,-23.33815,5.163087,17.81809,0,0,0,-23.30488,4.943424,17.99752
75.31355,-23.34083,5.163301,17.81762,0,0,0,-23.30488,4.943424,17.99752
75.34688,-23.34953,5.163685,17.81608,0,0,0,-23.30488,4.943424,17.99752
75.38021,-23.35729,5.16386,17.81427,0,0,0,-23.30488,4.943424,17.99752
75.41354,-23.36018,5.163754,17.81358,0,0,0,-23.30488,4.943424,17.99752
75.44688,-23.37052,5.163417,17.811,0,0,0,-23.30488,4.943424,17.99752
75.48021,-23.37581,5.163435,17.80902,0,0,0,-23.30488,4.943424,17.99752
75.51354,-23.38047,5.163101,17.80802,0,0,0,-23.30488,4.943424,17.99752
75.54688,-23.39211,5.163926,17.80435,0,0,0,-23.30488,4.943424,17.99752
75.58021,-23.39736,5.164697,17.80311,0,0,0,-23.30488,4.943424,17.99752
75.61355,-23.39842,5.165357,17.8019,0,0,0,-23.30488,4.943424,17.99752
75.64688,-23.40145,5.165426,17.80103,0,0,0,-23.30488,4.943424,17.99752
75.68021,-23.40271,5.165621,17.79995,0,0,0,-23.30488,4.943424,17.99752
75.71355,-23.40374,5.165915,17.79902,0,0,0,-23.30488,4.943424,17.99752
75.74688,-23.40627,5.166225,17.79768,0,0,0,-23.30488,4.943424,17.99752
75.78021,-23.40841,5.164894,17.79608,0,0,0,-23.30488,4.943424,17.99752
75.81355,-23.40859,5.161906,17.79487,0,0,0,-23.30488,4.943424,17.99752
75.84688,-23.4062,5.146274,17.78887,0,0,0,-23.30488,4.943424,17.99752
75.88021,-23.40896,5.144747,17.78877,0,0,0,-23.30488,4.943424,17.99752
75.91354,-23.40891,5.145079,17.78918,0,0,0,-23.30488,4.943424,17.99752
75.94688,-23.41228,5.145998,17.7886,0,0,0,-23.30488,4.943424,17.99752
75.98021,-23.41399,5.146444,17.78822,0,0,0,-23.30488,4.943424,17.99752
76.01354,-23.41446,5.146546,17.78812,0,0,0,-23.30488,4.943424,17.99752
76.04688,-23.41521,5.146706,17.78796,0,0,0,-23.30488,4.943424,17.99752
76.08021,-23.41462,5.146706,17.78793,0,0,0,-23.30488,4.943424,17.99752
76.11355,-23.41342,5.146397,17.78898,0,0,0,-23.30488,4.943424,17.99752
76.14688,-23.40927,5.148103,17.78817,0,0,0,-23.30488,4.943424,17.99752
76.18021,-23.4036,5.150315,17.78605,0,0,0,-23.30488,4.943424,17.99752
76.21355,-23.40565,5.150548,17.78529,0,0,0,-23.30488,4.943424,17.99752
76.24688,-23.40281,5.151167,17.78611,0,0,0,-23.30488,4.943424,17.99752
76.28021,-23.39792,5.151692,17.78719,0,0,0,-23.30488,4.943424,17.99752
76.31355,-23.39595,5.152186,17.78693,0,0,0,-23.30488,4.943424,17.99752
76.34688,-23.38539,5.152134,17.78965,0,0,0,-23.30488,4.943424,17.99752
76.38021,-23.37789,5.151647,17.79112,0,0,0,-23.30488,4.943424,17.99752
76.41354,-23.37555,5.151106,17.79209,0,0,0,-23.30488,4.943424,17.99752
76.44688,-23.37276,5.150788,17.79264,0,0,0,-23.30488,4.943424,17.99752
76.48021,-23.36957,5.151057,17.793,0,0,0,-23.30488,4.943424,17.99752
76.51354,-23.36953,5.150476,17.79365,0,0,0,-23.30488,4.943424,17.99752
76.54688,-23.36807,5.149352,17.7931,0,0,0,-23.30488,4.943424,17.99752
76.58021,-23.3678,5.146391,17.79215,0,0,0,-23.30488,4.943424,17.99752
76.61355,-23.35086,5.145357,17.76843,0,0,0,-23.30488,4.943424,17.99752
76.64688,-23.33301,5.120364,17.77064,0,0,0,-23.30488,4.943424,17.99752
76.68021,-23.33618,5.112092,17.78283,0,0,0,-23.30488,4.943424,17.99752
76.71355,-23.3365,5.110435,17.7825,0,0,0,-23.30488,4.943424,17.99752
76.74688,-23.32947,5.107541,17.76496,0,0,0,-23.30488,4.943424,17.99752
76.78021,-23.33185,5.097381,17.77358,0,0,0,-23.30488,4.943424,17.99752
76.81355,-23.33275,5.095178,17.77563,0,0,0,-23.30488,4.943424,17.99752
76.84688,-23.33401,5.092339,17.77375,0,0,0,-23.30488,4.943424,17.99752
76.88021,-23.32895,5.078564,17.75471,0,0,0,-23.30488,4.943424,17.99752
76.91354,-23.32791,5.072847,17.75324,0,0,0,-23.30488,4.943424,17.99752
76.94688,-23.33317,5.066216,17.76293,0,0,0,-23.30488,4.943424,17.99752
76.98021,-23.33275,5.063771,17.76221,0,0,0,-23.30488,4.943424,17.99752
77.01354,-23.33515,5.062811,17.76095,0,0,0,-23.30488,4.943424,17.99752
77.04688,-23.33556,5.061259,17.75908,0,0,0,-23.30488,4.943424,17.99752
77.08021,-23.33898,5.059763,17.75729,0,0,0,-23.30488,4.943424,17.99752
77.11355,-23.34034,5.059349,17.75556,0,0,0,-23.30488,4.943424,17.99752
77.14688,-23.3418,5.057804,17.75338,0,0,0,-23.30488,4.943424,17.99752
77.18021,-23.34433,5.055537,17.75076,0,0,0,-23.30488,4.943424,17.99752
77.21355,-23.34793,5.054333,17.74771,0,0,0,-23.30488,4.943424,17.99752
77.24688,-23.3526,5.049879,17.74435,0,0,0,-23.30488,4.943424,17.99752
77.28021,-23.35814,5.044614,17.73807,0,0,0,-23.30488,4.943424,17.99752
77.31355,-23.3625,5.041681,17.73391,0,0,0,-23.30488,4.943424,17.99752
77.34688,-23.36404,5.033719,17.72895,0,0,0,-23.30488,4.943424,17.99752
77.38021,-23.36244,5.025724,17.72525,0,0,0,-23.30488,4.943424,17.99752
77.41354,-23.35815,5.021832,17.72367,0,0,0,-23.30488,4.943424,17.99752
77.44688,-23.35448,5.015952,17.72249,0,0,0,-23.30488,4.943424,17.99752
77.48021,-23.35004,5.014482,17.72152,0,0,0,-23.30488,4.943424,17.99752
77.51354,-23.34699,5.013834,17.72071,0,0,0,-23.30488,4.943424,17.99752
77.54688,-23.34,5.011495,17.7214,0,0,0,-23.30488,4.943424,17.99752
77.58022,-23.33017,5.009459,17.72224,0,0,0,-23.30488,4.943424,17.99752
77.61355,-23.3228,5.009117,17.72202,0,0,0,-23.30488,4.943424,17.99752
77.64688,-23.30934,5.007365,17.72479,0,0,0,-23.30488,4.943424,17.99752
77.68021,-23.29629,5.006677,17.72656,0,0,0,-23.30488,4.943424,17.99752
77.71355,-23.28744,5.007763,17.72628,0,0,0,-23.30488,4.943424,17.99752
77.74688,-23.27312,5.006905,17.73011,0,0,0,-23.30488,4.943424,17.99752
77.78021,-23.26334,5.007963,17.7312,0,0,0,-23.30488,4.943424,17.99752
77.81355,-23.25712,5.009953,17.73067,0,0,0,-23.30488,4.943424,17.99752
77.84688,-23.24983,5.009845,17.73628,0,0,0,-23.30488,4.943424,17.99752
77.88021,-23.24528,5.012718,17.7371,0,0,0,-23.30488,4.943424,17.99752
77.91354,-23.23941,5.016057,17.73659,0,0,0,-23.30488,4.943424,17.99752
77.94688,-23.23263,5.018418,17.74314,0,0,0,-23.30488,4.943424,17.99752
77.98021,-23.22603,5.023168,17.74739,0,0,0,-23.30488,4.943424,17.99752
78.01354,-23.22259,5.027604,17.74727,0,0,0,-23.30488,4.943424,17.99752
78.04688,-23.21763,5.032728,17.7525,0,0,0,-23.30488,4.943424,17.99752
78.08022,-23.21445,5.037272,17.75532,0,0,0,-23.30488,4.943424,17.99752
78.11355,-23.21519,5.038685,17.75505,0,0,0,-23.30488,4.943424,17.99752
78.14688,-23.21873,5.039415,17.75472,0,0,0,-23.30488,4.943424,17.99752
78.18021,-23.22268,5.038838,17.75334,0,0,0,-23.30488,4.943424,17.99752
78.21355,-23.22534,5.038305,17.75074,0,0,0,-23.30488,4.943424,17.99752
78.24688,-23.23293,5.034607,17.74857,0,0,0,-23.30488,4.943424,17.99752
78.28021,-23.24406,5.030109,17.74443,0,0,0,-23.30488,4.943424,17.99752
78.31355,-23.24982,5.073611,17.66161,0,0,0,-23.30488,4.943424,17.99752
78.34688,-23.25749,4.988309,17.63049,0,0,0,-23.30488,4.943424,17.99752
78.38021,-23.28609,4.965537,17.68535,0,0,0,-23.30488,4.943424,17.99752
78.41354,-23.29538,4.966645,17.68677,0,0,0,-23.30488,4.943424,17.99752
78.44688,-23.31903,4.987088,17.60508,0,0,0,-23.30488,4.943424,17.99752
78.48021,-23.35371,4.964691,17.64496,0,0,0,-23.30488,4.943424,17.99752
78.51354,-23.36162,4.962026,17.65423,0,0,0,-23.30488,4.943424,17.99752
78.54688,-23.41418,5.057233,17.65645,0,0,0,-23.30488,4.943424,17.99752
78.58022,-23.4326,5.049342,17.67224,0,0,0,-23.30488,4.943424,17.99752
78.61355,-23.42298,5.060272,17.65277,0,0,0,-23.30488,4.943424,17.99752
78.64688,-23.43852,5.057016,17.6572,0,0,0,-23.30488,4.943424,17.99752
78.68021,-23.44606,5.050386,17.67025,0,0,0,-23.30488,4.943424,17.99752
78.71355,-23.44378,5.05441,17.66222,0,0,0,-23.30488,4.943424,17.99752
78.74688,-23.44891,5.052251,17.66492,0,0,0,-23.30488,4.943424,17.99752
78.78021,-23.4505,5.052444,17.66776,0,0,0,-23.30488,4.943424,17.99752
78.81355,-23.45041,5.052237,17.66948,0,0,0,-23.30488,4.943424,17.99752
78.84688,-23.45127,5.050667,17.67206,0,0,0,-23.30488,4.943424,17.99752
78.88021,-23.4478,5.049427,17.67524,0,0,0,-23.30488,4.943424,17.99752
78.91354,-23.43906,5.047337,17.68166,0,0,0,-23.30488,4.943424,17.99752
78.94688,-23.42751,5.041796,17.69889,0,0,0,-23.30488,4.943424,17.99752
78.98021,-23.41709,5.040447,17.71219,0,0,0,-23.30488,4.943424,17.99752
79.01354,-23.40769,5.040287,17.72294,0,0,0,-23.30488,4.943424,17.99752
79.04688,-23.39855,5.041784,17.73928,0,0,0,-23.30488,4.943424,17.99752
79.08022,-23.39085,5.045183,17.7498,0,0,0,-23.30488,4.943424,17.99752
79.11355,-23.38377,5.047289,17.76283,0,0,0,-23.30488,4.943424,17.99752
79.14688,-23.37519,5.049678,17.77912,0,0,0,-23.30488,4.943424,17.99752
79.18021,-23.36953,5.050646,17.78612,0,0,0,-23.30488,4.943424,17.99752
79.21355,-23.36644,5.051493,17.78953,0,0,0,-23.30488,4.943424,17.99752
79.24688,-23.36555,5.050284,17.79292,0,0,0,-23.30488,4.943424,17.99752
79.28021,-23.36597,5.047719,17.8009,0,0,0,-23.30488,4.943424,17.99752
79.31355,-23.36674,5.045553,17.80602,0,0,0,-23.30488,4.943424,17.99752
79.34688,-23.36876,5.044298,17.8121,0,0,0,-23.30488,4.943424,17.99752
79.38021,-23.3718,5.042515,17.81734,0,0,0,-23.30488,4.943424,17.99752
79.41354,-23.37767,5.040204,17.82189,0,0,0,-23.30488,4.943424,17.99752
79.44688,-23.38704,5.035658,17.83079,0,0,0,-23.30488,4.943424,17.99752
79.48021,-23.40085,5.029886,17.84567,0,0,0,-23.30488,4.943424,17.99752
79.51354,-23.41343,5.026969,17.85769,0,0,0,-23.30488,4.943424,17.99752
79.54688,-23.42457,5.023145,17.86487,0,0,0,-23.30488,4.943424,17.99752
79.58022,-23.43878,5.016898,17.87802,0,0,0,-23.30488,4.943424,17.99752
79.61355,-23.44813,5.013334,17.88516,0,0,0,-23.30488,4.943424,17.99752
79.64688,-23.45813,5.009872,17.89233,0,0,0,-23.30488,4.943424,17.99752
79.68021,-23.46901,5.005518,17.90271,0,0,0,-23.30488,4.943424,17.99752
79.71355,-23.47779,5.002278,17.90989,0,0,0,-23.30488,4.943424,17.99752
79.74688,-23.48318,4.999906,17.91581,0,0,0,-23.30488,4.943424,17.99752
79.78021,-23.49007,4.996653,17.92496,0,0,0,-23.30488,4.943424,17.99752
79.81355,-23.49811,4.992908,17.93557,0,0,0,-23.30488,4.943424,17.99752
79.84688,-23.50021,4.990993,17.94184,0,0,0,-23.30488,4.943424,17.99752
79.88021,-23.50296,4.989115,17.94812,0,0,0,-23.30488,4.943424,17.99752
79.91354,-23.50684,4.986722,17.95587,0,0,0,-23.30488,4.943424,17.99752
79.94688,-23.5066,4.98619,17.96201,0,0,0,-23.30488,4.943424,17.99752
79.98021,-23.50672,4.985776,17.96363,0,0,0,-23.30488,4.943424,17.99752
80.01354,-23.50687,4.985728,17.9659,0,0,0,-23.30488,4.943424,17.99752
80.04688,-23.50751,4.985521,17.97029,0,0,0,-23.30488,4.943424,17.99752
80.08022,-23.49968,4.987133,17.97285,0,0,0,-23.30488,4.943424,17.99752
80.11355,-23.4929,4.987872,17.97621,0,0,0,-23.30488,4.943424,17.99752
80.14688,-23.48027,4.989871,17.97676,0,0,0,-23.30488,4.943424,17.99752
80.18021,-23.46836,4.992977,17.97818,0,0,0,-23.30488,4.943424,17.99752
80.21355,-23.4559,4.997637,17.97627,0,0,0,-23.30488,4.943424,17.99752
80.24688,-23.44246,5.006641,17.96871,0,0,0,-23.30488,4.943424,17.99752
80.28021,-23.43184,5.016601,17.95136,0,0,0,-23.30488,4.943424,17.99752
80.31355,-23.42296,5.025681,17.93412,0,0,0,-23.30488,4.943424,17.99752
80.34688,-23.41514,5.035337,17.9162,0,0,0,-23.30488,4.943424,17.99752
80.38021,-23.40706,5.041571,17.89921,0,0,0,-23.30488,4.943424,17.99752
80.41354,-23.4015,5.045961,17.88631,0,0,0,-23.30488,4.943424,17.99752
80.44688,-23.39423,5.05214,17.87108,0,0,0,-23.30488,4.943424,17.99752
80.48021,-23.38743,5.060228,17.85125,0,0,0,-23.30488,4.943424,17.99752
80.51354,-23.3853,5.065035,17.83886,0,0,0,-23.30488,4.943424,17.99752
80.54688,-23.38315,5.070275,17.82539,0,0,0,-23.30488,4.943424,17.99752
80.58022,-23.38124,5.073526,17.81777,0,0,0,-23.30488,4.943424,17.99752
80.61355,-23.38113,5.074744,17.81466,0,0,0,-23.30488,4.943424,17.99752
80.64688,-23.38102,5.075969,17.81155,0,0,0,-23.30488,4.943424,17.99752
80.68021,-23.38097,5.076584,17.81,0,0,0,-23.30488,4.943424,17.99752
80.71355,-23.38026,5.07782,17.80685,0,0,0,-23.30488,4.943424,17.99752
80.74688,-23.38185,5.078199,17.80515,0,0,0,-23.30488,4.943424,17.99752
80.78021,-23.38013,5.078765,17.80314,0,0,0,-23.30488,4.943424,17.99752
80.81355,-23.38075,5.07784,17.80412,0,0,0,-23.30488,4.943424,17.99752
80.84688,-23.38075,5.07784,17.80412,0,0,0,-23.30488,4.943424,17.99752
80.88021,-23.3807,5.078465,17.80257,0,0,0,-23.30488,4.943424,17.99752
80.91354,-23.38064,5.07909,17.80102,0,0,0,-23.30488,4.943424,17.99752
80.94688,-23.38054,5.08035,17.79793,0,0,0,-23.30488,4.943424,17.99752
80.98021,-23.38153,5.08074,17.79619,0,0,0,-23.30488,4.943424,17.99752
81.01354,-23.38469,5.081534,17.7928,0,0,0,-23.30488,4.943424,17.99752
81.04688,-23.38785,5.082345,17.78942,0,0,0,-23.30488,4.943424,17.99752
81.08022,-23.38941,5.083045,17.7873,0,0,0,-23.30488,4.943424,17.99752
81.11355,-23.38929,5.084625,17.7838,0,0,0,-23.30488,4.943424,17.99752
81.14688,-23.39191,5.084817,17.78192,0,0,0,-23.30488,4.943424,17.99752
81.18021,-23.39182,5.086119,17.77885,0,0,0,-23.30488,4.943424,17.99752
81.21355,-23.39345,5.085895,17.7787,0,0,0,-23.30488,4.943424,17.99752
81.24688,-23.3934,5.086548,17.77717,0,0,0,-23.30488,4.943424,17.99752
81.28021,-23.39662,5.086761,17.77534,0,0,0,-23.30488,4.943424,17.99752
81.31355,-23.39541,5.086472,17.77464,0,0,0,-23.30488,4.943424,17.99752
81.34688,-23.39704,5.086253,17.77449,0,0,0,-23.30488,4.943424,17.99752
81.38021,-23.39536,5.08713,17.7731,0,0,0,-23.30488,4.943424,17.99752
81.41354,-23.39704,5.086251,17.77449,0,0,0,-23.30488,4.943424,17.99752
81.44688,-23.39704,5.086251,17.77449,0,0,0,-23.30488,4.943424,17.99752
81.48021,-23.397,5.086909,17.77296,0,0,0,-23.30488,4.943424,17.99752
81.51354,-23.397,5.086909,17.77296,0,0,0,-23.30488,4.943424,17.99752
81.54688,-23.39696,5.086623,17.77234,0,0,0,-23.30488,4.943424,17.99752
81.58022,-23.39524,5.085979,17.77064,0,0,0,-23.30488,4.943424,17.99752
81.61355,-23.39688,5.084812,17.77141,0,0,0,-23.30488,4.943424,17.99752
81.64688,-23.39527,5.084082,17.77247,0,0,0,-23.30488,4.943424,17.99752
81.68021,-23.39694,5.083203,17.77386,0,0,0,-23.30488,4.943424,17.99752
81.71355,-23.39699,5.082548,17.77539,0,0,0,-23.30488,4.943424,17.99752
81.74688,-23.39699,5.082548,17.77539,0,0,0,-23.30488,4.943424,17.99752
81.78021,-23.39704,5.081894,17.77692,0,0,0,-23.30488,4.943424,17.99752
81.81355,-23.39709,5.081241,17.77846,0,0,0,-23.30488,4.943424,17.99752
81.84688,-23.39709,5.081241,17.77846,0,0,0,-23.30488,4.943424,17.99752
81.88021,-23.39714,5.08059,17.78,0,0,0,-23.30488,4.943424,17.99752
81.91354,-23.39714,5.08059,17.78,0,0,0,-23.30488,4.943424,17.99752
81.94688,-23.39714,5.08059,17.78,0,0,0,-23.30488,4.943424,17.99752
81.98021,-23.39714,5.08059,17.78,0,0,0,-23.30488,4.943424,17.99752
82.01354,-23.3955,5.080809,17.78014,0,0,0,-23.30488,4.943424,17.99752
82.04688,-23.39716,5.07965,17.78091,0,0,0,-23.30488,4.943424,17.99752
82.08022,-23.39716,5.07965,17.78091,0,0,0,-23.30488,4.943424,17.99752
82.11355,-23.39721,5.079002,17.78245,0,0,0,-23.30488,4.943424,17.99752
82.14688,-23.39712,5.079358,17.78029,0,0,0,-23.30488,4.943424,17.99752
82.18021,-23.39707,5.080009,17.77876,0,0,0,-23.30488,4.943424,17.99752
82.21355,-23.39707,5.080009,17.77876,0,0,0,-23.30488,4.943424,17.99752
82.24688,-23.39702,5.080661,17.77722,0,0,0,-23.30488,4.943424,17.99752
82.28021,-23.39698,5.081315,17.77569,0,0,0,-23.30488,4.943424,17.99752
82.31355,-23.39534,5.081533,17.77583,0,0,0,-23.30488,4.943424,17.99752
82.34688,-23.39698,5.081315,17.77569,0,0,0,-23.30488,4.943424,17.99752
82.38021,-23.39634,5.08197,17.7741,0,0,0,-23.30488,4.943424,17.99752
82.41354,-23.39634,5.08197,17.7741,0,0,0,-23.30488,4.943424,17.99752
82.44688,-23.3963,5.082628,17.77258,0,0,0,-23.30488,4.943424,17.99752
82.48021,-23.39688,5.082628,17.77262,0,0,0,-23.30488,4.943424,17.99752
82.51354,-23.39683,5.083287,17.77109,0,0,0,-23.30488,4.943424,17.99752
82.54688,-23.39683,5.083287,17.77109,0,0,0,-23.30488,4.943424,17.99752
82.58022,-23.39683,5.083287,17.77109,0,0,0,-23.30488,4.943424,17.99752
82.61355,-23.39515,5.084168,17.7697,0,0,0,-23.30488,4.943424,17.99752
82.64688,-23.39679,5.08395,17.76955,0,0,0,-23.30488,4.943424,17.99752
82.68021,-23.39679,5.08395,17.76955,0,0,0,-23.30488,4.943424,17.99752
82.71355,-23.39679,5.08395,17.76955,0,0,0,-23.30488,4.943424,17.99752
82.74688,-23.3962,5.083949,17.76951,0,0,0,-23.30488,4.943424,17.99752
82.78021,-23.3962,5.08395,17.76951,0,0,0,-23.30488,4.943424,17.99752
82.81355,-23.39625,5.083288,17.77104,0,0,0,-23.30488,4.943424,17.99752
82.84688,-23.3963,5.082628,17.77258,0,0,0,-23.30488,4.943424,17.99752
82.88021,-23.39634,5.08197,17.77411,0,0,0,-23.30488,4.943424,17.99752
82.91354,-23.39637,5.082259,17.77472,0,0,0,-23.30488,4.943424,17.99752
82.94688,-23.39701,5.081604,17.77631,0,0,0,-23.36819,4.91682,17.70482
82.98021,-23.39701,5.081604,17.7763,0,0,0,-23.36819,4.91682,17.70482
83.01354,-23.39713,5.080009,17.7798,0,0,0,-23.36819,4.91682,17.70482
83.04688,-23.39716,5.079649,17.78092,0,0,0,-23.36819,4.91682,17.70482
83.08022,-23.39712,5.081532,17.77908,0,0,0,-23.36819,4.91682,17.70482
83.11355,-23.39708,5.084939,17.77652,0,0,0,-23.36819,4.91682,17.70482
83.14688,-23.39358,5.08954,17.7689,0,0,0,-23.36819,4.91682,17.70482
83.18021,-23.39139,5.091319,17.76622,0,0,0,-23.36819,4.91682,17.70482
83.21355,-23.38865,5.092823,17.76393,0,0,0,-23.36819,4.91682,17.70482
83.24688,-23.38861,5.093495,17.76241,0,0,0,-23.36819,4.91682,17.70482
83.28021,-23.3886,5.094792,17.75903,0,0,0,-23.36819,4.91682,17.70482
83.31355,-23.38872,5.095025,17.75931,0,0,0,-23.36819,4.91682,17.70482
83.34688,-23.39113,5.093674,17.76255,0,0,0,-23.36819,4.91682,17.70482
83.38021,-23.39702,5.091141,17.7677,0,0,0,-23.36819,4.91682,17.70482
83.41354,-23.40235,5.087967,17.77329,0,0,0,-23.36819,4.91682,17.70482
83.44688,-23.41083,5.079604,17.78589,0,0,0,-23.36819,4.91682,17.70482
83.48021,-23.43191,5.065994,17.80412,0,0,0,-23.36819,4.91682,17.70482
83.51354,-23.44794,5.054782,17.82677,0,0,0,-23.36819,4.91682,17.70482
83.54688,-23.46568,5.044306,17.84933,0,0,0,-23.36819,4.91682,17.70482
83.58022,-23.48559,5.036465,17.8673,0,0,0,-23.36819,4.91682,17.70482
83.61355,-23.50604,5.029497,17.88196,0,0,0,-23.36819,4.91682,17.70482
83.64688,-23.52935,5.022354,17.8967,0,0,0,-23.36819,4.91682,17.70482
83.68021,-23.54361,5.017149,17.90916,0,0,0,-23.36819,4.91682,17.70482
83.71355,-23.55973,5.010179,17.92721,0,0,0,-23.36819,4.91682,17.70482
83.74688,-23.57118,5.003702,17.94375,0,0,0,-23.36819,4.91682,17.70482
83.78021,-23.5834,4.995153,17.96758,0,0,0,-23.36819,4.91682,17.70482
83.81355,-23.58942,4.989855,17.98507,0,0,0,-23.36819,4.91682,17.70482
83.84688,-23.59616,4.98506,18.00213,0,0,0,-23.36819,4.91682,17.70482
83.88021,-23.605,4.981884,18.02401,0,0,0,-23.36819,4.91682,17.70482
83.91354,-23.60741,4.983856,18.03971,0,0,0,-23.36819,4.91682,17.70482
83.94688,-23.60935,4.986833,18.05005,0,0,0,-23.36819,4.91682,17.70482
83.98021,-23.61082,4.98837,18.05751,0,0,0,-23.36819,4.91682,17.70482
84.01354,-23.61365,4.988307,18.06381,0,0,0,-23.36819,4.91682,17.70482
84.04688,-23.61288,4.988234,18.06949,0,0,0,-23.36819,4.91682,17.70482
84.08022,-23.61023,4.988193,18.07527,0,0,0,-23.36819,4.91682,17.70482
84.11355,-23.60415,4.988961,18.07869,0,0,0,-23.36819,4.91682,17.70482
84.14688,-23.59144,4.991805,18.07882,0,0,0,-23.36819,4.91682,17.70482
84.18021,-23.56878,4.992003,18.07946,0,0,0,-23.36819,4.91682,17.70482
84.21355,-23.55467,4.992257,18.07766,0,0,0,-23.36819,4.91682,17.70482
84.24688,-23.53347,4.990395,18.07554,0,0,0,-23.36819,4.91682,17.70482
84.28021,-23.52019,4.991191,18.07428,0,0,0,-23.36819,4.91682,17.70482
84.31355,-23.51014,4.99203,18.07577,0,0,0,-23.36819,4.91682,17.70482
84.34688,-23.49937,4.992918,18.07982,0,0,0,-23.36819,4.91682,17.70482
84.38021,-23.4932,4.993533,18.08455,0,0,0,-23.36819,4.91682,17.70482
84.41354,-23.48688,4.994484,18.08766,0,0,0,-23.36819,4.91682,17.70482
84.44688,-23.48581,4.994237,18.09342,0,0,0,-23.36819,4.91682,17.70482
84.48021,-23.48342,4.994386,18.09547,0,0,0,-23.36819,4.91682,17.70482
84.51354,-23.48465,4.994349,18.10047,0,0,0,-23.36819,4.91682,17.70482
84.54688,-23.4849,4.993473,18.10294,0,0,0,-23.36819,4.91682,17.70482
84.58022,-23.48608,4.992029,18.10748,0,0,0,-23.36819,4.91682,17.70482
84.61355,-23.48505,4.990843,18.11344,0,0,0,-23.36819,4.91682,17.70482
84.64688,-23.48703,4.990095,18.11651,0,0,0,-23.36819,4.91682,17.70482
84.68021,-23.48756,4.989318,18.12143,0,0,0,-23.36819,4.91682,17.70482
84.71355,-23.48841,4.990158,18.12273,0,0,0,-23.36819,4.91682,17.70482
84.74688,-23.48694,4.990919,18.12465,0,0,0,-23.36819,4.91682,17.70482
84.78021,-23.48913,4.990952,18.1228,0,0,0,-23.36819,4.91682,17.70482
84.81355,-23.48905,4.991328,18.12223,0,0,0,-23.36819,4.91682,17.70482
84.84688,-23.48982,4.990804,18.12291,0,0,0,-23.36819,4.91682,17.70482
84.88021,-23.49115,4.988485,18.1287,0,0,0,-23.36819,4.91682,17.70482
84.91354,-23.49224,4.985734,18.13899,0,0,0,-23.36819,4.91682,17.70482
84.94688,-23.49139,4.984329,18.1466,0,0,0,-23.36819,4.91682,17.70482
84.98021,-23.49386,4.981231,18.15623,0,0,0,-23.36819,4.91682,17.70482
85.01354,-23.49466,4.980026,18.16311,0,0,0,-23.36819,4.91682,17.70482
85.04688,-23.49587,4.97814,18.17426,0,0,0,-23.36819,4.91682,17.70482
85.08022,-23.49679,4.977456,18.18566,0,0,0,-23.36819,4.91682,17.70482
85.11355,-23.49521,4.978439,18.19217,0,0,0,-23.36819,4.91682,17.70482
85.14688,-23.49507,4.979807,18.19553,0,0,0,-23.36819,4.91682,17.70482
85.18021,-23.49221,4.980327,18.2012,0,0,0,-23.36819,4.91682,17.70482
85.21355,-23.48981,4.981415,18.20893,0,0,0,-23.36819,4.91682,17.70482
85.24688,-23.48572,4.982904,18.21912,0,0,0,-23.36819,4.91682,17.70482
85.28021,-23.48137,4.987056,18.22202,0,0,0,-23.36819,4.91682,17.70482
85.31355,-23.47618,4.988945,18.21998,0,0,0,-23.36819,4.91682,17.70482
85.34688,-23.47285,4.990363,18.21956,0,0,0,-23.36819,4.91682,17.70482
85.38021,-23.47199,4.991556,18.22288,0,0,0,-23.36819,4.91682,17.70482
85.41354,-23.469,4.992491,18.22435,0,0,0,-23.36819,4.91682,17.70482
85.44688,-23.46571,4.993162,18.22529,0,0,0,-23.36819,4.91682,17.70482
85.48021,-23.46607,4.99344,18.22882,0,0,0,-23.36819,4.91682,17.70482
85.51354,-23.46274,4.993656,18.22968,0,0,0,-23.36819,4.91682,17.70482
85.54688,-23.46288,4.993657,18.23174,0,0,0,-23.36819,4.91682,17.70482
85.58022,-23.46142,4.993679,18.23395,0,0,0,-23.36819,4.91682,17.70482
85.61355,-23.46147,4.993664,18.23475,0,0,0,-23.36819,4.91682,17.70482
85.64688,-23.46184,4.993683,18.23558,0,0,0,-23.36819,4.91682,17.70482
85.68021,-23.46488,4.993587,18.23959,0,0,0,-23.36819,4.91682,17.70482
85.71355,-23.46596,4.993515,18.24134,0,0,0,-23.36819,4.91682,17.70482
85.74688,-23.46784,4.993403,18.24322,0,0,0,-23.36819,4.91682,17.70482
85.78021,-23.47015,4.993148,18.24664,0,0,0,-23.36819,4.91682,17.70482
85.81355,-23.47475,4.992791,18.24831,0,0,0,-23.36819,4.91682,17.70482
85.84688,-23.47939,4.992501,18.2489,0,0,0,-23.36819,4.91682,17.70482
85.88021,-23.48702,4.990837,18.25,0,0,0,-23.36819,4.91682,17.70482
85.91354,-23.49267,4.98897,18.25293,0,0,0,-23.36819,4.91682,17.70482
85.94688,-23.49736,4.98631,18.25303,0,0,0,-23.36819,4.91682,17.70482
85.98021,-23.50289,4.983634,18.25637,0,0,0,-23.36819,4.91682,17.70482
86.01354,-23.50562,4.981231,18.25449,0,0,0,-23.36819,4.91682,17.70482
86.04688,-23.51294,4.975129,18.25907,0,0,0,-23.36819,4.91682,17.70482
86.08022,-23.51612,4.970765,18.26557,0,0,0,-23.36819,4.91682,17.70482
86.11355,-23.51862,4.96862,18.27051,0,0,0,-23.36819,4.91682,17.70482
86.14688,-23.51894,4.965,18.27711,0,0,0,-23.36819,4.91682,17.70482
86.18021,-23.51942,4.964598,18.28067,0,0,0,-23.36819,4.91682,17.70482
86.21355,-23.51947,4.964787,18.28348,0,0,0,-23.36819,4.91682,17.70482
86.24688,-23.52042,4.965348,18.28458,0,0,0,-23.36819,4.91682,17.70482
86.28021,-23.51623,4.967895,18.28145,0,0,0,-23.36819,4.91682,17.70482
86.31355,-23.51621,4.968297,18.27807,0,0,0,-23.36819,4.91682,17.70482
86.34688,-23.51675,4.968113,18.27603,0,0,0,-23.36819,4.91682,17.70482
86.38021,-23.51587,4.969295,18.27185,0,0,0,-23.36819,4.91682,17.70482
86.41354,-23.51512,4.970337,18.26932,0,0,0,-23.36819,4.91682,17.70482
86.44688,-23.51416,4.972524,18.26572,0,0,0,-23.36819,4.91682,17.70482
86.48021,-23.51165,4.975563,18.26087,0,0,0,-23.36819,4.91682,17.70482
86.51354,-23.51025,4.976463,18.25803,0,0,0,-23.36819,4.91682,17.70482
86.54688,-23.50975,4.976874,18.25671,0,0,0,-23.36819,4.91682,17.70482
86.58022,-23.50708,4.978041,18.25302,0,0,0,-23.36819,4.91682,17.70482
86.61355,-23.50665,4.978349,18.25141,0,0,0,-23.36819,4.91682,17.70482
86.64688,-23.50589,4.979151,18.24968,0,0,0,-23.36819,4.91682,17.70482
86.68021,-23.50547,4.979543,18.24968,0,0,0,-23.36819,4.91682,17.70482
86.71355,-23.50523,4.979683,18.25073,0,0,0,-23.36819,4.91682,17.70482
86.74688,-23.50374,4.981059,18.248,0,0,0,-23.36819,4.91682,17.70482
86.78021,-23.50127,4.982437,18.24656,0,0,0,-23.36819,4.91682,17.70482
86.81355,-23.50049,4.982787,18.24493,0,0,0,-23.36819,4.91682,17.70482
86.84688,-23.49984,4.983104,18.24493,0,0,0,-23.36819,4.91682,17.70482
86.88021,-23.49941,4.983379,18.24547,0,0,0,-23.36819,4.91682,17.70482
86.91354,-23.49881,4.983608,18.24437,0,0,0,-23.36819,4.91682,17.70482
86.94688,-23.49818,4.983721,18.24503,0,0,0,-23.36819,4.91682,17.70482
86.98021,-23.49594,4.984669,18.24349,0,0,0,-23.36819,4.91682,17.70482
87.01354,-23.49621,4.984342,18.24178,0,0,0,-23.36819,4.91682,17.70482
87.04688,-23.49603,4.984189,18.24183,0,0,0,-23.36819,4.91682,17.70482
87.08022,-23.49601,4.984198,18.24184,0,0,0,-23.36819,4.91682,17.70482
87.11355,-23.49601,4.98418,18.24177,0,0,0,-23.36819,4.91682,17.70482
87.14688,-23.49588,4.984231,18.24166,0,0,0,-23.36819,4.91682,17.70482
87.18021,-23.49585,4.98425,18.24168,0,0,0,-23.36819,4.91682,17.70482
87.21355,-23.49584,4.984259,18.24168,0,0,0,-23.36819,4.91682,17.70482
87.24688,-23.49581,4.98431,18.24177,0,0,0,-23.36819,4.91682,17.70482
87.28021,-23.4956,4.984477,18.24177,0,0,0,-23.36819,4.91682,17.70482
87.31355,-23.4957,4.984525,18.24227,0,0,0,-23.36819,4.91682,17.70482
87.34688,-23.49614,4.984737,18.24381,0,0,0,-23.36819,4.91682,17.70482
87.38021,-23.49573,4.98464,18.24224,0,0,0,-23.36819,4.91682,17.70482
87.41354,-23.49672,4.984902,18.24648,0,0,0,-23.36819,4.91682,17.70482
87.44688,-23.49755,4.985327,18.2496,0,0,0,-23.36819,4.91682,17.70482
87.48021,-23.49657,4.986254,18.25131,0,0,0,-23.36819,4.91682,17.70482
87.51354,-23.49693,4.986394,18.2529,0,0,0,-23.36819,4.91682,17.70482
87.54688,-23.49828,4.985725,18.25276,0,0,0,-23.36819,4.91682,17.70482
87.58022,-23.49825,4.985721,18.25276,0,0,0,-23.36819,4.91682,17.70482
87.61355,-23.49857,4.985794,18.25437,0,0,0,-23.36819,4.91682,17.70482
87.64688,-23.49858,4.985854,18.25436,0,0,0,-23.36819,4.91682,17.70482
87.68021,-23.49856,4.985868,18.25436,0,0,0,-23.36819,4.91682,17.70482
87.71355,-23.49887,4.985923,18.25598,0,0,0,-23.36819,4.91682,17.70482
87.74688,-23.49887,4.985979,18.25597,0,0,0,-23.36819,4.91682,17.70482
87.78021,-23.49887,4.986028,18.25596,0,0,0,-23.36819,4.91682,17.70482
87.81355,-23.49969,4.986095,18.26034,0,0,0,-23.49122,4.939692,18.25322
87.84688,-23.50035,4.986263,18.26359,0,0,0,-23.49122,4.939692,18.25322
87.88021,-23.50061,4.986241,18.26524,0,0,0,-23.49122,4.939692,18.25322
87.91354,-23.50035,4.986309,18.2636,0,0,0,-23.49122,4.939692,18.25322
87.94688,-23.49867,4.986963,18.26214,0,0,0,-23.49122,4.939692,18.25322
87.98021,-23.49786,4.986961,18.25777,0,0,0,-23.49122,4.939692,18.25322
88.01354,-23.49771,4.986871,18.25774,0,0,0,-23.49122,4.939692,18.25322
88.04688,-23.49535,4.987401,18.25303,0,0,0,-23.49122,4.939692,18.25322
88.08022,-23.49278,4.987751,18.24832,0,0,0,-23.49122,4.939692,18.25322
88.11355,-23.49156,4.987898,18.24525,0,0,0,-23.49122,4.939692,18.25322
88.14688,-23.48878,4.988209,18.24053,0,0,0,-23.49122,4.939692,18.25322
88.18021,-23.48476,4.988772,18.23433,0,0,0,-23.49122,4.939692,18.25322
88.21355,-23.48344,4.988603,18.22941,0,0,0,-23.49122,4.939692,18.25322
88.24688,-23.48409,4.988467,18.22446,0,0,0,-23.49122,4.939692,18.25322
88.28021,-23.49365,4.987761,18.21674,0,0,0,-23.49122,4.939692,18.25322
88.31355,-23.50138,4.987689,18.20758,0,0,0,-23.49122,4.939692,18.25322
88.34688,-23.51143,4.988284,18.19159,0,0,0,-23.49122,4.939692,18.25322
88.38021,-23.52314,4.989575,18.16857,0,0,0,-23.49122,4.939692,18.25322
88.41354,-23.52932,4.990915,18.15286,0,0,0,-23.49122,4.939692,18.25322
88.44688,-23.53666,4.99191,18.14042,0,0,0,-23.49122,4.939692,18.25322
88.48021,-23.55697,4.992154,18.12074,0,0,0,-23.49122,4.939692,18.25322
88.51354,-23.56436,4.99244,18.11305,0,0,0,-23.49122,4.939692,18.25322
88.54688,-23.57105,4.992669,18.1072,0,0,0,-23.49122,4.939692,18.25322
88.58022,-23.57427,4.993581,18.1002,0,0,0,-23.49122,4.939692,18.25322
88.61355,-23.58127,4.994378,18.09287,0,0,0,-23.49122,4.939692,18.25322
88.64688,-23.5908,4.994041,18.08665,0,0,0,-23.49122,4.939692,18.25322
88.68021,-23.60439,4.993881,18.08054,0,0,0,-23.49122,4.939692,18.25322
88.71355,-23.61461,4.993888,18.07246,0,0,0,-23.49122,4.939692,18.25322
88.74688,-23.62581,4.992002,18.07016,0,0,0,-23.49122,4.939692,18.25322
88.78021,-23.63672,4.990606,18.06757,0,0,0,-23.49122,4.939692,18.25322
88.81355,-23.64533,4.989944,18.06565,0,0,0,-23.49122,4.939692,18.25322
88.84688,-23.6548,4.987946,18.06292,0,0,0,-23.49122,4.939692,18.25322
88.88021,-23.65956,4.986571,18.06274,0,0,0,-23.49122,4.939692,18.25322
88.91354,-23.66438,4.984886,18.06295,0,0,0,-23.49122,4.939692,18.25322
88.94688,-23.66873,4.982727,18.06501,0,0,0,-23.49122,4.939692,18.25322
88.98021,-23.67446,4.978961,18.06669,0,0,0,-23.49122,4.939692,18.25322
89.01354,-23.67496,4.976432,18.07146,0,0,0,-23.49122,4.939692,18.25322
89.04688,-23.67376,4.977019,18.07473,0,0,0,-23.49122,4.939692,18.25322
89.08022,-23.67441,4.977106,18.07991,0,0,0,-23.49122,4.939692,18.25322
89.11355,-23.67388,4.976869,18.08283,0,0,0,-23.49122,4.939692,18.25322
89.14688,-23.67372,4.977286,18.08557,0,0,0,-23.49122,4.939692,18.25322
89.18021,-23.67373,4.977143,18.08406,0,0,0,-23.49122,4.939692,18.25322
89.21355,-23.67698,4.979012,18.07993,0,0,0,-23.49122,4.939692,18.25322
89.24688,-23.69869,4.960752,18.0704,0,0,0,-23.49122,4.939692,18.25322
89.28021,-23.69785,4.963634,18.05606,0,0,0,-23.49122,4.939692,18.25322
89.31355,-23.69555,4.979917,18.04656,0,0,0,-23.49122,4.939692,18.25322
89.34688,-23.69646,4.983553,18.04398,0,0,0,-23.49122,4.939692,18.25322
89.38021,-23.69749,4.984351,18.04837,0,0,0,-23.49122,4.939692,18.25322
89.41354,-23.68842,4.983848,18.07128,0,0,0,-23.49122,4.939692,18.25322
89.44688,-23.67534,4.982218,18.10682,0,0,0,-23.49122,4.939692,18.25322
89.48021,-23.66168,4.982156,18.14561,0,0,0,-23.49122,4.939692,18.25322
89.51354,-23.6475,4.996747,18.17342,0,0,0,-23.49122,4.939692,18.25322
89.54688,-23.64022,5.002441,18.19849,0,0,0,-23.49122,4.939692,18.25322
89.58022,-23.63493,5.007077,18.21398,0,0,0,-23.49122,4.939692,18.25322
89.61355,-23.63327,5.009667,18.21966,0,0,0,-23.49122,4.939692,18.25322
89.64688,-23.63165,5.01135,18.22014,0,0,0,-23.49122,4.939692,18.25322
89.68021,-23.62992,5.011829,18.21977,0,0,0,-23.49122,4.939692,18.25322
89.71355,-23.63204,5.010782,18.22374,0,0,0,-23.49122,4.939692,18.25322
89.74688,-23.63218,5.010741,18.22553,0,0,0,-23.49122,4.939692,18.25322
89.78021,-23.63345,5.010023,18.22894,0,0,0,-23.49122,4.939692,18.25322
89.81355,-23.63602,5.008899,18.22982,0,0,0,-23.49122,4.939692,18.25322
89.84688,-23.64062,5.006286,18.23382,0,0,0,-23.49122,4.939692,18.25322
89.88021,-23.64756,5.001805,18.23644,0,0,0,-23.49122,4.939692,18.25322
89.91354,-23.65592,4.996457,18.24252,0,0,0,-23.49122,4.939692,18.25322
89.94688,-23.66502,4.993876,18.24749,0,0,0,-23.49122,4.939692,18.25322
89.98021,-23.6729,4.992675,18.25006,0,0,0,-23.49122,4.939692,18.25322
90.01354,-23.68,4.991515,18.25272,0,0,0,-23.49122,4.939692,18.25322
90.04688,-23.68538,4.992688,18.25506,0,0,0,-23.49122,4.939692,18.25322
90.08022,-23.68974,4.993811,18.25061,0,0,0,-23.49122,4.939692,18.25322
90.11355,-23.69553,4.994305,18.24428,0,0,0,-23.49122,4.939692,18.25322
90.14688,-23.70139,4.996784,18.23231,0,0,0,-23.49122,4.939692,18.25322
90.18021,-23.70572,5.002972,18.21494,0,0,0,-23.49122,4.939692,18.25322
90.21355,-23.70722,5.010699,18.19465,0,0,0,-23.49122,4.939692,18.25322
90.24688,-23.70528,5.016506,18.17322,0,0,0,-23.49122,4.939692,18.25322
90.28021,-23.69921,5.021153,18.15117,0,0,0,-23.49122,4.939692,18.25322
90.31355,-23.69311,5.02435,18.1367,0,0,0,-23.49122,4.939692,18.25322
90.34688,-23.68848,5.026407,18.12744,0,0,0,-23.49122,4.939692,18.25322
90.38021,-23.68719,5.029134,18.11792,0,0,0,-23.49122,4.939692,18.25322
90.41354,-23.68615,5.033115,18.11024,0,0,0,-23.49122,4.939692,18.25322
90.44688,-23.6844,5.037962,18.10264,0,0,0,-23.49122,4.939692,18.25322
90.48021,-23.68343,5.040891,18.09538,0,0,0,-23.49122,4.939692,18.25322
90.51354,-23.68413,5.044197,18.08979,0,0,0,-23.49122,4.939692,18.25322
90.54688,-23.68873,5.046294,18.08285,0,0,0,-23.49122,4.939692,18.25322
90.58022,-23.6923,5.049269,18.07376,0,0,0,-23.49122,4.939692,18.25322
90.61355,-23.69714,5.050727,18.06882,0,0,0,-23.49122,4.939692,18.25322
90.64688,-23.70001,5.052288,18.06192,0,0,0,-23.49122,4.939692,18.25322
90.68021,-23.70381,5.053834,18.05486,0,0,0,-23.49122,4.939692,18.25322
90.71355,-23.7039,5.054765,18.05037,0,0,0,-23.49122,4.939692,18.25322
90.74688,-23.70744,5.055522,18.0466,0,0,0,-23.49122,4.939692,18.25322
90.78021,-23.70721,5.05595,18.04501,0,0,0,-23.49122,4.939692,18.25322
90.81355,-23.70908,5.05548,18.04636,0,0,0,-23.49122,4.939692,18.25322
90.84688,-23.70953,5.054631,18.04956,0,0,0,-23.49122,4.939692,18.25322
90.88021,-23.71049,5.052633,18.05635,0,0,0,-23.49122,4.939692,18.25322
90.91354,-23.71075,5.050669,18.06325,0,0,0,-23.49122,4.939692,18.25322
90.94688,-23.71188,5.048666,18.07127,0,0,0,-23.49122,4.939692,18.25322
90.98021,-23.71092,5.047532,18.07633,0,0,0,-23.49122,4.939692,18.25322
91.01354,-23.71361,5.045181,18.08353,0,0,0,-23.49122,4.939692,18.25322
91.04688,-23.71248,5.044147,18.08739,0,0,0,-23.49122,4.939692,18.25322
91.08022,-23.71106,5.043818,18.08925,0,0,0,-23.49122,4.939692,18.25322
91.11355,-23.71151,5.043076,18.09247,0,0,0,-23.49122,4.939692,18.25322
91.14688,-23.71023,5.041998,18.09534,0,0,0,-23.49122,4.939692,18.25322
91.18021,-23.70864,5.040898,18.09599,0,0,0,-23.49122,4.939692,18.25322
91.21355,-23.70719,5.03987,18.09764,0,0,0,-23.49122,4.939692,18.25322
91.24688,-23.70756,5.038753,18.10026,0,0,0,-23.49122,4.939692,18.25322
91.28021,-23.70779,5.038395,18.10187,0,0,0,-23.49122,4.939692,18.25322
91.31355,-23.70614,5.038449,18.10212,0,0,0,-23.49122,4.939692,18.25322
91.34688,-23.70307,5.038206,18.10423,0,0,0,-23.49122,4.939692,18.25322
91.38021,-23.70376,5.037149,18.10907,0,0,0,-23.49122,4.939692,18.25322
91.41354,-23.70256,5.036515,18.11255,0,0,0,-23.49122,4.939692,18.25322
91.44688,-23.70352,5.03617,18.11409,0,0,0,-23.49122,4.939692,18.25322
91.48021,-23.70375,5.035829,18.1157,0,0,0,-23.49122,4.939692,18.25322
91.51354,-23.70352,5.03617,18.11409,0,0,0,-23.49122,4.939692,18.25322
91.54688,-23.70375,5.035829,18.1157,0,0,0,-23.49122,4.939692,18.25322
91.58022,-23.70308,5.035502,18.11618,0,0,0,-23.49122,4.939692,18.25322
91.61355,-23.70308,5.035502,18.11618,0,0,0,-23.49122,4.939692,18.25322
91.64688,-23.70522,5.035784,18.11423,0,0,0,-23.49122,4.939692,18.25322
91.68021,-23.70335,5.036189,18.11286,0,0,0,-23.49122,4.939692,18.25322
91.71355,-23.70239,5.036535,18.11133,0,0,0,-23.49122,4.939692,18.25322
91.74688,-23.70404,5.036475,18.11109,0,0,0,-23.49122,4.939692,18.25322
91.78021,-23.70216,5.036882,18.10971,0,0,0,-23.49122,4.939692,18.25322
91.81355,-23.70381,5.036823,18.10947,0,0,0,-23.49122,4.939692,18.25322
91.84688,-23.70346,5.035731,18.11218,0,0,0,-23.49122,4.939692,18.25322
91.88021,-23.70394,5.032368,18.11562,0,0,0,-23.49122,4.939692,18.25322
91.91354,-23.70397,5.029693,18.11582,0,0,0,-23.69844,4.948592,18.09875
91.94688,-23.70553,5.027948,18.1216,0,0,0,-23.69844,4.948592,18.09875
91.98021,-23.7057,5.027943,18.12283,0,0,0,-23.69844,4.948592,18.09875
92.01354,-23.70593,5.027613,18.12445,0,0,0,-23.69844,4.948592,18.09875
92.04688,-23.7062,5.028273,18.12112,0,0,0,-23.69844,4.948592,18.09875
92.08022,-23.70701,5.02996,18.11501,0,0,0,-23.69844,4.948592,18.09875
92.11355,-23.70809,5.031042,18.11221,0,0,0,-23.69844,4.948592,18.09875
92.14688,-23.70916,5.032131,18.10941,0,0,0,-23.69844,4.948592,18.09875
92.18021,-23.70951,5.033224,18.1067,0,0,0,-23.69844,4.948592,18.09875
92.21355,-23.7102,5.034271,18.10643,0,0,0,-23.69844,4.948592,18.09875
92.24688,-23.70942,5.037518,18.10099,0,0,0,-23.69844,4.948592,18.09875
92.28021,-23.70878,5.040029,18.09657,0,0,0,-23.69844,4.948592,18.09875
92.31355,-23.70774,5.043893,18.08934,0,0,0,-23.69844,4.948592,18.09875
92.34688,-23.70681,5.04713,18.0829,0,0,0,-23.69844,4.948592,18.09875
92.38021,-23.70563,5.050063,18.07467,0,0,0,-23.69844,4.948592,18.09875
92.41354,-23.70621,5.054424,18.06209,0,0,0,-23.69844,4.948592,18.09875
92.44688,-23.70478,5.060134,18.04719,0,0,0,-23.69844,4.948592,18.09875
92.48021,-23.70416,5.065034,18.03116,0,0,0,-23.69844,4.948592,18.09875
92.51354,-23.704,5.069221,18.01837,0,0,0,-23.69844,4.948592,18.09875
92.54688,-23.70592,5.073556,18.00832,0,0,0,-23.69844,4.948592,18.09875
92.58022,-23.70469,5.077215,17.99978,0,0,0,-23.69844,4.948592,18.09875
92.61355,-23.70681,5.081797,17.98856,0,0,0,-23.69844,4.948592,18.09875
92.64688,-23.7116,5.089143,17.97049,0,0,0,-23.69844,4.948592,18.09875
92.68021,-23.71497,5.091116,17.96358,0,0,0,-23.69844,4.948592,18.09875
92.71355,-23.71834,5.091717,17.95925,0,0,0,-23.69844,4.948592,18.09875
92.74688,-23.716,5.093296,17.95479,0,0,0,-23.69844,4.948592,18.09875
92.78021,-23.71716,5.094302,17.9514,0,0,0,-23.69844,4.948592,18.09875
92.81355,-23.72206,5.094211,17.95064,0,0,0,-23.69844,4.948592,18.09875
92.84688,-23.72346,5.094708,17.94881,0,0,0,-23.69844,4.948592,18.09875
92.88021,-23.72669,5.095638,17.94809,0,0,0,-23.69844,4.948592,18.09875
92.91354,-23.72962,5.097416,17.9454,0,0,0,-23.69844,4.948592,18.09875
92.94688,-23.73089,5.098559,17.94278,0,0,0,-23.69844,4.948592,18.09875
92.98021,-23.73234,5.099494,17.94131,0,0,0,-23.69844,4.948592,18.09875
93.01354,-23.73646,5.100113,17.93987,0,0,0,-23.69844,4.948592,18.09875
93.04688,-23.74062,5.103151,17.93432,0,0,0,-23.69844,4.948592,18.09875
93.08022,-23.74522,5.107959,17.92542,0,0,0,-23.69844,4.948592,18.09875
93.11355,-23.7473,5.113044,17.91544,0,0,0,-23.69844,4.948592,18.09875
93.14688,-23.75042,5.12083,17.90176,0,0,0,-23.69844,4.948592,18.09875
93.18021,-23.75536,5.128442,17.8852,0,0,0,-23.69844,4.948592,18.09875
93.21355,-23.75743,5.133682,17.87351,0,0,0,-23.69844,4.948592,18.09875
93.24688,-23.75945,5.137525,17.86544,0,0,0,-23.69844,4.948592,18.09875
93.28021,-23.75955,5.143703,17.85207,0,0,0,-23.69844,4.948592,18.09875
93.31355,-23.75974,5.147861,17.84315,0,0,0,-23.69844,4.948592,18.09875
93.34688,-23.7598,5.152643,17.8334,0,0,0,-23.69844,4.948592,18.09875
93.38021,-23.76002,5.154724,17.82717,0,0,0,-23.69844,4.948592,18.09875
93.41354,-23.76556,5.155936,17.82175,0,0,0,-23.69844,4.948592,18.09875
93.44688,-23.76982,5.156833,17.81869,0,0,0,-23.69844,4.948592,18.09875
93.48021,-23.77318,5.157157,17.81767,0,0,0,-23.69844,4.948592,18.09875
93.51354,-23.77533,5.157768,17.81568,0,0,0,-23.69844,4.948592,18.09875
93.54688,-23.77935,5.157799,17.81495,0,0,0,-23.69844,4.948592,18.09875
93.58022,-23.78807,5.155419,17.81139,0,0,0,-23.69844,4.948592,18.09875
93.61355,-23.79506,5.153028,17.81086,0,0,0,-23.69844,4.948592,18.09875
93.64688,-23.80799,5.147425,17.81201,0,0,0,-23.69844,4.948592,18.09875
93.68021,-23.81608,5.143894,17.81163,0,0,0,-23.69844,4.948592,18.09875
93.71355,-23.82878,5.138408,17.81451,0,0,0,-23.69844,4.948592,18.09875
93.74688,-23.83862,5.134153,17.81754,0,0,0,-23.69844,4.948592,18.09875
93.78021,-23.84542,5.130049,17.81889,0,0,0,-23.69844,4.948592,18.09875
93.81355,-23.85241,5.127381,17.82028,0,0,0,-23.69844,4.948592,18.09875
93.84688,-23.85733,5.122239,17.82829,0,0,0,-23.69844,4.948592,18.09875
93.88021,-23.86086,5.116101,17.83781,0,0,0,-23.69844,4.948592,18.09875
93.91354,-23.86457,5.105449,17.85692,0,0,0,-23.69844,4.948592,18.09875
93.94688,-23.87167,5.086025,17.89332,0,0,0,-23.69844,4.948592,18.09875
93.98021,-23.87518,5.072561,17.92173,0,0,0,-23.69844,4.948592,18.09875
94.01354,-23.87811,5.063805,17.9404,0,0,0,-23.69844,4.948592,18.09875
94.04688,-23.87948,5.051376,17.96719,0,0,0,-23.69844,4.948592,18.09875
94.08022,-23.87603,5.040812,17.99273,0,0,0,-23.69844,4.948592,18.09875
94.11355,-23.8663,5.032764,18.02047,0,0,0,-23.69844,4.948592,18.09875
94.14688,-23.85835,5.027966,18.04051,0,0,0,-23.69844,4.948592,18.09875
94.18021,-23.84981,5.025556,18.05484,0,0,0,-23.69844,4.948592,18.09875
94.21355,-23.84035,5.024736,18.06728,0,0,0,-23.69844,4.948592,18.09875
94.24688,-23.82931,5.020923,18.08773,0,0,0,-23.69844,4.948592,18.09875
94.28021,-23.82623,5.017159,18.09942,0,0,0,-23.69844,4.948592,18.09875
94.31355,-23.82172,5.012413,18.11031,0,0,0,-23.69844,4.948592,18.09875
94.34688,-23.8132,5.007381,18.12553,0,0,0,-23.69844,4.948592,18.09875
94.38021,-23.80765,5.001949,18.14205,0,0,0,-23.69844,4.948592,18.09875
94.41354,-23.80312,4.999914,18.14994,0,0,0,-23.69844,4.948592,18.09875
94.44688,-23.79436,4.999226,18.16112,0,0,0,-23.69844,4.948592,18.09875
94.48021,-23.79169,4.99898,18.16549,0,0,0,-23.69844,4.948592,18.09875
94.51354,-23.78885,4.999476,18.16885,0,0,0,-23.69844,4.948592,18.09875
94.54688,-23.78878,5.00061,18.16843,0,0,0,-23.69844,4.948592,18.09875
94.58022,-23.78717,5.002156,18.16889,0,0,0,-23.69844,4.948592,18.09875
94.61355,-23.78703,5.004423,18.16805,0,0,0,-23.69844,4.948592,18.09875
94.64688,-23.78639,5.008395,18.16409,0,0,0,-23.69844,4.948592,18.09875
94.68021,-23.7846,5.014633,18.15302,0,0,0,-23.69844,4.948592,18.09875
94.71355,-23.78354,5.018899,18.14645,0,0,0,-23.69844,4.948592,18.09875
94.74688,-23.77869,5.023908,18.13846,0,0,0,-23.69844,4.948592,18.09875
94.78021,-23.77753,5.027816,18.13129,0,0,0,-23.69844,4.948592,18.09875
94.81355,-23.77606,5.030432,18.12802,0,0,0,-23.69844,4.948592,18.09875
94.84688,-23.77312,5.034083,18.12028,0,0,0,-23.69844,4.948592,18.09875
94.88021,-23.77436,5.03695,18.11419,0,0,0,-23.69844,4.948592,18.09875
94.91354,-23.77629,5.040073,18.10783,0,0,0,-23.69844,4.948592,18.09875
94.94688,-23.77901,5.043614,18.10068,0,0,0,-23.69844,4.948592,18.09875
94.98021,-23.78181,5.045734,18.09536,0,0,0,-23.69844,4.948592,18.09875
95.01354,-23.78428,5.046797,18.09252,0,0,0,-23.69844,4.948592,18.09875
95.04688,-23.78872,5.047118,18.09138,0,0,0,-23.69844,4.948592,18.09875
95.08022,-23.79827,5.04809,18.08628,0,0,0,-23.69844,4.948592,18.09875
95.11355,-23.80341,5.048476,18.08373,0,0,0,-23.69844,4.948592,18.09875
95.14688,-23.80533,5.04808,18.08504,0,0,0,-23.69844,4.948592,18.09875
95.18021,-23.80904,5.04848,18.08274,0,0,0,-23.69844,4.948592,18.09875
95.21355,-23.81046,5.04848,18.08249,0,0,0,-23.69844,4.948592,18.09875
95.24688,-23.81645,5.047703,18.08471,0,0,0,-23.69844,4.948592,18.09875
95.28021,-23.82308,5.047346,18.08517,0,0,0,-23.69844,4.948592,18.09875
95.31355,-23.82379,5.047346,18.08504,0,0,0,-23.69844,4.948592,18.09875
95.34688,-23.82796,5.046605,18.08533,0,0,0,-23.69844,4.948592,18.09875
95.38021,-23.82978,5.045851,18.08604,0,0,0,-23.69844,4.948592,18.09875
95.41354,-23.82978,5.045851,18.08604,0,0,0,-23.69844,4.948592,18.09875
95.44688,-23.83142,5.045873,18.08575,0,0,0,-23.69844,4.948592,18.09875
95.48021,-23.83285,5.045873,18.08548,0,0,0,-23.69844,4.948592,18.09875
95.51354,-23.83356,5.045873,18.08534,0,0,0,-23.69844,4.948592,18.09875
95.54688,-23.83499,5.046902,18.08389,0,0,0,-23.69844,4.948592,18.09875
95.58022,-23.83406,5.049353,18.07876,0,0,0,-23.69844,4.948592,18.09875
95.61355,-23.83426,5.050746,18.07586,0,0,0,-23.69844,4.948592,18.09875
95.64688,-23.83588,5.052231,18.07146,0,0,0,-23.69844,4.948592,18.09875
95.68021,-23.83508,5.054029,18.06711,0,0,0,-23.69844,4.948592,18.09875
95.71355,-23.83729,5.054721,18.0659,0,0,0,-23.69844,4.948592,18.09875
95.74688,-23.83663,5.055863,18.06232,0,0,0,-23.69844,4.948592,18.09875
95.78021,-23.83633,5.05627,18.06073,0,0,0,-23.69844,4.948592,18.09875
95.81355,-23.83849,5.055819,18.06323,0,0,0,-23.69844,4.948592,18.09875
95.84688,-23.83656,5.056195,18.06194,0,0,0,-23.69844,4.948592,18.09875
95.88021,-23.83685,5.055789,18.06353,0,0,0,-23.69844,4.948592,18.09875
95.91354,-23.8389,5.056225,18.0615,0,0,0,-23.69844,4.948592,18.09875
95.94688,-23.8389,5.056225,18.0615,0,0,0,-23.69844,4.948592,18.09875
95.98021,-23.83796,5.056194,18.06166,0,0,0,-23.69844,4.948592,18.09875
96.01354,-23.8406,5.055819,18.06281,0,0,0,-23.69844,4.948592,18.09875
96.04688,-23.8409,5.055417,18.06441,0,0,0,-23.69844,4.948592,18.09875
96.08022,-23.83926,5.055387,18.0647,0,0,0,-23.69844,4.948592,18.09875
96.11355,-23.8409,5.055417,18.06441,0,0,0,-23.69844,4.948592,18.09875
96.14688,-23.8416,5.055417,18.06427,0,0,0,-23.69844,4.948592,18.09875
96.18021,-23.84183,5.055347,18.06547,0,0,0,-23.69844,4.948592,18.09875
96.21355,-23.84183,5.055348,18.06547,0,0,0,-23.69844,4.948592,18.09875
96.24688,-23.84313,5.054552,18.06852,0,0,0,-23.69844,4.948592,18.09875
96.28021,-23.84343,5.054156,18.07011,0,0,0,-23.69844,4.948592,18.09875
96.31355,-23.84179,5.054127,18.07041,0,0,0,-23.69844,4.948592,18.09875
96.34688,-23.84372,5.053765,18.07171,0,0,0,-23.69844,4.948592,18.09875
96.38021,-23.84514,5.053765,18.07142,0,0,0,-23.69844,4.948592,18.09875
96.41354,-23.84585,5.053764,18.07128,0,0,0,-23.69844,4.948592,18.09875
96.44688,-23.8447,5.052967,18.07026,0,0,0,-23.69844,4.948592,18.09875
96.48021,-23.84683,5.05183,18.07256,0,0,0,-23.69844,4.948592,18.09875
96.51354,-23.84713,5.051442,18.07416,0,0,0,-23.69844,4.948592,18.09875
96.54688,-23.84549,5.051411,18.07446,0,0,0,-23.69844,4.948592,18.09875
96.58022,-23.84746,5.05216,18.07203,0,0,0,-23.69844,4.948592,18.09875
96.61355,-23.84802,5.052823,18.07111,0,0,0,-23.69844,4.948592,18.09875
96.64688,-23.84579,5.05451,18.06826,0,0,0,-23.69844,4.948592,18.09875
96.68021,-23.84613,5.055231,18.06613,0,0,0,-23.69844,4.948592,18.09875
96.71355,-23.84676,5.055563,18.0656,0,0,0,-23.69844,4.948592,18.09875
96.74688,-23.85011,5.055201,18.0666,0,0,0,-23.69844,4.948592,18.09875
96.78021,-23.85081,5.055201,18.06646,0,0,0,-23.69844,4.948592,18.09875
96.81355,-23.85152,5.055201,18.06631,0,0,0,-23.69844,4.948592,18.09875
96.84688,-23.84989,5.055169,18.06662,0,0,0,-23.69844,4.948592,18.09875
96.88021,-23.85277,5.054752,18.06897,0,0,0,-23.69844,4.948592,18.09875
96.91354,-23.85307,5.054366,18.07056,0,0,0,-23.69844,4.948592,18.09875
96.94688,-23.85338,5.053982,18.07216,0,0,0,-23.69844,4.948592,18.09875
96.98021,-23.85327,5.053595,18.07157,0,0,0,-23.69844,4.948592,18.09875
97.01355,-23.85357,5.053212,18.07316,0,0,0,-23.69844,4.948592,18.09875
97.04688,-23.85357,5.053212,18.07316,0,0,0,-23.69844,4.948592,18.09875
97.08022,-23.85182,5.052794,18.07288,0,0,0,-23.69844,4.948592,18.09875
97.11355,-23.85436,5.052055,18.07343,0,0,0,-23.69844,4.948592,18.09875
97.14688,-23.85303,5.051646,18.07534,0,0,0,-23.69844,4.948592,18.09875
97.18021,-23.85498,5.051298,18.07663,0,0,0,-23.69844,4.948592,18.09875
97.21355,-23.85569,5.051298,18.07648,0,0,0,-23.69844,4.948592,18.09875
97.24688,-23.85405,5.051266,18.07679,0,0,0,-23.69844,4.948592,18.09875
97.28021,-23.85428,5.05122,18.07799,0,0,0,-23.69844,4.948592,18.09875
97.31355,-23.85375,5.052586,18.07523,0,0,0,-23.69844,4.948592,18.09875
97.34688,-23.85253,5.055044,18.06888,0,0,0,-23.69844,4.948592,18.09875
97.38021,-23.85386,5.055459,18.06697,0,0,0,-23.69844,4.948592,18.09875
97.41354,-23.85222,5.055429,18.06728,0,0,0,-23.69844,4.948592,18.09875
97.44688,-23.85169,5.056801,18.06451,0,0,0,-23.69844,4.948592,18.09875
97.48021,-23.85313,5.057604,18.0632,0,0,0,-23.69844,4.948592,18.09875
97.51355,-23.85298,5.058261,18.06242,0,0,0,-23.69844,4.948592,18.09875
97.54688,-23.85096,5.058948,18.06074,0,0,0,-23.69844,4.948592,18.09875
97.58022,-23.85096,5.058948,18.06074,0,0,0,-23.69844,4.948592,18.09875
97.61355,-23.85392,5.0582,18.06347,0,0,0,-23.69844,4.948592,18.09875
97.64688,-23.85299,5.058171,18.06364,0,0,0,-23.69844,4.948592,18.09875
97.68021,-23.85369,5.058171,18.06349,0,0,0,-23.84872,4.899917,18.02609
97.71355,-23.85478,5.057457,18.06533,0,0,0,-23.84872,4.899917,18.02609
97.74688,-23.85571,5.056313,18.07012,0,0,0,-23.84872,4.899917,18.02609
97.78021,-23.85564,5.056641,18.06973,0,0,0,-23.84872,4.899917,18.02609
97.81355,-23.85456,5.058441,18.06416,0,0,0,-23.84872,4.899917,18.02609
97.84688,-23.85309,5.062093,18.05289,0,0,0,-23.84872,4.899917,18.02609
97.88021,-23.85387,5.062892,18.04941,0,0,0,-23.84872,4.899917,18.02609
97.91354,-23.85426,5.064431,18.04396,0,0,0,-23.84872,4.899917,18.02609
97.94688,-23.85394,5.064838,18.04238,0,0,0,-23.84872,4.899917,18.02609
97.98021,-23.85301,5.066078,18.03761,0,0,0,-23.84872,4.899917,18.02609
98.01355,-23.85238,5.066913,18.03444,0,0,0,-23.84872,4.899917,18.02609
98.04688,-23.85253,5.06743,18.03152,0,0,0,-23.84872,4.899917,18.02609
98.08022,-23.85619,5.06676,18.03057,0,0,0,-23.84872,4.899917,18.02609
98.11355,-23.85812,5.062655,18.03427,0,0,0,-23.84872,4.899917,18.02609
98.14688,-23.86044,5.058641,18.04222,0,0,0,-23.84872,4.899917,18.02609
98.18021,-23.86674,5.054501,18.05182,0,0,0,-23.84872,4.899917,18.02609
98.21355,-23.87423,5.050701,18.05973,0,0,0,-23.84872,4.899917,18.02609
98.24688,-23.87814,5.047174,18.06796,0,0,0,-23.84872,4.899917,18.02609
98.28021,-23.88094,5.043621,18.07638,0,0,0,-23.84872,4.899917,18.02609
98.31355,-23.88411,5.040517,18.08537,0,0,0,-23.84872,4.899917,18.02609
98.34688,-23.88108,5.037579,18.09521,0,0,0,-23.84872,4.899917,18.02609
98.38021,-23.87182,5.031523,18.11147,0,0,0,-23.84872,4.899917,18.02609
98.41354,-23.86992,5.028866,18.11862,0,0,0,-23.84872,4.899917,18.02609
98.44688,-23.86385,5.025014,18.13027,0,0,0,-23.84872,4.899917,18.02609
98.48021,-23.85955,5.021299,18.14227,0,0,0,-23.84872,4.899917,18.02609
98.51355,-23.85902,5.018366,18.15596,0,0,0,-23.84872,4.899917,18.02609
98.54688,-23.85507,5.016673,18.16961,0,0,0,-23.84872,4.899917,18.02609
98.58022,-23.85175,5.014063,18.18623,0,0,0,-23.84872,4.899917,18.02609
98.61355,-23.85335,5.016067,18.19874,0,0,0,-23.84872,4.899917,18.02609
98.64688,-23.85754,5.02061,18.20776,0,0,0,-23.84872,4.899917,18.02609
98.68021,-23.86206,5.025734,18.21858,0,0,0,-23.84872,4.899917,18.02609
98.71355,-23.86567,5.033027,18.21844,0,0,0,-23.84872,4.899917,18.02609
98.74688,-23.86838,5.040327,18.21339,0,0,0,-23.84872,4.899917,18.02609
98.78021,-23.86618,5.044867,18.20922,0,0,0,-23.84872,4.899917,18.02609
98.81355,-23.86222,5.047476,18.20877,0,0,0,-23.84872,4.899917,18.02609
98.84688,-23.86605,5.048708,18.20613,0,0,0,-23.84872,4.899917,18.02609
98.88021,-23.8647,5.05058,18.20266,0,0,0,-23.84872,4.899917,18.02609
98.91354,-23.86467,5.049553,18.2013,0,0,0,-23.84872,4.899917,18.02609
98.94688,-23.86496,5.048138,18.19814,0,0,0,-23.84872,4.899917,18.02609
98.98021,-23.87068,5.048891,18.1911,0,0,0,-23.84872,4.899917,18.02609
99.01355,-23.87156,5.053348,18.18437,0,0,0,-23.84872,4.899917,18.02609
99.04688,-23.87227,5.056825,18.17502,0,0,0,-23.84872,4.899917,18.02609
99.08022,-23.87857,5.058225,18.16624,0,0,0,-23.84872,4.899917,18.02609
99.11355,-23.88262,5.060881,18.15755,0,0,0,-23.84872,4.899917,18.02609
99.14688,-23.88693,5.062497,18.14924,0,0,0,-23.84872,4.899917,18.02609
99.18021,-23.8936,5.059354,18.14581,0,0,0,-23.84872,4.899917,18.02609
99.21355,-23.89911,5.058345,18.14397,0,0,0,-23.84872,4.899917,18.02609
99.24688,-23.91111,5.05652,18.14174,0,0,0,-23.84872,4.899917,18.02609
99.28021,-23.92227,5.053854,18.13958,0,0,0,-23.84872,4.899917,18.02609
99.31355,-23.94122,5.048222,18.14177,0,0,0,-23.84872,4.899917,18.02609
99.34688,-23.95508,5.043881,18.14548,0,0,0,-23.84872,4.899917,18.02609
99.38021,-23.9659,5.040082,18.14693,0,0,0,-23.84872,4.899917,18.02609
99.41354,-23.9753,5.035029,18.15103,0,0,0,-23.84872,4.899917,18.02609
99.44688,-23.98434,5.027547,18.16188,0,0,0,-23.84872,4.899917,18.02609
99.48021,-23.99228,5.022706,18.17119,0,0,0,-23.84872,4.899917,18.02609
99.51355,-23.99354,5.020033,18.1827,0,0,0,-23.84872,4.899917,18.02609
99.54688,-23.99104,5.01934,18.193,0,0,0,-23.84872,4.899917,18.02609
99.58022,-23.98643,5.017443,18.20878,0,0,0,-23.84872,4.899917,18.02609
99.61355,-23.98358,5.018064,18.21973,0,0,0,-23.84872,4.899917,18.02609
99.64688,-23.97828,5.018894,18.22854,0,0,0,-23.84872,4.899917,18.02609
99.68021,-23.96897,5.020164,18.23571,0,0,0,-23.84872,4.899917,18.02609
99.71355,-23.96424,5.01961,18.24355,0,0,0,-23.84872,4.899917,18.02609
99.74688,-23.95636,5.020722,18.25209,0,0,0,-23.84872,4.899917,18.02609
99.78021,-23.95173,5.022715,18.25556,0,0,0,-23.84872,4.899917,18.02609
99.81355,-23.94634,5.021983,18.2613,0,0,0,-23.84872,4.899917,18.02609
99.84688,-23.94189,5.019254,18.26719,0,0,0,-23.84872,4.899917,18.02609
99.88021,-23.93696,5.018154,18.27187,0,0,0,-23.84872,4.899917,18.02609
99.91354,-23.93385,5.015427,18.27678,0,0,0,-23.84872,4.899917,18.02609
99.94688,-23.93027,5.009902,18.28468,0,0,0,-23.84872,4.899917,18.02609
99.98021,-23.92549,5.006801,18.29174,0,0,0,-23.84872,4.899917,18.02609
100.0135,-23.9143,5.008086,18.30006,0,0,0,-23.84872,4.899917,18.02609
100.0469,-23.90603,5.009727,18.3048,0,0,0,-23.84872,4.899917,18.02609
100.0802,-23.89377,5.01413,18.31217,0,0,0,-23.84872,4.899917,18.02609
100.1135,-23.88242,5.019309,18.31709,0,0,0,-23.84872,4.899917,18.02609
100.1469,-23.87078,5.024632,18.32121,0,0,0,-23.84872,4.899917,18.02609
100.1802,-23.85553,5.030838,18.32454,0,0,0,-23.84872,4.899917,18.02609
100.2135,-23.84337,5.036491,18.32707,0,0,0,-23.84872,4.899917,18.02609
100.2469,-23.83366,5.040113,18.33181,0,0,0,-23.84872,4.899917,18.02609
100.2802,-23.82885,5.041206,18.3382,0,0,0,-23.84872,4.899917,18.02609
100.3135,-23.82449,5.042342,18.34322,0,0,0,-23.84872,4.899917,18.02609
100.3469,-23.81992,5.043633,18.35184,0,0,0,-23.84872,4.899917,18.02609
100.3802,-23.8201,5.042696,18.35747,0,0,0,-23.84872,4.899917,18.02609
100.4135,-23.82025,5.044241,18.36292,0,0,0,-23.84872,4.899917,18.02609
100.4469,-23.82231,5.044933,18.36479,0,0,0,-23.84872,4.899917,18.02609
100.4802,-23.82498,5.043285,18.36602,0,0,0,-23.84872,4.899917,18.02609
100.5135,-23.82677,5.039223,18.37181,0,0,0,-23.84872,4.899917,18.02609
100.5469,-23.82369,5.038148,18.37805,0,0,0,-23.84872,4.899917,18.02609
100.5802,-23.82255,5.035363,18.38883,0,0,0,-23.84872,4.899917,18.02609
100.6135,-23.825,5.028316,18.40019,0,0,0,-23.84872,4.899917,18.02609
100.6469,-23.82652,5.018338,18.41577,0,0,0,-23.84872,4.899917,18.02609
100.6802,-23.82346,5.014766,18.42813,0,0,0,-23.84872,4.899917,18.02609
100.7135,-23.81943,5.011207,18.44215,0,0,0,-23.84872,4.899917,18.02609
100.7469,-23.81546,5.006942,18.46039,0,0,0,-23.84872,4.899917,18.02609
100.7802,-23.80753,5.007004,18.47741,0,0,0,-23.84872,4.899917,18.02609
100.8135,-23.79624,5.012068,18.48991,0,0,0,-23.84872,4.899917,18.02609
100.8469,-23.78687,5.01598,18.5006,0,0,0,-23.84872,4.899917,18.02609
100.8802,-23.77507,5.020754,18.5097,0,0,0,-23.84872,4.899917,18.02609
100.9135,-23.75901,5.028414,18.51808,0,0,0,-23.84872,4.899917,18.02609
100.9469,-23.74399,5.035157,18.5274,0,0,0,-23.84872,4.899917,18.02609
100.9802,-23.72527,5.044148,18.53879,0,0,0,-23.84872,4.899917,18.02609
101.0135,-23.71427,5.049386,18.54524,0,0,0,-23.84872,4.899917,18.02609
101.0469,-23.7009,5.054883,18.55425,0,0,0,-23.84872,4.899917,18.02609
101.0802,-23.68989,5.05946,18.56043,0,0,0,-23.84872,4.899917,18.02609
101.1135,-23.68037,5.063659,18.5664,0,0,0,-23.84872,4.899917,18.02609
101.1469,-23.67694,5.06545,18.5677,0,0,0,-23.84872,4.899917,18.02609
101.1802,-23.67093,5.068055,18.56441,0,0,0,-23.84872,4.899917,18.02609
101.2135,-23.6631,5.070476,18.5596,0,0,0,-23.84872,4.899917,18.02609
101.2469,-23.65567,5.07222,18.55587,0,0,0,-23.84872,4.899917,18.02609
101.2802,-23.64734,5.072788,18.55326,0,0,0,-23.84872,4.899917,18.02609
101.3135,-23.63939,5.074201,18.5515,0,0,0,-23.84872,4.899917,18.02609
101.3469,-23.62828,5.07691,18.54558,0,0,0,-23.84872,4.899917,18.02609
101.3802,-23.62064,5.079759,18.54146,0,0,0,-23.84872,4.899917,18.02609
101.4135,-23.6135,5.084104,18.5367,0,0,0,-23.84872,4.899917,18.02609
101.4469,-23.6016,5.089866,18.53056,0,0,0,-23.84872,4.899917,18.02609
101.4802,-23.59157,5.093812,18.52852,0,0,0,-23.84872,4.899917,18.02609
101.5135,-23.58272,5.098752,18.52892,0,0,0,-23.84872,4.899917,18.02609
101.5469,-23.57062,5.10451,18.53025,0,0,0,-23.84872,4.899917,18.02609
101.5802,-23.55968,5.108284,18.52886,0,0,0,-23.84872,4.899917,18.02609
101.6135,-23.54894,5.109229,18.52677,0,0,0,-23.84872,4.899917,18.02609
101.6469,-23.53914,5.110758,18.52669,0,0,0,-23.84872,4.899917,18.02609
101.6802,-23.52497,5.111751,18.52942,0,0,0,-23.84872,4.899917,18.02609
101.7135,-23.51974,5.112162,18.52991,0,0,0,-23.84872,4.899917,18.02609
101.7469,-23.51672,5.11272,18.52643,0,0,0,-23.84872,4.899917,18.02609
101.7802,-23.51513,5.113018,18.51927,0,0,0,-23.84872,4.899917,18.02609
101.8135,-23.51661,5.111635,18.51143,0,0,0,-23.84872,4.899917,18.02609
101.8469,-23.51958,5.10955,18.49785,0,0,0,-23.84872,4.899917,18.02609
101.8802,-23.5254,5.107979,18.48063,0,0,0,-23.84872,4.899917,18.02609
101.9135,-23.52882,5.108651,18.4625,0,0,0,-23.84872,4.899917,18.02609
101.9469,-23.53329,5.112056,18.43676,0,0,0,-23.84872,4.899917,18.02609
101.9802,-23.53534,5.118407,18.40347,0,0,0,-23.84872,4.899917,18.02609
102.0135,-23.53489,5.122543,18.3802,0,0,0,-23.84872,4.899917,18.02609
102.0469,-23.53135,5.123981,18.36027,0,0,0,-23.84872,4.899917,18.02609
102.0802,-23.5249,5.126984,18.34567,0,0,0,-23.84872,4.899917,18.02609
102.1135,-23.51981,5.129038,18.33711,0,0,0,-23.84872,4.899917,18.02609
102.1469,-23.51382,5.13099,18.33085,0,0,0,-23.84872,4.899917,18.02609
102.1802,-23.5108,5.130713,18.32885,0,0,0,-23.84872,4.899917,18.02609
102.2135,-23.50489,5.132469,18.32618,0,0,0,-23.84872,4.899917,18.02609
102.2469,-23.49742,5.13528,18.32599,0,0,0,-23.84872,4.899917,18.02609
102.2802,-23.4875,5.139808,18.32437,0,0,0,-23.84872,4.899917,18.02609
102.3135,-23.4742,5.146596,18.32417,0,0,0,-23.84872,4.899917,18.02609
102.3469,-23.45886,5.156154,18.31931,0,0,0,-23.84872,4.899917,18.02609
102.3802,-23.44337,5.16413,18.31635,0,0,0,-23.84872,4.899917,18.02609
102.4135,-23.43033,5.171625,18.31462,0,0,0,-23.84872,4.899917,18.02609
102.4469,-23.41623,5.179362,18.31078,0,0,0,-23.84872,4.899917,18.02609
102.4802,-23.4003,5.186731,18.30867,0,0,0,-23.84872,4.899917,18.02609
102.5135,-23.38635,5.191972,18.30718,0,0,0,-23.84872,4.899917,18.02609
102.5469,-23.37149,5.197073,18.30916,0,0,0,-23.84872,4.899917,18.02609
102.5802,-23.35844,5.202401,18.30756,0,0,0,-23.84872,4.899917,18.02609
102.6135,-23.34846,5.205542,18.30836,0,0,0,-23.84872,4.899917,18.02609
102.6469,-23.3387,5.210943,18.30689,0,0,0,-23.84872,4.899917,18.02609
102.6802,-23.33197,5.214982,18.30672,0,0,0,-23.84872,4.899917,18.02609
102.7135,-23.32515,5.219566,18.30496,0,0,0,-23.84872,4.899917,18.02609
102.7469,-23.31632,5.224232,18.30466,0,0,0,-23.84872,4.899917,18.02609
102.7802,-23.30774,5.228739,18.30634,0,0,0,-23.84872,4.899917,18.02609
102.8135,-23.29968,5.234001,18.30449,0,0,0,-23.84872,4.899917,18.02609
102.8469,-23.2934,5.236947,18.30338,0,0,0,-23.84872,4.899917,18.02609
102.8802,-23.28514,5.241671,18.30136,0,0,0,-23.84872,4.899917,18.02609
102.9135,-23.27942,5.244042,18.30016,0,0,0,-23.84872,4.899917,18.02609
102.9469,-23.27263,5.244104,18.30041,0,0,0,-23.84872,4.899917,18.02609
102.9802,-23.26645,5.241334,18.30388,0,0,0,-23.84872,4.899917,18.02609
103.0135,-23.26571,5.236949,18.31167,0,0,0,-23.84872,4.899917,18.02609
103.0469,-23.27053,5.232099,18.31699,0,0,0,-23.84872,4.899917,18.02609
103.0802,-23.28625,5.221742,18.31809,0,0,0,-23.84872,4.899917,18.02609
103.1135,-23.30544,5.215223,18.30294,0,0,0,-23.84872,4.899917,18.02609
103.1469,-23.3202,5.215165,18.28234,0,0,0,-23.84872,4.899917,18.02609
103.1802,-23.34539,5.210838,18.2473,0,0,0,-23.84872,4.899917,18.02609
103.2135,-23.36982,5.202005,18.22218,0,0,0,-23.84872,4.899917,18.02609
103.2469,-23.39547,5.193037,18.1946,0,0,0,-23.84872,4.899917,18.02609
103.2802,-23.41983,5.18361,18.17091,0,0,0,-23.84872,4.899917,18.02609
103.3135,-23.43606,5.173154,18.1493,0,0,0,-23.84872,4.899917,18.02609
103.3469,-23.44047,5.161388,18.13059,0,0,0,-23.84872,4.899917,18.02609
103.3802,-23.44051,5.149067,18.11368,0,0,0,-23.84872,4.899917,18.02609
103.4135,-23.4402,5.138874,18.10064,0,0,0,-23.84872,4.899917,18.02609
103.4469,-23.43938,5.122844,18.08808,0,0,0,-23.84872,4.899917,18.02609
103.4802,-23.43926,5.104933,18.08706,0,0,0,-23.84872,4.899917,18.02609
103.5135,-23.43666,5.087705,18.08717,0,0,0,-23.84872,4.899917,18.02609
103.5469,-23.43436,5.080852,18.08281,0,0,0,-23.84872,4.899917,18.02609
103.5802,-23.43005,5.073897,18.07812,0,0,0,-23.84872,4.899917,18.02609
103.6135,-23.42503,5.067011,18.07444,0,0,0,-23.84872,4.899917,18.02609
103.6469,-23.42027,5.059602,18.07594,0,0,0,-23.84872,4.899917,18.02609
103.6802,-23.41136,5.054597,18.0757,0,0,0,-23.84872,4.899917,18.02609
103.7135,-23.39689,5.048265,18.08317,0,0,0,-23.84872,4.899917,18.02609
103.7469,-23.37961,5.038776,18.09838,0,0,0,-23.84872,4.899917,18.02609
103.7802,-23.36257,5.032476,18.11324,0,0,0,-23.84872,4.899917,18.02609
103.8135,-23.34286,5.02646,18.12995,0,0,0,-23.84872,4.899917,18.02609
103.8469,-23.3213,5.025181,18.15126,0,0,0,-23.84872,4.899917,18.02609
103.8802,-23.30303,5.025815,18.17034,0,0,0,-23.84872,4.899917,18.02609
103.9135,-23.2897,5.023708,18.18513,0,0,0,-23.84872,4.899917,18.02609
103.9469,-23.27771,5.021451,18.19485,0,0,0,-23.84872,4.899917,18.02609
103.9802,-23.26534,5.01997,18.20984,0,0,0,-23.84872,4.899917,18.02609
104.0135,-23.24944,5.021919,18.22539,0,0,0,-23.84872,4.899917,18.02609
104.0469,-23.23467,5.023819,18.23884,0,0,0,-23.84872,4.899917,18.02609
104.0802,-23.22282,5.026619,18.24738,0,0,0,-23.84872,4.899917,18.02609
104.1135,-23.21109,5.029992,18.25608,0,0,0,-23.84872,4.899917,18.02609
104.1469,-23.20428,5.031258,18.25931,0,0,0,-23.84872,4.899917,18.02609
104.1802,-23.1982,5.030989,18.2626,0,0,0,-23.84872,4.899917,18.02609
104.2135,-23.19247,5.033175,18.26329,0,0,0,-23.84872,4.899917,18.02609
104.2469,-23.18399,5.036741,18.26099,0,0,0,-23.84872,4.899917,18.02609
104.2802,-23.1753,5.040841,18.25709,0,0,0,-23.84872,4.899917,18.02609
104.3135,-23.16611,5.044453,18.2546,0,0,0,-23.84872,4.899917,18.02609
104.3469,-23.1585,5.0467,18.25317,0,0,0,-23.84872,4.899917,18.02609
104.3802,-23.15013,5.050348,18.25077,0,0,0,-23.84872,4.899917,18.02609
104.4135,-23.14547,5.051922,18.24879,0,0,0,-23.84872,4.899917,18.02609
104.4469,-23.14171,5.053854,18.24751,0,0,0,-23.84872,4.899917,18.02609
104.4802,-23.13951,5.056848,18.24171,0,0,0,-23.84872,4.899917,18.02609
104.5135,-23.13594,5.061136,18.23607,0,0,0,-23.84872,4.899917,18.02609
104.5469,-23.13343,5.064074,18.22884,0,0,0,-23.84872,4.899917,18.02609
104.5802,-23.13144,5.066543,18.22064,0,0,0,-23.84872,4.899917,18.02609
104.6135,-23.12661,5.070354,18.21626,0,0,0,-23.84872,4.899917,18.02609
104.6469,-23.12374,5.072031,18.21112,0,0,0,-23.84872,4.899917,18.02609
104.6802,-23.11752,5.077533,18.20654,0,0,0,-23.84872,4.899917,18.02609
104.7135,-23.1127,5.081788,18.20181,0,0,0,-23.84872,4.899917,18.02609
104.7469,-23.10608,5.085997,18.1993,0,0,0,-23.84872,4.899917,18.02609
104.7802,-23.09938,5.089899,18.19624,0,0,0,-23.84872,4.899917,18.02609
104.8135,-23.09334,5.092722,18.19376,0,0,0,-23.84872,4.899917,18.02609
104.8469,-23.09031,5.09459,18.192,0,0,0,-23.84872,4.899917,18.02609
104.8802,-23.08473,5.097895,18.19151,0,0,0,-23.84872,4.899917,18.02609
104.9135,-23.07989,5.099905,18.19281,0,0,0,-23.84872,4.899917,18.02609
104.9469,-23.07112,5.102091,18.1964,0,0,0,-23.84872,4.899917,18.02609
104.9802,-23.05766,5.101067,18.20526,0,0,0,-23.84872,4.899917,18.02609
105.0135,-23.04799,5.100541,18.20913,0,0,0,-23.84872,4.899917,18.02609
105.0469,-23.04105,5.09637,18.21413,0,0,0,-23.84872,4.899917,18.02609
105.0802,-23.03577,5.092627,18.22075,0,0,0,-23.84872,4.899917,18.02609
105.1135,-23.03074,5.088714,18.22946,0,0,0,-23.84872,4.899917,18.02609
105.1469,-23.02547,5.086274,18.23556,0,0,0,-23.84872,4.899917,18.02609
105.1802,-23.01954,5.084945,18.24217,0,0,0,-23.84872,4.899917,18.02609
105.2135,-23.01253,5.084318,18.24576,0,0,0,-23.84872,4.899917,18.02609
105.2469,-23.0068,5.082757,18.24888,0,0,0,-23.84872,4.899917,18.02609
105.2802,-22.99879,5.080342,18.25241,0,0,0,-23.84872,4.899917,18.02609
105.3135,-22.98793,5.080004,18.25468,0,0,0,-23.84872,4.899917,18.02609
105.3469,-22.97799,5.07863,18.25455,0,0,0,-23.84872,4.899917,18.02609
105.3802,-22.96733,5.077623,18.25468,0,0,0,-23.84872,4.899917,18.02609
105.4135,-22.95573,5.077121,18.25295,0,0,0,-23.84872,4.899917,18.02609
105.4469,-22.94644,5.077005,18.25149,0,0,0,-23.84872,4.899917,18.02609
105.4802,-22.93542,5.077769,18.24758,0,0,0,-23.84872,4.899917,18.02609
105.5135,-22.92435,5.078654,18.24237,0,0,0,-23.84872,4.899917,18.02609
105.5469,-22.9142,5.079038,18.23892,0,0,0,-23.84872,4.899917,18.02609
105.5802,-22.9047,5.079563,18.23354,0,0,0,-23.84872,4.899917,18.02609
105.6135,-22.89636,5.078937,18.23168,0,0,0,-23.84872,4.899917,18.02609
105.6469,-22.88873,5.079558,18.22864,0,0,0,-23.84872,4.899917,18.02609
105.6802,-22.88447,5.079772,18.22458,0,0,0,-23.84872,4.899917,18.02609
105.7135,-22.88076,5.083029,18.21352,0,0,0,-23.84872,4.899917,18.02609
105.7469,-22.87647,5.08813,18.18993,0,0,0,-23.84872,4.899917,18.02609
105.7802,-22.87856,5.091553,18.16501,0,0,0,-23.84872,4.899917,18.02609
105.8135,-22.88684,5.09264,18.13877,0,0,0,-23.84872,4.899917,18.02609
105.8469,-22.89755,5.095899,18.10651,0,0,0,-23.84872,4.899917,18.02609
105.8802,-22.90938,5.096881,18.08027,0,0,0,-23.84872,4.899917,18.02609
105.9135,-22.91589,5.099801,18.05794,0,0,0,-23.84872,4.899917,18.02609
105.9469,-22.92445,5.101757,18.03181,0,0,0,-23.84872,4.899917,18.02609
105.9802,-22.92862,5.105482,18.00698,0,0,0,-23.84872,4.899917,18.02609
106.0135,-22.9291,5.107231,17.99248,0,0,0,-23.84872,4.899917,18.02609
106.0469,-22.93306,5.107008,17.97094,0,0,0,-23.84872,4.899917,18.02609
106.0802,-22.94394,5.103392,17.94707,0,0,0,-23.84872,4.899917,18.02609
106.1135,-22.95353,5.100728,17.93902,0,0,0,-23.84872,4.899917,18.02609
106.1469,-22.96082,5.097611,17.93495,0,0,0,-23.84872,4.899917,18.02609
106.1802,-22.96706,5.095243,17.93044,0,0,0,-23.84872,4.899917,18.02609
106.2135,-22.97197,5.093607,17.92724,0,0,0,-23.84872,4.899917,18.02609
106.2469,-22.97414,5.093642,17.92426,0,0,0,-23.84872,4.899917,18.02609
106.2802,-22.97372,5.093929,17.92242,0,0,0,-23.84872,4.899917,18.02609
106.3135,-22.97403,5.093772,17.92057,0,0,0,-23.84872,4.899917,18.02609
106.3469,-22.96846,5.095613,17.91974,0,0,0,-23.84872,4.899917,18.02609
106.3802,-22.95895,5.09958,17.9146,0,0,0,-23.84872,4.899917,18.02609
106.4135,-22.94291,5.097917,17.91608,0,0,0,-23.84872,4.899917,18.02609
106.4469,-22.93321,5.095453,17.91646,0,0,0,-23.84872,4.899917,18.02609
106.4802,-22.9282,5.097025,17.91652,0,0,0,-23.84872,4.899917,18.02609
106.5135,-22.92618,5.09632,17.91586,0,0,0,-23.84872,4.899917,18.02609
106.5469,-22.92018,5.092661,17.91573,0,0,0,-23.84872,4.899917,18.02609
106.5802,-22.91437,5.091201,17.91901,0,0,0,-23.84872,4.899917,18.02609
106.6135,-22.90954,5.092191,17.91954,0,0,0,-23.84872,4.899917,18.02609
106.6469,-22.90591,5.090844,17.92269,0,0,0,-23.84872,4.899917,18.02609
106.6802,-22.90096,5.090203,17.92396,0,0,0,-23.84872,4.899917,18.02609
106.7135,-22.89815,5.090384,17.92438,0,0,0,-23.84872,4.899917,18.02609
106.7469,-22.8941,5.090461,17.92521,0,0,0,-23.84872,4.899917,18.02609
106.7802,-22.88609,5.09296,17.92472,0,0,0,-23.84872,4.899917,18.02609
106.8135,-22.88198,5.092522,17.92444,0,0,0,-23.84872,4.899917,18.02609
106.8469,-22.87735,5.0931,17.92295,0,0,0,-23.84872,4.899917,18.02609
106.8802,-22.87387,5.091074,17.92354,0,0,0,-23.84872,4.899917,18.02609
106.9135,-22.86989,5.091651,17.92229,0,0,0,-23.84872,4.899917,18.02609
106.9469,-22.86508,5.090995,17.9243,0,0,0,-23.84872,4.899917,18.02609
106.9802,-22.8583,5.09141,17.92376,0,0,0,-23.84872,4.899917,18.02609
107.0135,-22.85492,5.091203,17.9211,0,0,0,-23.84872,4.899917,18.02609
107.0469,-22.85333,5.088653,17.92134,0,0,0,-23.84872,4.899917,18.02609
107.0802,-22.85056,5.088755,17.92263,0,0,0,-23.84872,4.899917,18.02609
107.1135,-22.84919,5.089604,17.92295,0,0,0,-23.84872,4.899917,18.02609
107.1469,-22.84844,5.088858,17.92418,0,0,0,-23.84872,4.899917,18.02609
107.1802,-22.84661,5.089604,17.92188,0,0,0,-23.84872,4.899917,18.02609
107.2135,-22.8452,5.088858,17.92283,0,0,0,-23.84872,4.899917,18.02609
107.2469,-22.84258,5.088329,17.92065,0,0,0,-23.84872,4.899917,18.02609
107.2802,-22.83754,5.085726,17.92042,0,0,0,-23.84872,4.899917,18.02609
107.3135,-22.83523,5.083591,17.91671,0,0,0,-23.84872,4.899917,18.02609
107.3469,-22.82948,5.081409,17.90603,0,0,0,-23.84872,4.899917,18.02609
107.3802,-22.8247,5.077115,17.89349,0,0,0,-23.84872,4.899917,18.02609
107.4135,-22.82228,5.07427,17.88781,0,0,0,-23.84872,4.899917,18.02609
107.4469,-22.82027,5.069739,17.88383,0,0,0,-23.84872,4.899917,18.02609
107.4802,-22.81767,5.064582,17.87932,0,0,0,-23.84872,4.899917,18.02609
107.5135,-22.81512,5.059571,17.87626,0,0,0,-23.84872,4.899917,18.02609
107.5469,-22.81133,5.054759,17.8707,0,0,0,-23.84872,4.899917,18.02609
107.5802,-22.80622,5.050423,17.8658,0,0,0,-23.84872,4.899917,18.02609
107.6135,-22.80393,5.049238,17.86395,0,0,0,-23.84872,4.899917,18.02609
107.6469,-22.79891,5.042356,17.8606,0,0,0,-23.84872,4.899917,18.02609
107.6802,-22.79535,5.035016,17.85731,0,0,0,-23.84872,4.899917,18.02609
107.7135,-22.79352,5.030867,17.85479,0,0,0,-23.84872,4.899917,18.02609
107.7469,-22.78687,5.017548,17.85066,0,0,0,-23.84872,4.899917,18.02609
107.7802,-22.78184,5.012087,17.85381,0,0,0,-23.84872,4.899917,18.02609
107.8135,-22.77834,5.010363,17.85437,0,0,0,-23.84872,4.899917,18.02609
107.8469,-22.7741,5.008609,17.85476,0,0,0,-23.84872,4.899917,18.02609
107.8802,-22.77131,5.007377,17.85351,0,0,0,-23.84872,4.899917,18.02609
107.9135,-22.76859,5.006193,17.85152,0,0,0,-23.84872,4.899917,18.02609
107.9469,-22.76251,5.002458,17.84847,0,0,0,-23.84872,4.899917,18.02609
107.9802,-22.75791,5.000784,17.84763,0,0,0,-23.84872,4.899917,18.02609
108.0135,-22.75196,5.000989,17.84984,0,0,0,-23.84872,4.899917,18.02609
108.0469,-22.74273,5.004411,17.84949,0,0,0,-23.84872,4.899917,18.02609
108.0802,-22.73338,5.008723,17.85013,0,0,0,-23.84872,4.899917,18.02609
108.1135,-22.72748,5.012079,17.84883,0,0,0,-23.84872,4.899917,18.02609
108.1469,-22.71892,5.017955,17.84679,0,0,0,-23.84872,4.899917,18.02609
108.1802,-22.71398,5.021166,17.84446,0,0,0,-23.84872,4.899917,18.02609
108.2135,-22.71208,5.021163,17.84595,0,0,0,-23.84872,4.899917,18.02609
108.2469,-22.70701,5.021975,17.84744,0,0,0,-23.84872,4.899917,18.02609
108.2802,-22.69912,5.025542,17.84766,0,0,0,-23.84872,4.899917,18.02609
108.3135,-22.69338,5.025688,17.84722,0,0,0,-23.84872,4.899917,18.02609
108.3469,-22.68755,5.024742,17.84863,0,0,0,-23.84872,4.899917,18.02609
108.3802,-22.68114,5.026542,17.84737,0,0,0,-23.84872,4.899917,18.02609
108.4135,-22.67724,5.026699,17.84789,0,0,0,-23.84872,4.899917,18.02609
108.4469,-22.67062,5.028945,17.84974,0,0,0,-23.84872,4.899917,18.02609
108.4802,-22.6632,5.031384,17.8538,0,0,0,-23.84872,4.899917,18.02609
108.5135,-22.65782,5.032296,17.85734,0,0,0,-23.84872,4.899917,18.02609
108.5469,-22.6516,5.033983,17.86428,0,0,0,-23.84872,4.899917,18.02609
108.5802,-22.64808,5.035231,17.86945,0,0,0,-23.84872,4.899917,18.02609
108.6135,-22.6452,5.036426,17.87568,0,0,0,-23.84872,4.899917,18.02609
108.6469,-22.6375,5.044711,17.88751,0,0,0,-23.84872,4.899917,18.02609
108.6802,-22.63463,5.047644,17.89327,0,0,0,-23.84872,4.899917,18.02609
108.7135,-22.63316,5.048774,17.89691,0,0,0,-23.84872,4.899917,18.02609
108.7469,-22.62902,5.052108,17.90187,0,0,0,-23.84872,4.899917,18.02609
108.7802,-22.62419,5.054785,17.90798,0,0,0,-23.84872,4.899917,18.02609
108.8135,-22.61867,5.058764,17.9154,0,0,0,-23.84872,4.899917,18.02609
108.8469,-22.6158,5.060208,17.92189,0,0,0,-23.84872,4.899917,18.02609
108.8802,-22.61154,5.061942,17.93124,0,0,0,-23.84872,4.899917,18.02609
108.9135,-22.60608,5.065721,17.93904,0,0,0,-23.84872,4.899917,18.02609
108.9469,-22.60367,5.067863,17.95244,0,0,0,-23.84872,4.899917,18.02609
108.9802,-22.59983,5.074616,17.97079,0,0,0,-23.84872,4.899917,18.02609
109.0135,-22.59347,5.085739,17.99158,0,0,0,-23.84872,4.899917,18.02609
109.0469,-22.58658,5.097193,18.01489,0,0,0,-23.84872,4.899917,18.02609
109.0802,-22.58132,5.106457,18.03093,0,0,0,-23.84872,4.899917,18.02609
109.1135,-22.5787,5.111383,18.04008,0,0,0,-23.84872,4.899917,18.02609
109.1469,-22.57416,5.114728,18.04928,0,0,0,-23.84872,4.899917,18.02609
109.1802,-22.57273,5.112793,18.05759,0,0,0,-23.84872,4.899917,18.02609
109.2135,-22.57006,5.110666,18.06766,0,0,0,-23.84872,4.899917,18.02609
109.2469,-22.56866,5.108799,18.07692,0,0,0,-23.84872,4.899917,18.02609
109.2802,-22.56479,5.110333,18.08549,0,0,0,-23.84872,4.899917,18.02609
109.3135,-22.5596,5.112475,18.09971,0,0,0,-23.84872,4.899917,18.02609
109.3469,-22.55568,5.114375,18.11375,0,0,0,-23.84872,4.899917,18.02609
109.3802,-22.55008,5.118874,18.12849,0,0,0,-23.84872,4.899917,18.02609
109.4135,-22.54777,5.12143,18.13987,0,0,0,-23.84872,4.899917,18.02609
109.4469,-22.54478,5.124299,18.15261,0,0,0,-23.84872,4.899917,18.02609
109.4802,-22.54144,5.127142,18.16356,0,0,0,-23.84872,4.899917,18.02609
109.5135,-22.53942,5.128478,18.17576,0,0,0,-23.84872,4.899917,18.02609
109.5469,-22.53723,5.127495,18.19041,0,0,0,-23.84872,4.899917,18.02609
109.5802,-22.53621,5.126029,18.19792,0,0,0,-23.84872,4.899917,18.02609
109.6135,-22.53523,5.124948,18.20506,0,0,0,-23.84872,4.899917,18.02609
109.6469,-22.53386,5.125354,18.21259,0,0,0,-23.84872,4.899917,18.02609
109.6802,-22.53361,5.125175,18.21908,0,0,0,-23.84872,4.899917,18.02609
109.7135,-22.5341,5.125813,18.22399,0,0,0,-23.84872,4.899917,18.02609
109.7469,-22.53265,5.126792,18.22869,0,0,0,-23.84872,4.899917,18.02609
109.7802,-22.5341,5.126226,18.23759,0,0,0,-23.84872,4.899917,18.02609
109.8135,-22.53316,5.127916,18.24507,0,0,0,-23.84872,4.899917,18.02609
109.8469,-22.53425,5.128385,18.26034,0,0,0,-23.84872,4.899917,18.02609
109.8802,-22.53345,5.130501,18.26747,0,0,0,-23.84872,4.899917,18.02609
109.9135,-22.53477,5.131113,18.27626,0,0,0,-23.84872,4.899917,18.02609
109.9469,-22.53616,5.132113,18.28468,0,0,0,-23.84872,4.899917,18.02609
109.9802,-22.53906,5.132736,18.29211,0,0,0,-23.84872,4.899917,18.02609
110.0135,-22.54416,5.130744,18.2861,0,0,0,-23.84872,4.899917,18.02609
110.0469,-22.55241,5.127645,18.27172,0,0,0,-23.84872,4.899917,18.02609
110.0802,-22.5612,5.124712,18.24343,0,0,0,-23.84872,4.899917,18.02609
110.1135,-22.56827,5.122345,18.21938,0,0,0,-23.84872,4.899917,18.02609
110.1469,-22.5751,5.116547,18.19097,0,0,0,-23.84872,4.899917,18.02609
110.1802,-22.58221,5.107471,18.16716,0,0,0,-23.84872,4.899917,18.02609
110.2135,-22.58803,5.099462,18.15316,0,0,0,-23.84872,4.899917,18.02609
110.2469,-22.5969,5.086308,18.13572,0,0,0,-23.84872,4.899917,18.02609
110.2802,-22.60628,5.076315,18.11497,0,0,0,-23.84872,4.899917,18.02609
110.3135,-22.61425,5.06803,18.09942,0,0,0,-23.84872,4.899917,18.02609
110.3469,-22.6204,5.062118,18.09431,0,0,0,-23.84872,4.899917,18.02609
110.3802,-22.62228,5.058301,18.09034,0,0,0,-23.84872,4.899917,18.02609
110.4135,-22.62366,5.055127,18.09045,0,0,0,-23.84872,4.899917,18.02609
110.4469,-22.62419,5.050774,18.09221,0,0,0,-23.84872,4.899917,18.02609
110.4802,-22.61778,5.052639,18.09929,0,0,0,-23.84872,4.899917,18.02609
110.5135,-22.61544,5.051064,18.10405,0,0,0,-23.84872,4.899917,18.02609
110.5469,-22.61111,5.050673,18.10667,0,0,0,-23.84872,4.899917,18.02609
110.5802,-22.60786,5.048629,18.10839,0,0,0,-23.84872,4.899917,18.02609
110.6135,-22.60453,5.047643,18.10693,0,0,0,-23.84872,4.899917,18.02609
110.6469,-22.60254,5.043809,18.10219,0,0,0,-23.84872,4.899917,18.02609
110.6802,-22.59794,5.038265,18.09026,0,0,0,-23.84872,4.899917,18.02609
110.7135,-22.59452,5.03094,18.0795,0,0,0,-23.84872,4.899917,18.02609
110.7469,-22.58992,5.027811,18.07374,0,0,0,-23.84872,4.899917,18.02609
110.7802,-22.58744,5.01897,18.07564,0,0,0,-23.84872,4.899917,18.02609
110.8135,-22.58223,5.012319,18.08217,0,0,0,-23.84872,4.899917,18.02609
110.8469,-22.5774,5.008874,18.09228,0,0,0,-23.84872,4.899917,18.02609
110.8802,-22.57254,5.009212,18.10061,0,0,0,-23.84872,4.899917,18.02609
110.9135,-22.56646,5.010608,18.10934,0,0,0,-23.84872,4.899917,18.02609
110.9469,-22.56241,5.011043,18.11806,0,0,0,-23.84872,4.899917,18.02609
110.9802,-22.55552,5.01357,18.12326,0,0,0,-23.84872,4.899917,18.02609
111.0135,-22.54998,5.014594,18.12963,0,0,0,-23.84872,4.899917,18.02609
111.0469,-22.54551,5.015632,18.13244,0,0,0,-23.84872,4.899917,18.02609
111.0802,-22.53849,5.019247,18.13445,0,0,0,-23.84872,4.899917,18.02609
111.1135,-22.53168,5.021879,18.13963,0,0,0,-23.84872,4.899917,18.02609
111.1469,-22.52817,5.021964,18.146,0,0,0,-23.84872,4.899917,18.02609
111.1802,-22.52215,5.024652,18.15158,0,0,0,-23.84872,4.899917,18.02609
111.2135,-22.51921,5.025764,18.15517,0,0,0,-23.84872,4.899917,18.02609
111.2469,-22.51812,5.026323,18.15717,0,0,0,-23.84872,4.899917,18.02609
111.2802,-22.51617,5.027372,18.15717,0,0,0,-23.84872,4.899917,18.02609
111.3135,-22.51628,5.026885,18.15876,0,0,0,-23.84872,4.899917,18.02609
111.3469,-22.51606,5.027862,18.15558,0,0,0,-23.84872,4.899917,18.02609
111.3802,-22.51574,5.029336,18.1508,0,0,0,-23.84872,4.899917,18.02609
111.4135,-22.51459,5.031324,18.14404,0,0,0,-23.84872,4.899917,18.02609
111.4469,-22.513,5.034389,18.13809,0,0,0,-23.84872,4.899917,18.02609
111.4802,-22.51153,5.036968,18.13373,0,0,0,-23.84872,4.899917,18.02609
111.5135,-22.51368,5.036399,18.12816,0,0,0,-23.84872,4.899917,18.02609
111.5469,-22.51344,5.037952,18.12341,0,0,0,-23.84872,4.899917,18.02609
111.5802,-22.51229,5.043745,18.10998,0,0,0,-23.84872,4.899917,18.02609
111.6135,-22.51331,5.044296,18.10483,0,0,0,-23.84872,4.899917,18.02609
111.6469,-22.51313,5.045914,18.1001,0,0,0,-23.84872,4.899917,18.02609
111.6802,-22.5129,5.048096,18.09379,0,0,0,-23.84872,4.899917,18.02609
111.7135,-22.5132,5.049243,18.08668,0,0,0,-23.84872,4.899917,18.02609
111.7469,-22.51292,5.053157,18.07567,0,0,0,-23.84872,4.899917,18.02609
111.7802,-22.5139,5.056879,18.06057,0,0,0,-23.84872,4.899917,18.02609
111.8135,-22.51501,5.06014,18.04708,0,0,0,-23.84872,4.899917,18.02609
111.8469,-22.51607,5.063055,18.03086,0,0,0,-23.84872,4.899917,18.02609
111.8802,-22.51614,5.067933,18.01843,0,0,0,-23.84872,4.899917,18.02609
111.9135,-22.51875,5.068246,18.00873,0,0,0,-23.84872,4.899917,18.02609
111.9469,-22.51882,5.070126,18.00409,0,0,0,-23.84872,4.899917,18.02609
111.9802,-22.51771,5.073703,17.99831,0,0,0,-23.84872,4.899917,18.02609
112.0135,-22.51894,5.07265,17.9979,0,0,0,-23.84872,4.899917,18.02609
112.0469,-22.51904,5.07456,17.99328,0,0,0,-23.84872,4.899917,18.02609
112.0802,-22.52099,5.074147,17.99173,0,0,0,-23.84872,4.899917,18.02609
112.1135,-22.5206,5.07777,17.98638,0,0,0,-23.84872,4.899917,18.02609
112.1469,-22.52196,5.078662,17.98136,0,0,0,-23.84872,4.899917,18.02609
112.1802,-22.52216,5.07997,17.97562,0,0,0,-23.84872,4.899917,18.02609
112.2135,-22.52105,5.081655,17.97277,0,0,0,-23.84872,4.899917,18.02609
112.2469,-22.52161,5.080339,17.97624,0,0,0,-23.84872,4.899917,18.02609
112.2802,-22.51888,5.078629,17.99614,0,0,0,-23.84872,4.899917,18.02609
112.3135,-22.51633,5.07733,18.00993,0,0,0,-23.84872,4.899917,18.02609
112.3469,-22.51455,5.072783,18.0331,0,0,0,-23.84872,4.899917,18.02609
112.3802,-22.51097,5.069936,18.04991,0,0,0,-23.84872,4.899917,18.02609
112.4135,-22.50989,5.0664,18.06552,0,0,0,-23.84872,4.899917,18.02609
112.4469,-22.51016,5.061573,18.08018,0,0,0,-23.84872,4.899917,18.02609
112.4802,-22.51006,5.057943,18.09572,0,0,0,-23.84872,4.899917,18.02609
112.5135,-22.51204,5.052999,18.11071,0,0,0,-23.84872,4.899917,18.02609
112.5469,-22.51352,5.050685,18.12397,0,0,0,-23.84872,4.899917,18.02609
112.5802,-22.51529,5.046318,18.1352,0,0,0,-23.84872,4.899917,18.02609
112.6135,-22.5156,5.043266,18.14871,0,0,0,-23.84872,4.899917,18.02609
112.6469,-22.51461,5.042371,18.15948,0,0,0,-23.84872,4.899917,18.02609
112.6802,-22.51732,5.039926,18.17577,0,0,0,-23.84872,4.899917,18.02609
112.7135,-22.52039,5.039498,18.19134,0,0,0,-23.84872,4.899917,18.02609
112.7469,-22.52511,5.036756,18.20911,0,0,0,-23.84872,4.899917,18.02609
112.7802,-22.52483,5.03889,18.22351,0,0,0,-23.84872,4.899917,18.02609
112.8135,-22.52666,5.038591,18.23211,0,0,0,-23.84872,4.899917,18.02609
112.8469,-22.53028,5.038308,18.2437,0,0,0,-23.84872,4.899917,18.02609
112.8802,-22.53283,5.03872,18.25513,0,0,0,-23.84872,4.899917,18.02609
112.9135,-22.53543,5.038947,18.26254,0,0,0,-23.84872,4.899917,18.02609
112.9469,-22.53929,5.037922,18.27296,0,0,0,-23.84872,4.899917,18.02609
112.9802,-22.54348,5.036524,18.28498,0,0,0,-23.84872,4.899917,18.02609
113.0135,-22.54866,5.034506,18.29495,0,0,0,-23.84872,4.899917,18.02609
113.0469,-22.55286,5.032919,18.30292,0,0,0,-23.84872,4.899917,18.02609
113.0802,-22.55743,5.030287,18.31005,0,0,0,-23.84872,4.899917,18.02609
113.1135,-22.56266,5.026577,18.31332,0,0,0,-23.84872,4.899917,18.02609
113.1469,-22.56958,5.022559,18.31454,0,0,0,-23.84872,4.899917,18.02609
113.1802,-22.57853,5.016917,18.31422,0,0,0,-23.84872,4.899917,18.02609
113.2135,-22.58422,5.013118,18.31038,0,0,0,-23.84872,4.899917,18.02609
113.2469,-22.59144,5.007615,18.30491,0,0,0,-23.84872,4.899917,18.02609
113.2802,-22.5956,5.004227,18.29996,0,0,0,-23.84872,4.899917,18.02609
113.3135,-22.59739,5.001774,18.30032,0,0,0,-23.84872,4.899917,18.02609
113.3469,-22.59364,5.001392,18.30006,0,0,0,-23.84872,4.899917,18.02609
113.3802,-22.58403,5.00619,18.30196,0,0,0,-23.84872,4.899917,18.02609
113.4135,-22.57773,5.009218,18.30737,0,0,0,-23.84872,4.899917,18.02609
113.4469,-22.56604,5.016926,18.31472,0,0,0,-23.84872,4.899917,18.02609
113.4802,-22.54772,5.028856,18.32609,0,0,0,-23.84872,4.899917,18.02609
113.5135,-22.53389,5.034765,18.33549,0,0,0,-23.84872,4.899917,18.02609
113.5469,-22.52294,5.037005,18.34065,0,0,0,-23.84872,4.899917,18.02609
113.5802,-22.514,5.036047,18.3417,0,0,0,-23.84872,4.899917,18.02609
113.6135,-22.5078,5.033923,18.34241,0,0,0,-23.84872,4.899917,18.02609
113.6469,-22.49863,5.032876,18.34077,0,0,0,-23.84872,4.899917,18.02609
113.6802,-22.48556,5.028964,18.33517,0,0,0,-23.84872,4.899917,18.02609
113.7135,-22.47649,5.025333,18.3309,0,0,0,-23.84872,4.899917,18.02609
113.7469,-22.4703,5.019818,18.33215,0,0,0,-23.84872,4.899917,18.02609
113.7802,-22.46552,5.018287,18.33476,0,0,0,-23.84872,4.899917,18.02609
113.8135,-22.4627,5.014112,18.3335,0,0,0,-23.84872,4.899917,18.02609
113.8469,-22.46505,5.008259,18.33129,0,0,0,-23.84872,4.899917,18.02609
113.8802,-22.46723,5.001929,18.32905,0,0,0,-23.84872,4.899917,18.02609
113.9135,-22.47039,4.995926,18.32619,0,0,0,-23.84872,4.899917,18.02609
113.9469,-22.48121,4.973915,18.31562,0,0,0,-23.84872,4.899917,18.02609
113.9802,-22.48328,4.966453,18.31591,0,0,0,-23.84872,4.899917,18.02609
114.0135,-22.48059,4.96408,18.31669,0,0,0,-23.84872,4.899917,18.02609
114.0469,-22.47658,4.960737,18.31728,0,0,0,-23.84872,4.899917,18.02609
114.0802,-22.47468,4.954,18.31328,0,0,0,-23.84872,4.899917,18.02609
114.1135,-22.4731,4.949535,18.30958,0,0,0,-23.84872,4.899917,18.02609
114.1469,-22.47549,4.947006,18.30331,0,0,0,-23.84872,4.899917,18.02609
114.1802,-22.47179,4.946305,18.30139,0,0,0,-23.84872,4.899917,18.02609
114.2135,-22.45765,4.950761,18.29961,0,0,0,-23.84872,4.899917,18.02609
114.2469,-22.44536,4.951016,18.29711,0,0,0,-23.84872,4.899917,18.02609
114.2802,-22.43362,4.946394,18.29241,0,0,0,-23.84872,4.899917,18.02609
114.3135,-22.43485,4.949361,18.2858,0,0,0,-23.84872,4.899917,18.02609
114.3469,-22.43216,4.949531,18.28179,0,0,0,-23.84872,4.899917,18.02609
114.3802,-22.423,4.943896,18.27508,0,0,0,-23.84872,4.899917,18.02609
114.4135,-22.4216,4.943855,18.27199,0,0,0,-23.84872,4.899917,18.02609
114.4469,-22.41717,4.944605,18.26657,0,0,0,-23.84872,4.899917,18.02609
114.4802,-22.3773,4.948643,18.25797,0,0,0,-23.84872,4.899917,18.02609
114.5135,-22.36421,4.95168,18.24537,0,0,0,-23.84872,4.899917,18.02609
114.5469,-22.36215,4.955672,18.23938,0,0,0,-23.84872,4.899917,18.02609
114.5802,-22.34077,4.951674,18.237,0,0,0,-23.84872,4.899917,18.02609
114.6135,-22.33265,4.952292,18.23262,0,0,0,-23.84872,4.899917,18.02609
114.6469,-22.32731,4.955224,18.22834,0,0,0,-23.84872,4.899917,18.02609
114.6802,-22.31627,4.961205,18.22165,0,0,0,-23.84872,4.899917,18.02609
114.7135,-22.3068,4.965688,18.21491,0,0,0,-23.84872,4.899917,18.02609
114.7469,-22.30129,4.966184,18.21206,0,0,0,-23.84872,4.899917,18.02609
114.7802,-22.2972,4.96805,18.20933,0,0,0,-23.84872,4.899917,18.02609
114.8135,-22.29628,4.968546,18.20942,0,0,0,-23.84872,4.899917,18.02609
114.8469,-22.29738,4.970199,18.20814,0,0,0,-23.84872,4.899917,18.02609
114.8802,-22.30206,4.971203,18.20967,0,0,0,-23.84872,4.899917,18.02609
114.9135,-22.30679,4.973941,18.2067,0,0,0,-23.84872,4.899917,18.02609
114.9469,-22.31385,4.978658,18.20198,0,0,0,-23.84872,4.899917,18.02609
114.9802,-22.32247,4.981368,18.19443,0,0,0,-23.84872,4.899917,18.02609
115.0135,-22.32949,4.983809,18.18625,0,0,0,-23.84872,4.899917,18.02609
115.0469,-22.33531,4.986418,18.18147,0,0,0,-23.84872,4.899917,18.02609
115.0802,-22.34176,4.98923,18.17115,0,0,0,-23.84872,4.899917,18.02609
115.1135,-22.34753,4.989223,18.16696,0,0,0,-23.84872,4.899917,18.02609
115.1469,-22.35396,4.991339,18.16004,0,0,0,-23.84872,4.899917,18.02609
115.1802,-22.36327,4.99232,18.15476,0,0,0,-23.84872,4.899917,18.02609
115.2135,-22.37389,4.991931,18.15706,0,0,0,-23.84872,4.899917,18.02609
115.2469,-22.38525,4.993456,18.15365,0,0,0,-23.84872,4.899917,18.02609
115.2802,-22.39478,4.994508,18.15257,0,0,0,-23.84872,4.899917,18.02609
115.3135,-22.40585,4.99442,18.1528,0,0,0,-23.84872,4.899917,18.02609
115.3469,-22.42149,4.994637,18.154,0,0,0,-23.84872,4.899917,18.02609
115.3802,-22.43531,4.994688,18.15679,0,0,0,-23.84872,4.899917,18.02609
115.4135,-22.44852,4.993945,18.15914,0,0,0,-23.84872,4.899917,18.02609
115.4469,-22.46087,4.993657,18.16155,0,0,0,-23.84872,4.899917,18.02609
115.4802,-22.47316,4.993763,18.16321,0,0,0,-23.84872,4.899917,18.02609
115.5135,-22.48547,4.992351,18.1656,0,0,0,-23.84872,4.899917,18.02609
115.5469,-22.49858,4.98937,18.16787,0,0,0,-23.84872,4.899917,18.02609
115.5802,-22.51358,4.986066,18.17317,0,0,0,-23.84872,4.899917,18.02609
115.6135,-22.52637,4.983921,18.17701,0,0,0,-23.84872,4.899917,18.02609
115.6469,-22.5442,4.97812,18.18286,0,0,0,-23.84872,4.899917,18.02609
115.6802,-22.56071,4.974327,18.18727,0,0,0,-23.84872,4.899917,18.02609
115.7135,-22.57492,4.972156,18.19214,0,0,0,-23.84872,4.899917,18.02609
115.7469,-22.59343,4.969014,18.19632,0,0,0,-23.84872,4.899917,18.02609
115.7802,-22.60523,4.96709,18.19833,0,0,0,-23.84872,4.899917,18.02609
115.8135,-22.618,4.965302,18.20004,0,0,0,-23.84872,4.899917,18.02609
115.8469,-22.65338,4.966108,18.20228,0,0,0,-23.84872,4.899917,18.02609
115.8802,-22.66401,4.96503,18.20185,0,0,0,-23.84872,4.899917,18.02609
115.9135,-22.67428,4.963494,18.20219,0,0,0,-23.84872,4.899917,18.02609
115.9469,-22.69474,4.96159,18.19965,0,0,0,-23.84872,4.899917,18.02609
115.9802,-22.71166,4.958293,18.1959,0,0,0,-23.84872,4.899917,18.02609
116.0135,-22.71913,4.957743,18.19096,0,0,0,-23.84872,4.899917,18.02609
116.0469,-22.73907,4.956371,18.1868,0,0,0,-23.84872,4.899917,18.02609
116.0802,-22.75018,4.959881,18.17685,0,0,0,-23.84872,4.899917,18.02609
116.1135,-22.75102,4.964773,18.16996,0,0,0,-23.84872,4.899917,18.02609
116.1469,-22.74973,4.972258,18.16064,0,0,0,-23.84872,4.899917,18.02609
116.1802,-22.74922,4.979471,18.15333,0,0,0,-23.84872,4.899917,18.02609
116.2135,-22.75083,4.984217,18.14848,0,0,0,-23.84872,4.899917,18.02609
116.2469,-22.75317,4.989026,18.14397,0,0,0,-23.84872,4.899917,18.02609
116.2802,-22.75914,4.992571,18.14174,0,0,0,-23.84872,4.899917,18.02609
116.3135,-22.76509,4.993895,18.14344,0,0,0,-23.84872,4.899917,18.02609
116.3469,-22.77093,4.994823,18.14264,0,0,0,-23.84872,4.899917,18.02609
116.3802,-22.77165,4.997463,18.13961,0,0,0,-23.84872,4.899917,18.02609
116.4135,-22.76869,5.000484,18.13567,0,0,0,-23.84872,4.899917,18.02609
116.4469,-22.76294,5.002694,18.13342,0,0,0,-23.84872,4.899917,18.02609
116.4802,-22.75582,5.005309,18.13303,0,0,0,-23.84872,4.899917,18.02609
116.5135,-22.75159,5.006585,18.13456,0,0,0,-23.84872,4.899917,18.02609
116.5469,-22.74522,5.009121,18.13665,0,0,0,-23.84872,4.899917,18.02609
116.5802,-22.73665,5.01241,18.13801,0,0,0,-23.84872,4.899917,18.02609
116.6135,-22.72525,5.015504,18.13817,0,0,0,-23.84872,4.899917,18.02609
116.6469,-22.71239,5.01816,18.13924,0,0,0,-23.84872,4.899917,18.02609
116.6802,-22.70166,5.019104,18.14132,0,0,0,-23.84872,4.899917,18.02609
116.7135,-22.69308,5.020708,18.14073,0,0,0,-23.84872,4.899917,18.02609
116.7469,-22.68736,5.021316,18.14175,0,0,0,-23.84872,4.899917,18.02609
116.7802,-22.6825,5.021941,18.13804,0,0,0,-23.84872,4.899917,18.02609
116.8135,-22.6798,5.020247,18.13176,0,0,0,-23.84872,4.899917,18.02609
116.8469,-22.68169,5.014642,18.11812,0,0,0,-23.84872,4.899917,18.02609
116.8802,-22.69076,5.005173,18.0973,0,0,0,-23.84872,4.899917,18.02609
116.9135,-22.70006,4.995485,18.07172,0,0,0,-23.84872,4.899917,18.02609
116.9469,-22.70931,4.985338,18.04858,0,0,0,-23.84872,4.899917,18.02609
116.9802,-22.71552,4.978178,18.03661,0,0,0,-23.84872,4.899917,18.02609
117.0135,-22.72069,4.971079,18.0361,0,0,0,-23.84872,4.899917,18.02609
117.0469,-22.72292,4.967271,18.03842,0,0,0,-23.84872,4.899917,18.02609
117.0802,-22.72647,4.965044,18.04164,0,0,0,-23.84872,4.899917,18.02609
117.1135,-22.72861,4.963336,18.04264,0,0,0,-23.84872,4.899917,18.02609
117.1469,-22.72934,4.962315,18.04613,0,0,0,-23.84872,4.899917,18.02609
117.1802,-22.72942,4.961251,18.04427,0,0,0,-23.84872,4.899917,18.02609
117.2135,-22.7302,4.959836,18.04209,0,0,0,-23.84872,4.899917,18.02609
117.2469,-22.7319,4.954745,18.0362,0,0,0,-23.84872,4.899917,18.02609
117.2802,-22.73564,4.949544,18.03659,0,0,0,-23.84872,4.899917,18.02609
117.3135,-22.73716,4.947454,18.03851,0,0,0,-23.84872,4.899917,18.02609
117.3469,-22.74006,4.945716,18.04167,0,0,0,-23.84872,4.899917,18.02609
117.3802,-22.74363,4.943794,18.0426,0,0,0,-23.84872,4.899917,18.02609
117.4135,-22.7428,4.944576,18.04381,0,0,0,-23.84872,4.899917,18.02609
117.4469,-22.74398,4.945233,18.04252,0,0,0,-23.84872,4.899917,18.02609
117.4802,-22.74562,4.945533,18.04132,0,0,0,-23.84872,4.899917,18.02609
117.5135,-22.74563,4.9447,18.04038,0,0,0,-23.84872,4.899917,18.02609
117.5469,-22.74248,4.945533,18.03919,0,0,0,-23.84872,4.899917,18.02609
117.5802,-22.73724,4.946053,18.03599,0,0,0,-23.84872,4.899917,18.02609
117.6135,-22.73592,4.945048,18.03564,0,0,0,-23.84872,4.899917,18.02609
117.6469,-22.73105,4.94588,18.03436,0,0,0,-23.84872,4.899917,18.02609
117.6802,-22.72763,4.947967,18.0315,0,0,0,-23.84872,4.899917,18.02609
117.7135,-22.72704,4.948866,18.02834,0,0,0,-23.84872,4.899917,18.02609
117.7469,-22.72232,4.954535,18.01964,0,0,0,-23.84872,4.899917,18.02609
117.7802,-22.7162,4.961398,18.0078,0,0,0,-23.84872,4.899917,18.02609
117.8135,-22.71142,4.965851,18.00232,0,0,0,-23.84872,4.899917,18.02609
117.8469,-22.70754,4.968091,17.9927,0,0,0,-23.84872,4.899917,18.02609
117.8802,-22.70297,4.966289,17.99007,0,0,0,-23.84872,4.899917,18.02609
117.9135,-22.69842,4.96325,17.99089,0,0,0,-23.84872,4.899917,18.02609
117.9469,-22.69464,4.958302,17.9921,0,0,0,-23.84872,4.899917,18.02609
117.9802,-22.69244,4.9571,17.99356,0,0,0,-23.84872,4.899917,18.02609
118.0135,-22.69024,4.955685,17.99736,0,0,0,-23.84872,4.899917,18.02609
118.0469,-22.68662,4.954105,17.99846,0,0,0,-23.84872,4.899917,18.02609
118.0802,-22.68505,4.953526,17.99922,0,0,0,-23.84872,4.899917,18.02609
118.1135,-22.68413,4.953385,18.00244,0,0,0,-23.84872,4.899917,18.02609
118.1469,-22.68364,4.95329,18.00539,0,0,0,-23.84872,4.899917,18.02609
118.1802,-22.68262,4.953421,18.00743,0,0,0,-23.84872,4.899917,18.02609
118.2135,-22.68135,4.953682,18.009,0,0,0,-23.84872,4.899917,18.02609
118.2469,-22.68009,4.954027,18.00935,0,0,0,-23.84872,4.899917,18.02609
118.2802,-22.6818,4.953401,18.00996,0,0,0,-23.84872,4.899917,18.02609
118.3135,-22.68009,4.954098,18.00942,0,0,0,-23.84872,4.899917,18.02609
118.3469,-22.67777,4.954782,18.00901,0,0,0,-23.84872,4.899917,18.02609
118.3802,-22.67933,4.954094,18.00991,0,0,0,-23.84872,4.899917,18.02609
118.4135,-22.67783,4.954699,18.01017,0,0,0,-23.84872,4.899917,18.02609
118.4469,-22.67788,4.954448,18.01176,0,0,0,-23.84872,4.899917,18.02609
118.4802,-22.67655,4.954465,18.01523,0,0,0,-23.84872,4.899917,18.02609
118.5135,-22.67824,4.95347,18.0182,0,0,0,-23.84872,4.899917,18.02609
118.5469,-22.67721,4.953413,18.02303,0,0,0,-23.84872,4.899917,18.02609
118.5802,-22.67612,4.953173,18.02784,0,0,0,-23.84872,4.899917,18.02609
118.6135,-22.67364,4.952803,18.03645,0,0,0,-23.84872,4.899917,18.02609
118.6469,-22.67246,4.95263,18.04156,0,0,0,-23.84872,4.899917,18.02609
118.6802,-22.67016,4.952036,18.0518,0,0,0,-23.84872,4.899917,18.02609
118.7135,-22.66931,4.952051,18.05929,0,0,0,-23.84872,4.899917,18.02609
118.7469,-22.66701,4.952307,18.06938,0,0,0,-23.84872,4.899917,18.02609
118.7802,-22.6663,4.952331,18.07659,0,0,0,-23.84872,4.899917,18.02609
118.8135,-22.66708,4.951943,18.08117,0,0,0,-23.84872,4.899917,18.02609
118.8469,-22.66624,4.952424,18.08429,0,0,0,-23.84872,4.899917,18.02609
118.8802,-22.66684,4.952249,18.08806,0,0,0,-23.84872,4.899917,18.02609
118.9135,-22.67022,4.951257,18.08869,0,0,0,-23.84872,4.899917,18.02609
118.9469,-22.67213,4.951509,18.0899,0,0,0,-23.84872,4.899917,18.02609
118.9802,-22.67549,4.950816,18.08276,0,0,0,-23.84872,4.899917,18.02609
119.0135,-22.68129,4.949819,18.08416,0,0,0,-23.84872,4.899917,18.02609
119.0469,-22.68334,4.951393,18.08646,0,0,0,-23.84872,4.899917,18.02609
119.0802,-22.68445,4.951809,18.08912,0,0,0,-23.84872,4.899917,18.02609
119.1135,-22.68525,4.95236,18.09037,0,0,0,-23.84872,4.899917,18.02609
119.1469,-22.68622,4.953148,18.09212,0,0,0,-23.84872,4.899917,18.02609
119.1802,-22.68918,4.952545,18.08632,0,0,0,-23.84872,4.899917,18.02609
119.2135,-22.69231,4.951858,18.07907,0,0,0,-23.84872,4.899917,18.02609
119.2469,-22.69842,4.950666,18.0743,0,0,0,-23.84872,4.899917,18.02609
119.2802,-22.70236,4.951256,18.07244,0,0,0,-23.84872,4.899917,18.02609
119.3135,-22.70743,4.949265,18.07451,0,0,0,-23.84872,4.899917,18.02609
119.3469,-22.70911,4.947579,18.07824,0,0,0,-23.84872,4.899917,18.02609
119.3802,-22.70929,4.947906,18.08239,0,0,0,-23.84872,4.899917,18.02609
119.4135,-22.7092,4.948099,18.08352,0,0,0,-23.84872,4.899917,18.02609
119.4469,-22.71043,4.948215,18.08374,0,0,0,-23.84872,4.899917,18.02609
119.4802,-22.71022,4.948336,18.08468,0,0,0,-23.84872,4.899917,18.02609
119.5135,-22.71155,4.948226,18.08504,0,0,0,-23.84872,4.899917,18.02609
119.5469,-22.71003,4.948596,18.08639,0,0,0,-23.84872,4.899917,18.02609
119.5802,-22.70992,4.948646,18.08694,0,0,0,-23.84872,4.899917,18.02609
119.6135,-22.70983,4.948668,18.08714,0,0,0,-23.84872,4.899917,18.02609
119.6469,-22.70978,4.948882,18.08907,0,0,0,-23.84872,4.899917,18.02609
119.6802,-22.70958,4.949001,18.0899,0,0,0,-23.84872,4.899917,18.02609
119.7135,-22.7094,4.949052,18.09038,0,0,0,-23.84872,4.899917,18.02609
119.7469,-22.70908,4.948995,18.08969,0,0,0,-23.84872,4.899917,18.02609
119.7802,-22.70839,4.948612,18.08623,0,0,0,-23.84872,4.899917,18.02609
119.8135,-22.70903,4.948367,18.08003,0,0,0,-23.84872,4.899917,18.02609
119.8469,-22.70841,4.948852,18.0759,0,0,0,-23.84872,4.899917,18.02609
119.8802,-22.71221,4.94893,18.07132,0,0,0,-23.84872,4.899917,18.02609
119.9135,-22.71321,4.949382,18.0673,0,0,0,-23.84872,4.899917,18.02609
119.9469,-22.72302,4.945305,18.06043,0,0,0,-23.84872,4.899917,18.02609
119.9802,-22.74192,4.828171,18.03459,0,0,0,-23.84872,4.899917,18.02609
120.0135,-22.75764,4.820464,18.0274,0,0,0,-23.84872,4.899917,18.02609
120.0469,-22.76194,4.819377,18.02326,0,0,0,-23.84872,4.899917,18.02609
120.0802,-22.76246,4.821233,18.02238,0,0,0,-23.84872,4.899917,18.02609
120.1135,-22.76366,4.821517,18.02138,0,0,0,-23.84872,4.899917,18.02609
120.1469,-22.7634,4.821663,18.0227,0,0,0,-23.84872,4.899917,18.02609
120.1802,-22.77069,4.816252,18.0286,0,0,0,-23.84872,4.899917,18.02609
120.2135,-22.77115,4.815723,18.02981,0,0,0,-23.84872,4.899917,18.02609
120.2469,-22.76958,4.816101,18.0335,0,0,0,-23.84872,4.899917,18.02609
120.2802,-22.7667,4.817266,18.03951,0,0,0,-23.84872,4.899917,18.02609
120.3135,-22.76696,4.813783,18.05258,0,0,0,-23.84872,4.899917,18.02609
120.3469,-22.76349,4.815177,18.05603,0,0,0,-23.84872,4.899917,18.02609
120.3802,-22.76097,4.816341,18.05792,0,0,0,-23.84872,4.899917,18.02609
120.4135,-22.75685,4.817995,18.06138,0,0,0,-23.84872,4.899917,18.02609
120.4469,-22.74976,4.820842,18.06761,0,0,0,-23.84872,4.899917,18.02609
120.4802,-22.7455,4.82283,18.07036,0,0,0,-23.84872,4.899917,18.02609
120.5135,-22.74273,4.824417,18.07102,0,0,0,-23.84872,4.899917,18.02609
120.5469,-22.7412,4.825581,18.07019,0,0,0,-23.84872,4.899917,18.02609
120.5802,-22.73848,4.826898,18.07189,0,0,0,-23.84872,4.899917,18.02609
120.6135,-22.73834,4.827267,18.07073,0,0,0,-23.84872,4.899917,18.02609
120.6469,-22.73676,4.828156,18.07121,0,0,0,-23.84872,4.899917,18.02609
120.6802,-22.73641,4.828519,18.07064,0,0,0,-23.84872,4.899917,18.02609
120.7135,-22.73479,4.829694,18.0701,0,0,0,-23.84872,4.899917,18.02609
120.7469,-22.73299,4.831045,18.06928,0,0,0,-23.84872,4.899917,18.02609
120.7802,-22.73225,4.83195,18.06754,0,0,0,-23.84872,4.899917,18.02609
120.8135,-22.73032,4.833953,18.06452,0,0,0,-23.84872,4.899917,18.02609
120.8469,-22.72965,4.835418,18.06045,0,0,0,-23.84872,4.899917,18.02609
120.8802,-22.72781,4.837505,18.05699,0,0,0,-23.84872,4.899917,18.02609
120.9135,-22.7272,4.838968,18.0529,0,0,0,-23.84872,4.899917,18.02609
120.9469,-22.7266,4.840599,18.04823,0,0,0,-23.84872,4.899917,18.02609
120.9802,-22.72939,4.840594,18.03434,0,0,0,-23.84872,4.899917,18.02609
121.0135,-22.72776,4.8423,18.03201,0,0,0,-23.84872,4.899917,18.02609
121.0469,-22.72737,4.843485,18.02864,0,0,0,-23.84872,4.899917,18.02609
121.0802,-22.72849,4.843565,18.02571,0,0,0,-23.84872,4.899917,18.02609
121.1135,-22.72707,4.845155,18.0234,0,0,0,-23.84872,4.899917,18.02609
121.1469,-22.72701,4.845696,18.02164,0,0,0,-23.84872,4.899917,18.02609
121.1802,-22.72844,4.845129,18.02033,0,0,0,-23.84872,4.899917,18.02609
121.2135,-22.72839,4.844913,18.02119,0,0,0,-23.84872,4.899917,18.02609
121.2469,-22.7285,4.844805,18.02134,0,0,0,-23.84872,4.899917,18.02609
121.2802,-22.72716,4.845321,18.02264,0,0,0,-23.84872,4.899917,18.02609
121.3135,-22.72732,4.844893,18.02379,0,0,0,-23.84872,4.899917,18.02609
121.3469,-22.7278,4.843054,18.02928,0,0,0,-23.84872,4.899917,18.02609
121.3802,-22.72748,4.842286,18.03286,0,0,0,-23.84872,4.899917,18.02609
121.4135,-22.72752,4.841474,18.03574,0,0,0,-23.84872,4.899917,18.02609
121.4469,-22.7296,4.837262,18.04653,0,0,0,-23.84872,4.899917,18.02609
121.4802,-22.73018,4.835206,18.05312,0,0,0,-23.84872,4.899917,18.02609
121.5135,-22.73076,4.834205,18.05561,0,0,0,-23.84872,4.899917,18.02609
121.5469,-22.73125,4.834689,18.0524,0,0,0,-23.84872,4.899917,18.02609
121.5802,-22.73033,4.835783,18.05046,0,0,0,-23.84872,4.899917,18.02609
121.6135,-22.73215,4.834844,18.04951,0,0,0,-23.84872,4.899917,18.02609
121.6469,-22.73459,4.833153,18.04992,0,0,0,-23.84872,4.899917,18.02609
121.6802,-22.73843,4.830211,18.05175,0,0,0,-23.84872,4.899917,18.02609
121.7135,-22.74122,4.827726,18.05453,0,0,0,-23.84872,4.899917,18.02609
121.7469,-22.74776,4.814848,18.05844,0,0,0,-23.84872,4.899917,18.02609
121.7802,-22.75359,4.810217,18.06296,0,0,0,-23.84872,4.899917,18.02609
121.8135,-22.75314,4.810081,18.06494,0,0,0,-23.84872,4.899917,18.02609
121.8469,-22.75291,4.810179,18.06563,0,0,0,-23.84872,4.899917,18.02609
121.8802,-22.7543,4.809909,18.06361,0,0,0,-23.84872,4.899917,18.02609
121.9135,-22.75523,4.809608,18.06272,0,0,0,-23.84872,4.899917,18.02609
121.9469,-22.75358,4.809893,18.06636,0,0,0,-23.84872,4.899917,18.02609
121.9802,-22.75184,4.809397,18.07333,0,0,0,-23.84872,4.899917,18.02609
122.0135,-22.75338,4.806973,18.07991,0,0,0,-23.84872,4.899917,18.02609
122.0469,-22.75315,4.805282,18.0896,0,0,0,-23.84872,4.899917,18.02609
122.0802,-22.75302,4.80429,18.09529,0,0,0,-23.84872,4.899917,18.02609
122.1135,-22.75435,4.806815,18.08032,0,0,0,-23.84872,4.899917,18.02609
122.1469,-22.75491,4.803628,18.09274,0,0,0,-23.84872,4.899917,18.02609
122.1802,-22.75477,4.805993,18.08245,0,0,0,-23.84872,4.899917,18.02609
122.2135,-22.74936,4.808338,18.0928,0,0,0,-23.84872,4.899917,18.02609
122.2469,-22.75057,4.807037,18.09974,0,0,0,-23.84872,4.899917,18.02609
122.2802,-22.75126,4.807151,18.10155,0,0,0,-23.84872,4.899917,18.02609
122.3135,-22.75392,4.809635,18.09754,0,0,0,-23.84872,4.899917,18.02609
122.3469,-22.75304,4.81039,18.09236,0,0,0,-23.84872,4.899917,18.02609
122.3802,-22.75204,4.810351,18.09075,0,0,0,-23.84872,4.899917,18.02609
122.4135,-22.7495,4.809002,18.09534,0,0,0,-23.84872,4.899917,18.02609
122.4469,-22.747,4.807365,18.09555,0,0,0,-23.84872,4.899917,18.02609
122.4802,-22.74438,4.804868,18.10001,0,0,0,-23.84872,4.899917,18.02609
122.5135,-22.74071,4.803677,18.10262,0,0,0,-23.84872,4.899917,18.02609
122.5469,-22.73676,4.802674,18.09616,0,0,0,-23.84872,4.899917,18.02609
122.5802,-22.73281,4.803788,18.08545,0,0,0,-23.84872,4.899917,18.02609
122.6135,-22.72671,4.807796,18.06686,0,0,0,-23.84872,4.899917,18.02609
122.6469,-22.72629,4.807521,18.06337,0,0,0,-23.84872,4.899917,18.02609
122.6802,-22.72746,4.808523,18.05932,0,0,0,-23.84872,4.899917,18.02609
122.7135,-22.72498,4.808609,18.05934,0,0,0,-23.84872,4.899917,18.02609
122.7469,-22.72838,4.808492,18.06039,0,0,0,-23.84872,4.899917,18.02609
122.7802,-22.73217,4.802306,18.08945,0,0,0,-23.84872,4.899917,18.02609
122.8135,-22.73393,4.800909,18.09628,0,0,0,-23.84872,4.899917,18.02609
122.8469,-22.74046,4.796999,18.09375,0,0,0,-23.84872,4.899917,18.02609
122.8802,-22.74826,4.791552,18.09728,0,0,0,-23.84872,4.899917,18.02609
122.9135,-22.80563,4.755482,18.11664,0,0,0,-23.84872,4.899917,18.02609
122.9469,-22.84229,4.730428,18.14308,0,0,0,-23.84872,4.899917,18.02609
122.9802,-22.83982,4.731327,18.14663,0,0,0,-23.84872,4.899917,18.02609
123.0135,-22.85779,4.722283,18.1422,0,0,0,-23.84872,4.899917,18.02609
123.0469,-22.8746,4.713628,18.14471,0,0,0,-23.84872,4.899917,18.02609
123.0802,-22.87628,4.716046,18.12655,0,0,0,-23.84872,4.899917,18.02609
123.1135,-22.87346,4.720889,18.10438,0,0,0,-23.84872,4.899917,18.02609
123.1469,-22.85218,4.737098,18.0811,0,0,0,-23.84872,4.899917,18.02609
123.1802,-22.82645,4.757262,18.05692,0,0,0,-23.84872,4.899917,18.02609
123.2135,-22.7945,4.783996,18.02423,0,0,0,-23.84872,4.899917,18.02609
123.2469,-22.75368,4.826544,17.98589,0,0,0,-23.84872,4.899917,18.02609
123.2802,-22.76531,4.829329,17.95545,0,0,0,-23.84872,4.899917,18.02609
123.3135,-22.78606,4.818365,17.9532,0,0,0,-23.84872,4.899917,18.02609
123.3469,-22.7602,4.86164,17.88391,0,0,0,-23.84872,4.899917,18.02609
123.3802,-22.78071,4.85357,17.87018,0,0,0,-23.84872,4.899917,18.02609
123.4135,-22.81483,4.834936,17.86289,0,0,0,-23.84872,4.899917,18.02609
123.4469,-22.83752,4.811582,17.89537,0,0,0,-23.84872,4.899917,18.02609
123.4802,-22.87916,4.778355,17.92351,0,0,0,-23.84872,4.899917,18.02609
123.5135,-22.89998,4.760463,17.94633,0,0,0,-23.84872,4.899917,18.02609
123.5469,-22.95269,4.722044,17.9936,0,0,0,-23.84872,4.899917,18.02609
123.5802,-23.04608,4.674885,18.03703,0,0,0,-23.84872,4.899917,18.02609
123.6135,-23.06125,4.668456,18.05427,0,0,0,-23.84872,4.899917,18.02609
123.6469,-23.07466,4.660013,18.07782,0,0,0,-23.84872,4.899917,18.02609
123.6802,-23.10707,4.646936,18.09848,0,0,0,-23.84872,4.899917,18.02609
123.7135,-23.12792,4.639351,18.11089,0,0,0,-23.84872,4.899917,18.02609
123.7469,-23.14289,4.633371,18.13141,0,0,0,-23.84872,4.899917,18.02609
123.7802,-23.17083,4.621233,18.18235,0,0,0,-23.84872,4.899917,18.02609
123.8135,-23.21098,4.608939,18.23744,0,0,0,-23.84872,4.899917,18.02609
123.8469,-23.2551,4.598367,18.28084,0,0,0,-23.84872,4.899917,18.02609
123.8802,-23.3035,4.590003,18.30252,0,0,0,-23.84872,4.899917,18.02609
123.9135,-23.313,4.58953,18.30076,0,0,0,-23.84872,4.899917,18.02609
123.9469,-23.31498,4.589356,18.29371,0,0,0,-23.84872,4.899917,18.02609
123.9802,-23.31387,4.58979,18.27546,0,0,0,-23.84872,4.899917,18.02609
124.0135,-23.31321,4.590178,18.26451,0,0,0,-23.84872,4.899917,18.02609
124.0469,-23.32161,4.589257,18.26038,0,0,0,-23.84872,4.899917,18.02609
124.0802,-23.32591,4.588727,18.26032,0,0,0,-23.84872,4.899917,18.02609
124.1135,-23.32902,4.588368,18.26183,0,0,0,-23.84872,4.899917,18.02609
124.1469,-23.32648,4.588477,18.26932,0,0,0,-23.84872,4.899917,18.02609
124.1802,-23.32181,4.58878,18.28437,0,0,0,-23.84872,4.899917,18.02609
124.2135,-23.3174,4.589337,18.30536,0,0,0,-23.84872,4.899917,18.02609
124.2469,-23.3122,4.590698,18.32519,0,0,0,-23.84872,4.899917,18.02609
124.2802,-23.3081,4.591757,18.33713,0,0,0,-23.84872,4.899917,18.02609
124.3135,-23.25035,4.601957,18.34935,0,0,0,-23.84872,4.899917,18.02609
124.3469,-23.21834,4.609291,18.36695,0,0,0,-23.84872,4.899917,18.02609
124.3802,-23.19392,4.616644,18.37096,0,0,0,-23.84872,4.899917,18.02609
124.4135,-23.21264,4.612047,18.36446,0,0,0,-23.84872,4.899917,18.02609
124.4469,-23.24662,4.604861,18.35246,0,0,0,-23.84872,4.899917,18.02609
124.4802,-23.26105,4.602135,18.34395,0,0,0,-23.84872,4.899917,18.02609
124.5135,-23.28293,4.598739,18.35528,0,0,0,-23.84872,4.899917,18.02609
124.5469,-23.30677,4.596328,18.38316,0,0,0,-23.84872,4.899917,18.02609
124.5802,-23.31422,4.596233,18.39979,0,0,0,-23.84872,4.899917,18.02609
124.6135,-23.30976,4.597164,18.40476,0,0,0,-23.84872,4.899917,18.02609
124.6469,-23.30713,4.599589,18.41882,0,0,0,-23.84872,4.899917,18.02609
124.6802,-23.30723,4.600788,18.4344,0,0,0,-23.84872,4.899917,18.02609
124.7135,-23.31586,4.601899,18.45822,0,0,0,-23.84872,4.899917,18.02609
124.7469,-23.31655,4.602693,18.46681,0,0,0,-23.84872,4.899917,18.02609
124.7802,-23.3167,4.603137,18.47126,0,0,0,-23.84872,4.899917,18.02609
124.8135,-23.30674,4.603758,18.46399,0,0,0,-23.84872,4.899917,18.02609
124.8469,-23.31317,4.603756,18.47231,0,0,0,-23.84872,4.899917,18.02609
124.8802,-23.31367,4.605741,18.4833,0,0,0,-23.84872,4.899917,18.02609
124.9135,-23.3133,4.607442,18.48974,0,0,0,-23.84872,4.899917,18.02609
124.9469,-23.30709,4.609142,18.49607,0,0,0,-23.84872,4.899917,18.02609
124.9802,-23.30737,4.608952,18.49485,0,0,0,-23.84872,4.899917,18.02609
125.0135,-23.31107,4.608661,18.49455,0,0,0,-23.84872,4.899917,18.02609
125.0469,-23.30867,4.608844,18.49257,0,0,0,-23.84872,4.899917,18.02609
125.0802,-23.30837,4.608583,18.48977,0,0,0,-23.84872,4.899917,18.02609
125.1135,-23.30835,4.608479,18.48875,0,0,0,-23.84872,4.899917,18.02609
125.1469,-23.30818,4.608158,18.48539,0,0,0,-23.84872,4.899917,18.02609
125.1802,-23.31412,4.607359,18.48352,0,0,0,-23.84872,4.899917,18.02609
125.2135,-23.30388,4.608566,18.47906,0,0,0,-23.84872,4.899917,18.02609
125.2469,-23.30237,4.609407,18.4796,0,0,0,-23.84872,4.899917,18.02609
125.2802,-23.30654,4.609214,18.48312,0,0,0,-23.84872,4.899917,18.02609
125.3135,-23.30169,4.61009,18.483,0,0,0,-23.84872,4.899917,18.02609
125.3469,-23.30264,4.609923,18.48073,0,0,0,-23.84872,4.899917,18.02609
125.3802,-23.3039,4.610216,18.48677,0,0,0,-23.84872,4.899917,18.02609
125.4135,-23.30092,4.611213,18.49195,0,0,0,-23.84872,4.899917,18.02609
125.4469,-23.30868,4.610709,18.50212,0,0,0,-23.84872,4.899917,18.02609
125.4802,-23.3054,4.611019,18.49976,0,0,0,-23.84872,4.899917,18.02609
125.5135,-23.30229,4.610358,18.48409,0,0,0,-23.84872,4.899917,18.02609
125.5469,-23.30164,4.609401,18.46701,0,0,0,-23.84872,4.899917,18.02609
125.5802,-23.30339,4.608779,18.45766,0,0,0,-23.84872,4.899917,18.02609
125.6135,-23.27938,4.615547,18.47754,0,0,0,-23.84872,4.899917,18.02609
125.6469,-23.23503,4.625301,18.48156,0,0,0,-23.84872,4.899917,18.02609
125.6802,-23.20679,4.631469,18.47328,0,0,0,-23.84872,4.899917,18.02609
125.7135,-23.21408,4.628499,18.43451,0,0,0,-23.84872,4.899917,18.02609
125.7469,-23.22711,4.626317,18.39014,0,0,0,-23.84872,4.899917,18.02609
125.7802,-23.25121,4.622111,18.3584,0,0,0,-23.84872,4.899917,18.02609
125.8135,-23.27741,4.618735,18.33366,0,0,0,-23.84872,4.899917,18.02609
125.8469,-23.29241,4.617974,18.30715,0,0,0,-23.84872,4.899917,18.02609
125.8802,-23.29785,4.617616,18.29989,0,0,0,-23.84872,4.899917,18.02609
125.9135,-23.34911,4.607123,18.33318,0,0,0,-23.84872,4.899917,18.02609
125.9469,-23.38175,4.601961,18.35365,0,0,0,-23.84872,4.899917,18.02609
125.9802,-23.40394,4.598565,18.38804,0,0,0,-23.84872,4.899917,18.02609
126.0135,-23.41525,4.597191,18.41181,0,0,0,-23.84872,4.899917,18.02609
126.0469,-23.4161,4.597075,18.41836,0,0,0,-23.84872,4.899917,18.02609
126.0802,-23.4176,4.597745,18.4446,0,0,0,-23.84872,4.899917,18.02609
126.1135,-23.41588,4.598008,18.44901,0,0,0,-23.84872,4.899917,18.02609
126.1469,-23.4163,4.599883,18.45931,0,0,0,-23.84872,4.899917,18.02609
126.1802,-23.41559,4.605425,18.50002,0,0,0,-23.84872,4.899917,18.02609
126.2135,-23.43057,4.608023,18.54371,0,0,0,-23.84872,4.899917,18.02609
126.2469,-23.43613,4.618008,18.62485,0,0,0,-23.84872,4.899917,18.02609
126.2802,-23.45482,4.623583,18.66367,0,0,0,-23.84872,4.899917,18.02609
126.3135,-23.46077,4.628005,18.67356,0,0,0,-23.84872,4.899917,18.02609
126.3469,-23.43811,4.628677,18.6745,0,0,0,-23.84872,4.899917,18.02609
126.3802,-23.41356,4.626169,18.66752,0,0,0,-23.84872,4.899917,18.02609
126.4136,-23.3956,4.625743,18.6581,0,0,0,-23.84872,4.899917,18.02609
126.4469,-23.36334,4.620786,18.60746,0,0,0,-23.84872,4.899917,18.02609
126.4802,-23.3313,4.620323,18.57357,0,0,0,-23.84872,4.899917,18.02609
126.5135,-23.30796,4.619156,18.53511,0,0,0,-23.84872,4.899917,18.02609
126.5469,-23.28432,4.620043,18.48193,0,0,0,-23.84872,4.899917,18.02609
126.5802,-23.24564,4.627682,18.46219,0,0,0,-23.84872,4.899917,18.02609
126.6135,-23.22692,4.631934,18.4781,0,0,0,-23.84872,4.899917,18.02609
126.6469,-23.20173,4.640172,18.53773,0,0,0,-23.84872,4.899917,18.02609
126.6802,-23.18644,4.65244,18.58357,0,0,0,-23.84872,4.899917,18.02609
126.7135,-23.15158,4.671609,18.65346,0,0,0,-23.84872,4.899917,18.02609
126.7469,-23.13118,4.687078,18.70158,0,0,0,-23.84872,4.899917,18.02609
126.7802,-23.11056,4.709593,18.75325,0,0,0,-23.84872,4.899917,18.02609
126.8135,-23.09377,4.724052,18.77368,0,0,0,-23.84872,4.899917,18.02609
126.8469,-23.06108,4.745602,18.80466,0,0,0,-23.84872,4.899917,18.02609
126.8802,-22.98826,4.789124,18.83671,0,0,0,-23.84872,4.899917,18.02609
126.9136,-22.94216,4.819069,18.85196,0,0,0,-23.84872,4.899917,18.02609
126.9469,-22.90115,4.851681,18.87689,0,0,0,-23.84872,4.899917,18.02609
126.9802,-22.87697,4.864593,18.87247,0,0,0,-23.84872,4.899917,18.02609
127.0135,-22.86511,4.8613,18.83245,0,0,0,-23.84872,4.899917,18.02609
127.0469,-22.86084,4.844133,18.77298,0,0,0,-23.84872,4.899917,18.02609
127.0802,-22.86256,4.816254,18.70252,0,0,0,-23.84872,4.899917,18.02609
127.1135,-22.88358,4.78949,18.6334,0,0,0,-23.84872,4.899917,18.02609
127.1469,-22.92783,4.758099,18.57363,0,0,0,-23.84872,4.899917,18.02609
127.1802,-22.98509,4.725219,18.5184,0,0,0,-23.84872,4.899917,18.02609
127.2135,-23.01552,4.710223,18.4854,0,0,0,-23.84872,4.899917,18.02609
127.2469,-23.04691,4.700342,18.4168,0,0,0,-23.84872,4.899917,18.02609
127.2802,-23.07487,4.695194,18.35242,0,0,0,-23.84872,4.899917,18.02609
127.3135,-23.08933,4.69182,18.33599,0,0,0,-23.84872,4.899917,18.02609
127.3469,-23.08069,4.699316,18.31819,0,0,0,-23.84872,4.899917,18.02609
127.3802,-23.06161,4.703206,18.33608,0,0,0,-23.84872,4.899917,18.02609
127.4136,-23.04281,4.708856,18.342,0,0,0,-23.84872,4.899917,18.02609
127.4469,-23.03007,4.708735,18.41681,0,0,0,-23.84872,4.899917,18.02609
127.4802,-23.03979,4.705116,18.49803,0,0,0,-23.84872,4.899917,18.02609
127.5135,-23.05372,4.70229,18.56316,0,0,0,-23.84872,4.899917,18.02609
127.5469,-23.08356,4.696515,18.61283,0,0,0,-23.84872,4.899917,18.02609
127.5802,-23.1144,4.69101,18.64461,0,0,0,-23.84872,4.899917,18.02609
127.6135,-23.14138,4.684397,18.64832,0,0,0,-23.84872,4.899917,18.02609
127.6469,-23.17343,4.677097,18.65268,0,0,0,-23.84872,4.899917,18.02609
127.6802,-23.18627,4.67279,18.64204,0,0,0,-23.84872,4.899917,18.02609
127.7135,-23.18192,4.672255,18.62935,0,0,0,-23.84872,4.899917,18.02609
127.7469,-23.20526,4.665364,18.61121,0,0,0,-23.84872,4.899917,18.02609
127.7802,-23.21665,4.661309,18.5932,0,0,0,-23.84872,4.899917,18.02609
127.8135,-23.22325,4.659178,18.56403,0,0,0,-23.84872,4.899917,18.02609
127.8469,-23.22449,4.658401,18.54414,0,0,0,-23.84872,4.899917,18.02609
127.8802,-23.23006,4.656763,18.52603,0,0,0,-23.84872,4.899917,18.02609
127.9136,-23.22876,4.657303,18.51297,0,0,0,-23.84872,4.899917,18.02609
127.9469,-23.22588,4.657751,18.50858,0,0,0,-23.84872,4.899917,18.02609
127.9802,-23.22885,4.658937,18.5057,0,0,0,-23.84872,4.899917,18.02609
128.0135,-23.2298,4.658699,18.5139,0,0,0,-23.84872,4.899917,18.02609
128.0469,-23.23096,4.658541,18.5324,0,0,0,-23.84872,4.899917,18.02609
128.0802,-23.23182,4.658888,18.55017,0,0,0,-23.84872,4.899917,18.02609
128.1135,-23.23123,4.659397,18.56939,0,0,0,-23.84872,4.899917,18.02609
128.1469,-23.21006,4.663342,18.59463,0,0,0,-23.84872,4.899917,18.02609
128.1802,-23.2312,4.65985,18.59649,0,0,0,-23.84872,4.899917,18.02609
128.2135,-23.24983,4.656156,18.58545,0,0,0,-23.84872,4.899917,18.02609
128.2469,-23.24076,4.656448,18.55279,0,0,0,-23.84872,4.899917,18.02609
128.2802,-23.22966,4.658015,18.5109,0,0,0,-23.84872,4.899917,18.02609
128.3136,-23.2273,4.659549,18.46864,0,0,0,-23.84872,4.899917,18.02609
128.3469,-23.23902,4.658786,18.44311,0,0,0,-23.84872,4.899917,18.02609
128.3802,-23.27442,4.654938,18.42415,0,0,0,-23.84872,4.899917,18.02609
128.4135,-23.30317,4.652869,18.40243,0,0,0,-23.84872,4.899917,18.02609
128.4469,-23.33223,4.648181,18.41371,0,0,0,-23.84872,4.899917,18.02609
128.4802,-23.33628,4.64515,18.44718,0,0,0,-23.84872,4.899917,18.02609
128.5135,-23.34486,4.642426,18.47913,0,0,0,-23.84872,4.899917,18.02609
128.5469,-23.34096,4.641941,18.50622,0,0,0,-23.84872,4.899917,18.02609
128.5802,-23.33895,4.641867,18.52082,0,0,0,-23.84872,4.899917,18.02609
128.6135,-23.34066,4.641724,18.52352,0,0,0,-23.84872,4.899917,18.02609
128.6469,-23.33746,4.641923,18.52924,0,0,0,-23.84872,4.899917,18.02609
128.6802,-23.32416,4.64742,18.53577,0,0,0,-23.84872,4.899917,18.02609
128.7135,-23.29942,4.649927,18.54086,0,0,0,-23.84872,4.899917,18.02609
128.7469,-23.28058,4.652029,18.53506,0,0,0,-23.84872,4.899917,18.02609
128.7802,-23.23449,4.658921,18.5364,0,0,0,-23.84872,4.899917,18.02609
128.8136,-23.20137,4.664785,18.55271,0,0,0,-23.84872,4.899917,18.02609
128.8469,-23.16656,4.671595,18.54563,0,0,0,-23.84872,4.899917,18.02609
128.8802,-23.13042,4.67983,18.54163,0,0,0,-23.84872,4.899917,18.02609
128.9135,-23.11779,4.682985,18.54233,0,0,0,-23.84872,4.899917,18.02609
128.9469,-23.10736,4.685633,18.53837,0,0,0,-23.84872,4.899917,18.02609
128.9802,-23.04659,4.704494,18.53524,0,0,0,-23.84872,4.899917,18.02609
129.0135,-23.02681,4.710384,18.52141,0,0,0,-23.84872,4.899917,18.02609
129.0469,-23.00131,4.719796,18.51165,0,0,0,-23.84872,4.899917,18.02609
129.0802,-22.98162,4.727248,18.51059,0,0,0,-23.84872,4.899917,18.02609
129.1135,-22.97363,4.729882,18.52369,0,0,0,-23.84872,4.899917,18.02609
129.1469,-22.96959,4.730961,18.5488,0,0,0,-23.84872,4.899917,18.02609
129.1802,-22.95625,4.736389,18.58577,0,0,0,-23.84872,4.899917,18.02609
129.2135,-22.95217,4.738091,18.60082,0,0,0,-23.84872,4.899917,18.02609
129.2469,-22.97071,4.731484,18.61929,0,0,0,-23.84872,4.899917,18.02609
129.2802,-23.0042,4.720521,18.64793,0,0,0,-23.84872,4.899917,18.02609
129.3136,-23.04481,4.708511,18.67138,0,0,0,-23.84872,4.899917,18.02609
129.3469,-23.10814,4.690653,18.6818,0,0,0,-23.84872,4.899917,18.02609
129.3802,-23.15044,4.682635,18.69913,0,0,0,-23.84872,4.899917,18.02609
129.4135,-23.16755,4.678432,18.69999,0,0,0,-23.84872,4.899917,18.02609
129.4469,-23.17241,4.676636,18.69562,0,0,0,-23.84872,4.899917,18.02609
129.4802,-23.17968,4.673945,18.68515,0,0,0,-23.84872,4.899917,18.02609
129.5135,-23.18132,4.673397,18.68317,0,0,0,-23.84872,4.899917,18.02609
129.5469,-23.17743,4.673583,18.67439,0,0,0,-23.84872,4.899917,18.02609
129.5802,-23.17052,4.673807,18.67144,0,0,0,-23.84872,4.899917,18.02609
129.6135,-23.16549,4.681894,18.67155,0,0,0,-23.84872,4.899917,18.02609
129.6469,-23.16181,4.689476,18.66764,0,0,0,-23.84872,4.899917,18.02609
129.6802,-23.15698,4.695389,18.67036,0,0,0,-23.84872,4.899917,18.02609
129.7135,-23.14442,4.699615,18.67252,0,0,0,-23.84872,4.899917,18.02609
129.7469,-23.13203,4.70507,18.6847,0,0,0,-23.84872,4.899917,18.02609
129.7802,-23.12406,4.710766,18.69628,0,0,0,-23.84872,4.899917,18.02609
129.8136,-23.11099,4.716284,18.7113,0,0,0,-23.84872,4.899917,18.02609
129.8469,-23.09225,4.725204,18.7209,0,0,0,-23.84872,4.899917,18.02609
129.8802,-23.06966,4.734165,18.71728,0,0,0,-23.84872,4.899917,18.02609
129.9135,-23.0487,4.742707,18.70988,0,0,0,-23.84872,4.899917,18.02609
129.9469,-23.03789,4.746627,18.69094,0,0,0,-23.84872,4.899917,18.02609
129.9802,-23.01024,4.759179,18.67679,0,0,0,-23.84872,4.899917,18.02609
130.0135,-22.99317,4.767416,18.66834,0,0,0,-23.84872,4.899917,18.02609
130.0469,-22.97742,4.775347,18.66067,0,0,0,-23.84872,4.899917,18.02609
130.0802,-22.96948,4.779422,18.65355,0,0,0,-23.84872,4.899917,18.02609
130.1135,-22.96594,4.781267,18.64939,0,0,0,-23.84872,4.899917,18.02609
130.1469,-22.97616,4.775855,18.64967,0,0,0,-23.84872,4.899917,18.02609
130.1802,-22.99525,4.766112,18.65576,0,0,0,-23.84872,4.899917,18.02609
130.2135,-23.01852,4.75484,18.65259,0,0,0,-23.84872,4.899917,18.02609
130.2469,-23.05197,4.739653,18.65562,0,0,0,-23.84872,4.899917,18.02609
130.2802,-23.1013,4.719491,18.66396,0,0,0,-23.84872,4.899917,18.02609
130.3136,-23.13367,4.707568,18.67455,0,0,0,-23.84872,4.899917,18.02609
130.3469,-23.17617,4.690816,18.67791,0,0,0,-23.84872,4.899917,18.02609
130.3802,-23.23555,4.677119,18.67479,0,0,0,-23.84872,4.899917,18.02609
130.4135,-23.27909,4.665043,18.66426,0,0,0,-23.84872,4.899917,18.02609
130.4469,-23.31821,4.655445,18.64743,0,0,0,-23.84872,4.899917,18.02609
130.4802,-23.35694,4.647359,18.62968,0,0,0,-23.84872,4.899917,18.02609
130.5135,-23.39077,4.641675,18.61013,0,0,0,-23.84872,4.899917,18.02609
130.5469,-23.44759,4.639762,18.55977,0,0,0,-23.84872,4.899917,18.02609
130.5802,-23.49445,4.635175,18.5559,0,0,0,-23.84872,4.899917,18.02609
130.6135,-23.52972,4.634407,18.55034,0,0,0,-23.84872,4.899917,18.02609
130.6469,-23.55272,4.634536,18.55148,0,0,0,-23.84872,4.899917,18.02609
130.6802,-23.58786,4.634032,18.55579,0,0,0,-23.84872,4.899917,18.02609
130.7135,-23.59655,4.63392,18.55889,0,0,0,-23.84872,4.899917,18.02609
130.7469,-23.63304,4.635403,18.55702,0,0,0,-23.84872,4.899917,18.02609
130.7802,-23.65299,4.634475,18.5994,0,0,0,-23.84872,4.899917,18.02609
130.8136,-23.65885,4.633544,18.61774,0,0,0,-23.84872,4.899917,18.02609
130.8469,-23.66174,4.635239,18.6668,0,0,0,-23.84872,4.899917,18.02609
130.8802,-23.64494,4.635858,18.69229,0,0,0,-23.84872,4.899917,18.02609
130.9135,-23.63651,4.634847,18.69484,0,0,0,-23.84872,4.899917,18.02609
130.9469,-23.61228,4.635976,18.69241,0,0,0,-23.84872,4.899917,18.02609
130.9802,-23.56466,4.634065,18.68712,0,0,0,-23.84872,4.899917,18.02609
131.0135,-23.52833,4.634707,18.70795,0,0,0,-23.84872,4.899917,18.02609
131.0469,-23.49288,4.638657,18.7545,0,0,0,-23.84872,4.899917,18.02609
131.0802,-23.46214,4.638935,18.7489,0,0,0,-23.84872,4.899917,18.02609
131.1135,-23.43908,4.641554,18.73045,0,0,0,-23.84872,4.899917,18.02609
131.1469,-23.39927,4.642039,18.69818,0,0,0,-23.84872,4.899917,18.02609
131.1802,-23.37096,4.645744,18.64484,0,0,0,-23.84872,4.899917,18.02609
131.2135,-23.3689,4.649108,18.62766,0,0,0,-23.84872,4.899917,18.02609
131.2469,-23.34648,4.651715,18.62861,0,0,0,-23.84872,4.899917,18.02609
131.2802,-23.32303,4.654954,18.63242,0,0,0,-23.84872,4.899917,18.02609
131.3136,-23.29765,4.658697,18.62844,0,0,0,-23.84872,4.899917,18.02609
131.3469,-23.28357,4.660553,18.62429,0,0,0,-23.84872,4.899917,18.02609
131.3802,-23.27434,4.662591,18.62644,0,0,0,-23.84872,4.899917,18.02609
131.4135,-23.26848,4.663821,18.63604,0,0,0,-23.84872,4.899917,18.02609
131.4469,-23.26115,4.665315,18.64291,0,0,0,-23.84872,4.899917,18.02609
131.4802,-23.24839,4.668213,18.65689,0,0,0,-23.84872,4.899917,18.02609
131.5135,-23.2057,4.678061,18.6673,0,0,0,-23.84872,4.899917,18.02609
131.5469,-23.13133,4.699709,18.67562,0,0,0,-23.84872,4.899917,18.02609
131.5802,-22.98882,4.753157,18.59937,0,0,0,-23.84872,4.899917,18.02609
131.6135,-22.9187,4.789298,18.51051,0,0,0,-23.84872,4.899917,18.02609
131.6469,-22.86573,4.835448,18.40485,0,0,0,-23.84872,4.899917,18.02609
131.6802,-22.84568,4.871903,18.31254,0,0,0,-23.84872,4.899917,18.02609
131.7135,-22.84134,4.881577,18.29083,0,0,0,-23.84872,4.899917,18.02609
131.7469,-22.84131,4.868032,18.33571,0,0,0,-23.84872,4.899917,18.02609
131.7802,-22.85898,4.856733,18.33859,0,0,0,-23.84872,4.899917,18.02609
131.8136,-22.88576,4.843832,18.32962,0,0,0,-23.84872,4.899917,18.02609
131.8469,-22.88818,4.84145,18.33329,0,0,0,-23.84872,4.899917,18.02609
131.8802,-22.83462,4.859274,18.38629,0,0,0,-23.84872,4.899917,18.02609
131.9135,-22.78845,4.876892,18.44413,0,0,0,-23.84872,4.899917,18.02609
131.9469,-22.68167,4.943083,18.51695,0,0,0,-23.84872,4.899917,18.02609
131.9802,-22.59385,5.509804,18.28191,0,0,0,-23.84872,4.899917,18.02609
132.0135,-22.48904,5.917184,18.1484,0,0,0,-23.84872,4.899917,18.02609
132.0469,-22.46444,6.45986,17.89116,0,0,0,-23.84872,4.899917,18.02609
132.0802,-22.53636,6.426672,17.92987,0,0,0,-23.84872,4.899917,18.02609
132.1135,-22.65896,6.3397,18.04373,0,0,0,-23.84872,4.899917,18.02609
132.1469,-22.79299,6.259138,18.16355,0,0,0,-23.84872,4.899917,18.02609
132.1802,-22.88426,6.223845,18.21284,0,0,0,-23.84872,4.899917,18.02609
132.2135,-22.92584,6.215951,18.18799,0,0,0,-23.84872,4.899917,18.02609
132.2469,-22.96355,6.198108,18.08944,0,0,0,-23.84872,4.899917,18.02609
132.2802,-22.99031,6.169022,18.03115,0,0,0,-23.84872,4.899917,18.02609
132.3136,-23.06757,6.145828,18.05295,0,0,0,-23.84872,4.899917,18.02609
132.3469,-23.21741,6.111711,18.14172,0,0,0,-23.84872,4.899917,18.02609
132.3802,-23.3905,6.059534,18.25247,0,0,0,-23.84872,4.899917,18.02609
132.4135,-23.57366,6.031514,18.39114,0,0,0,-23.84872,4.899917,18.02609
132.4469,-23.75233,6.043916,18.56409,0,0,0,-23.84872,4.899917,18.02609
132.4802,-23.92923,6.093975,18.79289,0,0,0,-23.84872,4.899917,18.02609
132.5135,-24.05638,6.160677,18.9679,0,0,0,-23.84872,4.899917,18.02609
132.5469,-24.05682,6.196274,19.08186,0,0,0,-23.84872,4.899917,18.02609
132.5802,-23.9368,6.151237,19.09991,0,0,0,-23.84872,4.899917,18.02609
132.6135,-23.83251,6.064737,19.06529,0,0,0,-23.84872,4.899917,18.02609
132.6469,-23.77311,5.920021,18.97139,0,0,0,-23.84872,4.899917,18.02609
132.6802,-23.72354,5.808917,18.85429,0,0,0,-23.84872,4.899917,18.02609
132.7135,-23.6657,5.731644,18.71053,0,0,0,-23.84872,4.899917,18.02609
132.7469,-23.62809,5.690874,18.59099,0,0,0,-23.84872,4.899917,18.02609
132.7802,-23.58928,5.645238,18.42018,0,0,0,-23.84872,4.899917,18.02609
132.8136,-23.57452,5.640113,18.36282,0,0,0,-23.84872,4.899917,18.02609
132.8469,-23.56621,5.639024,18.27305,0,0,0,-23.84872,4.899917,18.02609
132.8802,-23.54705,5.640728,18.17987,0,0,0,-23.84872,4.899917,18.02609
132.9135,-23.51194,5.643652,18.12572,0,0,0,-23.84872,4.899917,18.02609
132.9469,-23.48409,5.639069,18.09594,0,0,0,-23.84872,4.899917,18.02609
132.9802,-23.45403,5.620232,18.10337,0,0,0,-23.84872,4.899917,18.02609
133.0135,-23.43645,5.605678,18.11773,0,0,0,-23.84872,4.899917,18.02609
133.0469,-23.41584,5.591447,18.12435,0,0,0,-23.84872,4.899917,18.02609
133.0802,-23.37873,5.584398,18.11523,0,0,0,-23.84872,4.899917,18.02609
133.1135,-23.34174,5.567077,18.09856,0,0,0,-23.84872,4.899917,18.02609
133.1469,-23.31192,5.544624,18.09012,0,0,0,-23.84872,4.899917,18.02609
133.1802,-23.28506,5.521116,18.0839,0,0,0,-23.84872,4.899917,18.02609
133.2135,-23.25634,5.491457,18.07757,0,0,0,-23.84872,4.899917,18.02609
133.2469,-23.23909,5.467004,18.07132,0,0,0,-23.84872,4.899917,18.02609
133.2802,-23.21978,5.441248,18.0559,0,0,0,-23.84872,4.899917,18.02609
133.3136,-23.2013,5.420747,18.02972,0,0,0,-23.84872,4.899917,18.02609
133.3469,-23.18249,5.404299,18.02125,0,0,0,-23.84872,4.899917,18.02609
133.3802,-23.15796,5.390021,18.03146,0,0,0,-23.84872,4.899917,18.02609
133.4135,-23.14197,5.377623,18.03708,0,0,0,-23.84872,4.899917,18.02609
133.4469,-23.11564,5.362939,18.02994,0,0,0,-23.84872,4.899917,18.02609
133.4802,-23.09397,5.353089,18.03443,0,0,0,-23.84872,4.899917,18.02609
133.5135,-23.06612,5.342743,18.0513,0,0,0,-23.84872,4.899917,18.02609
133.5469,-23.04127,5.334397,18.05472,0,0,0,-23.84872,4.899917,18.02609
133.5802,-23.01125,5.32589,18.06196,0,0,0,-23.84872,4.899917,18.02609
133.6135,-22.98459,5.31961,18.06498,0,0,0,-23.84872,4.899917,18.02609
133.6469,-22.95471,5.315199,18.06194,0,0,0,-23.84872,4.899917,18.02609
133.6802,-22.92441,5.307644,18.05389,0,0,0,-23.84872,4.899917,18.02609
133.7135,-22.90021,5.29807,18.04887,0,0,0,-23.84872,4.899917,18.02609
133.7469,-22.88569,5.296494,18.04009,0,0,0,-23.84872,4.899917,18.02609
133.7802,-22.87734,5.295665,18.03073,0,0,0,-23.84872,4.899917,18.02609
133.8136,-22.8709,5.292033,18.02403,0,0,0,-23.84872,4.899917,18.02609
133.8469,-22.86882,5.288977,18.02234,0,0,0,-23.84872,4.899917,18.02609
133.8802,-22.8676,5.288141,18.01605,0,0,0,-23.84872,4.899917,18.02609
133.9135,-22.86727,5.282649,18.00745,0,0,0,-23.84872,4.899917,18.02609
133.9469,-22.86604,5.274939,18.00985,0,0,0,-23.84872,4.899917,18.02609
133.9802,-22.86711,5.271762,18.01783,0,0,0,-23.84872,4.899917,18.02609
134.0135,-22.86895,5.269871,18.02505,0,0,0,-23.84872,4.899917,18.02609
134.0469,-22.8699,5.265913,18.02448,0,0,0,-23.84872,4.899917,18.02609
134.0802,-22.86937,5.265012,18.02719,0,0,0,-23.84872,4.899917,18.02609
134.1135,-22.87256,5.264197,18.02769,0,0,0,-23.84872,4.899917,18.02609
134.1469,-22.87399,5.26107,18.02412,0,0,0,-23.84872,4.899917,18.02609
134.1802,-22.87685,5.250675,18.02414,0,0,0,-23.84872,4.899917,18.02609
134.2135,-22.8819,5.24429,18.02711,0,0,0,-23.84872,4.899917,18.02609
134.2469,-22.88704,5.240829,18.02884,0,0,0,-23.84872,4.899917,18.02609
134.2802,-22.89158,5.23495,18.02481,0,0,0,-23.84872,4.899917,18.02609
134.3136,-22.89504,5.231555,18.02086,0,0,0,-23.84872,4.899917,18.02609
134.3469,-22.9017,5.225659,18.01601,0,0,0,-23.84872,4.899917,18.02609
134.3802,-22.9076,5.224405,18.01659,0,0,0,-23.84872,4.899917,18.02609
134.4135,-22.90959,5.224849,18.01438,0,0,0,-23.84872,4.899917,18.02609
134.4469,-22.9137,5.220301,18.0175,0,0,0,-23.84872,4.899917,18.02609
134.4802,-22.91702,5.214525,18.01901,0,0,0,-23.84872,4.899917,18.02609
134.5135,-22.91774,5.206888,18.02074,0,0,0,-23.84872,4.899917,18.02609
134.5469,-22.92224,5.196545,18.01805,0,0,0,-23.84872,4.899917,18.02609
134.5802,-22.92766,5.18496,18.01529,0,0,0,-23.84872,4.899917,18.02609
134.6135,-22.93215,5.169207,18.01869,0,0,0,-23.84872,4.899917,18.02609
134.6469,-22.95482,5.161074,18.01697,0,0,0,-23.84872,4.899917,18.02609
134.6802,-22.96731,5.158252,18.01491,0,0,0,-23.84872,4.899917,18.02609
134.7135,-22.97354,5.155636,18.01728,0,0,0,-23.84872,4.899917,18.02609
134.7469,-22.97655,5.148936,18.03102,0,0,0,-23.84872,4.899917,18.02609
134.7802,-22.97589,5.134978,18.04801,0,0,0,-23.84872,4.899917,18.02609
134.8136,-22.97693,5.124054,18.053,0,0,0,-23.84872,4.899917,18.02609
134.8469,-22.97985,5.109584,18.0567,0,0,0,-23.84872,4.899917,18.02609
134.8802,-22.98661,5.09633,18.05646,0,0,0,-23.84872,4.899917,18.02609
134.9135,-22.99937,5.083569,18.05629,0,0,0,-23.84872,4.899917,18.02609
134.9469,-23.00926,5.070848,18.06702,0,0,0,-23.84872,4.899917,18.02609
134.9802,-23.01183,5.067091,18.08064,0,0,0,-23.84872,4.899917,18.02609
135.0135,-23.0088,5.065595,18.08764,0,0,0,-23.84872,4.899917,18.02609
135.0469,-22.99885,5.065736,18.09253,0,0,0,-23.84872,4.899917,18.02609
135.0802,-22.98126,5.067553,18.09504,0,0,0,-23.84872,4.899917,18.02609
135.1135,-22.96563,5.069927,18.09262,0,0,0,-23.84872,4.899917,18.02609
135.1469,-22.95036,5.07257,18.09233,0,0,0,-23.84872,4.899917,18.02609
135.1802,-22.9423,5.074408,18.09154,0,0,0,-23.84872,4.899917,18.02609
135.2135,-22.93787,5.075919,18.08779,0,0,0,-23.84872,4.899917,18.02609
135.2469,-22.93356,5.078103,18.08301,0,0,0,-23.84872,4.899917,18.02609
135.2802,-22.93394,5.079238,18.07991,0,0,0,-23.84872,4.899917,18.02609
135.3136,-22.93406,5.079887,18.07888,0,0,0,-23.84872,4.899917,18.02609
135.3469,-22.93123,5.08048,18.07662,0,0,0,-23.84872,4.899917,18.02609
135.3802,-22.92759,5.080512,18.07161,0,0,0,-23.84872,4.899917,18.02609
135.4135,-22.92215,5.080724,18.06808,0,0,0,-23.84872,4.899917,18.02609
135.4469,-22.91935,5.081326,18.0658,0,0,0,-23.84872,4.899917,18.02609
135.4802,-22.91635,5.082321,18.06383,0,0,0,-23.84872,4.899917,18.02609
135.5135,-22.91752,5.081499,18.06727,0,0,0,-23.84872,4.899917,18.02609
135.5469,-22.91578,5.081235,18.06813,0,0,0,-23.84872,4.899917,18.02609
135.5802,-22.91363,5.08014,18.06783,0,0,0,-23.84872,4.899917,18.02609
135.6135,-22.91393,5.075095,18.0666,0,0,0,-23.84872,4.899917,18.02609
135.6469,-22.91468,5.065668,18.06307,0,0,0,-23.84872,4.899917,18.02609
135.6802,-22.91471,5.061951,18.06365,0,0,0,-23.84872,4.899917,18.02609
135.7135,-22.91296,5.058178,18.06643,0,0,0,-23.84872,4.899917,18.02609
135.7469,-22.90828,5.054676,18.06365,0,0,0,-23.84872,4.899917,18.02609
135.7802,-22.90349,5.050527,18.06187,0,0,0,-23.84872,4.899917,18.02609
135.8136,-22.90263,5.047702,18.06342,0,0,0,-23.84872,4.899917,18.02609
135.8469,-22.90352,5.046562,18.07432,0,0,0,-23.84872,4.899917,18.02609
135.8802,-22.91153,5.045807,18.08595,0,0,0,-23.84872,4.899917,18.02609
135.9135,-22.9179,5.045265,18.09786,0,0,0,-23.84872,4.899917,18.02609
135.9469,-22.92754,5.043566,18.10916,0,0,0,-23.84872,4.899917,18.02609
135.9802,-22.93168,5.041969,18.1201,0,0,0,-23.84872,4.899917,18.02609
136.0135,-22.92478,5.04152,18.12996,0,0,0,-23.84872,4.899917,18.02609
136.0469,-22.91501,5.042265,18.14401,0,0,0,-23.84872,4.899917,18.02609
136.0802,-22.91626,5.040534,18.16089,0,0,0,-23.84872,4.899917,18.02609
136.1135,-22.91932,5.038732,18.17629,0,0,0,-23.84872,4.899917,18.02609
136.1469,-22.92325,5.036855,18.18445,0,0,0,-23.84872,4.899917,18.02609
136.1802,-22.92459,5.035759,18.18698,0,0,0,-23.84872,4.899917,18.02609
136.2135,-22.93526,5.033581,18.19176,0,0,0,-23.84872,4.899917,18.02609
136.2469,-22.93844,5.032908,18.19209,0,0,0,-23.84872,4.899917,18.02609
136.2802,-22.94208,5.032896,18.18809,0,0,0,-23.84872,4.899917,18.02609
136.3136,-22.93947,5.033748,18.18278,0,0,0,-23.84872,4.899917,18.02609
136.3469,-22.93723,5.034772,18.17416,0,0,0,-23.84872,4.899917,18.02609
136.3802,-22.93601,5.035268,18.17068,0,0,0,-23.84872,4.899917,18.02609
136.4135,-22.93203,5.035872,18.16335,0,0,0,-23.84872,4.899917,18.02609
136.4469,-22.9268,5.037852,18.15275,0,0,0,-23.84872,4.899917,18.02609
136.4802,-22.91737,5.041399,18.13673,0,0,0,-23.84872,4.899917,18.02609
136.5135,-22.90593,5.046324,18.12321,0,0,0,-23.84872,4.899917,18.02609
136.5469,-22.89718,5.05424,18.11735,0,0,0,-23.84872,4.899917,18.02609
136.5802,-22.89181,5.06041,18.11157,0,0,0,-23.84872,4.899917,18.02609
136.6135,-22.89088,5.063088,18.10263,0,0,0,-23.84872,4.899917,18.02609
136.6469,-22.88826,5.063006,18.08408,0,0,0,-23.84872,4.899917,18.02609
136.6802,-22.88794,5.06004,18.06075,0,0,0,-23.84872,4.899917,18.02609
136.7135,-22.88774,5.050198,18.03822,0,0,0,-23.84872,4.899917,18.02609
136.7469,-22.88573,5.040154,18.03695,0,0,0,-23.84872,4.899917,18.02609
136.7802,-22.88292,5.03316,18.04786,0,0,0,-23.84872,4.899917,18.02609
136.8136,-22.87425,5.032511,18.06112,0,0,0,-23.84872,4.899917,18.02609
136.8469,-22.85684,5.036584,18.074,0,0,0,-23.84872,4.899917,18.02609
136.8802,-22.84238,5.041437,18.08179,0,0,0,-23.84872,4.899917,18.02609
136.9135,-22.83061,5.046048,18.08574,0,0,0,-23.84872,4.899917,18.02609
136.9469,-22.82091,5.050613,18.09383,0,0,0,-23.84872,4.899917,18.02609
136.9802,-22.80901,5.05763,18.10158,0,0,0,-23.84872,4.899917,18.02609
137.0135,-22.80032,5.065662,18.09919,0,0,0,-23.84872,4.899917,18.02609
137.0469,-22.79711,5.070159,18.09766,0,0,0,-23.84872,4.899917,18.02609
137.0802,-22.79592,5.073592,18.09168,0,0,0,-23.84872,4.899917,18.02609
137.1135,-22.79551,5.075847,18.08653,0,0,0,-23.84872,4.899917,18.02609
137.1469,-22.79367,5.077766,18.08141,0,0,0,-23.84872,4.899917,18.02609
137.1802,-22.79396,5.079283,18.07768,0,0,0,-23.84872,4.899917,18.02609
137.2135,-22.79402,5.081042,18.07623,0,0,0,-23.84872,4.899917,18.02609
137.2469,-22.79628,5.083463,18.0746,0,0,0,-23.84872,4.899917,18.02609
137.2802,-22.80216,5.086553,18.07337,0,0,0,-23.84872,4.899917,18.02609
137.3136,-22.80933,5.089385,18.06757,0,0,0,-23.84872,4.899917,18.02609
137.3469,-22.81859,5.093396,18.05657,0,0,0,-23.84872,4.899917,18.02609
137.3802,-22.82461,5.0987,18.04781,0,0,0,-23.84872,4.899917,18.02609
137.4135,-22.83085,5.101387,18.03807,0,0,0,-23.84872,4.899917,18.02609
137.4469,-22.83617,5.10431,18.03032,0,0,0,-23.84872,4.899917,18.02609
137.4802,-22.84744,5.107317,18.02336,0,0,0,-23.84872,4.899917,18.02609
137.5135,-22.86072,5.110696,18.01913,0,0,0,-23.84872,4.899917,18.02609
137.5469,-22.87203,5.113873,18.01212,0,0,0,-23.84872,4.899917,18.02609
137.5802,-22.888,5.119668,17.99812,0,0,0,-23.84872,4.899917,18.02609
137.6135,-22.90067,5.121721,17.98748,0,0,0,-23.84872,4.899917,18.02609
137.6469,-22.91703,5.122872,17.97256,0,0,0,-23.84872,4.899917,18.02609
137.6802,-22.92798,5.123404,17.96512,0,0,0,-23.84872,4.899917,18.02609
137.7135,-22.94303,5.123572,17.95402,0,0,0,-23.84872,4.899917,18.02609
137.7469,-22.95065,5.122862,17.9497,0,0,0,-23.84872,4.899917,18.02609
137.7802,-22.95526,5.123534,17.94363,0,0,0,-23.84872,4.899917,18.02609
137.8136,-22.95977,5.122608,17.94422,0,0,0,-23.84872,4.899917,18.02609
137.8469,-22.96277,5.123423,17.94189,0,0,0,-23.84872,4.899917,18.02609
137.8802,-22.96488,5.123542,17.94137,0,0,0,-23.84872,4.899917,18.02609
137.9135,-22.96713,5.122724,17.94546,0,0,0,-23.84872,4.899917,18.02609
137.9469,-22.95829,5.122661,17.9526,0,0,0,-23.84872,4.899917,18.02609
137.9802,-22.94781,5.123558,17.9603,0,0,0,-23.84872,4.899917,18.02609
138.0135,-22.93751,5.125572,17.96908,0,0,0,-23.84872,4.899917,18.02609
138.0469,-22.92697,5.12703,17.9812,0,0,0,-23.84872,4.899917,18.02609
138.0802,-22.91081,5.12962,17.99632,0,0,0,-23.84872,4.899917,18.02609
138.1135,-22.90116,5.132006,18.00951,0,0,0,-23.84872,4.899917,18.02609
138.1469,-22.87588,5.13868,18.04443,0,0,0,-23.84872,4.899917,18.02609
138.1802,-22.86714,5.140736,18.05468,0,0,0,-23.84872,4.899917,18.02609
138.2135,-22.86106,5.142682,18.06204,0,0,0,-23.84872,4.899917,18.02609
138.2469,-22.8562,5.143995,18.06534,0,0,0,-23.84872,4.899917,18.02609
138.2802,-22.85395,5.14462,18.06508,0,0,0,-23.84872,4.899917,18.02609
138.3136,-22.84815,5.146148,18.06237,0,0,0,-23.84872,4.899917,18.02609
138.3469,-22.84275,5.146701,18.05694,0,0,0,-23.84872,4.899917,18.02609
138.3802,-22.83117,5.149383,18.04518,0,0,0,-23.84872,4.899917,18.02609
138.4135,-22.82656,5.149964,18.03997,0,0,0,-23.84872,4.899917,18.02609
138.4469,-22.81721,5.152167,18.03634,0,0,0,-23.84872,4.899917,18.02609
138.4802,-22.80551,5.154741,18.034,0,0,0,-23.84872,4.899917,18.02609
138.5135,-22.79161,5.158955,18.03022,0,0,0,-23.84872,4.899917,18.02609
138.5469,-22.77751,5.163191,18.02802,0,0,0,-23.84872,4.899917,18.02609
138.5802,-22.76286,5.166545,18.02533,0,0,0,-23.84872,4.899917,18.02609
138.6135,-22.75343,5.168313,18.02355,0,0,0,-23.84872,4.899917,18.02609
138.6469,-22.7447,5.170096,18.02204,0,0,0,-23.84872,4.899917,18.02609
138.6802,-22.73446,5.172597,18.02047,0,0,0,-23.84872,4.899917,18.02609
138.7135,-22.72988,5.171993,18.02229,0,0,0,-23.84872,4.899917,18.02609
138.7469,-22.72462,5.17311,18.02291,0,0,0,-23.84872,4.899917,18.02609
138.7802,-22.72116,5.172655,18.02757,0,0,0,-23.84872,4.899917,18.02609
138.8136,-22.7179,5.171781,18.03043,0,0,0,-23.84872,4.899917,18.02609
138.8469,-22.71126,5.170067,18.03737,0,0,0,-23.84872,4.899917,18.02609
138.8802,-22.70288,5.168663,18.0461,0,0,0,-23.84872,4.899917,18.02609
138.9135,-22.69258,5.1647,18.0658,0,0,0,-23.84872,4.899917,18.02609
138.9469,-22.68302,5.158569,18.08752,0,0,0,-23.84872,4.899917,18.02609
138.9802,-22.6797,5.153472,18.09995,0,0,0,-23.84872,4.899917,18.02609
139.0135,-22.67452,5.147534,18.11708,0,0,0,-23.84872,4.899917,18.02609
139.0469,-22.6672,5.144663,18.1331,0,0,0,-23.84872,4.899917,18.02609
139.0802,-22.65935,5.143192,18.14688,0,0,0,-23.84872,4.899917,18.02609
139.1135,-22.64873,5.142475,18.16773,0,0,0,-23.84872,4.899917,18.02609
139.1469,-22.64094,5.143057,18.18359,0,0,0,-23.84872,4.899917,18.02609
139.1802,-22.63069,5.143322,18.20213,0,0,0,-23.84872,4.899917,18.02609
139.2135,-22.62085,5.144419,18.21525,0,0,0,-23.84872,4.899917,18.02609
139.2469,-22.60837,5.147643,18.22453,0,0,0,-23.84872,4.899917,18.02609
139.2802,-22.59676,5.149363,18.23382,0,0,0,-23.84872,4.899917,18.02609
139.3136,-22.59124,5.150827,18.24083,0,0,0,-23.84872,4.899917,18.02609
139.3469,-22.58432,5.153112,18.2478,0,0,0,-23.84872,4.899917,18.02609
139.3802,-22.5796,5.154058,18.25795,0,0,0,-23.84872,4.899917,18.02609
139.4135,-22.57651,5.15379,18.2659,0,0,0,-23.84872,4.899917,18.02609
139.4469,-22.57466,5.152684,18.27528,0,0,0,-23.84872,4.899917,18.02609
139.4802,-22.57351,5.152133,18.28729,0,0,0,-23.84872,4.899917,18.02609
139.5135,-22.57117,5.151908,18.29536,0,0,0,-23.84872,4.899917,18.02609
139.5469,-22.57072,5.150667,18.30701,0,0,0,-23.84872,4.899917,18.02609
139.5802,-22.56791,5.149351,18.31948,0,0,0,-23.84872,4.899917,18.02609
139.6135,-22.56573,5.147401,18.32629,0,0,0,-23.84872,4.899917,18.02609
139.6469,-22.55727,5.146526,18.3373,0,0,0,-23.84872,4.899917,18.02609
139.6802,-22.54938,5.147572,18.34768,0,0,0,-23.84872,4.899917,18.02609
139.7135,-22.544,5.147927,18.3624,0,0,0,-23.84872,4.899917,18.02609
139.7469,-22.53945,5.148879,18.37642,0,0,0,-23.84872,4.899917,18.02609
139.7802,-22.54035,5.148455,18.38665,0,0,0,-23.84872,4.899917,18.02609
139.8136,-22.53985,5.149498,18.39202,0,0,0,-23.84872,4.899917,18.02609
139.8469,-22.54099,5.150291,18.39317,0,0,0,-23.84872,4.899917,18.02609
139.8802,-22.55165,5.145663,18.38783,0,0,0,-23.84872,4.899917,18.02609
139.9135,-22.56627,5.139533,18.37532,0,0,0,-23.84872,4.899917,18.02609
139.9469,-22.57853,5.133651,18.36331,0,0,0,-23.84872,4.899917,18.02609
139.9802,-22.59036,5.128663,18.34998,0,0,0,-23.84872,4.899917,18.02609
140.0135,-22.60691,5.122285,18.33074,0,0,0,-23.84872,4.899917,18.02609
140.0469,-22.62534,5.116295,18.31053,0,0,0,-23.84872,4.899917,18.02609
140.0802,-22.64682,5.109882,18.29766,0,0,0,-23.84872,4.899917,18.02609
140.1135,-22.66467,5.105152,18.28597,0,0,0,-23.84872,4.899917,18.02609
140.1469,-22.68043,5.101467,18.27051,0,0,0,-23.84872,4.899917,18.02609
140.1802,-22.69641,5.097615,18.24937,0,0,0,-23.84872,4.899917,18.02609
140.2135,-22.70782,5.094661,18.23022,0,0,0,-23.84872,4.899917,18.02609
140.2469,-22.71377,5.093553,18.21733,0,0,0,-23.84872,4.899917,18.02609
140.2802,-22.71959,5.092298,18.20777,0,0,0,-23.84872,4.899917,18.02609
140.3136,-22.72375,5.091508,18.20151,0,0,0,-23.84872,4.899917,18.02609
140.3469,-22.73019,5.089414,18.195,0,0,0,-23.84872,4.899917,18.02609
140.3802,-22.73493,5.087724,18.19178,0,0,0,-23.84872,4.899917,18.02609
140.4135,-22.73904,5.086875,18.18719,0,0,0,-23.84872,4.899917,18.02609
140.4469,-22.7464,5.085732,18.17994,0,0,0,-23.84872,4.899917,18.02609
140.4802,-22.75369,5.083824,18.17377,0,0,0,-23.84872,4.899917,18.02609
140.5135,-22.75861,5.08243,18.16891,0,0,0,-23.84872,4.899917,18.02609
140.5469,-22.76062,5.082538,18.16234,0,0,0,-23.84872,4.899917,18.02609
140.5802,-22.76227,5.08209,18.16072,0,0,0,-23.84872,4.899917,18.02609
140.6135,-22.7638,5.08145,18.16076,0,0,0,-23.84872,4.899917,18.02609
140.6469,-22.76467,5.081645,18.15941,0,0,0,-23.84872,4.899917,18.02609
140.6802,-22.76786,5.080571,18.15784,0,0,0,-23.84872,4.899917,18.02609
140.7135,-22.76964,5.080335,18.15457,0,0,0,-23.84872,4.899917,18.02609
140.7469,-22.76984,5.080083,18.15232,0,0,0,-23.84872,4.899917,18.02609
140.7802,-22.77148,5.076788,18.15267,0,0,0,-23.84872,4.899917,18.02609
140.8136,-22.77167,5.073672,18.15237,0,0,0,-23.84872,4.899917,18.02609
140.8469,-22.77208,5.069202,18.15026,0,0,0,-23.84872,4.899917,18.02609
140.8802,-22.77382,5.062594,18.15191,0,0,0,-23.84872,4.899917,18.02609
140.9135,-22.77416,5.056819,18.15185,0,0,0,-23.84872,4.899917,18.02609
140.9469,-22.77633,5.049386,18.14955,0,0,0,-23.84872,4.899917,18.02609
140.9802,-22.77905,5.044306,18.14767,0,0,0,-23.84872,4.899917,18.02609
141.0135,-22.78319,5.041934,18.14452,0,0,0,-23.84872,4.899917,18.02609
141.0469,-22.78811,5.042173,18.13911,0,0,0,-23.84872,4.899917,18.02609
141.0802,-22.7923,5.042444,18.13341,0,0,0,-23.84872,4.899917,18.02609
141.1136,-22.79368,5.043151,18.12484,0,0,0,-23.84872,4.899917,18.02609
141.1469,-22.79719,5.042209,18.11932,0,0,0,-23.84872,4.899917,18.02609
141.1802,-22.80221,5.040578,18.10506,0,0,0,-23.84872,4.899917,18.02609
141.2135,-22.8048,5.039855,18.09276,0,0,0,-23.84872,4.899917,18.02609
141.2469,-22.80758,5.037273,18.07965,0,0,0,-23.84872,4.899917,18.02609
141.2802,-22.8087,5.033979,18.06857,0,0,0,-23.84872,4.899917,18.02609
141.3136,-22.81162,5.028214,18.05543,0,0,0,-23.84872,4.899917,18.02609
141.3469,-22.81139,5.021895,18.04363,0,0,0,-23.84872,4.899917,18.02609
141.3802,-22.81425,5.015196,18.03204,0,0,0,-23.84872,4.899917,18.02609
141.4135,-22.81422,5.011606,18.02612,0,0,0,-23.84872,4.899917,18.02609
141.4469,-22.81397,5.009224,18.02208,0,0,0,-23.84872,4.899917,18.02609
141.4802,-22.81072,5.008987,18.01772,0,0,0,-23.84872,4.899917,18.02609
141.5135,-22.80883,5.008634,18.01502,0,0,0,-23.84872,4.899917,18.02609
141.5469,-22.80698,5.01,18.01027,0,0,0,-23.84872,4.899917,18.02609
141.5802,-22.80141,5.012906,18.00482,0,0,0,-23.84872,4.899917,18.02609
141.6136,-22.79778,5.014489,18.0029,0,0,0,-23.84872,4.899917,18.02609
141.6469,-22.79158,5.016937,18.00288,0,0,0,-23.84872,4.899917,18.02609
141.6802,-22.78759,5.01704,18.0052,0,0,0,-23.84872,4.899917,18.02609
141.7135,-22.78435,5.017914,18.00682,0,0,0,-23.84872,4.899917,18.02609
141.7469,-22.77818,5.020421,18.00683,0,0,0,-23.84872,4.899917,18.02609
141.7802,-22.77496,5.021318,18.00845,0,0,0,-23.84872,4.899917,18.02609
141.8136,-22.77217,5.023326,18.00522,0,0,0,-23.84872,4.899917,18.02609
141.8469,-22.76786,5.02599,18.002,0,0,0,-23.84872,4.899917,18.02609
141.8802,-22.76633,5.026636,18.00201,0,0,0,-23.84872,4.899917,18.02609
141.9135,-22.76311,5.027557,18.00364,0,0,0,-23.84872,4.899917,18.02609
141.9469,-22.76158,5.028208,18.00365,0,0,0,-23.84872,4.899917,18.02609
141.9802,-22.7599,5.028489,18.00529,0,0,0,-23.84872,4.899917,18.02609
142.0135,-22.75686,5.028774,18.00631,0,0,0,-23.84872,4.899917,18.02609
142.0469,-22.75131,5.02899,18.01027,0,0,0,-23.84872,4.899917,18.02609
142.0802,-22.74508,5.03025,18.01293,0,0,0,-23.84872,4.899917,18.02609
142.1136,-22.73841,5.030477,18.02046,0,0,0,-23.84872,4.899917,18.02609
142.1469,-22.73163,5.031441,18.02865,0,0,0,-23.84872,4.899917,18.02609
142.1802,-22.72463,5.031819,18.04012,0,0,0,-23.84872,4.899917,18.02609
142.2135,-22.71782,5.032629,18.04998,0,0,0,-23.84872,4.899917,18.02609
142.2469,-22.71258,5.032838,18.05985,0,0,0,-23.84872,4.899917,18.02609
142.2802,-22.70899,5.032723,18.06809,0,0,0,-23.84872,4.899917,18.02609
142.3136,-22.70708,5.032966,18.07364,0,0,0,-23.84872,4.899917,18.02609
142.3469,-22.7037,5.034641,18.07821,0,0,0,-23.84872,4.899917,18.02609
142.3802,-22.70323,5.034649,18.08436,0,0,0,-23.84872,4.899917,18.02609
142.4135,-22.70236,5.035507,18.08527,0,0,0,-23.84872,4.899917,18.02609
142.4469,-22.70271,5.035818,18.09011,0,0,0,-23.84872,4.899917,18.02609
142.4802,-22.7026,5.035547,18.09175,0,0,0,-23.84872,4.899917,18.02609
142.5135,-22.70193,5.036522,18.09046,0,0,0,-23.84872,4.899917,18.02609
142.5469,-22.70404,5.035548,18.09241,0,0,0,-23.84872,4.899917,18.02609
142.5802,-22.70549,5.03625,18.09204,0,0,0,-23.84872,4.899917,18.02609
142.6136,-22.70765,5.036249,18.09301,0,0,0,-23.84872,4.899917,18.02609
142.6469,-22.71594,5.035486,18.09102,0,0,0,-23.84872,4.899917,18.02609
142.6802,-22.72154,5.036702,18.08409,0,0,0,-23.84872,4.899917,18.02609
142.7135,-22.72792,5.035511,18.07806,0,0,0,-23.84872,4.899917,18.02609
142.7469,-22.73267,5.034043,18.07472,0,0,0,-23.84872,4.899917,18.02609
142.7802,-22.73592,5.033273,18.07141,0,0,0,-23.84872,4.899917,18.02609
142.8136,-22.74051,5.031569,18.07096,0,0,0,-23.84872,4.899917,18.02609
142.8469,-22.74658,5.028904,18.07091,0,0,0,-23.84872,4.899917,18.02609
142.8802,-22.75114,5.026926,18.07088,0,0,0,-23.84872,4.899917,18.02609
142.9135,-22.75426,5.025195,18.07024,0,0,0,-23.84872,4.899917,18.02609
142.9469,-22.75567,5.02425,18.07187,0,0,0,-23.84872,4.899917,18.02609
142.9802,-22.7572,5.023601,18.07186,0,0,0,-23.84872,4.899917,18.02609
143.0135,-22.75883,5.021402,18.07163,0,0,0,-23.84872,4.899917,18.02609
143.0469,-22.75863,5.020089,18.07469,0,0,0,-23.84872,4.899917,18.02609
143.0802,-22.75859,5.01938,18.07571,0,0,0,-23.84872,4.899917,18.02609
143.1136,-22.75826,5.018529,18.08063,0,0,0,-23.84872,4.899917,18.02609
143.1469,-22.75826,5.018529,18.08063,0,0,0,-23.84872,4.899917,18.02609
143.1802,-22.75743,5.01825,18.08197,0,0,0,-23.84872,4.899917,18.02609
143.2135,-22.75743,5.01825,18.08197,0,0,0,-23.84872,4.899917,18.02609
143.2469,-22.75896,5.017604,18.08196,0,0,0,-23.84872,4.899917,18.02609
143.2802,-22.75896,5.017604,18.08196,0,0,0,-23.84872,4.899917,18.02609
143.3136,-22.75879,5.017013,18.08401,0,0,0,-23.84872,4.899917,18.02609
143.3469,-22.75879,5.017013,18.08401,0,0,0,-23.84872,4.899917,18.02609
143.3802,-22.75962,5.01729,18.08267,0,0,0,-23.84872,4.899917,18.02609
143.4135,-22.75951,5.017013,18.08432,0,0,0,-23.84872,4.899917,18.02609
143.4469,-22.76044,5.01757,18.08134,0,0,0,-23.84872,4.899917,18.02609
143.4802,-22.76279,5.017208,18.07999,0,0,0,-23.84872,4.899917,18.02609
143.5135,-22.76208,5.018135,18.07866,0,0,0,-23.84872,4.899917,18.02609
143.5469,-22.76372,5.017776,18.07701,0,0,0,-23.84872,4.899917,18.02609
143.5802,-22.76231,5.018708,18.07538,0,0,0,-23.84872,4.899917,18.02609
143.6136,-22.76395,5.018353,18.07373,0,0,0,-23.84872,4.899917,18.02609
143.6469,-22.76559,5.018002,18.07208,0,0,0,-23.84872,4.899917,18.02609
143.6802,-22.76652,5.017654,18.07014,0,0,0,-23.84872,4.899917,18.02609
143.7135,-22.76817,5.017311,18.06849,0,0,0,-23.84872,4.899917,18.02609
143.7469,-22.76746,5.017311,18.06819,0,0,0,-23.84872,4.899917,18.02609
143.7802,-22.76829,5.016674,18.06788,0,0,0,-23.84872,4.899917,18.02609
143.8136,-22.7677,5.016969,18.06595,0,0,0,-23.84872,4.899917,18.02609
143.8469,-22.7677,5.016969,18.06595,0,0,0,-23.84872,4.899917,18.02609
143.8802,-22.76641,5.017269,18.06371,0,0,0,-23.84872,4.899917,18.02609
143.9135,-22.76653,5.017568,18.06207,0,0,0,-23.84872,4.899917,18.02609
143.9469,-22.76665,5.017871,18.06043,0,0,0,-23.84872,4.899917,18.02609
143.9802,-22.76595,5.017872,18.06013,0,0,0,-23.84872,4.899917,18.02609
144.0135,-22.76595,5.017872,18.06013,0,0,0,-23.84872,4.899917,18.02609
144.0469,-22.76608,5.018176,18.05849,0,0,0,-23.84872,4.899917,18.02609
144.0802,-22.76608,5.018176,18.05849,0,0,0,-23.84872,4.899917,18.02609
144.1136,-22.76678,5.017236,18.05983,0,0,0,-23.84872,4.899917,18.02609
144.1469,-22.76397,5.018176,18.05758,0,0,0,-23.84872,4.899917,18.02609
144.1802,-22.7641,5.018481,18.05595,0,0,0,-23.84872,4.899917,18.02609
144.2135,-22.7641,5.018481,18.05595,0,0,0,-23.84872,4.899917,18.02609
144.2469,-22.7648,5.018481,18.05625,0,0,0,-23.84872,4.899917,18.02609
144.2802,-22.7648,5.018482,18.05625,0,0,0,-23.84872,4.899917,18.02609
144.3136,-22.7648,5.018482,18.05625,0,0,0,-23.84872,4.899917,18.02609
144.3469,-22.76485,5.019203,18.05524,0,0,0,-23.84872,4.899917,18.02609
144.3802,-22.76485,5.019203,18.05524,0,0,0,-23.84872,4.899917,18.02609
144.4135,-22.76511,5.019824,18.05197,0,0,0,-23.84872,4.899917,18.02609
144.4469,-22.76511,5.019824,18.05197,0,0,0,-23.84872,4.899917,18.02609
144.4802,-22.76511,5.019824,18.05197,0,0,0,-23.84872,4.899917,18.02609
144.5135,-22.76511,5.019824,18.05197,0,0,0,-23.84872,4.899917,18.02609
144.5469,-22.76498,5.019512,18.0536,0,0,0,-23.84872,4.899917,18.02609
144.5802,-22.76498,5.019512,18.0536,0,0,0,-23.84872,4.899917,18.02609
144.6136,-22.76498,5.019512,18.0536,0,0,0,-23.84872,4.899917,18.02609
144.6469,-22.76358,5.020461,18.05197,0,0,0,-23.84872,4.899917,18.02609
144.6802,-22.76485,5.019203,18.05524,0,0,0,-23.84872,4.899917,18.02609
144.7135,-22.76345,5.02015,18.0536,0,0,0,-23.84872,4.899917,18.02609
144.7469,-22.76498,5.019512,18.0536,0,0,0,-23.84872,4.899917,18.02609
144.7802,-22.76428,5.019513,18.0533,0,0,0,-23.84872,4.899917,18.02609
144.8136,-22.76337,5.019617,18.05526,0,0,0,-23.84872,4.899917,18.02609
144.8469,-22.75986,5.020564,18.05271,0,0,0,-23.84872,4.899917,18.02609
144.8802,-22.75553,5.021203,18.05149,0,0,0,-23.84872,4.899917,18.02609
144.9135,-22.74885,5.023133,18.05055,0,0,0,-23.84872,4.899917,18.02609
144.9469,-22.74509,5.024429,18.05023,0,0,0,-23.84872,4.899917,18.02609
144.9802,-22.74148,5.026044,18.04828,0,0,0,-23.84872,4.899917,18.02609
145.0135,-22.74134,5.025733,18.04991,0,0,0,-23.84872,4.899917,18.02609
145.0469,-22.73669,5.028114,18.05052,0,0,0,-23.84872,4.899917,18.02609
145.0802,-22.73434,5.029438,18.05084,0,0,0,-23.84872,4.899917,18.02609
145.1136,-22.73284,5.031079,18.04984,0,0,0,-23.84872,4.899917,18.02609
145.1469,-22.73188,5.031435,18.05179,0,0,0,-23.84872,4.899917,18.02609
145.1802,-22.73177,5.032104,18.05243,0,0,0,-23.84872,4.899917,18.02609
145.2135,-22.73095,5.032775,18.05275,0,0,0,-23.84872,4.899917,18.02609
145.2469,-22.72917,5.032831,18.05603,0,0,0,-23.84872,4.899917,18.02609
145.2802,-22.72892,5.032221,18.0593,0,0,0,-23.84872,4.899917,18.02609
145.3136,-22.72806,5.032175,18.06064,0,0,0,-23.84872,4.899917,18.02609
145.3469,-22.72709,5.031831,18.06363,0,0,0,-23.84872,4.899917,18.02609
145.3802,-22.72568,5.030952,18.06342,0,0,0,-23.84872,4.899917,18.02609
145.4135,-22.72417,5.029776,18.06486,0,0,0,-23.84872,4.899917,18.02609
145.4469,-22.72439,5.027066,18.06381,0,0,0,-23.84872,4.899917,18.02609
145.4802,-22.72426,5.023534,18.06623,0,0,0,-23.84872,4.899917,18.02609
145.5135,-22.72268,5.020996,18.06826,0,0,0,-23.84872,4.899917,18.02609
145.5469,-22.72243,5.017904,18.07253,0,0,0,-23.84872,4.899917,18.02609
145.5802,-22.72382,5.015484,18.07495,0,0,0,-23.84872,4.899917,18.02609
145.6136,-22.72377,5.015168,18.07536,0,0,0,-23.84872,4.899917,18.02609
145.6469,-22.7238,5.01443,18.07514,0,0,0,-23.84872,4.899917,18.02609
145.6802,-22.72404,5.012827,18.07244,0,0,0,-23.84872,4.899917,18.02609
145.7135,-22.72462,5.009158,18.06785,0,0,0,-23.84872,4.899917,18.02609
145.7469,-22.72657,5.005259,18.06509,0,0,0,-23.84872,4.899917,18.02609
145.7802,-22.73112,4.999939,18.06721,0,0,0,-23.84872,4.899917,18.02609
145.8136,-22.73423,4.998191,18.06653,0,0,0,-23.84872,4.899917,18.02609
145.8469,-22.73793,4.99615,18.06781,0,0,0,-23.84872,4.899917,18.02609
145.8802,-22.74178,4.995135,18.06645,0,0,0,-23.84872,4.899917,18.02609
145.9135,-22.74189,4.995437,18.06481,0,0,0,-23.84872,4.899917,18.02609
145.9469,-22.74349,4.994366,18.06416,0,0,0,-23.84872,4.899917,18.02609
145.9802,-22.74376,4.993842,18.06126,0,0,0,-23.84872,4.899917,18.02609
146.0135,-22.74535,4.992774,18.06061,0,0,0,-23.84872,4.899917,18.02609
146.0469,-22.74535,4.992774,18.06061,0,0,0,-23.84872,4.899917,18.02609
146.0802,-22.74546,4.993082,18.05897,0,0,0,-23.84872,4.899917,18.02609
146.1136,-22.74546,4.993082,18.05897,0,0,0,-23.84872,4.899917,18.02609
146.1469,-22.74639,4.992741,18.057,0,0,0,-23.84872,4.899917,18.02609
146.1802,-22.74569,4.992741,18.05669,0,0,0,-23.84872,4.899917,18.02609
146.2135,-22.7458,4.993052,18.05506,0,0,0,-23.84872,4.899917,18.02609
146.2469,-22.74662,4.992403,18.05473,0,0,0,-23.84872,4.899917,18.02609
146.2802,-22.746,4.991991,18.05379,0,0,0,-23.84872,4.899917,18.02609
146.3136,-22.74541,4.990852,18.05262,0,0,0,-23.84872,4.899917,18.02609
146.3469,-22.74533,4.989808,18.05403,0,0,0,-23.84872,4.899917,18.02609
146.3802,-22.7431,4.990459,18.05373,0,0,0,-23.84872,4.899917,18.02609
146.4135,-22.74451,4.989498,18.05535,0,0,0,-23.84872,4.899917,18.02609
146.4469,-22.74451,4.989497,18.05536,0,0,0,-23.84872,4.899917,18.02609
146.4802,-22.74299,4.990147,18.05537,0,0,0,-23.84872,4.899917,18.02609
146.5135,-22.74451,4.989497,18.05536,0,0,0,-23.84872,4.899917,18.02609
146.5469,-22.74451,4.989497,18.05536,0,0,0,-23.84872,4.899917,18.02609
146.5802,-22.74451,4.989497,18.05536,0,0,0,-23.84872,4.899917,18.02609
146.6136,-22.74299,4.990147,18.05537,0,0,0,-23.84872,4.899917,18.02609
146.6469,-22.74299,4.990147,18.05537,0,0,0,-23.84872,4.899917,18.02609
146.6802,-22.74299,4.990147,18.05537,0,0,0,-23.84872,4.899917,18.02609
146.7135,-22.74299,4.990147,18.05537,0,0,0,-23.84872,4.899917,18.02609
146.7469,-22.74369,4.990147,18.05568,0,0,0,-23.84872,4.899917,18.02609
146.7802,-22.74521,4.989497,18.05567,0,0,0,-23.84872,4.899917,18.02609
146.8136,-22.74521,4.989497,18.05567,0,0,0,-23.84872,4.899917,18.02609
146.8469,-22.74299,4.990147,18.05537,0,0,0,-23.84872,4.899917,18.02609
146.8802,-22.74299,4.990147,18.05537,0,0,0,-23.84872,4.899917,18.02609
146.9135,-22.74299,4.990147,18.05537,0,0,0,-23.84872,4.899917,18.02609
146.9469,-22.74299,4.990147,18.05537,0,0,0,-23.84872,4.899917,18.02609
146.9802,-22.74299,4.990147,18.05537,0,0,0,-23.84872,4.899917,18.02609
147.0135,-22.74299,4.990147,18.05537,0,0,0,-23.84872,4.899917,18.02609
147.0469,-22.74147,4.990798,18.05539,0,0,0,-22.71079,4.915262,18.03883
147.0802,-22.73995,4.991451,18.05541,0,0,0,-22.71079,4.915262,18.03883
147.1136,-22.73621,4.992763,18.05513,0,0,0,-22.71079,4.915262,18.03883
147.1469,-22.73318,4.994081,18.05517,0,0,0,-22.71079,4.915262,18.03883
147.1802,-22.73178,4.995058,18.05355,0,0,0,-22.71079,4.915262,18.03883
147.2135,-22.72968,4.996037,18.05162,0,0,0,-22.71079,4.915262,18.03883
147.2469,-22.72406,4.998735,18.04735,0,0,0,-22.71079,4.915262,18.03883
147.2802,-22.72266,4.999727,18.04573,0,0,0,-22.71079,4.915262,18.03883
147.3136,-22.72115,5.000399,18.04576,0,0,0,-22.71079,4.915262,18.03883
147.3469,-22.71964,5.001073,18.04578,0,0,0,-22.71079,4.915262,18.03883
147.3802,-22.71964,5.001073,18.04578,0,0,0,-22.71079,4.915262,18.03883
147.4135,-22.71964,5.001073,18.04578,0,0,0,-22.71079,4.915262,18.03883
147.4469,-22.71964,5.001073,18.04578,0,0,0,-22.71079,4.915262,18.03883
147.4802,-22.71964,5.001073,18.04578,0,0,0,-22.71079,4.915262,18.03883
147.5135,-22.71825,5.002071,18.04417,0,0,0,-22.71079,4.915262,18.03883
147.5469,-22.71813,5.001749,18.0458,0,0,0,-22.71079,4.915262,18.03883
147.5802,-22.71825,5.002071,18.04417,0,0,0,-22.71079,4.915262,18.03883
147.6136,-22.71976,5.001396,18.04414,0,0,0,-22.71079,4.915262,18.03883
147.6469,-22.72001,5.003053,18.03991,0,0,0,-22.71079,4.915262,18.03883
147.6802,-22.7238,5.003309,18.03762,0,0,0,-22.71079,4.915262,18.03883
147.7135,-22.72979,5.003327,18.03501,0,0,0,-22.71079,4.915262,18.03883
147.7469,-22.74303,5.000311,18.03574,0,0,0,-22.71079,4.915262,18.03883
147.7802,-22.77005,4.994814,18.03152,0,0,0,-22.71079,4.915262,18.03883
147.8136,-22.7909,4.990165,18.03156,0,0,0,-22.71079,4.915262,18.03883
147.8469,-22.80295,4.987743,18.02987,0,0,0,-22.71079,4.915262,18.03883
147.8802,-22.81873,4.984545,18.029,0,0,0,-22.71079,4.915262,18.03883
147.9135,-22.83071,4.981884,18.02888,0,0,0,-22.71079,4.915262,18.03883
147.9469,-22.84099,4.980455,18.02933,0,0,0,-22.71079,4.915262,18.03883
147.9802,-22.85702,4.976758,18.03334,0,0,0,-22.71079,4.915262,18.03883
148.0135,-22.87086,4.974435,18.03605,0,0,0,-22.71079,4.915262,18.03883
148.0469,-22.88494,4.978601,18.04316,0,0,0,-22.71079,4.915262,18.03883
148.0802,-22.89626,4.981799,18.04861,0,0,0,-22.71079,4.915262,18.03883
148.1136,-22.9138,4.977832,18.05071,0,0,0,-22.71079,4.915262,18.03883
148.1469,-22.9502,4.959025,18.04695,0,0,0,-22.71079,4.915262,18.03883
148.1802,-22.96369,4.961056,18.04803,0,0,0,-22.71079,4.915262,18.03883
148.2135,-22.97157,4.962859,18.04518,0,0,0,-22.71079,4.915262,18.03883
148.2469,-22.98152,4.966733,18.04444,0,0,0,-22.71079,4.915262,18.03883
148.2802,-22.99091,4.969663,18.04001,0,0,0,-22.71079,4.915262,18.03883
148.3136,-22.99887,4.971432,18.03856,0,0,0,-22.71079,4.915262,18.03883
148.3469,-23.00582,4.973741,18.03183,0,0,0,-22.71079,4.915262,18.03883
148.3802,-23.01408,4.974424,18.0257,0,0,0,-22.71079,4.915262,18.03883
148.4135,-23.01755,4.976434,18.02026,0,0,0,-22.71079,4.915262,18.03883
148.4469,-23.01949,4.979313,18.01489,0,0,0,-22.71079,4.915262,18.03883
148.4802,-23.06651,4.979774,18.00651,0,0,0,-22.71079,4.915262,18.03883
148.5135,-23.06635,4.980603,17.99954,0,0,0,-22.71079,4.915262,18.03883
148.5469,-23.06351,4.974985,17.99308,0,0,0,-22.71079,4.915262,18.03883
148.5802,-23.06174,4.977776,17.9868,0,0,0,-22.71079,4.915262,18.03883
148.6136,-23.06133,4.978197,17.98261,0,0,0,-22.71079,4.915262,18.03883
148.6469,-23.04608,4.978836,17.9741,0,0,0,-22.71079,4.915262,18.03883
148.6802,-23.03551,4.987583,17.96114,0,0,0,-22.71079,4.915262,18.03883
148.7135,-23.02718,4.993962,17.94841,0,0,0,-22.71079,4.915262,18.03883
148.7469,-23.0177,4.999533,17.93978,0,0,0,-22.71079,4.915262,18.03883
148.7802,-23.01121,5.002685,17.93512,0,0,0,-22.71079,4.915262,18.03883
148.8136,-23.00477,5.005523,17.92982,0,0,0,-22.71079,4.915262,18.03883
148.8469,-22.99871,5.008872,17.92516,0,0,0,-22.71079,4.915262,18.03883
148.8802,-22.99722,5.00984,17.9236,0,0,0,-22.71079,4.915262,18.03883
148.9135,-22.9957,5.011155,17.92268,0,0,0,-22.71079,4.915262,18.03883
148.9469,-22.99503,5.014986,17.91908,0,0,0,-22.71079,4.915262,18.03883
148.9802,-22.99635,5.016169,17.91917,0,0,0,-22.71079,4.915262,18.03883
149.0135,-22.99904,5.018192,17.9187,0,0,0,-22.71079,4.915262,18.03883
149.0469,-23.00099,5.0209,17.91929,0,0,0,-22.71079,4.915262,18.03883
149.0802,-23.00603,5.024473,17.91768,0,0,0,-22.71079,4.915262,18.03883
149.1136,-23.01537,5.024221,17.91863,0,0,0,-22.71079,4.915262,18.03883
149.1469,-23.02653,5.024531,17.91634,0,0,0,-22.71079,4.915262,18.03883
149.1802,-23.03844,5.0234,17.91694,0,0,0,-22.71079,4.915262,18.03883
149.2135,-23.04658,5.024068,17.91645,0,0,0,-22.71079,4.915262,18.03883
149.2469,-23.0541,5.024419,17.91514,0,0,0,-22.71079,4.915262,18.03883
149.2802,-23.05806,5.024044,17.91365,0,0,0,-22.71079,4.915262,18.03883
149.3136,-23.06105,5.024119,17.91238,0,0,0,-22.71079,4.915262,18.03883
149.3469,-23.06427,5.023242,17.91229,0,0,0,-22.71079,4.915262,18.03883
149.3802,-23.06533,5.023325,17.91049,0,0,0,-22.71079,4.915262,18.03883
149.4135,-23.06798,5.023314,17.90927,0,0,0,-22.71079,4.915262,18.03883
149.4469,-23.06838,5.023739,17.90792,0,0,0,-22.71079,4.915262,18.03883
149.4802,-23.06727,5.025122,17.90503,0,0,0,-22.71079,4.915262,18.03883
149.5135,-23.0675,5.025692,17.90652,0,0,0,-22.71079,4.915262,18.03883
149.5469,-23.06622,5.027216,17.90646,0,0,0,-22.71079,4.915262,18.03883
149.5802,-23.06711,5.0281,17.90772,0,0,0,-22.71079,4.915262,18.03883
149.6136,-23.06579,5.028435,17.90799,0,0,0,-22.71079,4.915262,18.03883
149.6469,-23.06386,5.029079,17.90766,0,0,0,-22.71079,4.915262,18.03883
149.6802,-23.06244,5.02985,17.90931,0,0,0,-22.71079,4.915262,18.03883
149.7135,-23.05961,5.031775,17.90823,0,0,0,-22.71079,4.915262,18.03883
149.7469,-23.05968,5.032177,17.91193,0,0,0,-22.71079,4.915262,18.03883
149.7802,-23.0516,5.036855,17.91227,0,0,0,-22.71079,4.915262,18.03883
149.8136,-23.03532,5.04271,17.91389,0,0,0,-22.71079,4.915262,18.03883
149.8469,-23.01393,5.050489,17.91583,0,0,0,-22.71079,4.915262,18.03883
149.8802,-22.98482,5.061128,17.91852,0,0,0,-22.71079,4.915262,18.03883
149.9135,-22.96354,5.069237,17.91877,0,0,0,-22.71079,4.915262,18.03883
149.9469,-22.93622,5.077187,17.92454,0,0,0,-22.71079,4.915262,18.03883
149.9802,-22.92163,5.080449,17.93,0,0,0,-22.71079,4.915262,18.03883
150.0135,-22.90595,5.083158,17.93838,0,0,0,-22.71079,4.915262,18.03883
150.0469,-22.88884,5.082805,17.95676,0,0,0,-22.71079,4.915262,18.03883
150.0802,-22.86743,5.08639,17.97344,0,0,0,-22.71079,4.915262,18.03883
150.1136,-22.84776,5.089834,17.99022,0,0,0,-22.71079,4.915262,18.03883
150.1469,-22.83495,5.093064,17.99878,0,0,0,-22.71079,4.915262,18.03883
150.1802,-22.82752,5.0959,18.00485,0,0,0,-22.71079,4.915262,18.03883
150.2135,-22.82464,5.097837,18.00976,0,0,0,-22.71079,4.915262,18.03883
150.2469,-22.82174,5.100906,18.01372,0,0,0,-22.71079,4.915262,18.03883
150.2802,-22.8204,5.103317,18.01764,0,0,0,-22.71079,4.915262,18.03883
150.3136,-22.81862,5.105444,18.01902,0,0,0,-22.71079,4.915262,18.03883
150.3469,-22.81303,5.107121,18.02455,0,0,0,-22.71079,4.915262,18.03883
150.3802,-22.80535,5.108067,18.03026,0,0,0,-22.71079,4.915262,18.03883
150.4135,-22.79862,5.108318,18.03337,0,0,0,-22.71079,4.915262,18.03883
150.4469,-22.79083,5.109068,18.04172,0,0,0,-22.71079,4.915262,18.03883
150.4802,-22.78465,5.110929,18.04699,0,0,0,-22.71079,4.915262,18.03883
150.5135,-22.77842,5.111312,18.05436,0,0,0,-22.71079,4.915262,18.03883
150.5469,-22.76926,5.11252,18.06299,0,0,0,-22.71079,4.915262,18.03883
150.5802,-22.76188,5.112519,18.06652,0,0,0,-22.71079,4.915262,18.03883
150.6136,-22.75523,5.110689,18.07233,0,0,0,-22.71079,4.915262,18.03883
150.6469,-22.74941,5.110737,18.07474,0,0,0,-22.71079,4.915262,18.03883
150.6802,-22.74421,5.11018,18.08119,0,0,0,-22.71079,4.915262,18.03883
150.7135,-22.74049,5.108871,18.08753,0,0,0,-22.71079,4.915262,18.03883
150.7469,-22.73682,5.109392,18.09014,0,0,0,-22.71079,4.915262,18.03883
150.7802,-22.73249,5.110245,18.09081,0,0,0,-22.71079,4.915262,18.03883
150.8136,-22.72593,5.113132,18.09263,0,0,0,-22.71079,4.915262,18.03883
150.8469,-22.72228,5.114428,18.0942,0,0,0,-22.71079,4.915262,18.03883
150.8802,-22.71285,5.117124,18.0982,0,0,0,-22.71079,4.915262,18.03883
150.9135,-22.7035,5.119669,18.09813,0,0,0,-22.71079,4.915262,18.03883
150.9469,-22.68983,5.122761,18.09848,0,0,0,-22.71079,4.915262,18.03883
150.9802,-22.67638,5.124297,18.09828,0,0,0,-22.71079,4.915262,18.03883
151.0135,-22.6695,5.124065,18.09729,0,0,0,-22.71079,4.915262,18.03883
151.0469,-22.66678,5.123434,18.09849,0,0,0,-22.71079,4.915262,18.03883
151.0802,-22.65693,5.127772,18.10507,0,0,0,-22.71079,4.915262,18.03883
151.1136,-22.65415,5.130372,18.10619,0,0,0,-22.71079,4.915262,18.03883
151.1469,-22.65204,5.131807,18.10846,0,0,0,-22.71079,4.915262,18.03883
151.1802,-22.64712,5.134431,18.10855,0,0,0,-22.71079,4.915262,18.03883
151.2135,-22.64222,5.136334,18.10969,0,0,0,-22.71079,4.915262,18.03883
151.2469,-22.6351,5.138381,18.11199,0,0,0,-22.71079,4.915262,18.03883
151.2802,-22.62453,5.141798,18.11364,0,0,0,-22.71079,4.915262,18.03883
151.3136,-22.61499,5.143381,18.11691,0,0,0,-22.71079,4.915262,18.03883
151.3469,-22.60871,5.139995,18.11943,0,0,0,-22.71079,4.915262,18.03883
151.3802,-22.6036,5.138645,18.12366,0,0,0,-22.71079,4.915262,18.03883
151.4135,-22.59824,5.140554,18.12809,0,0,0,-22.71079,4.915262,18.03883
151.4469,-22.59077,5.144619,18.13308,0,0,0,-22.71079,4.915262,18.03883
151.4802,-22.58285,5.147622,18.14282,0,0,0,-22.71079,4.915262,18.03883
151.5135,-22.57624,5.151042,18.14806,0,0,0,-22.71079,4.915262,18.03883
151.5469,-22.56974,5.154636,18.15068,0,0,0,-22.71079,4.915262,18.03883
151.5802,-22.5606,5.160463,18.15205,0,0,0,-22.71079,4.915262,18.03883
151.6136,-22.55531,5.164323,18.15279,0,0,0,-22.71079,4.915262,18.03883
151.6469,-22.55062,5.167238,18.15297,0,0,0,-22.71079,4.915262,18.03883
151.6802,-22.54524,5.16971,18.15219,0,0,0,-22.71079,4.915262,18.03883
151.7135,-22.54121,5.171039,18.149,0,0,0,-22.71079,4.915262,18.03883
151.7469,-22.5344,5.173363,18.14521,0,0,0,-22.71079,4.915262,18.03883
151.7802,-22.53094,5.1705,18.14245,0,0,0,-22.71079,4.915262,18.03883
151.8136,-22.52474,5.169222,18.137,0,0,0,-22.71079,4.915262,18.03883
151.8469,-22.52055,5.167414,18.13232,0,0,0,-22.71079,4.915262,18.03883
151.8802,-22.5179,5.164865,18.12951,0,0,0,-22.71079,4.915262,18.03883
151.9135,-22.51508,5.163963,18.12676,0,0,0,-22.71079,4.915262,18.03883
151.9469,-22.51144,5.163668,18.12637,0,0,0,-22.71079,4.915262,18.03883
151.9802,-22.50706,5.163668,18.12393,0,0,0,-22.71079,4.915262,18.03883
152.0135,-22.50414,5.163668,18.12229,0,0,0,-22.71079,4.915262,18.03883
152.0469,-22.50195,5.164259,18.11778,0,0,0,-22.71079,4.915262,18.03883
152.0802,-22.50183,5.164176,18.11186,0,0,0,-22.71079,4.915262,18.03883
152.1136,-22.50093,5.164247,18.10774,0,0,0,-22.71079,4.915262,18.03883
152.1469,-22.50276,5.162225,18.10107,0,0,0,-22.71079,4.915262,18.03883
152.1802,-22.50334,5.159074,18.10001,0,0,0,-22.71079,4.915262,18.03883
152.2135,-22.50626,5.152628,18.10609,0,0,0,-22.71079,4.915262,18.03883
152.2469,-22.51098,5.146652,18.12144,0,0,0,-22.71079,4.915262,18.03883
152.2802,-22.51366,5.142504,18.13428,0,0,0,-22.71079,4.915262,18.03883
152.3136,-22.51634,5.139522,18.14054,0,0,0,-22.71079,4.915262,18.03883
152.3469,-22.52436,5.13279,18.14617,0,0,0,-22.71079,4.915262,18.03883
152.3802,-22.52832,5.129923,18.14958,0,0,0,-22.71079,4.915262,18.03883
152.4135,-22.53347,5.127571,18.15071,0,0,0,-22.71079,4.915262,18.03883
152.4469,-22.53853,5.125929,18.15467,0,0,0,-22.71079,4.915262,18.03883
152.4802,-22.54059,5.127426,18.15605,0,0,0,-22.71079,4.915262,18.03883
152.5135,-22.54439,5.125762,18.15563,0,0,0,-22.71079,4.915262,18.03883
152.5469,-22.54426,5.124847,18.15471,0,0,0,-22.71079,4.915262,18.03883
152.5802,-22.5442,5.123234,18.15486,0,0,0,-22.71079,4.915262,18.03883
152.6136,-22.54317,5.121819,18.15207,0,0,0,-22.71079,4.915262,18.03883
152.6469,-22.54475,5.118503,18.15165,0,0,0,-22.71079,4.915262,18.03883
152.6802,-22.54617,5.117127,18.15092,0,0,0,-22.71079,4.915262,18.03883
152.7135,-22.54834,5.115516,18.15224,0,0,0,-22.71079,4.915262,18.03883
152.7469,-22.54853,5.114363,18.14882,0,0,0,-22.71079,4.915262,18.03883
152.7802,-22.55273,5.110483,18.14888,0,0,0,-22.71079,4.915262,18.03883
152.8136,-22.55619,5.108681,18.149,0,0,0,-22.71079,4.915262,18.03883
152.8469,-22.56113,5.106886,18.14988,0,0,0,-22.71079,4.915262,18.03883
152.8802,-22.56472,5.105991,18.1509,0,0,0,-22.71079,4.915262,18.03883
152.9135,-22.56744,5.104444,18.14897,0,0,0,-22.71079,4.915262,18.03883
152.9469,-22.56878,5.104036,18.14553,0,0,0,-22.71079,4.915262,18.03883
152.9802,-22.56877,5.104525,18.14223,0,0,0,-22.71079,4.915262,18.03883
153.0135,-22.57014,5.103635,18.14209,0,0,0,-22.71079,4.915262,18.03883
153.0469,-22.57151,5.102993,18.14031,0,0,0,-22.71079,4.915262,18.03883
153.0802,-22.57288,5.102355,18.13852,0,0,0,-22.71079,4.915262,18.03883
153.1136,-22.57281,5.103061,18.13746,0,0,0,-22.71079,4.915262,18.03883
153.1469,-22.57483,5.101292,18.13682,0,0,0,-22.71079,4.915262,18.03883
153.1802,-22.5762,5.100409,18.13668,0,0,0,-22.71079,4.915262,18.03883
153.2135,-22.5762,5.10041,18.13668,0,0,0,-22.71079,4.915262,18.03883
153.2469,-22.5762,5.100409,18.13668,0,0,0,-22.71079,4.915262,18.03883
153.2802,-22.5762,5.100409,18.13668,0,0,0,-22.71079,4.915262,18.03883
153.3136,-22.57546,5.100161,18.13795,0,0,0,-22.71079,4.915262,18.03883
153.3469,-22.57537,5.099278,18.13706,0,0,0,-22.71079,4.915262,18.03883
153.3802,-22.5747,5.098824,18.13609,0,0,0,-22.71079,4.915262,18.03883
153.4135,-22.57259,5.099704,18.13584,0,0,0,-22.71079,4.915262,18.03883
153.4469,-22.57323,5.098824,18.13533,0,0,0,-22.71079,4.915262,18.03883
153.4802,-22.57048,5.100585,18.13558,0,0,0,-22.71079,4.915262,18.03883
153.5135,-22.57048,5.100585,18.13558,0,0,0,-22.71079,4.915262,18.03883
153.5469,-22.57185,5.099704,18.13545,0,0,0,-22.71079,4.915262,18.03883
153.5802,-22.57178,5.099913,18.1377,0,0,0,-22.71079,4.915262,18.03883
153.6136,-22.57178,5.099914,18.1377,0,0,0,-22.71079,4.915262,18.03883
153.6469,-22.57041,5.100795,18.13783,0,0,0,-22.71079,4.915262,18.03883
153.6802,-22.56903,5.101679,18.13796,0,0,0,-22.71079,4.915262,18.03883
153.7135,-22.56766,5.102563,18.13809,0,0,0,-22.71079,4.915262,18.03883
153.7469,-22.56623,5.104156,18.13716,0,0,0,-22.71079,4.915262,18.03883
153.7802,-22.56696,5.103909,18.1392,0,0,0,-22.71079,4.915262,18.03883
153.8136,-22.56696,5.103909,18.1392,0,0,0,-22.71079,4.915262,18.03883
153.8469,-22.56416,5.106145,18.14005,0,0,0,-22.71079,4.915262,18.03883
153.8802,-22.56409,5.106606,18.14064,0,0,0,-22.71079,4.915262,18.03883
153.9135,-22.56258,5.108416,18.14196,0,0,0,-22.71079,4.915262,18.03883
153.9469,-22.56122,5.10931,18.14209,0,0,0,-22.71079,4.915262,18.03883
153.9802,-22.55986,5.110206,18.14222,0,0,0,-22.71079,4.915262,18.03883
154.0135,-22.55849,5.111348,18.14071,0,0,0,-22.71079,4.915262,18.03883
154.0469,-22.55849,5.111348,18.14071,0,0,0,-22.71079,4.915262,18.03883
154.0802,-22.55849,5.111103,18.14236,0,0,0,-22.71079,4.915262,18.03883
154.1136,-22.55849,5.111348,18.14071,0,0,0,-22.71079,4.915262,18.03883
154.1469,-22.55849,5.111348,18.14071,0,0,0,-22.71079,4.915262,18.03883
154.1802,-22.55836,5.112267,18.14189,-22.42672,4.915578,18.11143,-22.71079,4.915262,18.03883
154.2135,-22.55829,5.112727,18.14248,-22.42593,4.915528,18.11262,-22.71079,4.915262,18.03883
154.2469,-22.55829,5.112727,18.14248,-22.42554,4.915503,18.11322,-22.71079,4.915262,18.03883
154.2802,-22.55829,5.112727,18.14248,-22.42554,4.915503,18.11322,-22.71079,4.915262,18.03883
154.3136,-22.55829,5.112727,18.14248,-22.42554,4.915503,18.11322,-22.71079,4.915262,18.03883
154.3469,-22.55829,5.112727,18.14248,-22.42554,4.915503,18.11322,-22.71079,4.915262,18.03883
154.3802,-22.55829,5.112727,18.14248,-22.42554,4.915503,18.11322,-22.71079,4.915262,18.03883
154.4135,-22.55966,5.111829,18.14234,-22.42554,4.915503,18.11322,-22.71079,4.915262,18.03883
154.4469,-22.55966,5.111829,18.14234,-22.42797,4.915666,18.11325,-22.71079,4.915262,18.03883
154.4802,-22.55829,5.112727,18.14248,-22.42797,4.915666,18.11325,-22.71079,4.915262,18.03883
154.5135,-22.55966,5.111829,18.14234,-22.42554,4.915503,18.11322,-22.71079,4.915262,18.03883
154.5469,-22.55829,5.112727,18.14248,-22.42797,4.915666,18.11325,-22.71079,4.915262,18.03883
154.5802,-22.55966,5.111829,18.14234,-22.42554,4.915503,18.11322,-22.71079,4.915262,18.03883
154.6136,-22.55966,5.111829,18.14234,-22.42797,4.915666,18.11325,-22.71079,4.915262,18.03883
154.6469,-22.55966,5.111829,18.14234,-22.42797,4.915666,18.11325,-22.71079,4.915262,18.03883
154.6802,-22.55829,5.112727,18.14248,-22.42797,4.915666,18.11325,-22.71079,4.915262,18.03883
154.7135,-22.55829,5.112727,18.14248,-22.42554,4.915503,18.11322,-22.71079,4.915262,18.03883
154.7469,-22.55829,5.112727,18.14248,-22.42554,4.915503,18.11322,-22.71079,4.915262,18.03883
154.7802,-22.55966,5.111829,18.14234,-22.42554,4.915503,18.11322,-22.71079,4.915262,18.03883
154.8136,-22.55966,5.111584,18.144,-22.42797,4.915666,18.11325,-22.71079,4.915262,18.03883
154.8469,-22.55966,5.111829,18.14234,-22.42818,4.915685,18.11524,-22.71079,4.915262,18.03883
154.8802,-22.55966,5.111584,18.144,-22.42797,4.915666,18.11325,-22.71079,4.915262,18.03883
154.9135,-22.55966,5.111584,18.144,-22.42818,4.915685,18.11524,-22.71079,4.915262,18.03883
154.9469,-22.55966,5.111584,18.144,-22.42818,4.915685,18.11524,-22.71079,4.915262,18.03883
154.9802,-22.55966,5.111584,18.144,-22.42818,4.915685,18.11524,-22.71079,4.915262,18.03883
155.0135,-22.55966,5.111344,18.14565,-22.42818,4.915685,18.11524,-22.71079,4.915262,18.03883
155.0469,-22.56103,5.110448,18.14552,-22.42838,4.915704,18.11724,-22.71079,4.915262,18.03883
155.0802,-22.56109,5.109987,18.14492,-22.43081,4.915867,18.11726,-22.71079,4.915262,18.03883
155.1136,-22.56109,5.109746,18.14658,-22.43121,4.915892,18.11666,-22.71079,4.915262,18.03883
155.1469,-22.56109,5.109745,18.14658,-22.43141,4.915911,18.11866,-22.71079,4.915262,18.03883
155.1802,-22.56109,5.109745,18.14658,-22.43141,4.915911,18.11866,-22.71079,4.915262,18.03883
155.2135,-22.56246,5.108613,18.1481,-22.43141,4.915911,18.11866,-22.71079,4.915262,18.03883
155.2469,-22.5611,5.109508,18.14823,-22.43404,4.916091,18.12067,-22.71079,4.915262,18.03883
155.2802,-22.56246,5.108613,18.1481,-22.43162,4.915929,18.12065,-22.71079,4.915262,18.03883
155.3136,-22.56246,5.108613,18.1481,-22.43404,4.916091,18.12067,-22.71079,4.915262,18.03883
155.3469,-22.56246,5.108613,18.1481,-22.43404,4.916091,18.12067,-22.71079,4.915262,18.03883
155.3802,-22.56246,5.108613,18.1481,-22.43404,4.916091,18.12067,-22.71079,4.915262,18.03883
155.4135,-22.56172,5.108615,18.14771,-22.43404,4.916091,18.12067,-22.71079,4.915262,18.03883
155.4469,-22.56172,5.108378,18.14936,-22.43328,4.916039,18.12022,-22.71079,4.915262,18.03883
155.4802,-22.56246,5.108378,18.14975,-22.43348,4.916058,18.12221,-22.71079,4.915262,18.03883
155.5135,-22.56246,5.108378,18.14975,-22.43424,4.916111,18.12266,-22.71079,4.915262,18.03883
155.5469,-22.56384,5.107252,18.15127,-22.43424,4.916111,18.12266,-22.71079,4.915262,18.03883
155.5802,-22.56383,5.107487,18.14962,-22.43684,4.916266,18.12465,-22.71079,4.915262,18.03883
155.6136,-22.56384,5.107252,18.15127,-22.43666,4.916272,18.12267,-22.71079,4.915262,18.03883
155.6469,-22.56464,5.106789,18.15106,-22.43684,4.916266,18.12465,-22.71079,4.915262,18.03883
155.6802,-22.56464,5.107024,18.14941,-22.43798,4.916311,18.12449,-22.71079,4.915262,18.03883
155.7135,-22.56466,5.106252,18.14923,-22.43781,4.916342,18.12251,-22.71079,4.915262,18.03883
155.7469,-22.56461,5.105942,18.14964,-22.43837,4.916365,18.12237,-22.71079,4.915262,18.03883
155.7802,-22.56461,5.105942,18.14964,-22.43853,4.916362,18.12282,-22.71079,4.915262,18.03883
155.8136,-22.56461,5.105942,18.14964,-22.43853,4.916362,18.12282,-22.71079,4.915262,18.03883
155.8469,-22.56598,5.105053,18.14951,-22.43853,4.916362,18.12282,-22.71079,4.915262,18.03883
155.8802,-22.56661,5.104165,18.149,-22.44088,4.916449,18.12283,-22.71079,4.915262,18.03883
155.9135,-22.5665,5.103515,18.14645,-22.4425,4.916516,18.1224,-22.71079,4.915262,18.03883
155.9469,-22.56566,5.10311,18.14186,-22.4432,4.916595,18.11956,-22.71079,4.915262,18.03883
155.9802,-22.56202,5.104339,18.13169,-22.4432,4.916595,18.11956,-22.71079,4.915262,18.03883
156.0135,-22.56063,5.105353,18.12431,-22.4432,4.916595,18.11956,-22.71079,4.915262,18.03883
156.0469,-22.55999,5.106397,18.11733,-22.4432,4.916595,18.11956,-22.71079,4.915262,18.03883
156.0802,-22.56001,5.106661,18.11569,-22.4432,4.916595,18.11956,-22.71079,4.915262,18.03883
156.1136,-22.56004,5.106928,18.11404,-22.4432,4.916595,18.11956,-22.71079,4.915262,18.03883
156.1469,-22.56149,5.106928,18.11481,-22.4432,4.916595,18.11956,-22.71079,4.915262,18.03883
156.1802,-22.56297,5.107196,18.11394,-22.4432,4.916595,18.11956,-22.71079,4.915262,18.03883
156.2135,-22.56718,5.105424,18.11445,-22.4432,4.916595,18.11956,-22.71079,4.915262,18.03883
156.2469,-22.57283,5.103318,18.11156,-22.4432,4.916595,18.11956,-22.71079,4.915262,18.03883
156.2802,-22.57846,5.100957,18.1103,-22.4432,4.916595,18.11956,-22.71079,4.915262,18.03883
156.3136,-22.58347,5.099759,18.1079,-22.4432,4.916595,18.11956,-22.71079,4.915262,18.03883
156.3469,-22.58845,5.098294,18.10713,-22.4432,4.916595,18.11956,-22.71079,4.915262,18.03883
156.3802,-22.59483,5.095972,18.10624,-22.4432,4.916595,18.11956,-22.71079,4.915262,18.03883
156.4135,-22.60132,5.09454,18.10164,-22.4432,4.916595,18.11956,-22.71079,4.915262,18.03883
156.4469,-22.60634,5.093395,18.09921,-22.4432,4.916595,18.11956,-22.71079,4.915262,18.03883
156.4802,-22.61,5.093408,18.09525,-22.4432,4.916595,18.11956,-22.71079,4.915262,18.03883
156.5135,-22.61439,5.092893,18.09039,-22.4432,4.916595,18.11956,-22.71079,4.915262,18.03883
156.5469,-22.62087,5.09124,18.08619,-22.4432,4.916595,18.11956,-22.71079,4.915262,18.03883
156.5802,-22.62453,5.09046,18.08138,-22.4432,4.916595,18.11956,-22.71079,4.915262,18.03883
156.6136,-22.62962,5.0897,18.07851,-22.4432,4.916595,18.11956,-22.71079,4.915262,18.03883
156.6469,-22.63684,5.087283,18.07381,-22.4432,4.916595,18.11956,-22.71079,4.915262,18.03883
156.6802,-22.64494,5.085858,18.06579,-22.4432,4.916595,18.11956,-22.71079,4.915262,18.03883
156.7135,-22.65297,5.08386,18.0598,-22.4432,4.916595,18.11956,-22.71079,4.915262,18.03883
156.7469,-22.6581,5.083214,18.0557,-22.4432,4.916595,18.11956,-22.71079,4.915262,18.03883
156.7802,-22.66769,5.081107,18.04877,-22.4432,4.916595,18.11956,-22.71079,4.915262,18.03883
156.8136,-22.67432,5.08002,18.04412,-22.4432,4.916595,18.11956,-22.71079,4.915262,18.03883
156.8469,-22.68388,5.07856,18.03717,-22.4432,4.916595,18.11956,-22.71079,4.915262,18.03883
156.8802,-22.6906,5.07791,18.03088,-22.4432,4.916595,18.11956,-22.71079,4.915262,18.03883
156.9135,-22.69725,5.078094,18.02538,-22.4432,4.916595,18.11956,-22.71079,4.915262,18.03883
156.9469,-22.70608,5.077594,18.01885,-22.4432,4.916595,18.11956,-22.71079,4.915262,18.03883
156.9802,-22.71289,5.07746,18.01092,-22.4432,4.916595,18.11956,-22.71079,4.915262,18.03883
157.0135,-22.71961,5.076903,18.00583,-22.4432,4.916595,18.11956,-22.71079,4.915262,18.03883
157.0469,-22.72431,5.077642,17.99771,-22.4432,4.916595,18.11956,-22.71079,4.915262,18.03883
157.0802,-22.73035,5.078331,17.99189,-22.4432,4.916595,18.11956,-22.71079,4.915262,18.03883
157.1136,-22.73063,5.081558,17.9866,-22.4432,4.916595,18.11956,-22.71079,4.915262,18.03883
157.1469,-22.7325,5.084742,17.97915,-22.4432,4.916595,18.11956,-22.71079,4.915262,18.03883
157.1802,-22.73234,5.088636,17.9705,-22.4432,4.916595,18.11956,-22.71079,4.915262,18.03883
157.2135,-22.73424,5.092053,17.96289,-22.4432,4.916595,18.11956,-22.71079,4.915262,18.03883
157.2469,-22.73462,5.093792,17.95646,-22.4432,4.916595,18.11956,-22.71079,4.915262,18.03883
157.2802,-22.73493,5.095115,17.95164,-22.4432,4.916595,18.11956,-22.71079,4.915262,18.03883
157.3136,-22.73448,5.096005,17.94811,-22.4432,4.916595,18.11956,-22.71079,4.915262,18.03883
157.3469,-22.73469,5.096904,17.9449,-22.4432,4.916595,18.11956,-22.71079,4.915262,18.03883
157.3802,-22.73545,5.097356,17.94361,-22.4432,4.916595,18.11956,-22.71079,4.915262,18.03883
157.4135,-22.73545,5.097356,17.94361,-22.4432,4.916595,18.11956,-22.71079,4.915262,18.03883
157.4469,-22.73611,5.097356,17.94393,-22.4432,4.916595,18.11956,-22.71079,4.915262,18.03883
157.4802,-22.73611,5.097356,17.94393,-22.4432,4.916595,18.11956,-22.71079,4.915262,18.03883
157.5135,-22.73611,5.097356,17.94393,-22.4432,4.916595,18.11956,-22.71079,4.915262,18.03883
157.5469,-22.73545,5.097356,17.94361,-22.4432,4.916595,18.11956,-22.71079,4.915262,18.03883
157.5802,-22.73458,5.096454,17.9465,-22.4432,4.916595,18.11956,-22.71079,4.915262,18.03883
157.6136,-22.73224,5.096329,17.94952,-22.4432,4.916595,18.11956,-22.71079,4.915262,18.03883
157.6469,-22.7329,5.095488,17.95129,-22.4432,4.916595,18.11956,-22.71079,4.915262,18.03883
157.6802,-22.72695,5.09692,17.95422,-22.4432,4.916595,18.11956,-22.71079,4.915262,18.03883
157.7135,-22.72243,5.098812,17.95618,-22.4432,4.916595,18.11956,-22.71079,4.915262,18.03883
157.7469,-22.71884,5.100374,17.9561,-22.4432,4.916595,18.11956,-22.71079,4.915262,18.03883
157.7802,-22.71727,5.100721,17.95783,-22.4432,4.916595,18.11956,-22.71079,4.915262,18.03883
157.8136,-22.71651,5.100286,17.95912,-22.4432,4.916595,18.11956,-22.71079,4.915262,18.03883
157.8469,-22.71494,5.100637,17.96084,-22.4432,4.916595,18.11956,-22.71079,4.915262,18.03883
157.8802,-22.71494,5.100637,17.96084,-22.4432,4.916595,18.11956,-22.71079,4.915262,18.03883
157.9135,-22.71494,5.100638,17.96084,-22.4432,4.916595,18.11956,-22.71079,4.915262,18.03883
157.9469,-22.71343,5.099425,17.96238,-22.4432,4.916595,18.11956,-22.71079,4.915262,18.03883
157.9802,-22.71343,5.099425,17.96238,-22.4432,4.916595,18.11956,-22.71079,4.915262,18.03883
158.0135,-22.71187,5.099784,17.96412,-22.4432,4.916595,18.11956,-22.71079,4.915262,18.03883
158.0469,-22.71187,5.099784,17.96412,-22.4432,4.916595,18.11956,-22.71079,4.915262,18.03883
158.0802,-22.71187,5.099784,17.96412,-22.4432,4.916595,18.11956,-22.71079,4.915262,18.03883
158.1136,-22.71187,5.099784,17.96412,-22.4432,4.916595,18.11956,-22.71079,4.915262,18.03883
158.1469,-22.71187,5.099784,17.96412,-22.4432,4.916595,18.11956,-22.71079,4.915262,18.03883
158.1802,-22.71253,5.099784,17.96444,-22.4432,4.916595,18.11956,-22.71079,4.915262,18.03883
158.2135,-22.71263,5.100214,17.96283,-22.4432,4.916595,18.11956,-22.71079,4.915262,18.03883
158.2469,-22.71395,5.100214,17.96348,-22.4432,4.916595,18.11956,-22.71079,4.915262,18.03883
158.2802,-22.7139,5.100593,17.96408,-22.4432,4.916595,18.11956,-22.71079,4.915262,18.03883
158.3136,-22.71461,5.101403,17.96339,-22.4432,4.916595,18.11956,-22.71079,4.915262,18.03883
158.3469,-22.71466,5.102213,17.96238,-22.4432,4.916595,18.11956,-22.71079,4.915262,18.03883
158.3802,-22.71616,5.101727,17.96184,-22.4432,4.916595,18.11956,-22.71079,4.915262,18.03883
158.4135,-22.71621,5.102539,17.96083,-22.4432,4.916595,18.11956,-22.71079,4.915262,18.03883
158.4469,-22.71626,5.103351,17.95982,-22.4432,4.916595,18.11956,-22.71079,4.915262,18.03883
158.4802,-22.71636,5.103787,17.95821,-22.4432,4.916595,18.11956,-22.71079,4.915262,18.03883
158.5135,-22.71569,5.103787,17.95789,-22.4432,4.916595,18.11956,-22.71079,4.915262,18.03883
158.5469,-22.71569,5.103787,17.95789,-22.4432,4.916595,18.11956,-22.71079,4.915262,18.03883
158.5802,-22.7158,5.104223,17.95628,-22.4432,4.916595,18.11956,-22.71079,4.915262,18.03883
158.6136,-22.7159,5.104664,17.95467,-22.4432,4.916595,18.11956,-22.71079,4.915262,18.03883
158.6469,-22.71514,5.104225,17.95596,-22.4432,4.916595,18.11956,-22.71079,4.915262,18.03883
158.6802,-22.71524,5.104664,17.95435,-22.4432,4.916595,18.11956,-22.71079,4.915262,18.03883
158.7135,-22.71524,5.104664,17.95435,-22.4432,4.916595,18.11956,-22.71079,4.915262,18.03883
158.7469,-22.71524,5.104664,17.95435,-22.4432,4.916595,18.11956,-22.71079,4.915262,18.03883
158.7802,-22.7158,5.104225,17.95628,-22.4432,4.916595,18.11956,-22.71079,4.915262,18.03883
158.8136,-22.71569,5.103786,17.95789,-22.4432,4.916595,18.11956,-22.71079,4.915262,18.03883
158.8469,-22.71559,5.103351,17.9595,-22.4432,4.916595,18.11956,-22.71079,4.915262,18.03883
158.8802,-22.71549,5.102918,17.96111,-22.62841,4.948691,17.91224,-22.71079,4.915262,18.03883
158.9135,-22.71539,5.102485,17.96272,-22.63085,4.952731,17.91545,-22.71079,4.915262,18.03883
158.9469,-22.71696,5.10213,17.96098,-22.632,4.95448,17.91796,-22.71079,4.915262,18.03883
158.9802,-22.71686,5.101698,17.96259,-22.63071,4.948624,17.91434,-22.71079,4.915262,18.03883
159.0135,-22.71549,5.102917,17.9611,-22.6336,4.953482,17.91779,-22.71079,4.915262,18.03883
159.0469,-22.71549,5.102917,17.96111,-22.63085,4.95273,17.91545,-22.71079,4.915262,18.03883
159.0802,-22.71549,5.102917,17.96111,-22.63085,4.952731,17.91545,-22.71079,4.915262,18.03883
159.1136,-22.71614,5.103599,17.96161,-22.63085,4.952731,17.91545,-22.71079,4.915262,18.03883
159.1469,-22.71759,5.103492,17.96167,-22.63124,4.952979,17.91593,-22.71079,4.915262,18.03883
159.1802,-22.71773,5.104228,17.95965,-22.63211,4.951377,17.91562,-22.71079,4.915262,18.03883
159.2135,-22.71626,5.105016,17.95977,-22.63031,4.948692,17.91231,-22.71079,4.915262,18.03883
159.2469,-22.71638,5.106435,17.95792,-22.62812,4.948688,17.91218,-22.71079,4.915262,18.03883
159.2802,-22.71581,5.107551,17.95617,-22.62735,4.94855,17.90968,-22.71079,4.915262,18.03883
159.3136,-22.71601,5.108426,17.95296,-22.62607,4.948421,17.90733,-22.71079,4.915262,18.03883
159.3469,-22.71692,5.108078,17.95091,-22.62562,4.948195,17.90326,-22.71079,4.915262,18.03883
159.3802,-22.71556,5.109308,17.94942,-22.62693,4.948067,17.90101,-22.71079,4.915262,18.03883
159.4135,-22.71556,5.109307,17.94942,-22.62451,4.947948,17.89883,-22.71079,4.915262,18.03883
159.4469,-22.71703,5.10852,17.9493,-22.62451,4.947948,17.89883,-22.71079,4.915262,18.03883
159.4802,-22.71491,5.109308,17.9491,-22.6267,4.947954,17.89898,-22.71079,4.915262,18.03883
159.5135,-22.71571,5.108521,17.94866,-22.62386,4.947929,17.89846,-22.71079,4.915262,18.03883
159.5469,-22.71414,5.108865,17.95038,-22.62541,4.947915,17.89825,-22.71079,4.915262,18.03883
159.5802,-22.71414,5.108865,17.95038,-22.62344,4.948023,17.90013,-22.71079,4.915262,18.03883
159.6136,-22.71409,5.109241,17.95098,-22.62344,4.948023,17.90013,-22.71079,4.915262,18.03883
159.6469,-22.71545,5.108014,17.95247,-22.6232,4.948054,17.9007,-22.71079,4.915262,18.03883
159.6802,-22.71534,5.107575,17.95408,-22.62562,4.948173,17.90287,-22.71079,4.915262,18.03883
159.7135,-22.71388,5.108363,17.95419,-22.62584,4.948286,17.90491,-22.71079,4.915262,18.03883
159.7469,-22.71388,5.108362,17.95419,-22.62365,4.948281,17.90476,-22.71079,4.915262,18.03883
159.7802,-22.71311,5.107927,17.95548,-22.62365,4.948281,17.90476,-22.71079,4.915262,18.03883
159.8136,-22.71301,5.107493,17.95709,-22.62323,4.948374,17.90643,-22.71079,4.915262,18.03883
159.8469,-22.71447,5.106704,17.95697,-22.62345,4.948487,17.90845,-22.71079,4.915262,18.03883
159.8802,-22.71437,5.106273,17.95858,-22.62564,4.948492,17.9086,-22.71079,4.915262,18.03883
159.9135,-22.71285,5.107439,17.9593,-22.62586,4.948605,17.91062,-22.71079,4.915262,18.03883
159.9469,-22.71432,5.106651,17.95918,-22.62562,4.95252,17.91222,-22.71079,4.915262,18.03883
159.9802,-22.71285,5.107439,17.9593,-22.62562,4.948636,17.91118,-22.71079,4.915262,18.03883
160.0135,-22.71285,5.107439,17.9593,-22.62562,4.95252,17.91222,-22.71079,4.915262,18.03883
160.0469,-22.71351,5.107439,17.95962,-22.62562,4.95252,17.91222,-22.71079,4.915262,18.03883
160.0802,-22.71351,5.107439,17.95962,-22.62625,4.952503,17.91258,-22.71079,4.915262,18.03883
160.1136,-22.71351,5.107439,17.95962,-22.62625,4.952503,17.91258,-22.71079,4.915262,18.03883
160.1469,-22.71348,5.107135,17.96004,-22.62625,4.952503,17.91258,-22.71079,4.915262,18.03883
160.1802,-22.71348,5.107135,17.96004,-22.62662,4.95291,17.91321,-22.71079,4.915262,18.03883
160.2135,-22.71338,5.106706,17.96165,-22.62662,4.95291,17.91321,-22.71079,4.915262,18.03883
160.2469,-22.71488,5.106221,17.96111,-22.62764,4.954443,17.91566,-22.71079,4.915262,18.03883
160.2802,-22.71167,5.108174,17.95662,-22.629,4.953244,17.91492,-22.71079,4.915262,18.03883
160.3136,-22.71167,5.108174,17.95662,-22.629,4.953244,17.91492,-22.71079,4.915262,18.03883
160.3469,-22.71177,5.108608,17.95501,-22.629,4.953244,17.91492,-22.71079,4.915262,18.03883
160.3802,-22.71188,5.109044,17.95341,-22.629,4.953244,17.91492,-22.71079,4.915262,18.03883
160.4135,-22.71177,5.108608,17.95501,-22.629,4.953244,17.91492,-22.71079,4.915262,18.03883
160.4469,-22.71167,5.108174,17.95662,-22.629,4.953244,17.91492,-22.71079,4.915262,18.03883
160.4802,-22.71156,5.107742,17.95823,-22.629,4.953244,17.91492,-22.71079,4.915262,18.03883
160.5135,-22.7113,5.107264,17.96205,-22.629,4.953244,17.91492,-22.71079,4.915262,18.03883
160.5469,-22.71252,5.106008,17.96575,-22.629,4.953244,17.91492,-22.71079,4.915262,18.03883
160.5802,-22.71235,5.105469,17.96856,-22.629,4.953244,17.91492,-22.71079,4.915262,18.03883
160.6136,-22.71203,5.105422,17.97255,-22.629,4.953244,17.91492,-22.71079,4.915262,18.03883
160.6469,-22.7146,5.103011,17.97733,-22.629,4.953244,17.91492,-22.71079,4.915262,18.03883
160.6802,-22.71559,5.101384,17.98444,-22.629,4.953244,17.91492,-22.71079,4.915262,18.03883
160.7135,-22.71591,5.098998,17.99225,-22.629,4.953244,17.91492,-22.71079,4.915262,18.03883
160.7469,-22.7164,5.097427,17.99684,-22.629,4.953244,17.91492,-22.71079,4.915262,18.03883
160.7802,-22.71747,5.095882,18.00397,-22.629,4.953244,17.91492,-22.71079,4.915262,18.03883
160.8136,-22.71794,5.094742,18.00916,-22.629,4.953244,17.91492,-22.71079,4.915262,18.03883
160.8469,-22.71704,5.094775,18.01286,-22.629,4.953244,17.91492,-22.71079,4.915262,18.03883
160.8802,-22.71899,5.092877,18.01793,-22.629,4.953244,17.91492,-22.71079,4.915262,18.03883
160.9135,-22.72171,5.091361,18.0217,-22.629,4.953244,17.91492,-22.71079,4.915262,18.03883
160.9469,-22.72306,5.089854,18.02484,-22.629,4.953244,17.91492,-22.71079,4.915262,18.03883
160.9802,-22.72795,5.087578,18.0288,-22.629,4.953244,17.91492,-22.71079,4.915262,18.03883
161.0135,-22.73142,5.086394,18.03247,-22.629,4.953244,17.91492,-22.71079,4.915262,18.03883
161.0469,-22.73492,5.085267,18.03492,-22.629,4.953244,17.91492,-22.71079,4.915262,18.03883
161.0802,-22.73917,5.084702,18.03806,-22.629,4.953244,17.91492,-22.71079,4.915262,18.03883
161.1136,-22.74271,5.083887,18.04008,-22.629,4.953244,17.91492,-22.71079,4.915262,18.03883
161.1469,-22.74632,5.083677,18.04127,-22.629,4.953244,17.91492,-22.71079,4.915262,18.03883
161.1802,-22.74767,5.083295,18.04473,-22.629,4.953244,17.91492,-22.71079,4.915262,18.03883
161.2135,-22.75337,5.081389,18.04855,-22.629,4.953244,17.91492,-22.71079,4.915262,18.03883
161.2469,-22.75558,5.080215,18.04811,-22.629,4.953244,17.91492,-22.71079,4.915262,18.03883
161.2802,-22.75634,5.08078,18.0488,-22.629,4.953244,17.91492,-22.71079,4.915262,18.03883
161.3136,-22.75998,5.079908,18.04855,-22.629,4.953244,17.91492,-22.71079,4.915262,18.03883
161.3469,-22.76362,5.078324,18.0481,-22.629,4.953244,17.91492,-22.71079,4.915262,18.03883
161.3802,-22.77104,5.073971,18.04704,-22.629,4.953244,17.91492,-22.71079,4.915262,18.03883
161.4135,-22.77467,5.072061,18.0482,-22.629,4.953244,17.91492,-22.71079,4.915262,18.03883
161.4469,-22.77906,5.070156,18.0479,-22.629,4.953244,17.91492,-22.71079,4.915262,18.03883
161.4802,-22.78265,5.068663,18.04966,-22.629,4.953244,17.91492,-22.71079,4.915262,18.03883
161.5135,-22.78696,5.06751,18.05008,-22.629,4.953244,17.91492,-22.71079,4.915262,18.03883
161.5469,-22.79055,5.067107,18.04917,-22.629,4.953244,17.91492,-22.71079,4.915262,18.03883
161.5802,-22.79335,5.067446,18.0487,-22.629,4.953244,17.91492,-22.71079,4.915262,18.03883
161.6136,-22.79622,5.066706,18.04913,-22.629,4.953244,17.91492,-22.71079,4.915262,18.03883
161.6469,-22.79841,5.066309,18.04764,-22.629,4.953244,17.91492,-22.71079,4.915262,18.03883
161.6802,-22.79908,5.066352,18.04671,-22.629,4.953244,17.91492,-22.71079,4.915262,18.03883
161.7135,-22.79987,5.065616,18.04628,-22.629,4.953244,17.91492,-22.71079,4.915262,18.03883
161.7469,-22.79916,5.065273,18.04762,-22.629,4.953244,17.91492,-22.71079,4.915262,18.03883
161.7802,-22.79995,5.064538,18.04719,-22.629,4.953244,17.91492,-22.71079,4.915262,18.03883
161.8136,-22.79995,5.06488,18.04556,-22.629,4.953244,17.91492,-22.71079,4.915262,18.03883
161.8469,-22.79995,5.064538,18.04719,-22.629,4.953244,17.91492,-22.71079,4.915262,18.03883
161.8802,-22.79994,5.064198,18.04882,-22.629,4.953244,17.91492,-22.71079,4.915262,18.03883
161.9135,-22.80141,5.063126,18.05031,-22.629,4.953244,17.91492,-22.71079,4.915262,18.03883
161.9469,-22.79993,5.063859,18.05046,-22.629,4.953244,17.91492,-22.71079,4.915262,18.03883
161.9802,-22.80063,5.063521,18.05238,-22.629,4.953244,17.91492,-22.71079,4.915262,18.03883
162.0135,-22.80285,5.06167,18.0517,-22.629,4.953244,17.91492,-22.71079,4.915262,18.03883
162.0469,-22.80138,5.061021,18.05492,-22.629,4.953244,17.91492,-22.71079,4.915262,18.03883
162.0802,-22.80203,5.060086,18.05768,-22.629,4.953244,17.91492,-22.71079,4.915262,18.03883
162.1136,-22.80351,5.059023,18.05917,-22.629,4.953244,17.91492,-22.71079,4.915262,18.03883
162.1469,-22.80351,5.058693,18.0608,-22.629,4.953244,17.91492,-22.71079,4.915262,18.03883
162.1802,-22.80204,5.059425,18.06095,-22.629,4.953244,17.91492,-22.71079,4.915262,18.03883
162.2135,-22.80352,5.05804,18.06408,-22.629,4.953244,17.91492,-22.71079,4.915262,18.03883
162.2469,-22.80352,5.05804,18.06408,-22.629,4.953244,17.91492,-22.71079,4.915262,18.03883
162.2802,-22.80352,5.05804,18.06408,-22.629,4.953244,17.91492,-22.71079,4.915262,18.03883
162.3136,-22.805,5.056986,18.06557,-22.629,4.953244,17.91492,-22.71079,4.915262,18.03883
162.3469,-22.805,5.056986,18.06557,-22.629,4.953244,17.91492,-22.71079,4.915262,18.03883
162.3802,-22.80572,5.056664,18.06749,-22.629,4.953244,17.91492,-22.71079,4.915262,18.03883
162.4135,-22.80494,5.057393,18.06792,-22.629,4.953244,17.91492,-22.71079,4.915262,18.03883
162.4469,-22.80783,5.056663,18.06835,-22.629,4.953244,17.91492,-22.71079,4.915262,18.03883
162.4802,-22.80635,5.057393,18.0685,-22.629,4.953244,17.91492,-22.71079,4.915262,18.03883
162.5135,-22.80784,5.056343,18.06998,-22.629,4.953244,17.91492,-22.71079,4.915262,18.03883
162.5469,-22.80636,5.057073,18.07014,-22.629,4.953244,17.91492,-22.71079,4.915262,18.03883
162.5802,-22.80626,5.058638,18.07036,-22.629,4.953244,17.91492,-22.71079,4.915262,18.03883
162.6136,-22.80473,5.060523,18.06837,-22.629,4.953244,17.91492,-22.71079,4.915262,18.03883
162.6469,-22.80468,5.061582,18.06571,-22.629,4.953244,17.91492,-22.71079,4.915262,18.03883
162.6802,-22.80398,5.061907,18.06379,-22.629,4.953244,17.91492,-22.71079,4.915262,18.03883
162.7135,-22.80327,5.062234,18.06187,-22.629,4.953244,17.91492,-22.71079,4.915262,18.03883
162.7469,-22.80257,5.062234,18.06158,-22.629,4.953244,17.91492,-22.71079,4.915262,18.03883
162.7802,-22.80186,5.062563,18.05966,-22.629,4.953244,17.91492,-22.71079,4.915262,18.03883
162.8136,-22.80039,5.063387,18.06032,-22.629,4.953244,17.91492,-22.71079,4.915262,18.03883
162.8469,-22.80039,5.063387,18.06032,-22.629,4.953244,17.91492,-22.71079,4.915262,18.03883
162.8802,-22.80039,5.063387,18.06032,-22.629,4.953244,17.91492,-22.71079,4.915262,18.03883
162.9135,-22.80036,5.064128,18.0593,-22.629,4.953244,17.91492,-22.71079,4.915262,18.03883
162.9469,-22.80035,5.063799,18.06094,-22.629,4.953244,17.91492,-22.71079,4.915262,18.03883
162.9802,-22.80032,5.063172,18.06299,-22.629,4.953244,17.91492,-22.71079,4.915262,18.03883
163.0135,-22.8003,5.062871,18.06341,-22.72319,4.913023,18.03297,-22.71079,4.915262,18.03883
163.0469,-22.8003,5.062546,18.06505,-22.72335,4.913074,18.03346,-22.71079,4.915262,18.03883
163.0802,-22.8003,5.062546,18.06505,-22.72367,4.913323,18.03543,-22.71079,4.915262,18.03883
163.1136,-22.80029,5.062223,18.06669,-22.72367,4.913323,18.03543,-22.71079,4.915262,18.03883
163.1469,-22.8003,5.062546,18.06505,-22.72398,4.913571,18.03741,-22.71079,4.915262,18.03883
163.1802,-22.8003,5.062546,18.06505,-22.72367,4.913323,18.03543,-22.71079,4.915262,18.03883
163.2135,-22.8003,5.062546,18.06505,-22.72367,4.913323,18.03543,-22.71079,4.915262,18.03883
163.2469,-22.80026,5.06296,18.06567,-22.72367,4.913323,18.03543,-22.71079,4.915262,18.03883
163.2802,-22.80022,5.063373,18.06629,-22.72348,4.913433,18.03605,-22.71079,4.915262,18.03883
163.3136,-22.80022,5.063373,18.06629,-22.72329,4.913543,18.03668,-22.71079,4.915262,18.03883
163.3469,-22.80022,5.063373,18.06629,-22.72329,4.913543,18.03668,-22.71079,4.915262,18.03883
163.3802,-22.80022,5.063373,18.06629,-22.72329,4.913543,18.03668,-22.71079,4.915262,18.03883
163.4135,-22.80019,5.063788,18.06691,-22.72329,4.913543,18.03668,-22.71079,4.915262,18.03883
163.4469,-22.80019,5.063788,18.06691,-22.7231,4.913653,18.0373,-22.71079,4.915262,18.03883
163.4802,-22.80019,5.063788,18.06691,-22.7231,4.913653,18.0373,-22.71079,4.915262,18.03883
163.5135,-22.80019,5.063788,18.06691,-22.7231,4.913653,18.0373,-22.71079,4.915262,18.03883
163.5469,-22.80019,5.063788,18.06691,-22.7231,4.913653,18.0373,-22.71079,4.915262,18.03883
163.5802,-22.80167,5.063057,18.06676,-22.7231,4.913653,18.0373,-22.71079,4.915262,18.03883
163.6136,-22.80019,5.063788,18.06691,-22.72508,4.913427,18.03726,-22.71079,4.915262,18.03883
163.6469,-22.80019,5.063788,18.06691,-22.7231,4.913653,18.0373,-22.71079,4.915262,18.03883
163.6802,-22.79948,5.063788,18.06662,-22.7231,4.913653,18.0373,-22.71079,4.915262,18.03883
163.7135,-22.79948,5.063788,18.06662,-22.72242,4.913683,18.03699,-22.71079,4.915262,18.03883
163.7469,-22.79878,5.063788,18.06633,-22.72242,4.913683,18.03699,-22.71079,4.915262,18.03883
163.7802,-22.79877,5.063468,18.06797,-22.72174,4.913714,18.03667,-22.71079,4.915262,18.03883
163.8136,-22.79885,5.062637,18.06673,-22.72205,4.913962,18.03864,-22.71079,4.915262,18.03883
163.8469,-22.79888,5.061902,18.06775,-22.72243,4.913742,18.0374,-22.71079,4.915262,18.03883
163.8802,-22.79889,5.061186,18.06755,-22.72293,4.913879,18.03875,-22.71079,4.915262,18.03883
163.9135,-22.79889,5.060866,18.06919,-22.72328,4.913822,18.03862,-22.71079,4.915262,18.03883
163.9469,-22.79889,5.060866,18.06919,-22.72359,4.914069,18.04059,-22.71079,4.915262,18.03883
163.9802,-22.79889,5.060866,18.06919,-22.72359,4.914069,18.04059,-22.71079,4.915262,18.03883
164.0135,-22.79819,5.060866,18.0689,-22.72359,4.914069,18.04059,-22.71079,4.915262,18.03883
164.0469,-22.79822,5.060131,18.06992,-22.72291,4.9141,18.04027,-22.71079,4.915262,18.03883
164.0802,-22.79826,5.059398,18.07094,-22.72342,4.914237,18.04162,-22.71079,4.915262,18.03883
164.1136,-22.79755,5.059083,18.07229,-22.72392,4.914373,18.04296,-22.71079,4.915262,18.03883
164.1469,-22.79613,5.059083,18.07171,-22.72357,4.914702,18.04462,-22.71079,4.915262,18.03883
164.1802,-22.79404,5.060017,18.06715,-22.72357,4.914702,18.04462,-22.71079,4.915262,18.03883
164.2135,-22.79256,5.061485,18.06453,-22.72357,4.914702,18.04462,-22.71079,4.915262,18.03883
164.2469,-22.79258,5.062132,18.06125,-22.72357,4.914702,18.04462,-22.71079,4.915262,18.03883
164.2802,-22.79258,5.063527,18.05696,-22.72357,4.914702,18.04462,-22.71079,4.915262,18.03883
164.3136,-22.79187,5.063527,18.05667,-22.72357,4.914702,18.04462,-22.71079,4.915262,18.03883
164.3469,-22.79119,5.063855,18.05474,-22.72357,4.914702,18.04462,-22.71079,4.915262,18.03883
164.3802,-22.7912,5.064189,18.0531,-22.72357,4.914702,18.04462,-22.71079,4.915262,18.03883
164.4135,-22.7912,5.064189,18.0531,-22.72357,4.914702,18.04462,-22.71079,4.915262,18.03883
164.4469,-22.78975,5.065593,18.04997,-22.72357,4.914702,18.04462,-22.71079,4.915262,18.03883
164.4802,-22.78985,5.067257,18.04301,-22.72357,4.914702,18.04462,-22.71079,4.915262,18.03883
164.5135,-22.79517,5.067517,18.03148,-22.72357,4.914702,18.04462,-22.71079,4.915262,18.03883
164.5469,-22.79993,5.067854,18.01743,-22.72357,4.914702,18.04462,-22.71079,4.915262,18.03883
164.5802,-22.80473,5.068726,18.00403,-22.72357,4.914702,18.04462,-22.71079,4.915262,18.03883
164.6136,-22.80955,5.069328,17.99229,-22.72357,4.914702,18.04462,-22.71079,4.915262,18.03883
164.6469,-22.81421,5.068397,17.98705,-22.72357,4.914702,18.04462,-22.71079,4.915262,18.03883
164.6802,-22.81738,5.068206,17.98194,-22.72357,4.914702,18.04462,-22.71079,4.915262,18.03883
164.7135,-22.81906,5.068742,17.97696,-22.72357,4.914702,18.04462,-22.71079,4.915262,18.03883
164.7469,-22.82301,5.069816,17.96954,-22.72357,4.914702,18.04462,-22.71079,4.915262,18.03883
164.7802,-22.82625,5.070504,17.96346,-22.72357,4.914702,18.04462,-22.71079,4.915262,18.03883
164.8136,-22.83104,5.072494,17.95404,-22.72357,4.914702,18.04462,-22.71079,4.915262,18.03883
164.8469,-22.83592,5.076741,17.93287,-22.72357,4.914702,18.04462,-22.71079,4.915262,18.03883
164.8802,-22.83983,5.080089,17.91665,-22.72357,4.914702,18.04462,-22.71079,4.915262,18.03883
164.9135,-22.8433,5.08275,17.90314,-22.72357,4.914702,18.04462,-22.71079,4.915262,18.03883
164.9469,-22.8494,5.082118,17.89939,-22.72357,4.914702,18.04462,-22.71079,4.915262,18.03883
164.9802,-22.85238,5.081549,17.89766,-22.72357,4.914702,18.04462,-22.71079,4.915262,18.03883
165.0135,-22.85317,5.081404,17.89651,-22.72357,4.914702,18.04462,-22.71079,4.915262,18.03883
165.0469,-22.85107,5.082146,17.89508,-22.72357,4.914702,18.04462,-22.71079,4.915262,18.03883
165.0802,-22.84971,5.082242,17.89347,-22.72357,4.914702,18.04462,-22.71079,4.915262,18.03883
165.1136,-22.84832,5.082805,17.89232,-22.72357,4.914702,18.04462,-22.71079,4.915262,18.03883
165.1469,-22.8467,5.0834,17.8914,-22.72357,4.914702,18.04462,-22.71079,4.915262,18.03883
165.1802,-22.84672,5.084063,17.89006,-22.72357,4.914702,18.04462,-22.71079,4.915262,18.03883
165.2135,-22.84629,5.084644,17.88897,-22.72357,4.914702,18.04462,-22.71079,4.915262,18.03883
165.2469,-22.84629,5.085183,17.88804,-22.72357,4.914702,18.04462,-22.71079,4.915262,18.03883
165.2802,-22.84604,5.085919,17.88679,-22.72357,4.914702,18.04462,-22.71079,4.915262,18.03883
165.3136,-22.84587,5.086376,17.88604,-22.72357,4.914702,18.04462,-22.71079,4.915262,18.03883
165.3469,-22.84539,5.087308,17.88476,-22.72357,4.914702,18.04462,-22.71079,4.915262,18.03883
165.3802,-22.84596,5.08769,17.88427,-22.72357,4.914702,18.04462,-22.71079,4.915262,18.03883
165.4135,-22.84726,5.087535,17.88326,-22.72357,4.914702,18.04462,-22.71079,4.915262,18.03883
165.4469,-22.84539,5.088712,17.88282,-22.72357,4.914702,18.04462,-22.71079,4.915262,18.03883
165.4802,-22.84647,5.088592,17.88177,-22.72357,4.914702,18.04462,-22.71079,4.915262,18.03883
165.5135,-22.84621,5.088957,17.88105,-22.72357,4.914702,18.04462,-22.71079,4.915262,18.03883
165.5469,-22.84617,5.089008,17.88095,-22.72357,4.914702,18.04462,-22.71079,4.915262,18.03883
165.5802,-22.84508,5.089895,17.88005,-22.72357,4.914702,18.04462,-22.71079,4.915262,18.03883
165.6136,-22.84737,5.08894,17.88024,-22.72357,4.914702,18.04462,-22.71079,4.915262,18.03883
165.6469,-22.85323,5.087736,17.87783,-22.72357,4.914702,18.04462,-22.71079,4.915262,18.03883
165.6802,-22.87132,5.085724,17.86828,-22.72357,4.914702,18.04462,-22.71079,4.915262,18.03883
165.7135,-22.87329,5.085578,17.86743,-22.72357,4.914702,18.04462,-22.71079,4.915262,18.03883
165.7469,-22.87393,5.084669,17.86868,-22.72357,4.914702,18.04462,-22.71079,4.915262,18.03883
165.7802,-22.87413,5.085003,17.86766,-22.72357,4.914702,18.04462,-22.71079,4.915262,18.03883
165.8136,-22.87349,5.085459,17.86732,-22.72357,4.914702,18.04462,-22.71079,4.915262,18.03883
165.8469,-22.87284,5.08634,17.86631,-22.72357,4.914702,18.04462,-22.71079,4.915262,18.03883
165.8802,-22.87292,5.087215,17.86512,-22.72357,4.914702,18.04462,-22.71079,4.915262,18.03883
165.9135,-22.8732,5.087568,17.86459,-22.72357,4.914702,18.04462,-22.71079,4.915262,18.03883
165.9469,-22.87298,5.088259,17.86327,-22.72357,4.914702,18.04462,-22.71079,4.915262,18.03883
165.9802,-22.87288,5.088925,17.86216,-22.72357,4.914702,18.04462,-22.71079,4.915262,18.03883
166.0135,-22.87319,5.089437,17.86194,-22.72357,4.914702,18.04462,-22.71079,4.915262,18.03883
166.0469,-22.87425,5.090224,17.86036,-22.72357,4.914702,18.04462,-22.71079,4.915262,18.03883
166.0802,-22.87413,5.091971,17.85993,-22.72357,4.914702,18.04462,-22.71079,4.915262,18.03883
166.1136,-22.87235,5.093238,17.85944,-22.72357,4.914702,18.04462,-22.71079,4.915262,18.03883
166.1469,-22.8738,5.09381,17.85866,-22.72357,4.914702,18.04462,-22.71079,4.915262,18.03883
166.1802,-22.87019,5.095827,17.8586,-22.72357,4.914702,18.04462,-22.71079,4.915262,18.03883
166.2135,-22.86699,5.097041,17.85936,-22.72357,4.914702,18.04462,-22.71079,4.915262,18.03883
166.2469,-22.86064,5.099751,17.86057,-22.72357,4.914702,18.04462,-22.71079,4.915262,18.03883
166.2802,-22.85801,5.100694,17.86152,-22.72357,4.914702,18.04462,-22.71079,4.915262,18.03883
166.3136,-22.85502,5.10155,17.86281,-22.72357,4.914702,18.04462,-22.71079,4.915262,18.03883
166.3469,-22.85366,5.101768,17.8637,-22.72357,4.914702,18.04462,-22.71079,4.915262,18.03883
166.3802,-22.85189,5.101359,17.86697,-22.72357,4.914702,18.04462,-22.71079,4.915262,18.03883
166.4135,-22.85189,5.10136,17.86697,-22.72357,4.914702,18.04462,-22.71079,4.915262,18.03883
166.4469,-22.85013,5.100961,17.87023,-22.72357,4.914702,18.04462,-22.71079,4.915262,18.03883
166.4802,-22.84861,5.101643,17.87035,-22.72357,4.914702,18.04462,-22.71079,4.915262,18.03883
166.5135,-22.84998,5.10076,17.87241,-22.72357,4.914702,18.04462,-22.71079,4.915262,18.03883
166.5469,-22.84836,5.101208,17.87369,-22.72357,4.914702,18.04462,-22.71079,4.915262,18.03883
166.5802,-22.85051,5.100525,17.87384,-22.72357,4.914702,18.04462,-22.71079,4.915262,18.03883
166.6136,-22.84899,5.101208,17.87395,-22.72357,4.914702,18.04462,-22.71079,4.915262,18.03883
166.6469,-22.84962,5.101208,17.87422,-22.72357,4.914702,18.04462,-22.71079,4.915262,18.03883
166.6802,-22.85024,5.101208,17.87449,-22.72357,4.914702,18.04462,-22.71079,4.915262,18.03883
166.7135,-22.85087,5.101208,17.87476,-22.72357,4.914702,18.04462,-22.71079,4.915262,18.03883
166.7469,-22.85138,5.100675,17.8766,-22.72357,4.914702,18.04462,-22.71079,4.915262,18.03883
166.7802,-22.85201,5.100675,17.87687,-22.72357,4.914702,18.04462,-22.71079,4.915262,18.03883
166.8136,-22.85201,5.100675,17.87687,-22.72357,4.914702,18.04462,-22.71079,4.915262,18.03883
166.8469,-22.8519,5.100144,17.87844,-22.72357,4.914702,18.04462,-22.71079,4.915262,18.03883
166.8802,-22.85176,5.099315,17.88045,-22.76435,4.917677,17.81092,-22.71079,4.915262,18.03883
166.9135,-22.85228,5.098787,17.88229,-22.76449,4.917387,17.81341,-22.71079,4.915262,18.03883
166.9469,-22.85217,5.098263,17.88387,-22.76518,4.917218,17.81571,-22.71079,4.915262,18.03883
166.9802,-22.85219,5.098563,17.88345,-22.76523,4.916977,17.81768,-22.71079,4.915262,18.03883
167.0135,-22.85219,5.098563,17.88345,-22.76513,4.917024,17.81717,-22.71079,4.915262,18.03883
167.0469,-22.85219,5.098562,17.88345,-22.76513,4.917024,17.81717,-22.71079,4.915262,18.03883
167.0802,-22.85156,5.098561,17.88319,-22.76513,4.917024,17.81717,-22.71079,4.915262,18.03883
167.1136,-22.85156,5.098562,17.88318,-22.76449,4.916952,17.81685,-22.71079,4.915262,18.03883
167.1469,-22.85145,5.098039,17.88477,-22.76449,4.916952,17.81684,-22.71079,4.915262,18.03883
167.1802,-22.85205,5.098379,17.88564,-22.76454,4.91671,17.81882,-22.71079,4.915262,18.03883
167.2135,-22.85205,5.098379,17.88564,-22.76494,4.916673,17.81967,-22.71079,4.915262,18.03883
167.2469,-22.85142,5.098379,17.88537,-22.76494,4.916673,17.81967,-22.71079,4.915262,18.03883
167.2802,-22.85142,5.098379,17.88537,-22.7643,4.9166,17.81934,-22.71079,4.915262,18.03883
167.3136,-22.85142,5.098378,17.88537,-22.7643,4.9166,17.81934,-22.71079,4.915262,18.03883
167.3469,-22.85131,5.097858,17.88695,-22.7643,4.9166,17.81934,-22.71079,4.915262,18.03883
167.3802,-22.85142,5.098378,17.88537,-22.76435,4.916358,17.82131,-22.71079,4.915262,18.03883
167.4135,-22.85142,5.098379,17.88537,-22.7643,4.9166,17.81934,-22.71079,4.915262,18.03883
167.4469,-22.85142,5.098378,17.88537,-22.7643,4.9166,17.81934,-22.71079,4.915262,18.03883
167.4802,-22.85142,5.098378,17.88537,-22.7643,4.9166,17.81934,-22.71079,4.915262,18.03883
167.5135,-22.85142,5.098378,17.88537,-22.7643,4.9166,17.81934,-22.71079,4.915262,18.03883
167.5469,-22.85153,5.098902,17.88379,-22.7643,4.9166,17.81934,-22.71079,4.915262,18.03883
167.5802,-22.85153,5.098902,17.88379,-22.76425,4.916842,17.81737,-22.71079,4.915262,18.03883
167.6136,-22.85164,5.099427,17.88221,-22.76425,4.916842,17.81737,-22.71079,4.915262,18.03883
167.6469,-22.85164,5.099427,17.88221,-22.7642,4.917084,17.8154,-22.71079,4.915262,18.03883
167.6802,-22.85164,5.099426,17.88221,-22.7642,4.917084,17.8154,-22.71079,4.915262,18.03883
167.7135,-22.85164,5.099426,17.88221,-22.7642,4.917084,17.8154,-22.71079,4.915262,18.03883
167.7469,-22.85153,5.098902,17.88379,-22.7642,4.917084,17.8154,-22.71079,4.915262,18.03883
167.7802,-22.85153,5.098902,17.88379,-22.76425,4.916842,17.81737,-22.71079,4.915262,18.03883
167.8136,-22.85142,5.098378,17.88537,-22.76425,4.916842,17.81737,-22.71079,4.915262,18.03883
167.8469,-22.85142,5.098379,17.88537,-22.7643,4.9166,17.81934,-22.71079,4.915262,18.03883
167.8802,-22.85071,5.097517,17.88608,-22.7643,4.9166,17.81934,-22.71079,4.915262,18.03883
167.9135,-22.85058,5.096697,17.88809,-22.76395,4.916396,17.82046,-22.71079,4.915262,18.03883
167.9469,-22.85058,5.096697,17.88809,-22.76409,4.916107,17.82294,-22.71079,4.915262,18.03883
167.9802,-22.85058,5.096697,17.88808,-22.76409,4.916107,17.82294,-22.71079,4.915262,18.03883
168.0135,-22.85047,5.096179,17.88967,-22.76409,4.916107,17.82294,-22.71079,4.915262,18.03883
168.0469,-22.85058,5.096697,17.88808,-22.77334,4.935086,17.83181,-22.71079,4.915262,18.03883
168.0802,-22.8492,5.096179,17.88913,-22.76409,4.916107,17.82294,-22.71079,4.915262,18.03883
168.1136,-22.84715,5.098561,17.88131,-22.76409,4.916107,17.82294,-22.71079,4.915262,18.03883
168.1469,-22.84644,5.099532,17.87613,-22.76409,4.916107,17.82294,-22.71079,4.915262,18.03883
168.1802,-22.84322,5.101818,17.87014,-22.76409,4.916107,17.82294,-22.71079,4.915262,18.03883
168.2135,-22.84501,5.10033,17.86604,-22.76409,4.916107,17.82294,-22.71079,4.915262,18.03883
168.2469,-22.84364,5.099678,17.86374,-22.76409,4.916107,17.82294,-22.71079,4.915262,18.03883
168.2802,-22.84391,5.09735,17.8595,-22.76409,4.916107,17.82294,-22.71079,4.915262,18.03883
168.3136,-22.84402,5.096354,17.85769,-22.76409,4.916107,17.82294,-22.71079,4.915262,18.03883
168.3469,-22.84471,5.094151,17.8565,-22.76409,4.916107,17.82294,-22.71079,4.915262,18.03883
168.3802,-22.8461,5.092833,17.85461,-22.76409,4.916107,17.82294,-22.71079,4.915262,18.03883
168.4135,-22.84946,5.090611,17.85504,-22.76409,4.916107,17.82294,-22.71079,4.915262,18.03883
168.4469,-22.85376,5.090384,17.85162,-22.76409,4.916107,17.82294,-22.71079,4.915262,18.03883
168.4802,-22.86243,5.088243,17.8506,-22.76409,4.916107,17.82294,-22.71079,4.915262,18.03883
168.5135,-22.87106,5.088223,17.84665,-22.76409,4.916107,17.82294,-22.71079,4.915262,18.03883
168.5469,-22.88049,5.088932,17.84234,-22.76409,4.916107,17.82294,-22.71079,4.915262,18.03883
168.5802,-22.88791,5.087057,17.8393,-22.76409,4.916107,17.82294,-22.71079,4.915262,18.03883
168.6136,-22.89427,5.086026,17.83565,-22.76409,4.916107,17.82294,-22.71079,4.915262,18.03883
168.6469,-22.90306,5.084861,17.83239,-22.76409,4.916107,17.82294,-22.71079,4.915262,18.03883
168.6802,-22.91434,5.084066,17.82796,-22.76409,4.916107,17.82294,-22.71079,4.915262,18.03883
168.7135,-22.91978,5.084721,17.8245,-22.76409,4.916107,17.82294,-22.71079,4.915262,18.03883
168.7469,-22.927,5.085332,17.82316,-22.76409,4.916107,17.82294,-22.71079,4.915262,18.03883
168.7802,-22.93287,5.087615,17.82029,-22.76409,4.916107,17.82294,-22.71079,4.915262,18.03883
168.8136,-22.93774,5.08832,17.81796,-22.76409,4.916107,17.82294,-22.71079,4.915262,18.03883
168.8469,-22.93966,5.090862,17.81732,-22.76409,4.916107,17.82294,-22.71079,4.915262,18.03883
168.8802,-22.94525,5.092697,17.81463,-22.76409,4.916107,17.82294,-22.71079,4.915262,18.03883
168.9135,-22.94691,5.094536,17.81252,-22.76409,4.916107,17.82294,-22.71079,4.915262,18.03883
168.9469,-22.94977,5.094942,17.81098,-22.76409,4.916107,17.82294,-22.71079,4.915262,18.03883
168.9802,-22.95237,5.095363,17.80764,-22.76409,4.916107,17.82294,-22.71079,4.915262,18.03883
169.0135,-22.95353,5.095711,17.8049,-22.76409,4.916107,17.82294,-22.71079,4.915262,18.03883
169.0469,-22.9545,5.09489,17.80271,-22.76409,4.916107,17.82294,-22.71079,4.915262,18.03883
169.0802,-22.95191,5.094616,17.80063,-22.76409,4.916107,17.82294,-22.71079,4.915262,18.03883
169.1136,-22.95007,5.094353,17.79989,-22.76409,4.916107,17.82294,-22.71079,4.915262,18.03883
169.1469,-22.949,5.092773,17.79844,-22.76409,4.916107,17.82294,-22.71079,4.915262,18.03883
169.1802,-22.94925,5.091191,17.7967,-22.76409,4.916107,17.82294,-22.71079,4.915262,18.03883
169.2135,-22.94981,5.090616,17.79544,-22.76409,4.916107,17.82294,-22.71079,4.915262,18.03883
169.2469,-22.95331,5.088265,17.79416,-22.76409,4.916107,17.82294,-22.71079,4.915262,18.03883
169.2802,-22.9554,5.086973,17.79324,-22.76409,4.916107,17.82294,-22.71079,4.915262,18.03883
169.3136,-22.95884,5.085998,17.79201,-22.76409,4.916107,17.82294,-22.71079,4.915262,18.03883
169.3469,-22.96351,5.084293,17.79142,-22.76409,4.916107,17.82294,-22.71079,4.915262,18.03883
169.3802,-22.9702,5.082024,17.79095,-22.76409,4.916107,17.82294,-22.71079,4.915262,18.03883
169.4135,-22.97154,5.081824,17.79057,-22.76409,4.916107,17.82294,-22.71079,4.915262,18.03883
169.4469,-22.97528,5.080272,17.79041,-22.76409,4.916107,17.82294,-22.71079,4.915262,18.03883
169.4802,-22.97895,5.078855,17.78947,-22.76409,4.916107,17.82294,-22.71079,4.915262,18.03883
169.5135,-22.9815,5.077693,17.78939,-22.76409,4.916107,17.82294,-22.71079,4.915262,18.03883
169.5469,-22.98311,5.076769,17.78905,-22.76409,4.916107,17.82294,-22.71079,4.915262,18.03883
169.5802,-22.9858,5.075206,17.78873,-22.76409,4.916107,17.82294,-22.71079,4.915262,18.03883
169.6136,-22.98845,5.074097,17.78814,-22.76409,4.916107,17.82294,-22.71079,4.915262,18.03883
169.6469,-22.98834,5.073765,17.78719,-22.76409,4.916107,17.82294,-22.71079,4.915262,18.03883
169.6802,-22.99008,5.072704,17.78589,-22.76409,4.916107,17.82294,-22.71079,4.915262,18.03883
169.7135,-22.98991,5.072494,17.78521,-22.76409,4.916107,17.82294,-22.71079,4.915262,18.03883
169.7469,-22.98727,5.072714,17.78425,-22.76409,4.916107,17.82294,-22.71079,4.915262,18.03883
169.7802,-22.98585,5.072499,17.78321,-22.76409,4.916107,17.82294,-22.71079,4.915262,18.03883
169.8136,-22.98505,5.072486,17.78249,-22.76409,4.916107,17.82294,-22.71079,4.915262,18.03883
169.8469,-22.98469,5.072062,17.78058,-22.76409,4.916107,17.82294,-22.71079,4.915262,18.03883
169.8802,-22.98022,5.072795,17.779,-22.76409,4.916107,17.82294,-22.71079,4.915262,18.03883
169.9135,-22.97712,5.073457,17.77833,-22.76409,4.916107,17.82294,-22.71079,4.915262,18.03883
169.9469,-22.97238,5.074721,17.77659,-22.76409,4.916107,17.82294,-22.71079,4.915262,18.03883
169.9802,-22.96262,5.077796,17.77576,-22.76409,4.916107,17.82294,-22.71079,4.915262,18.03883
170.0135,-22.95907,5.079616,17.77413,-22.76409,4.916107,17.82294,-22.71079,4.915262,18.03883
170.0469,-22.95316,5.081634,17.77295,-22.76409,4.916107,17.82294,-22.71079,4.915262,18.03883
170.0802,-22.95101,5.083026,17.77132,-22.76409,4.916107,17.82294,-22.71079,4.915262,18.03883
170.1136,-22.96811,5.098362,17.74169,-22.76409,4.916107,17.82294,-22.71079,4.915262,18.03883
170.1469,-22.98623,5.091681,17.75514,-22.76409,4.916107,17.82294,-22.71079,4.915262,18.03883
170.1802,-22.97966,5.085692,17.76963,-22.76409,4.916107,17.82294,-22.71079,4.915262,18.03883
170.2135,-22.97709,5.086301,17.76971,-22.91913,4.930863,17.68533,-22.71079,4.915262,18.03883
170.2469,-22.97248,5.088524,17.76817,-22.91632,4.930889,17.68538,-22.71079,4.915262,18.03883
170.2802,-22.96816,5.090547,17.76663,-22.91089,4.931148,17.68311,-22.71079,4.915262,18.03883
170.3136,-22.96624,5.091422,17.76587,-22.90586,4.931411,17.68072,-22.71079,4.915262,18.03883
170.3469,-22.96432,5.092329,17.76439,-22.90364,4.931538,17.67955,-22.71079,4.915262,18.03883
170.3802,-22.95992,5.094025,17.7631,-22.9017,4.93172,17.67772,-22.71079,4.915262,18.03883
170.4135,-22.95873,5.094438,17.76249,-22.89647,4.931962,17.67561,-22.71079,4.915262,18.03883
170.4469,-22.95683,5.094982,17.76144,-22.89515,4.932045,17.67483,-22.71079,4.915262,18.03883
170.4802,-22.95557,5.095192,17.76062,-22.89309,4.932178,17.67355,-22.71079,4.915262,18.03883
170.5135,-22.95517,5.095187,17.76031,-22.89179,4.932271,17.67267,-22.71079,4.915262,18.03883
170.5469,-22.95494,5.094852,17.76013,-22.8914,4.932301,17.67237,-22.71079,4.915262,18.03883
170.5802,-22.9551,5.094624,17.75971,-22.8913,4.932301,17.67238,-22.71079,4.915262,18.03883
170.6136,-22.95563,5.094193,17.76009,-22.89155,4.932323,17.67209,-22.71079,4.915262,18.03883
170.6469,-22.95488,5.094462,17.75991,-22.89224,4.932241,17.67294,-22.71079,4.915262,18.03883
170.6802,-22.95613,5.094014,17.76002,-22.89115,4.932282,17.67262,-22.71079,4.915262,18.03883
170.7135,-22.95525,5.094052,17.76084,-22.89256,4.932239,17.67294,-22.71079,4.915262,18.03883
170.7469,-22.98754,5.097173,17.75529,-22.89134,4.932161,17.67397,-22.71079,4.915262,18.03883
170.7802,-22.98619,5.095545,17.76534,-22.92245,4.932376,17.66766,-22.71079,4.915262,18.03883
170.8136,-22.98604,5.094274,17.7675,-22.92142,4.931404,17.67888,-22.71079,4.915262,18.03883
170.8469,-22.98414,5.094652,17.76756,-22.92172,4.931128,17.68198,-22.71079,4.915262,18.03883
170.8802,-22.9847,5.094265,17.76757,-22.91945,4.931137,17.68217,-22.71079,4.915262,18.03883
170.9135,-22.98395,5.094955,17.76667,-22.92043,4.931077,17.68273,-22.71079,4.915262,18.03883
170.9469,-22.9824,5.095752,17.76608,-22.91945,4.931216,17.68126,-22.71079,4.915262,18.03883
170.9802,-22.9807,5.096404,17.76603,-22.91762,4.931319,17.68032,-22.71079,4.915262,18.03883
171.0135,-22.97999,5.096873,17.76567,-22.9157,4.931348,17.68022,-22.71079,4.915262,18.03883
171.0469,-22.97726,5.098755,17.76553,-22.91487,4.931409,17.67962,-22.71079,4.915262,18.03883
171.0802,-22.97603,5.100558,17.76552,-22.91123,4.931514,17.67888,-22.71079,4.915262,18.03883
171.1136,-22.97392,5.102229,17.76539,-22.90934,4.931589,17.67826,-22.71079,4.915262,18.03883
171.1469,-22.97332,5.103935,17.76583,-22.90634,4.931706,17.6773,-22.71079,4.915262,18.03883
171.1802,-22.96996,5.106654,17.76615,-22.90514,4.931726,17.67722,-22.71079,4.915262,18.03883
171.2135,-22.97617,5.10888,17.75844,-22.90026,4.931842,17.67651,-22.71079,4.915262,18.03883
171.2469,-22.97847,5.106861,17.76235,-22.9059,4.932477,17.66856,-22.71079,4.915262,18.03883
171.2802,-22.97538,5.106293,17.76715,-22.90861,4.93199,17.67378,-22.71079,4.915262,18.03883
171.3136,-22.97584,5.107913,17.7631,-22.90538,4.931551,17.67918,-22.71079,4.915262,18.03883
171.3469,-22.97556,5.107891,17.76473,-22.90505,4.931913,17.6751,-22.71079,4.915262,18.03883
171.3802,-22.97435,5.107651,17.76732,-22.90444,4.931724,17.67733,-22.71079,4.915262,18.03883
171.4135,-22.97401,5.107872,17.76777,-22.90322,4.931467,17.68042,-22.71079,4.915262,18.03883
171.4469,-22.97212,5.109364,17.76748,-22.90276,4.931415,17.68106,-22.71079,4.915262,18.03883
171.4802,-22.97224,5.109792,17.76766,-22.9,4.931522,17.68018,-22.71079,4.915262,18.03883
171.5135,-22.97076,5.110667,17.76759,-22.89996,4.9315,17.68044,-22.71079,4.915262,18.03883
171.5469,-22.97104,5.110926,17.76761,-22.89787,4.931567,17.67994,-22.71079,4.915262,18.03883
171.5802,-22.96976,5.111733,17.76762,-22.89787,4.931567,17.67994,-22.71079,4.915262,18.03883
171.6136,-22.9697,5.111967,17.76731,-22.89787,4.931567,17.67994,-22.71079,4.915262,18.03883
171.6469,-22.96854,5.112317,17.76758,-22.89787,4.931567,17.67994,-22.71079,4.915262,18.03883
171.6802,-22.96877,5.112083,17.76763,-22.89787,4.931567,17.67994,-22.71079,4.915262,18.03883
171.7135,-22.96871,5.11201,17.76767,-22.89787,4.931567,17.67994,-22.71079,4.915262,18.03883
171.7469,-22.96908,5.111827,17.76744,-22.89787,4.931567,17.67994,-22.71079,4.915262,18.03883
171.7802,-22.97201,5.110441,17.76731,-22.89787,4.931567,17.67994,-22.71079,4.915262,18.03883
171.8136,-22.97209,5.11047,17.76707,-22.89787,4.931567,17.67994,-22.71079,4.915262,18.03883
171.8469,-22.9751,5.108998,17.76923,-22.89787,4.931567,17.67994,-22.71079,4.915262,18.03883
171.8802,-22.97588,5.107219,17.77382,-22.89787,4.931567,17.67994,-22.71079,4.915262,18.03883
171.9135,-22.97775,5.105305,17.77696,-22.89787,4.931567,17.67994,-22.71079,4.915262,18.03883
171.9469,-22.9813,5.103493,17.77847,-22.89787,4.931567,17.67994,-22.71079,4.915262,18.03883
171.9802,-22.98247,5.100931,17.78293,-22.89787,4.931567,17.67994,-22.71079,4.915262,18.03883
172.0135,-22.98364,5.098389,17.7874,-22.89787,4.931567,17.67994,-22.71079,4.915262,18.03883
172.0469,-22.98339,5.097081,17.79046,-22.89787,4.931567,17.67994,-22.71079,4.915262,18.03883
172.0802,-22.9841,5.095214,17.7932,-22.89787,4.931567,17.67994,-22.71079,4.915262,18.03883
172.1136,-22.98373,5.093277,17.7978,-22.89787,4.931567,17.67994,-22.71079,4.915262,18.03883
172.1469,-22.98351,5.092296,17.80046,-22.89787,4.931567,17.67994,-22.71079,4.915262,18.03883
172.1802,-22.98339,5.091658,17.80199,-22.89787,4.931567,17.67994,-22.71079,4.915262,18.03883
172.2135,-22.98325,5.091321,17.80414,-22.89787,4.931567,17.67994,-22.71079,4.915262,18.03883
172.2469,-22.98325,5.091321,17.80413,-22.89787,4.931567,17.67994,-22.71079,4.915262,18.03883
172.2802,-22.98325,5.091321,17.80413,-22.89787,4.931567,17.67994,-22.71079,4.915262,18.03883
172.3136,-22.98337,5.091957,17.8026,-22.89787,4.931567,17.67994,-22.71079,4.915262,18.03883
172.3469,-22.98349,5.092594,17.80106,-22.89787,4.931567,17.67994,-22.71079,4.915262,18.03883
172.3802,-22.98349,5.092594,17.80106,-22.89787,4.931567,17.67994,-22.71079,4.915262,18.03883
172.4135,-22.98374,5.094178,17.79757,-22.89787,4.931567,17.67994,-22.71079,4.915262,18.03883
172.4469,-22.98384,5.095116,17.79664,-22.89787,4.931567,17.67994,-22.71079,4.915262,18.03883
172.4802,-22.98266,5.099114,17.7921,-22.89787,4.931567,17.67994,-22.71079,4.915262,18.03883
172.5135,-22.98445,5.100441,17.78911,-22.89787,4.931567,17.67994,-22.71079,4.915262,18.03883
172.5469,-22.98315,5.102314,17.78616,-22.89787,4.931567,17.67994,-22.71079,4.915262,18.03883
172.5802,-22.98328,5.10297,17.78463,-22.89787,4.931567,17.67994,-22.71079,4.915262,18.03883
172.6136,-22.98483,5.102402,17.78452,-22.89787,4.931567,17.67994,-22.71079,4.915262,18.03883
172.6469,-22.98483,5.102403,17.78452,-22.89787,4.931567,17.67994,-22.71079,4.915262,18.03883
172.6802,-22.98469,5.101443,17.78646,-22.89787,4.931567,17.67994,-22.71079,4.915262,18.03883
172.7135,-22.98314,5.102011,17.78658,-22.89787,4.931567,17.67994,-22.71079,4.915262,18.03883
172.7469,-22.98289,5.100707,17.78964,-22.91601,4.933883,17.70912,-22.71079,4.915262,18.03883
172.7802,-22.98204,5.099408,17.7925,-22.91658,4.93453,17.71362,-22.71079,4.915262,18.03883
172.8136,-22.9819,5.099057,17.79463,-22.91658,4.935151,17.71787,-22.71079,4.915262,18.03883
172.8469,-22.97588,5.10113,17.79387,-22.91676,4.935561,17.7207,-22.71079,4.915262,18.03883
172.8802,-22.97359,5.100756,17.79572,-22.90949,4.935431,17.71865,-22.71079,4.915262,18.03883
172.9135,-22.97036,5.101266,17.79748,-22.9073,4.935837,17.72108,-22.71079,4.915262,18.03883
172.9469,-22.96855,5.100565,17.80066,-22.90351,4.936206,17.723,-22.71079,4.915262,18.03883
172.9802,-22.96698,5.101445,17.80138,-22.90203,4.936872,17.72731,-22.71079,4.915262,18.03883
173.0135,-22.96683,5.101108,17.80352,-22.89989,4.936985,17.72774,-22.71079,4.915262,18.03883
173.0469,-22.9654,5.102326,17.80209,-22.90007,4.937394,17.73056,-22.71079,4.915262,18.03883
173.0802,-22.96538,5.102624,17.80269,-22.89775,4.937098,17.72817,-22.71079,4.915262,18.03883
173.1136,-22.96549,5.103558,17.80176,-22.89765,4.937186,17.72876,-22.71079,4.915262,18.03883
173.1469,-22.96621,5.104195,17.80044,-22.89726,4.936954,17.72711,-22.71079,4.915262,18.03883
173.1802,-22.96708,5.105779,17.79717,-22.89756,4.936656,17.72512,-22.71079,4.915262,18.03883
173.2135,-22.96793,5.107066,17.79432,-22.89742,4.935953,17.7203,-22.71079,4.915262,18.03883
173.2469,-22.9682,5.108361,17.79125,-22.9012,4.944561,17.72025,-22.71079,4.915262,18.03883
173.2802,-22.97002,5.108486,17.7879,-22.89687,4.934755,17.71156,-22.71079,4.915262,18.03883
173.3136,-22.96801,5.109723,17.78626,-22.8986,4.934114,17.70721,-22.71079,4.915262,18.03883
173.3469,-22.96969,5.109797,17.78462,-22.90141,4.947741,17.71099,-22.71079,4.915262,18.03883
173.3802,-22.96924,5.110456,17.78287,-22.89748,4.933521,17.70244,-22.71079,4.915262,18.03883
173.4135,-22.96665,5.111697,17.78102,-22.89665,4.933217,17.69992,-22.71079,4.915262,18.03883
173.4469,-22.96702,5.111115,17.78047,-22.8932,4.932954,17.69699,-22.71079,4.915262,18.03883
173.4802,-22.96614,5.112153,17.77638,-22.8932,4.932954,17.69699,-22.71079,4.915262,18.03883
173.5135,-22.96622,5.111289,17.77459,-22.8932,4.932954,17.69699,-22.71079,4.915262,18.03883
173.5469,-22.96547,5.108407,17.77876,-22.8932,4.932954,17.69699,-22.71079,4.915262,18.03883
173.5802,-22.97113,5.102892,17.78347,-22.8932,4.932954,17.69699,-22.71079,4.915262,18.03883
173.6136,-22.97615,5.097359,17.78999,-22.8932,4.932954,17.69699,-22.71079,4.915262,18.03883
173.6469,-22.98526,5.088197,17.80172,-22.8932,4.932954,17.69699,-22.71079,4.915262,18.03883
173.6802,-22.99557,5.079636,17.81474,-22.8932,4.932954,17.69699,-22.71079,4.915262,18.03883
173.7135,-23.00397,5.073249,17.82486,-22.8932,4.932954,17.69699,-22.71079,4.915262,18.03883
173.7469,-23.01838,5.0668,17.83393,-22.8932,4.932954,17.69699,-22.71079,4.915262,18.03883
173.7802,-23.03245,5.060769,17.83988,-22.8932,4.932954,17.69699,-22.71079,4.915262,18.03883
173.8136,-23.04545,5.053157,17.85042,-22.8932,4.932954,17.69699,-22.71079,4.915262,18.03883
173.8469,-23.05664,5.045316,17.8615,-22.8932,4.932954,17.69699,-22.71079,4.915262,18.03883
173.8802,-23.071,5.035011,17.87509,-22.8932,4.932954,17.69699,-22.71079,4.915262,18.03883
173.9135,-23.08204,5.026921,17.88623,-22.8932,4.932954,17.69699,-22.71079,4.915262,18.03883
173.9469,-23.09225,5.019697,17.89653,-22.8932,4.932954,17.69699,-22.71079,4.915262,18.03883
173.9802,-23.10535,5.009617,17.91103,-22.8932,4.932954,17.69699,-22.71079,4.915262,18.03883
174.0135,-23.11766,5.004503,17.92038,-22.8932,4.932954,17.69699,-22.71079,4.915262,18.03883
174.0469,-23.1333,4.999384,17.92982,-22.8932,4.932954,17.69699,-22.71079,4.915262,18.03883
174.0802,-23.13905,4.99624,17.93777,-22.8932,4.932954,17.69699,-22.71079,4.915262,18.03883
174.1136,-23.14193,4.994723,17.94109,-22.8932,4.932954,17.69699,-22.71079,4.915262,18.03883
174.1469,-23.1419,4.992383,17.94691,-22.8932,4.932954,17.69699,-22.71079,4.915262,18.03883
174.1802,-23.14348,4.98994,17.95323,-22.8932,4.932954,17.69699,-22.71079,4.915262,18.03883
174.2135,-23.14281,4.989748,17.9553,-22.8932,4.932954,17.69699,-22.71079,4.915262,18.03883
174.2469,-23.14212,4.989373,17.95959,-22.8932,4.932954,17.69699,-22.71079,4.915262,18.03883
174.2802,-23.14014,4.990041,17.96042,-22.8932,4.932954,17.69699,-22.71079,4.915262,18.03883
174.3136,-23.13816,4.991886,17.95988,-22.8932,4.932954,17.69699,-22.71079,4.915262,18.03883
174.3469,-23.13326,4.99417,17.95916,-22.8932,4.932954,17.69699,-22.71079,4.915262,18.03883
174.3802,-23.12493,4.997506,17.95443,-22.8932,4.932954,17.69699,-22.71079,4.915262,18.03883
174.4135,-23.12173,4.998728,17.95428,-22.8932,4.932954,17.69699,-22.71079,4.915262,18.03883
174.4469,-23.11948,4.999825,17.95344,-22.8932,4.932954,17.69699,-22.71079,4.915262,18.03883
174.4802,-23.11633,5.002428,17.94971,-22.8932,4.932954,17.69699,-22.71079,4.915262,18.03883
174.5135,-23.11634,5.002085,17.94804,-22.8932,4.932954,17.69699,-22.71079,4.915262,18.03883
174.5469,-23.11478,5.00273,17.94493,-22.8932,4.932954,17.69699,-22.71079,4.915262,18.03883
174.5802,-23.11316,5.002662,17.94663,-22.8932,4.932954,17.69699,-22.71079,4.915262,18.03883
174.6136,-23.11159,5.003654,17.94518,-22.8932,4.932954,17.69699,-22.71079,4.915262,18.03883
174.6469,-23.10999,5.003788,17.94468,-22.8932,4.932954,17.69699,-22.71079,4.915262,18.03883
174.6802,-23.10841,5.003263,17.94292,-22.8932,4.932954,17.69699,-22.71079,4.915262,18.03883
174.7135,-23.1068,5.001878,17.94212,-22.8932,4.932954,17.69699,-22.71079,4.915262,18.03883
174.7469,-23.10677,4.999162,17.94213,-22.8932,4.932954,17.69699,-22.71079,4.915262,18.03883
174.7802,-23.10674,4.996449,17.94214,-22.8932,4.932954,17.69699,-22.71079,4.915262,18.03883
174.8136,-23.10671,4.993736,17.94214,-22.8932,4.932954,17.69699,-22.71079,4.915262,18.03883
174.8469,-23.10666,4.990493,17.94372,-22.8932,4.932954,17.69699,-22.71079,4.915262,18.03883
174.8802,-23.10664,4.989021,17.94356,-22.8932,4.932954,17.69699,-22.71079,4.915262,18.03883
174.9135,-23.10666,4.989116,17.94466,-22.8932,4.932954,17.69699,-22.71079,4.915262,18.03883
174.9469,-23.10652,4.98938,17.94497,-22.8932,4.932954,17.69699,-22.71079,4.915262,18.03883
174.9802,-23.10668,4.989099,17.94429,-22.8932,4.932954,17.69699,-22.71079,4.915262,18.03883
175.0135,-23.1068,4.98948,17.94723,-22.8932,4.932954,17.69699,-22.71079,4.915262,18.03883
175.0469,-23.10867,4.989379,17.94613,-22.8932,4.932954,17.69699,-22.71079,4.915262,18.03883
175.0802,-23.10752,4.989452,17.94559,-22.8932,4.932954,17.69699,-22.71079,4.915262,18.03883
175.1136,-23.10791,4.98932,17.94592,-22.8932,4.932954,17.69699,-22.71079,4.915262,18.03883
175.1469,-23.11,4.98903,17.94515,-22.8932,4.932954,17.69699,-22.71079,4.915262,18.03883
175.1802,-23.10884,4.988037,17.94057,-22.8932,4.932954,17.69699,-22.71079,4.915262,18.03883
175.2135,-23.11066,4.987037,17.93889,-22.8932,4.932954,17.69699,-22.71079,4.915262,18.03883
175.2469,-23.10917,4.987837,17.94034,-22.8932,4.932954,17.69699,-22.71079,4.915262,18.03883
175.2802,-23.11085,4.987287,17.93933,-22.8932,4.932954,17.69699,-22.71079,4.915262,18.03883
175.3136,-23.1091,4.98802,17.93717,-22.8932,4.932954,17.69699,-22.71079,4.915262,18.03883
175.3469,-23.11056,4.986674,17.93811,-22.8932,4.932954,17.69699,-22.71079,4.915262,18.03883
175.3802,-23.11082,4.988409,17.93473,-22.8932,4.932954,17.69699,-22.71079,4.915262,18.03883
175.4135,-23.11094,4.990652,17.92842,-22.8932,4.932954,17.69699,-22.71079,4.915262,18.03883
175.4469,-23.11107,4.991666,17.91965,-22.8932,4.932954,17.69699,-22.71079,4.915262,18.03883
175.4802,-23.11232,4.983794,17.90562,-22.8932,4.932954,17.69699,-22.71079,4.915262,18.03883
175.5135,-23.1102,4.983835,17.90359,-22.8932,4.932954,17.69699,-22.71079,4.915262,18.03883
175.5469,-23.11055,4.984676,17.90162,-22.8932,4.932954,17.69699,-22.71079,4.915262,18.03883
175.5802,-23.10548,4.983781,17.89983,-22.8932,4.932954,17.69699,-22.71079,4.915262,18.03883
175.6136,-23.1077,4.983401,17.90075,-22.8932,4.932954,17.69699,-22.71079,4.915262,18.03883
175.6469,-23.10618,4.984563,17.89919,-22.8932,4.932954,17.69699,-22.71079,4.915262,18.03883
175.6802,-23.10812,4.984346,17.89988,-22.8932,4.932954,17.69699,-22.71079,4.915262,18.03883
175.7135,-23.10813,4.984372,17.89985,-22.8932,4.932954,17.69699,-22.71079,4.915262,18.03883
175.7469,-23.10685,4.984548,17.89939,-22.8932,4.932954,17.69699,-22.71079,4.915262,18.03883
175.7802,-23.10271,4.986757,17.90111,-22.8932,4.932954,17.69699,-22.71079,4.915262,18.03883
175.8136,-23.09973,4.988054,17.90218,-22.8932,4.932954,17.69699,-22.71079,4.915262,18.03883
175.8469,-23.09809,4.990369,17.90561,-22.8932,4.932954,17.69699,-22.71079,4.915262,18.03883
175.8802,-23.09616,4.991976,17.909,-22.8932,4.932954,17.69699,-22.71079,4.915262,18.03883
175.9135,-23.09587,4.992206,17.90956,-22.8932,4.932954,17.69699,-22.71079,4.915262,18.03883
175.9469,-23.09548,4.99275,17.91107,-22.8932,4.932954,17.69699,-22.71079,4.915262,18.03883
175.9802,-23.09505,4.992875,17.91142,-22.8932,4.932954,17.69699,-22.71079,4.915262,18.03883
176.0135,-23.09486,4.992904,17.9116,-22.8932,4.932954,17.69699,-22.71079,4.915262,18.03883
176.0469,-23.09455,4.993268,17.91315,-22.8932,4.932954,17.69699,-22.71079,4.915262,18.03883
176.0802,-23.09426,4.993471,17.91479,-22.8932,4.932954,17.69699,-22.71079,4.915262,18.03883
176.1136,-23.09253,4.993616,17.91528,-22.8932,4.932954,17.69699,-22.71079,4.915262,18.03883
176.1469,-23.09394,4.993861,17.9166,-22.8932,4.932954,17.69699,-22.71079,4.915262,18.03883
176.1802,-23.09374,4.993918,17.91681,-22.8932,4.932954,17.69699,-22.71079,4.915262,18.03883
176.2135,-23.09357,4.993923,17.91699,-22.8932,4.932954,17.69699,-22.71079,4.915262,18.03883
176.2469,-23.09337,4.994037,17.91722,-22.8932,4.932954,17.69699,-22.71079,4.915262,18.03883
176.2802,-23.09327,4.994042,17.91882,-22.8932,4.932954,17.69699,-22.71079,4.915262,18.03883
176.3136,-23.09319,4.994003,17.92042,-22.8932,4.932954,17.69699,-22.71079,4.915262,18.03883
176.3469,-23.09296,4.99405,17.92258,-22.8932,4.932954,17.69699,-22.71079,4.915262,18.03883
176.3802,-23.09249,4.99372,17.92561,-22.8932,4.932954,17.69699,-22.71079,4.915262,18.03883
176.4135,-23.09386,4.992825,17.92986,-22.8932,4.932954,17.69699,-22.71079,4.915262,18.03883
176.4469,-23.09397,4.992481,17.93174,-22.8932,4.932954,17.69699,-22.71079,4.915262,18.03883
176.4802,-23.09752,4.990061,17.93737,-22.8932,4.932954,17.69699,-22.71079,4.915262,18.03883
176.5135,-23.09911,4.988653,17.94038,-22.8932,4.932954,17.69699,-22.71079,4.915262,18.03883
176.5469,-23.10242,4.98872,17.9413,-22.8932,4.932954,17.69699,-22.71079,4.915262,18.03883
176.5802,-23.1039,4.988615,17.94122,-22.8932,4.932954,17.69699,-22.71079,4.915262,18.03883
176.6136,-23.10715,4.988101,17.94082,-22.8932,4.932954,17.69699,-22.71079,4.915262,18.03883
176.6469,-23.10862,4.987453,17.93786,-22.8932,4.932954,17.69699,-22.71079,4.915262,18.03883
176.6802,-23.11399,4.985563,17.93672,-22.8932,4.932954,17.69699,-22.71079,4.915262,18.03883
176.7135,-23.11482,4.986236,17.93421,-22.8932,4.932954,17.69699,-22.71079,4.915262,18.03883
176.7469,-23.11829,4.984755,17.93208,-22.8932,4.932954,17.69699,-22.71079,4.915262,18.03883
176.7802,-23.11994,4.983269,17.93138,-22.8932,4.932954,17.69699,-22.71079,4.915262,18.03883
176.8136,-23.12158,4.982184,17.93125,-22.8932,4.932954,17.69699,-22.71079,4.915262,18.03883
176.8469,-23.12168,4.982046,17.92969,-22.8932,4.932954,17.69699,-22.71079,4.915262,18.03883
176.8802,-23.12172,4.982022,17.9297,-22.8932,4.932954,17.69699,-22.71079,4.915262,18.03883
176.9135,-23.12174,4.982023,17.92971,-22.8932,4.932954,17.69699,-22.71079,4.915262,18.03883
176.9469,-23.12177,4.982026,17.92972,-22.8932,4.932954,17.69699,-22.71079,4.915262,18.03883
176.9802,-23.12199,4.98201,17.9298,-22.8932,4.932954,17.69699,-22.71079,4.915262,18.03883
177.0135,-23.12083,4.982836,17.9301,-22.8932,4.932954,17.69699,-22.71079,4.915262,18.03883
177.0469,-23.12106,4.98255,17.9307,-22.8932,4.932954,17.69699,-22.71079,4.915262,18.03883
177.0802,-23.12131,4.982064,17.9306,-22.8932,4.932954,17.69699,-22.71079,4.915262,18.03883
177.1136,-23.12148,4.982501,17.92956,-22.8932,4.932954,17.69699,-22.71079,4.915262,18.03883
177.1469,-23.12154,4.983055,17.92799,-22.8932,4.932954,17.69699,-22.71079,4.915262,18.03883
177.1802,-23.12048,4.98403,17.9283,-22.8932,4.932954,17.69699,-22.71079,4.915262,18.03883
177.2135,-23.11797,4.986289,17.9272,-22.8932,4.932954,17.69699,-22.71079,4.915262,18.03883
177.2469,-23.11686,4.987381,17.9275,-22.8932,4.932954,17.69699,-22.71079,4.915262,18.03883
177.2802,-23.11555,4.988255,17.92775,-22.8932,4.932954,17.69699,-22.71079,4.915262,18.03883
177.3136,-23.11413,4.989015,17.92797,-22.8932,4.932954,17.69699,-22.71079,4.915262,18.03883
177.3469,-23.11286,4.98978,17.92803,-22.8932,4.932954,17.69699,-22.71079,4.915262,18.03883
177.3802,-23.11316,4.989744,17.92772,-22.8932,4.932954,17.69699,-22.71079,4.915262,18.03883
177.4135,-23.11165,4.99041,17.92792,-22.8932,4.932954,17.69699,-22.71079,4.915262,18.03883
177.4469,-23.11015,4.99066,17.92975,-22.8932,4.932954,17.69699,-22.71079,4.915262,18.03883
177.4802,-23.10998,4.99069,17.92994,-23.10156,4.964182,17.92079,-22.71079,4.915262,18.03883
177.5135,-23.10996,4.99017,17.93154,-23.10143,4.964334,17.92102,-22.71079,4.915262,18.03883
177.5469,-23.10995,4.990161,17.93155,-23.10144,4.963886,17.92268,-22.71079,4.915262,18.03883
177.5802,-23.10837,4.990728,17.93175,-23.10143,4.963911,17.92271,-22.71079,4.915262,18.03883
177.6136,-23.10833,4.990332,17.93286,-23.10002,4.965101,17.92312,-22.71079,4.915262,18.03883
177.6469,-23.10672,4.990804,17.93303,-23.09991,4.964463,17.92417,-22.71079,4.915262,18.03883
177.6802,-23.10829,4.99032,17.93291,-23.09827,4.964991,17.92436,-22.71079,4.915262,18.03883
177.7135,-23.10664,4.990175,17.93461,-23.09984,4.964387,17.9242,-22.71079,4.915262,18.03883
177.7469,-23.10821,4.989666,17.93448,-23.09787,4.96335,17.92564,-22.71079,4.915262,18.03883
177.7802,-23.10817,4.98963,17.93449,-23.09944,4.962735,17.92548,-22.71079,4.915262,18.03883
177.8136,-23.10807,4.988757,17.93647,-23.09941,4.962702,17.92548,-22.71079,4.915262,18.03883
177.8469,-23.10813,4.989406,17.93496,-23.0958,4.951023,17.92393,-22.71079,4.915262,18.03883
177.8802,-23.10813,4.989441,17.93501,-23.09919,4.961942,17.92579,-22.71079,4.915262,18.03883
177.9135,-23.10811,4.989438,17.93502,-23.09917,4.961937,17.92582,-22.71079,4.915262,18.03883
177.9469,-23.10974,4.989552,17.93335,-23.09914,4.961871,17.92582,-22.71079,4.915262,18.03883
177.9802,-23.10818,4.990679,17.93198,-23.10103,4.962698,17.92434,-22.71079,4.915262,18.03883
178.0135,-23.10818,4.990703,17.932,-23.09983,4.965046,17.92334,-22.71079,4.915262,18.03883
178.0469,-23.10973,4.990161,17.93185,-23.09983,4.965067,17.92336,-22.71079,4.915262,18.03883
178.0802,-23.10971,4.990156,17.93187,-23.10124,4.963991,17.92304,-22.71079,4.915262,18.03883
178.1136,-23.10972,4.990689,17.9303,-23.10122,4.963975,17.92305,-22.71079,4.915262,18.03883
178.1469,-23.10814,4.991239,17.93048,-23.10125,4.964567,17.92146,-22.71079,4.915262,18.03883
178.1802,-23.1081,4.991219,17.9305,-23.09979,4.965629,17.92182,-22.71079,4.915262,18.03883
178.2135,-23.10967,4.991181,17.92875,-23.09976,4.965618,17.92183,-22.71079,4.915262,18.03883
178.2469,-23.10807,4.991706,17.92892,-23.10101,4.964504,17.91969,-22.71079,4.915262,18.03883
178.2802,-23.10964,4.990701,17.93038,-23.09958,4.965659,17.92007,-22.71079,4.915262,18.03883
178.3136,-23.10963,4.990702,17.93039,-23.10118,4.964622,17.92155,-22.71079,4.915262,18.03883
178.3469,-23.10961,4.990702,17.9304,-23.10116,4.964596,17.92155,-22.71079,4.915262,18.03883
178.3802,-23.1096,4.990703,17.93042,-23.10116,4.964633,17.92158,-22.71079,4.915262,18.03883
178.4135,-23.10953,4.989572,17.93357,-23.10115,4.96467,17.92161,-22.71079,4.915262,18.03883
178.4469,-23.10943,4.988875,17.9351,-23.10082,4.96271,17.92456,-22.71079,4.915262,18.03883
178.4802,-23.10933,4.988153,17.93663,-23.09722,4.951155,17.92251,-22.71079,4.915262,18.03883
178.5135,-23.10931,4.988115,17.93661,-23.09738,4.951238,17.92436,-22.71079,4.915262,18.03883
178.5469,-23.10912,4.987349,17.93902,-23.09737,4.951237,17.92435,-22.71079,4.915262,18.03883
178.5802,-23.10906,4.987727,17.93744,-23.09747,4.951345,17.92715,-22.71079,4.915262,18.03883
178.6136,-23.1108,4.98856,17.93425,-23.09726,4.951257,17.92535,-22.71079,4.915262,18.03883
178.6469,-23.11093,4.990348,17.92957,-23.0988,4.951334,17.92181,-22.71079,4.915262,18.03883
178.6802,-23.11063,4.991543,17.92492,-23.0988,4.951334,17.92181,-22.71079,4.915262,18.03883
178.7135,-23.11161,4.991468,17.92191,-23.0988,4.951334,17.92181,-22.71079,4.915262,18.03883
178.7469,-23.11526,4.989317,17.92271,-23.0988,4.951334,17.92181,-22.71079,4.915262,18.03883
178.7802,-23.12283,4.982445,17.92658,-23.0988,4.951334,17.92181,-22.71079,4.915262,18.03883
178.8136,-23.12754,4.981639,17.93604,-23.0988,4.951334,17.92181,-22.71079,4.915262,18.03883
178.8469,-23.13619,4.982295,17.94965,-23.0988,4.951334,17.92181,-22.71079,4.915262,18.03883
178.8802,-23.14823,4.98003,17.96701,-23.0988,4.951334,17.92181,-22.71079,4.915262,18.03883
178.9135,-23.15675,4.978106,17.98042,-23.0988,4.951334,17.92181,-22.71079,4.915262,18.03883
178.9469,-23.17001,4.97658,17.99827,-23.0988,4.951334,17.92181,-22.71079,4.915262,18.03883
178.9802,-23.17909,4.974497,18.0114,-23.0988,4.951334,17.92181,-22.71079,4.915262,18.03883
179.0135,-23.1833,4.973287,18.0174,-23.0988,4.951334,17.92181,-22.71079,4.915262,18.03883
179.0469,-23.18747,4.972191,18.02233,-23.0988,4.951334,17.92181,-22.71079,4.915262,18.03883
179.0802,-23.18911,4.971953,18.02444,-23.0988,4.951334,17.92181,-22.71079,4.915262,18.03883
179.1136,-23.1906,4.971381,18.02655,-23.0988,4.951334,17.92181,-22.71079,4.915262,18.03883
179.1469,-23.19123,4.971305,18.02778,-23.0988,4.951334,17.92181,-22.71079,4.915262,18.03883
179.1802,-23.19225,4.971983,18.03024,-23.0988,4.951334,17.92181,-22.71079,4.915262,18.03883
179.2135,-23.19422,4.971731,18.03434,-23.0988,4.951334,17.92181,-22.71079,4.915262,18.03883
179.2469,-23.19704,4.971813,18.03763,-23.0988,4.951334,17.92181,-22.71079,4.915262,18.03883
179.2802,-23.19962,4.97171,18.04136,-23.0988,4.951334,17.92181,-22.71079,4.915262,18.03883
179.3136,-23.20036,4.973212,18.04581,-23.0988,4.951334,17.92181,-22.71079,4.915262,18.03883
179.3469,-23.20218,4.976435,18.04969,-23.0988,4.951334,17.92181,-22.71079,4.915262,18.03883
179.3802,-23.20257,4.979609,18.0542,-23.0988,4.951334,17.92181,-22.71079,4.915262,18.03883
179.4135,-23.20085,4.983339,18.05967,-23.0988,4.951334,17.92181,-22.71079,4.915262,18.03883
179.4469,-23.20222,4.988129,18.06667,-23.0988,4.951334,17.92181,-22.71079,4.915262,18.03883
179.4802,-23.19984,4.994245,18.08104,-23.0988,4.951334,17.92181,-22.71079,4.915262,18.03883
179.5135,-23.19194,5.000459,18.10151,-23.0988,4.951334,17.92181,-22.71079,4.915262,18.03883
179.5469,-23.16188,4.987354,18.14621,-23.0988,4.951334,17.92181,-22.71079,4.915262,18.03883
179.5802,-23.14248,4.975823,18.19834,-23.0988,4.951334,17.92181,-22.71079,4.915262,18.03883
179.6136,-23.1377,4.97736,18.21049,-23.0988,4.951334,17.92181,-22.71079,4.915262,18.03883
179.6469,-23.13617,4.980149,18.22288,-23.0988,4.951334,17.92181,-22.71079,4.915262,18.03883
179.6802,-23.13223,4.984779,18.23196,-23.0988,4.951334,17.92181,-22.71079,4.915262,18.03883
179.7135,-23.13127,4.98623,18.23859,-23.0988,4.951334,17.92181,-22.71079,4.915262,18.03883
179.7469,-23.1324,4.987627,18.2468,-23.0988,4.951334,17.92181,-22.71079,4.915262,18.03883
179.7802,-23.13378,4.989067,18.24921,-23.0988,4.951334,17.92181,-22.71079,4.915262,18.03883
179.8136,-23.13416,4.990255,18.24837,-23.0988,4.951334,17.92181,-22.71079,4.915262,18.03883
179.8469,-23.13916,4.992676,18.24592,-23.0988,4.951334,17.92181,-22.71079,4.915262,18.03883
179.8802,-23.14254,4.994308,18.23772,-23.0988,4.951334,17.92181,-22.71079,4.915262,18.03883
179.9135,-23.15016,4.996816,18.2204,-23.0988,4.951334,17.92181,-22.71079,4.915262,18.03883
179.9469,-23.1564,4.999795,18.20492,-23.0988,4.951334,17.92181,-22.71079,4.915262,18.03883
179.9802,-23.16254,5.002291,18.18431,-23.0988,4.951334,17.92181,-22.71079,4.915262,18.03883
180.0135,-23.17125,5.003626,18.1664,-23.0988,4.951334,17.92181,-22.71079,4.915262,18.03883
180.0469,-23.17633,5.004445,18.15461,-23.0988,4.951334,17.92181,-22.71079,4.915262,18.03883
180.0802,-23.18242,5.00426,18.14583,-23.0988,4.951334,17.92181,-22.71079,4.915262,18.03883
180.1136,-23.18561,5.004705,18.13914,-23.0988,4.951334,17.92181,-22.71079,4.915262,18.03883
180.1469,-23.18847,5.005108,18.13554,-23.0988,4.951334,17.92181,-22.71079,4.915262,18.03883
180.1802,-23.19133,5.005813,18.13029,-23.0988,4.951334,17.92181,-22.71079,4.915262,18.03883
180.2135,-23.19281,5.005953,18.12959,-23.0988,4.951334,17.92181,-22.71079,4.915262,18.03883
180.2469,-23.19418,5.006581,18.13202,-23.0988,4.951334,17.92181,-22.71079,4.915262,18.03883
180.2802,-23.19722,5.007151,18.13431,-23.0988,4.951334,17.92181,-22.71079,4.915262,18.03883
180.3136,-23.19567,5.007299,18.1367,-23.0988,4.951334,17.92181,-22.71079,4.915262,18.03883
180.3469,-23.19555,5.0075,18.13905,-23.0988,4.951334,17.92181,-22.71079,4.915262,18.03883
180.3802,-23.19699,5.007798,18.14009,-23.0988,4.951334,17.92181,-22.71079,4.915262,18.03883
180.4135,-23.19999,5.007811,18.1395,-23.0988,4.951334,17.92181,-22.71079,4.915262,18.03883
180.4469,-23.19993,5.007998,18.13924,-23.0988,4.951334,17.92181,-22.71079,4.915262,18.03883
180.4802,-23.19999,5.008033,18.13984,-23.0988,4.951334,17.92181,-22.71079,4.915262,18.03883
180.5135,-23.20153,5.008023,18.14165,-23.0988,4.951334,17.92181,-22.71079,4.915262,18.03883
180.5469,-23.20488,5.007953,18.14335,-23.0988,4.951334,17.92181,-22.71079,4.915262,18.03883
180.5802,-23.20622,5.007813,18.14227,-23.0988,4.951334,17.92181,-22.71079,4.915262,18.03883
180.6136,-23.21168,5.006781,18.14059,-23.0988,4.951334,17.92181,-22.71079,4.915262,18.03883
180.6469,-23.22345,5.002483,18.13731,-23.0988,4.951334,17.92181,-22.71079,4.915262,18.03883
180.6802,-23.23883,4.967794,18.13051,-23.0988,4.951334,17.92181,-22.71079,4.915262,18.03883
180.7135,-23.24101,4.966759,18.13282,-23.0988,4.951334,17.92181,-22.71079,4.915262,18.03883
180.7469,-23.25296,4.975356,18.13858,-23.0988,4.951334,17.92181,-22.71079,4.915262,18.03883
180.7802,-23.2557,4.976386,18.14121,-23.0988,4.951334,17.92181,-22.71079,4.915262,18.03883
180.8136,-23.25655,4.975624,18.14375,-23.0988,4.951334,17.92181,-22.71079,4.915262,18.03883
180.8469,-23.25676,4.97515,18.14488,-23.0988,4.951334,17.92181,-22.71079,4.915262,18.03883
180.8802,-23.25731,4.975555,18.1478,-23.0988,4.951334,17.92181,-22.71079,4.915262,18.03883
180.9135,-23.25753,4.975716,18.14926,-23.0988,4.951334,17.92181,-22.71079,4.915262,18.03883
180.9469,-23.25759,4.975759,18.1489,-23.0988,4.951334,17.92181,-22.71079,4.915262,18.03883
180.9802,-23.25802,4.976102,18.15129,-23.0988,4.951334,17.92181,-22.71079,4.915262,18.03883
181.0135,-23.25591,4.977194,18.15404,-23.0988,4.951334,17.92181,-22.71079,4.915262,18.03883
181.0469,-23.2534,4.980983,18.15969,-23.0988,4.951334,17.92181,-22.71079,4.915262,18.03883
181.0802,-23.24968,4.983525,18.1648,-23.0988,4.951334,17.92181,-22.71079,4.915262,18.03883
181.1136,-23.24726,4.984693,18.16683,-23.0988,4.951334,17.92181,-22.71079,4.915262,18.03883
181.1469,-23.24473,4.985613,18.16838,-23.0988,4.951334,17.92181,-22.71079,4.915262,18.03883
181.1802,-23.24323,4.987821,18.16716,-23.0988,4.951334,17.92181,-22.71079,4.915262,18.03883
181.2135,-23.24218,4.98935,18.16649,-23.0988,4.951334,17.92181,-22.71079,4.915262,18.03883
181.2469,-23.24012,4.992127,18.1638,-23.0988,4.951334,17.92181,-22.71079,4.915262,18.03883
181.2802,-23.2403,4.992193,18.16531,-23.0988,4.951334,17.92181,-22.71079,4.915262,18.03883
181.3136,-23.23905,4.993366,18.16385,-23.0988,4.951334,17.92181,-22.71079,4.915262,18.03883
181.3469,-23.23875,4.993717,18.16253,-23.0988,4.951334,17.92181,-22.71079,4.915262,18.03883
181.3802,-23.23734,4.994967,18.16119,-23.0988,4.951334,17.92181,-22.71079,4.915262,18.03883
181.4135,-23.23733,4.995022,18.16126,-23.0988,4.951334,17.92181,-22.71079,4.915262,18.03883
181.4469,-23.23642,4.995986,18.16046,-23.0988,4.951334,17.92181,-22.71079,4.915262,18.03883
181.4802,-23.23546,4.996555,18.15976,-23.0988,4.951334,17.92181,-22.71079,4.915262,18.03883
181.5135,-23.23469,4.997149,18.15887,-23.0988,4.951334,17.92181,-22.71079,4.915262,18.03883
181.5469,-23.23366,4.997796,18.15745,-23.0988,4.951334,17.92181,-22.71079,4.915262,18.03883
181.5802,-23.23333,4.998849,18.15601,-23.0988,4.951334,17.92181,-22.71079,4.915262,18.03883
181.6136,-23.23289,4.998336,18.1561,-23.0988,4.951334,17.92181,-22.71079,4.915262,18.03883
181.6469,-23.23209,4.998777,18.15641,-23.0988,4.951334,17.92181,-22.71079,4.915262,18.03883
181.6802,-23.23205,4.998836,18.15645,-23.0988,4.951334,17.92181,-22.71079,4.915262,18.03883
181.7135,-23.23195,4.998881,18.15597,-23.0988,4.951334,17.92181,-22.71079,4.915262,18.03883
181.7469,-23.23251,4.998773,18.15903,-23.0988,4.951334,17.92181,-22.71079,4.915262,18.03883
181.7802,-23.23275,4.998764,18.16032,-23.0988,4.951334,17.92181,-22.71079,4.915262,18.03883
181.8136,-23.23293,4.998735,18.16193,-23.0988,4.951334,17.92181,-22.71079,4.915262,18.03883
181.8469,-23.23446,4.997943,18.16315,-23.0988,4.951334,17.92181,-22.71079,4.915262,18.03883
181.8802,-23.23317,4.998798,18.16317,-23.22313,4.958639,18.156,-22.71079,4.915262,18.03883
181.9135,-23.23317,4.998815,18.16312,-23.22167,4.959124,18.15595,-22.71079,4.915262,18.03883
181.9469,-23.23297,4.998825,18.16299,-23.22167,4.959115,18.1559,-22.71079,4.915262,18.03883
181.9802,-23.23277,4.998959,18.16171,-23.22147,4.959156,18.15578,-22.71079,4.915262,18.03883
182.0135,-23.23247,4.999055,18.15995,-23.22117,4.958947,18.1544,-22.71079,4.915262,18.03883
182.0469,-23.23365,4.998035,18.15981,-23.22354,4.968261,18.15429,-22.71079,4.915262,18.03883
182.0802,-23.23296,4.998384,18.15658,-23.22519,4.968737,18.15442,-22.71079,4.915262,18.03883
182.1136,-23.23236,4.999236,18.15508,-23.22535,4.972075,18.15167,-22.71079,4.915262,18.03883
182.1469,-23.2309,4.999311,18.15321,-23.22463,4.972505,18.15005,-22.71079,4.915262,18.03883
182.1802,-23.23052,4.999444,18.15165,-23.22292,4.971749,18.14799,-22.71079,4.915262,18.03883
182.2135,-23.23047,4.999475,18.15167,-23.22046,4.964679,18.14501,-22.71079,4.915262,18.03883
182.2469,-23.22925,5.00042,18.1517,-23.2204,4.96468,18.14502,-22.71079,4.915262,18.03883
182.2802,-23.2304,4.999551,18.15162,-23.21727,4.959212,18.14383,-22.71079,4.915262,18.03883
182.3136,-23.23009,4.999657,18.15004,-23.2203,4.964625,18.14495,-22.71079,4.915262,18.03883
182.3469,-23.23026,4.99963,18.15168,-23.2182,4.958561,18.14213,-22.71079,4.915262,18.03883
182.3802,-23.23024,4.99965,18.15157,-23.22009,4.964519,18.14497,-22.71079,4.915262,18.03883
182.4135,-23.23038,4.999612,18.1527,-23.22004,4.964396,18.14483,-22.71079,4.915262,18.03883
182.4469,-23.23207,4.998733,18.15586,-23.22203,4.97076,18.14721,-22.71079,4.915262,18.03883
182.4802,-23.23201,4.998792,18.15592,-23.22448,4.97233,18.15091,-22.71079,4.915262,18.03883
182.5135,-23.23199,4.998819,18.15594,-23.22439,4.972281,18.15095,-22.71079,4.915262,18.03883
182.5469,-23.23226,4.9988,18.15757,-23.22435,4.972287,18.15097,-22.71079,4.915262,18.03883
182.5802,-23.23258,4.998742,18.15907,-23.22442,4.971533,18.1525,-22.71079,4.915262,18.03883
182.6136,-23.2326,4.998737,18.15905,-23.22435,4.970127,18.15379,-22.71079,4.915262,18.03883
182.6469,-23.23291,4.998649,18.16038,-23.22438,4.970143,18.15377,-22.71079,4.915262,18.03883
182.6802,-23.23312,4.998588,18.16113,-23.22142,4.95862,18.15304,-22.71079,4.915262,18.03883
182.7135,-23.23312,4.998575,18.16097,-23.22166,4.95866,18.15385,-22.71079,4.915262,18.03883
182.7469,-23.23314,4.998521,18.16069,-23.22165,4.958624,18.15368,-22.71079,4.915262,18.03883
182.7802,-23.23317,4.99847,18.16046,-23.22167,4.958557,18.1534,-22.71079,4.915262,18.03883
182.8136,-23.23318,4.998448,18.16036,-23.2217,4.958512,18.15317,-22.71079,4.915262,18.03883
182.8469,-23.2332,4.998411,18.16018,-23.22171,4.958494,18.15307,-22.71079,4.915262,18.03883
182.8802,-23.23316,4.99843,18.16015,-23.22173,4.958459,18.15289,-22.71079,4.915262,18.03883
182.9135,-23.23311,4.99844,18.15963,-23.2243,4.967567,18.15452,-22.71079,4.915262,18.03883
182.9469,-23.23419,4.99751,18.15907,-23.2247,4.969173,18.15429,-22.71079,4.915262,18.03883
182.9802,-23.23587,4.998005,18.15701,-23.22622,4.969646,18.15396,-22.71079,4.915262,18.03883
183.0135,-23.23742,4.997622,18.15632,-23.22812,4.970754,18.15197,-22.71079,4.915262,18.03883
183.0469,-23.23734,4.997603,18.1563,-23.22946,4.969526,18.15111,-22.71079,4.915262,18.03883
183.0802,-23.2388,4.997058,18.15609,-23.2294,4.969582,18.15111,-22.71079,4.915262,18.03883
183.1136,-23.2401,4.997062,18.1526,-23.2294,4.969582,18.15111,-22.71079,4.915262,18.03883
183.1469,-23.23951,4.997461,18.14763,-23.2294,4.969582,18.15111,-22.71079,4.915262,18.03883
183.1802,-23.23861,4.997172,18.14288,-23.2294,4.969582,18.15111,-22.71079,4.915262,18.03883
183.2135,-23.23708,4.996749,18.13834,-23.2294,4.969582,18.15111,-22.71079,4.915262,18.03883
183.2469,-23.20992,4.962418,18.11321,-23.2294,4.969582,18.15111,-22.71079,4.915262,18.03883
183.2802,-23.22629,4.982499,18.09825,-23.2294,4.969582,18.15111,-22.71079,4.915262,18.03883
183.3136,-23.22957,4.980966,18.09192,-23.2294,4.969582,18.15111,-22.71079,4.915262,18.03883
183.3469,-23.23112,4.972904,18.09307,-23.2294,4.969582,18.15111,-22.71079,4.915262,18.03883
183.3802,-23.23524,4.973135,18.08308,-23.2294,4.969582,18.15111,-22.71079,4.915262,18.03883
183.4135,-23.2372,4.971262,18.0741,-23.2294,4.969582,18.15111,-22.71079,4.915262,18.03883
183.4469,-23.24021,4.967603,18.06347,-23.2294,4.969582,18.15111,-22.71079,4.915262,18.03883
183.4802,-23.24907,4.969048,18.05195,-23.2294,4.969582,18.15111,-22.71079,4.915262,18.03883
183.5135,-23.25925,4.971071,18.03904,-23.2294,4.969582,18.15111,-22.71079,4.915262,18.03883
183.5469,-23.26875,4.973607,18.02667,-23.2294,4.969582,18.15111,-22.71079,4.915262,18.03883
183.5802,-23.27921,4.975783,18.01525,-23.2294,4.969582,18.15111,-22.71079,4.915262,18.03883
183.6136,-23.29116,4.976616,18.00777,-23.2294,4.969582,18.15111,-22.71079,4.915262,18.03883
183.6469,-23.29811,4.977882,18.00105,-23.2294,4.969582,18.15111,-22.71079,4.915262,18.03883
183.6802,-23.30586,4.980709,17.9936,-23.2294,4.969582,18.15111,-22.71079,4.915262,18.03883
183.7135,-23.31023,4.981825,17.98697,-23.2294,4.969582,18.15111,-22.71079,4.915262,18.03883
183.7469,-23.31942,4.982023,17.98175,-23.2294,4.969582,18.15111,-22.71079,4.915262,18.03883
183.7802,-23.32099,4.982226,17.98,-23.2294,4.969582,18.15111,-22.71079,4.915262,18.03883
183.8136,-23.32251,4.982954,17.97667,-23.2294,4.969582,18.15111,-22.71079,4.915262,18.03883
183.8469,-23.32579,4.982009,17.97675,-23.2294,4.969582,18.15111,-22.71079,4.915262,18.03883
183.8802,-23.32678,4.982037,17.97715,-23.2294,4.969582,18.15111,-22.71079,4.915262,18.03883
183.9135,-23.32847,4.981215,17.97858,-23.2294,4.969582,18.15111,-22.71079,4.915262,18.03883
183.9469,-23.32736,4.979154,17.98478,-23.2294,4.969582,18.15111,-22.71079,4.915262,18.03883
183.9802,-23.32615,4.978474,17.98845,-23.2294,4.969582,18.15111,-22.71079,4.915262,18.03883
184.0135,-23.32609,4.978003,17.98994,-23.2294,4.969582,18.15111,-22.71079,4.915262,18.03883
184.0469,-23.32586,4.978126,17.99191,-23.2294,4.969582,18.15111,-22.71079,4.915262,18.03883
184.0802,-23.32447,4.978268,17.99677,-23.2294,4.969582,18.15111,-22.71079,4.915262,18.03883
184.1136,-23.31927,4.979568,17.99877,-23.2294,4.969582,18.15111,-22.71079,4.915262,18.03883
184.1469,-23.31324,4.979656,18.00241,-23.2294,4.969582,18.15111,-22.71079,4.915262,18.03883
184.1802,-23.30683,4.978124,18.00562,-23.2294,4.969582,18.15111,-22.71079,4.915262,18.03883
184.2135,-23.30409,4.976778,18.00868,-23.2294,4.969582,18.15111,-22.71079,4.915262,18.03883
184.2469,-23.3008,4.975935,18.01018,-23.2294,4.969582,18.15111,-22.71079,4.915262,18.03883
184.2802,-23.29745,4.97538,18.01176,-23.2294,4.969582,18.15111,-22.71079,4.915262,18.03883
184.3136,-23.29745,4.97538,18.01176,-23.2294,4.969582,18.15111,-22.71079,4.915262,18.03883
184.3469,-23.2965,4.975706,18.012,-23.2294,4.969582,18.15111,-22.71079,4.915262,18.03883
184.3802,-23.29556,4.976035,18.01223,-23.2294,4.969582,18.15111,-22.71079,4.915262,18.03883
184.4135,-23.29387,4.978017,18.01046,-23.2294,4.969582,18.15111,-22.71079,4.915262,18.03883
184.4469,-23.29224,4.97835,18.01061,-23.2294,4.969582,18.15111,-22.71079,4.915262,18.03883
184.4802,-23.29214,4.979315,18.00741,-23.2294,4.969582,18.15111,-22.71079,4.915262,18.03883
184.5135,-23.29046,4.980134,18.00597,-23.2294,4.969582,18.15111,-22.71079,4.915262,18.03883
184.5469,-23.29177,4.980621,18.00455,-23.2294,4.969582,18.15111,-22.71079,4.915262,18.03883
184.5802,-23.29175,4.981454,18.00358,-23.2294,4.969582,18.15111,-22.71079,4.915262,18.03883
184.6136,-23.29238,4.981945,18.00207,-23.2294,4.969582,18.15111,-22.71079,4.915262,18.03883
184.6469,-23.29073,4.983117,18.00127,-23.2294,4.969582,18.15111,-22.71079,4.915262,18.03883
184.6802,-23.29073,4.983117,18.00127,-23.2294,4.969582,18.15111,-22.71079,4.915262,18.03883
184.7135,-23.2907,4.982774,18.00064,-23.2294,4.969582,18.15111,-22.71079,4.915262,18.03883
184.7469,-23.2907,4.982774,18.00064,-23.2294,4.969582,18.15111,-22.71079,4.915262,18.03883
184.7802,-23.29068,4.983611,17.99967,-23.2294,4.969582,18.15111,-22.71079,4.915262,18.03883
184.8136,-23.2923,4.983274,17.99952,-23.2294,4.969582,18.15111,-22.71079,4.915262,18.03883
184.8469,-23.29063,4.984106,17.99808,-23.2294,4.969582,18.15111,-22.71079,4.915262,18.03883
184.8802,-23.2923,4.983274,17.99952,-23.2294,4.969582,18.15111,-22.71079,4.915262,18.03883
184.9135,-23.29225,4.98377,17.99792,-23.2294,4.969582,18.15111,-22.71079,4.915262,18.03883
184.9469,-23.29288,4.984268,17.99642,-23.2294,4.969582,18.15111,-22.71079,4.915262,18.03883
184.9802,-23.29381,4.984775,17.99521,-23.2294,4.969582,18.15111,-22.71079,4.915262,18.03883
185.0135,-23.29143,4.98527,17.99306,-23.2294,4.969582,18.15111,-22.71079,4.915262,18.03883
185.0469,-23.29469,4.984604,17.99276,-23.2294,4.969582,18.15111,-22.71079,4.915262,18.03883
185.0802,-23.29464,4.985108,17.99117,-23.2294,4.969582,18.15111,-22.71079,4.915262,18.03883
185.1136,-23.29627,4.984778,17.99101,-23.2294,4.969582,18.15111,-22.71079,4.915262,18.03883
185.1469,-23.29461,4.984769,17.99053,-23.2294,4.969582,18.15111,-22.71079,4.915262,18.03883
185.1802,-23.29568,4.983106,17.99388,-23.2294,4.969582,18.15111,-22.71079,4.915262,18.03883
185.2135,-23.29563,4.983608,17.99229,-23.2294,4.969582,18.15111,-22.71079,4.915262,18.03883
185.2469,-23.29731,4.982777,17.99373,-23.2294,4.969582,18.15111,-22.71079,4.915262,18.03883
185.2802,-23.29898,4.98195,17.99517,-23.2294,4.969582,18.15111,-22.71079,4.915262,18.03883
185.3136,-23.30061,4.981627,17.99502,-23.2294,4.969582,18.15111,-22.71079,4.915262,18.03883
185.3469,-23.30387,4.980985,17.99472,-23.2294,4.969582,18.15111,-22.71079,4.915262,18.03883
185.3802,-23.30387,4.980985,17.99472,-23.2294,4.969582,18.15111,-22.71079,4.915262,18.03883
185.4135,-23.30392,4.980486,17.99631,-23.2294,4.969582,18.15111,-22.71079,4.915262,18.03883
185.4469,-23.30388,4.980688,17.99634,-23.2294,4.969582,18.15111,-22.71079,4.915262,18.03883
185.4802,-23.30548,4.980298,17.99786,-23.2294,4.969582,18.15111,-22.71079,4.915262,18.03883
185.5135,-23.30548,4.980311,17.99786,-23.2294,4.969582,18.15111,-22.71079,4.915262,18.03883
185.5469,-23.30551,4.979959,17.99949,-23.2294,4.969582,18.15111,-22.71079,4.915262,18.03883
185.5802,-23.30554,4.97953,18.0011,-23.2294,4.969582,18.15111,-22.71079,4.915262,18.03883
185.6136,-23.30554,4.979532,18.0011,-23.2294,4.969582,18.15111,-22.71079,4.915262,18.03883
185.6469,-23.30401,4.979315,18.00115,-23.2294,4.969582,18.15111,-22.71079,4.915262,18.03883
185.6802,-23.30567,4.97838,18.00434,-23.2294,4.969582,18.15111,-22.71079,4.915262,18.03883
185.7135,-23.30409,4.978434,18.00441,-23.29805,4.943981,17.99407,-22.71079,4.915262,18.03883
185.7469,-23.30576,4.977712,18.0059,-23.29616,4.942837,17.99378,-22.71079,4.915262,18.03883
185.7802,-23.30576,4.977715,18.0059,-23.2982,4.943582,17.99575,-22.71079,4.915262,18.03883
185.8136,-23.30576,4.977714,18.0059,-23.2982,4.943581,17.99575,-22.71079,4.915262,18.03883
185.8469,-23.30585,4.97698,18.0074,-23.2982,4.943581,17.99576,-22.71079,4.915262,18.03883
185.8802,-23.3042,4.977627,18.00591,-23.2982,4.942354,17.99716,-22.71079,4.915262,18.03883
185.9135,-23.30587,4.976926,18.00741,-23.29294,4.927061,17.99088,-22.71079,4.915262,18.03883
185.9469,-23.30426,4.977122,18.0075,-23.29822,4.942363,17.99718,-22.71079,4.915262,18.03883
185.9802,-23.30625,4.976351,18.00907,-23.29301,4.926602,17.99256,-22.71079,4.915262,18.03883
186.0135,-23.30621,4.976932,18.00752,-23.29509,4.92589,17.99422,-22.71079,4.915262,18.03883
186.0469,-23.30629,4.976966,18.00754,-23.29864,4.942722,17.99741,-22.71079,4.915262,18.03883
186.0802,-23.30653,4.976336,18.00905,-23.29873,4.942811,17.99744,-22.71079,4.915262,18.03883
186.1136,-23.30494,4.976619,18.00918,-23.29536,4.925861,17.9942,-22.71079,4.915262,18.03883
186.1469,-23.30494,4.976619,18.00918,-23.29368,4.926051,17.9943,-22.71079,4.915262,18.03883
186.1802,-23.30536,4.976585,18.00925,-23.29368,4.926051,17.9943,-22.71079,4.915262,18.03883
186.2135,-23.30714,4.976305,18.00965,-23.29408,4.92598,17.99437,-22.71079,4.915262,18.03883
186.2469,-23.30563,4.976807,18.00984,-23.29595,4.925762,17.9948,-22.71079,4.915262,18.03883
186.2802,-23.3073,4.976531,18.0097,-23.29428,4.925822,17.99487,-22.71079,4.915262,18.03883
186.3136,-23.30566,4.97685,18.00985,-23.29607,4.925776,17.99479,-22.71079,4.915262,18.03883
186.3469,-23.3073,4.976531,18.0097,-23.2943,4.92582,17.99486,-22.71079,4.915262,18.03883
186.3802,-23.30735,4.976051,18.0113,-23.29607,4.925776,17.99479,-22.71079,4.915262,18.03883
186.4135,-23.30729,4.97653,18.0097,-23.29614,4.925348,17.99648,-22.71079,4.915262,18.03883
186.4469,-23.30566,4.976849,18.00985,-23.29607,4.925776,17.99479,-22.71079,4.915262,18.03883
186.4802,-23.30566,4.976849,18.00985,-23.2943,4.92582,17.99486,-22.71079,4.915262,18.03883
186.5135,-23.3073,4.97653,18.0097,-23.2943,4.92582,17.99486,-22.71079,4.915262,18.03883
186.5469,-23.30735,4.97605,18.0113,-23.29607,4.925775,17.99479,-22.71079,4.915262,18.03883
186.5802,-23.30735,4.97605,18.0113,-23.29614,4.925348,17.99648,-22.71079,4.915262,18.03883
186.6136,-23.30736,4.976204,18.01115,-23.29614,4.925348,17.99648,-22.71079,4.915262,18.03883
186.6469,-23.30737,4.976355,18.011,-23.29612,4.925394,17.99629,-22.71079,4.915262,18.03883
186.6802,-23.30738,4.976388,18.01097,-23.29611,4.925438,17.99612,-22.71079,4.915262,18.03883
186.7135,-23.30899,4.976048,18.01024,-23.29611,4.925449,17.99607,-22.71079,4.915262,18.03883
186.7469,-23.30736,4.976195,18.01032,-23.30192,4.943897,18.00083,-22.71079,4.915262,18.03883
186.7802,-23.30936,4.975814,18.01023,-23.29617,4.925601,17.99551,-22.71079,4.915262,18.03883
186.8136,-23.30966,4.9758,18.01032,-23.3024,4.944161,18.00097,-22.71079,4.915262,18.03883
186.8469,-23.30993,4.97672,18.00855,-23.30273,4.944283,18.0011,-22.71079,4.915262,18.03883
186.8802,-23.31304,4.977445,18.00734,-23.30286,4.944656,17.99911,-22.71079,4.915262,18.03883
186.9135,-23.31466,4.978021,18.00578,-23.30204,4.926955,17.99241,-22.71079,4.915262,18.03883
186.9469,-23.31623,4.979718,18.00102,-23.30204,4.926955,17.99241,-22.71079,4.915262,18.03883
186.9802,-23.31623,4.980548,17.99775,-23.30204,4.926955,17.99241,-22.71079,4.915262,18.03883
187.0135,-23.31626,4.980848,17.99608,-23.30204,4.926955,17.99241,-22.71079,4.915262,18.03883
187.0469,-23.31826,4.980756,17.99231,-23.30204,4.926955,17.99241,-22.71079,4.915262,18.03883
187.0802,-23.31861,4.98055,17.99032,-23.30204,4.926955,17.99241,-22.71079,4.915262,18.03883
187.1136,-23.31873,4.980669,17.98686,-23.30204,4.926955,17.99241,-22.71079,4.915262,18.03883
187.1469,-23.31895,4.981154,17.9823,-23.30204,4.926955,17.99241,-22.71079,4.915262,18.03883
187.1802,-23.32108,4.983253,17.97651,-23.30204,4.926955,17.99241,-22.71079,4.915262,18.03883
187.2135,-23.32482,4.984754,17.96995,-23.30204,4.926955,17.99241,-22.71079,4.915262,18.03883
187.2469,-23.32613,4.989405,17.95842,-23.30204,4.926955,17.99241,-22.71079,4.915262,18.03883
187.2802,-23.3242,4.993556,17.94754,-23.30204,4.926955,17.99241,-22.71079,4.915262,18.03883
187.3136,-23.32566,4.995504,17.94111,-23.30204,4.926955,17.99241,-22.71079,4.915262,18.03883
187.3469,-23.32706,4.998638,17.93155,-23.30204,4.926955,17.99241,-22.71079,4.915262,18.03883
187.3802,-23.32621,5.001875,17.92326,-23.30204,4.926955,17.99241,-22.71079,4.915262,18.03883
187.4135,-23.32932,5.004561,17.91579,-23.30204,4.926955,17.99241,-22.71079,4.915262,18.03883
187.4469,-23.33006,5.009779,17.9041,-23.30204,4.926955,17.99241,-22.71079,4.915262,18.03883
187.4802,-23.33244,5.014203,17.89283,-23.30204,4.926955,17.99241,-22.71079,4.915262,18.03883
187.5135,-23.33163,5.018291,17.88309,-23.30204,4.926955,17.99241,-22.71079,4.915262,18.03883
187.5469,-23.33316,5.020555,17.87677,-23.30204,4.926955,17.99241,-22.71079,4.915262,18.03883
187.5802,-23.33307,5.023134,17.87062,-23.30204,4.926955,17.99241,-22.71079,4.915262,18.03883
187.6136,-23.33075,5.026024,17.86454,-23.30204,4.926955,17.99241,-22.71079,4.915262,18.03883
187.6469,-23.32743,5.029231,17.85869,-23.30204,4.926955,17.99241,-22.71079,4.915262,18.03883
187.6802,-23.32291,5.031807,17.85424,-23.30204,4.926955,17.99241,-22.71079,4.915262,18.03883
187.7135,-23.31579,5.034323,17.85168,-23.30204,4.926955,17.99241,-22.71079,4.915262,18.03883
187.7469,-23.30933,5.037163,17.84981,-23.30204,4.926955,17.99241,-22.71079,4.915262,18.03883
187.7802,-23.29966,5.039032,17.85069,-23.30204,4.926955,17.99241,-22.71079,4.915262,18.03883
187.8136,-23.28846,5.041484,17.85509,-23.30204,4.926955,17.99241,-22.71079,4.915262,18.03883
187.8469,-23.27622,5.044466,17.85774,-23.30204,4.926955,17.99241,-22.71079,4.915262,18.03883
187.8802,-23.26206,5.048042,17.85962,-23.30204,4.926955,17.99241,-22.71079,4.915262,18.03883
187.9135,-23.25114,5.050379,17.86278,-23.30204,4.926955,17.99241,-22.71079,4.915262,18.03883
187.9469,-23.2415,5.054842,17.86162,-23.30204,4.926955,17.99241,-22.71079,4.915262,18.03883
187.9802,-23.23348,5.059021,17.86036,-23.30204,4.926955,17.99241,-22.71079,4.915262,18.03883
188.0135,-23.22715,5.062034,17.85804,-23.30204,4.926955,17.99241,-22.71079,4.915262,18.03883
188.0469,-23.21926,5.067556,17.85135,-23.30204,4.926955,17.99241,-22.71079,4.915262,18.03883
188.0802,-23.20924,5.074302,17.84324,-23.30204,4.926955,17.99241,-22.71079,4.915262,18.03883
188.1136,-23.20083,5.079321,17.838,-23.30204,4.926955,17.99241,-22.71079,4.915262,18.03883
188.1469,-23.19158,5.087006,17.82857,-23.30204,4.926955,17.99241,-22.71079,4.915262,18.03883
188.1802,-23.18235,5.093394,17.82221,-23.30204,4.926955,17.99241,-22.71079,4.915262,18.03883
188.2135,-23.17259,5.09989,17.81575,-23.30204,4.926955,17.99241,-22.71079,4.915262,18.03883
188.2469,-23.16063,5.103998,17.81294,-23.30204,4.926955,17.99241,-22.71079,4.915262,18.03883
188.2802,-23.14932,5.107704,17.81273,-23.30204,4.926955,17.99241,-22.71079,4.915262,18.03883
188.3136,-23.13595,5.113935,17.8112,-23.30204,4.926955,17.99241,-22.71079,4.915262,18.03883
188.3469,-23.12448,5.118517,17.81146,-23.30204,4.926955,17.99241,-22.71079,4.915262,18.03883
188.3802,-23.11481,5.122738,17.81072,-23.30204,4.926955,17.99241,-22.71079,4.915262,18.03883
188.4135,-23.10671,5.126671,17.80955,-23.30204,4.926955,17.99241,-22.71079,4.915262,18.03883
188.4469,-23.10123,5.128542,17.809,-23.30204,4.926955,17.99241,-22.71079,4.915262,18.03883
188.4802,-23.09575,5.129777,17.8086,-23.30204,4.926955,17.99241,-22.71079,4.915262,18.03883
188.5135,-23.08989,5.132182,17.80753,-23.30204,4.926955,17.99241,-22.71079,4.915262,18.03883
188.5469,-23.08443,5.133254,17.80669,-23.30204,4.926955,17.99241,-22.71079,4.915262,18.03883
188.5802,-23.08031,5.133142,17.79985,-23.30204,4.926955,17.99241,-22.71079,4.915262,18.03883
188.6136,-23.07566,5.135685,17.79946,-23.30204,4.926955,17.99241,-22.71079,4.915262,18.03883
188.6469,-23.07061,5.134569,17.80348,-23.30204,4.926955,17.99241,-22.71079,4.915262,18.03883
188.6802,-23.06756,5.135376,17.80306,-23.30204,4.926955,17.99241,-22.71079,4.915262,18.03883
188.7135,-23.06429,5.137238,17.80203,-23.30204,4.926955,17.99241,-22.71079,4.915262,18.03883
188.7469,-23.06214,5.137825,17.80228,-23.30204,4.926955,17.99241,-22.71079,4.915262,18.03883
188.7802,-23.05959,5.139047,17.80235,-23.30204,4.926955,17.99241,-22.71079,4.915262,18.03883
188.8136,-23.05895,5.13995,17.8015,-23.30204,4.926955,17.99241,-22.71079,4.915262,18.03883
188.8469,-23.0561,5.141492,17.8019,-23.30204,4.926955,17.99241,-22.71079,4.915262,18.03883
188.8802,-23.05462,5.142612,17.802,-23.30204,4.926955,17.99241,-22.71079,4.915262,18.03883
188.9135,-23.05264,5.144055,17.80155,-23.30204,4.926955,17.99241,-22.71079,4.915262,18.03883
188.9469,-23.04698,5.146966,17.80181,-23.30204,4.926955,17.99241,-22.71079,4.915262,18.03883
188.9802,-23.04292,5.149178,17.80153,-23.30204,4.926955,17.99241,-22.71079,4.915262,18.03883
189.0135,-23.0397,5.151124,17.801,-23.30204,4.926955,17.99241,-22.71079,4.915262,18.03883
189.0469,-23.03571,5.153623,17.80046,-23.30204,4.926955,17.99241,-22.71079,4.915262,18.03883
189.0802,-23.03845,5.152617,17.8004,-23.30204,4.926955,17.99241,-22.71079,4.915262,18.03883
189.1136,-23.04096,5.151823,17.80017,-23.30204,4.926955,17.99241,-22.71079,4.915262,18.03883
189.1469,-23.04362,5.150969,17.80109,-23.30204,4.926955,17.99241,-22.71079,4.915262,18.03883
189.1802,-23.05028,5.148366,17.802,-23.30204,4.926955,17.99241,-22.71079,4.915262,18.03883
189.2135,-23.05429,5.14793,17.80119,-23.30204,4.926955,17.99241,-22.71079,4.915262,18.03883
189.2469,-23.06129,5.145661,17.80309,-23.30204,4.926955,17.99241,-22.71079,4.915262,18.03883
189.2802,-23.0663,5.14472,17.80461,-23.30204,4.926955,17.99241,-22.71079,4.915262,18.03883
189.3136,-23.07346,5.143572,17.80395,-23.30204,4.926955,17.99241,-22.71079,4.915262,18.03883
189.3469,-23.08577,5.13937,17.80694,-23.30204,4.926955,17.99241,-22.71079,4.915262,18.03883
189.3802,-23.09897,5.135863,17.80874,-23.30204,4.926955,17.99241,-22.71079,4.915262,18.03883
189.4135,-23.10898,5.13332,17.8089,-23.30204,4.926955,17.99241,-22.71079,4.915262,18.03883
189.4469,-23.1194,5.129795,17.81119,-23.30204,4.926955,17.99241,-22.71079,4.915262,18.03883
189.4802,-23.13559,5.124729,17.81168,-23.30204,4.926955,17.99241,-22.71079,4.915262,18.03883
189.5135,-23.14834,5.121544,17.81098,-23.30204,4.926955,17.99241,-22.71079,4.915262,18.03883
189.5469,-23.16913,5.11611,17.8112,-23.30204,4.926955,17.99241,-22.71079,4.915262,18.03883
189.5802,-23.19296,5.111689,17.80927,-23.30204,4.926955,17.99241,-22.71079,4.915262,18.03883
189.6136,-23.20677,5.110353,17.80726,-23.30204,4.926955,17.99241,-22.71079,4.915262,18.03883
189.6469,-23.23237,5.106869,17.80452,-23.30204,4.926955,17.99241,-22.71079,4.915262,18.03883
189.6802,-23.25503,5.105944,17.79955,-23.30204,4.926955,17.99241,-22.71079,4.915262,18.03883
189.7135,-23.26619,5.106129,17.79613,-23.30204,4.926955,17.99241,-22.71079,4.915262,18.03883
189.7469,-23.27805,5.101505,17.79051,-23.30204,4.926955,17.99241,-22.71079,4.915262,18.03883
189.7802,-23.29089,5.095891,17.78478,-23.30204,4.926955,17.99241,-22.71079,4.915262,18.03883
189.8136,-23.29942,5.093151,17.78087,-23.30204,4.926955,17.99241,-22.71079,4.915262,18.03883
189.8469,-23.31168,5.087393,17.77477,-23.30204,4.926955,17.99241,-22.71079,4.915262,18.03883
189.8802,-23.32396,5.084507,17.76802,-23.30204,4.926955,17.99241,-22.71079,4.915262,18.03883
189.9135,-23.33345,5.080912,17.7635,-23.30204,4.926955,17.99241,-22.71079,4.915262,18.03883
189.9469,-23.34242,5.075265,17.75642,-23.30204,4.926955,17.99241,-22.71079,4.915262,18.03883
189.9802,-23.3483,5.070727,17.75027,-23.30204,4.926955,17.99241,-22.71079,4.915262,18.03883
190.0135,-23.35023,5.067997,17.74814,-23.30204,4.926955,17.99241,-22.71079,4.915262,18.03883
190.0469,-23.36844,5.111075,17.72124,-23.30204,4.926955,17.99241,-22.71079,4.915262,18.03883
190.0802,-23.37799,5.092729,17.7441,-23.30204,4.926955,17.99241,-22.71079,4.915262,18.03883
190.1136,-23.37871,5.08746,17.74807,-23.30204,4.926955,17.99241,-22.71079,4.915262,18.03883
190.1469,-23.37777,5.106057,17.71684,-23.30204,4.926955,17.99241,-22.71079,4.915262,18.03883
190.1802,-23.38281,5.089572,17.7374,-23.30204,4.926955,17.99241,-22.71079,4.915262,18.03883
190.2135,-23.38317,5.084269,17.74148,-23.30204,4.926955,17.99241,-22.71079,4.915262,18.03883
190.2469,-23.36955,5.10109,17.71897,-23.30204,4.926955,17.99241,-22.71079,4.915262,18.03883
190.2802,-23.37306,5.086657,17.73742,-23.30204,4.926955,17.99241,-22.71079,4.915262,18.03883
190.3136,-23.37371,5.082822,17.7403,-23.30204,4.926955,17.99241,-22.71079,4.915262,18.03883
190.3469,-23.36346,5.100241,17.72314,-23.30204,4.926955,17.99241,-22.71079,4.915262,18.03883
190.3802,-23.36693,5.088665,17.73704,-23.30204,4.926955,17.99241,-22.71079,4.915262,18.03883
190.4135,-23.36816,5.085312,17.74015,-23.30204,4.926955,17.99241,-22.71079,4.915262,18.03883
190.4469,-23.35763,5.096519,17.72579,-23.30204,4.926955,17.99241,-22.71079,4.915262,18.03883
190.4802,-23.3614,5.086809,17.7373,-23.30204,4.926955,17.99241,-22.71079,4.915262,18.03883
190.5135,-23.35328,5.091298,17.73342,-23.30204,4.926955,17.99241,-22.71079,4.915262,18.03883
190.5469,-23.3516,5.092486,17.73,-23.30204,4.926955,17.99241,-22.71079,4.915262,18.03883
190.5802,-23.35423,5.08367,17.74073,-23.30204,4.926955,17.99241,-22.71079,4.915262,18.03883
190.6136,-23.35039,5.087772,17.73671,-23.30204,4.926955,17.99241,-22.71079,4.915262,18.03883
190.6469,-23.35099,5.090327,17.73466,-23.30204,4.926955,17.99241,-22.71079,4.915262,18.03883
190.6802,-23.35173,5.08473,17.74224,-23.30204,4.926955,17.99241,-22.71079,4.915262,18.03883
190.7135,-23.34892,5.083454,17.745,-23.30204,4.926955,17.99241,-22.71079,4.915262,18.03883
190.7469,-23.3429,5.083616,17.74084,-23.30204,4.926955,17.99241,-22.71079,4.915262,18.03883
190.7802,-23.3399,5.080199,17.7424,-23.30204,4.926955,17.99241,-22.71079,4.915262,18.03883
190.8136,-23.33867,5.074879,17.74713,-23.30204,4.926955,17.99241,-22.71079,4.915262,18.03883
190.8469,-23.34155,5.066551,17.75138,-23.30204,4.926955,17.99241,-22.71079,4.915262,18.03883
190.8802,-23.34467,5.05828,17.75938,-23.30204,4.926955,17.99241,-22.71079,4.915262,18.03883
190.9135,-23.34626,5.053741,17.76411,-23.30204,4.926955,17.99241,-22.71079,4.915262,18.03883
190.9469,-23.34968,5.047612,17.76997,-23.30204,4.926955,17.99241,-22.71079,4.915262,18.03883
190.9802,-23.35743,5.041777,17.77534,-23.30204,4.926955,17.99241,-22.71079,4.915262,18.03883
191.0135,-23.36123,5.039464,17.77783,-23.30204,4.926955,17.99241,-22.71079,4.915262,18.03883
191.0469,-23.36879,5.035589,17.77834,-23.30204,4.926955,17.99241,-22.71079,4.915262,18.03883
191.0802,-23.37375,5.024874,17.78957,-23.30204,4.926955,17.99241,-22.71079,4.915262,18.03883
191.1136,-23.37543,5.022931,17.79225,-23.30204,4.926955,17.99241,-22.71079,4.915262,18.03883
191.1469,-23.37804,5.021511,17.7932,-23.30204,4.926955,17.99241,-22.71079,4.915262,18.03883
191.1802,-23.37681,5.021275,17.79251,-23.30204,4.926955,17.99241,-22.71079,4.915262,18.03883
191.2135,-23.37621,5.021276,17.79246,-23.30204,4.926955,17.99241,-22.71079,4.915262,18.03883
191.2469,-23.37606,5.020571,17.79066,-23.30204,4.926955,17.99241,-22.71079,4.915262,18.03883
191.2802,-23.37601,5.020338,17.79007,-23.30204,4.926955,17.99241,-22.71079,4.915262,18.03883
191.3136,-23.37819,5.02004,17.7899,-23.30204,4.926955,17.99241,-22.71079,4.915262,18.03883
191.3469,-23.37814,5.02086,17.78844,-23.30204,4.926955,17.99241,-22.71079,4.915262,18.03883
191.3802,-23.37814,5.02086,17.78844,-23.30204,4.926955,17.99241,-22.71079,4.915262,18.03883
191.4135,-23.38018,5.022558,17.78499,-23.30204,4.926955,17.99241,-22.71079,4.915262,18.03883
191.4469,-23.38385,5.023145,17.78276,-23.30204,4.926955,17.99241,-22.71079,4.915262,18.03883
191.4802,-23.3874,5.02589,17.77658,-23.30204,4.926955,17.99241,-22.71079,4.915262,18.03883
191.5135,-23.3873,5.027563,17.77369,-23.30204,4.926955,17.99241,-22.71079,4.915262,18.03883
191.5469,-23.38725,5.028401,17.77225,-23.30204,4.926955,17.99241,-22.71079,4.915262,18.03883
191.5802,-23.38873,5.02873,17.77,-23.30204,4.926955,17.99241,-22.71079,4.915262,18.03883
191.6136,-23.38873,5.02873,17.77,-23.30204,4.926955,17.99241,-22.71079,4.915262,18.03883
191.6469,-23.39031,5.028446,17.76978,-23.30204,4.926955,17.99241,-22.71079,4.915262,18.03883
191.6802,-23.39089,5.028446,17.76982,-23.30204,4.926955,17.99241,-22.71079,4.915262,18.03883
191.7135,-23.39247,5.028165,17.7696,-23.30204,4.926955,17.99241,-22.71079,4.915262,18.03883
191.7469,-23.39025,5.027152,17.77003,-23.30204,4.926955,17.99241,-22.71079,4.915262,18.03883
191.7802,-23.39194,5.025189,17.77269,-23.30204,4.926955,17.99241,-22.71079,4.915262,18.03883
191.8136,-23.39199,5.024353,17.77414,-23.30204,4.926955,17.99241,-22.71079,4.915262,18.03883
191.8469,-23.39046,5.023799,17.7758,-23.30204,4.926955,17.99241,-22.71079,4.915262,18.03883
191.8802,-23.39204,5.021392,17.77728,-23.30204,4.926955,17.99241,-22.71079,4.915262,18.03883
191.9135,-23.39051,5.019782,17.77979,-23.30204,4.926955,17.99241,-22.71079,4.915262,18.03883
191.9469,-23.39046,5.019554,17.7792,-23.30204,4.926955,17.99241,-22.71079,4.915262,18.03883
191.9802,-23.3905,5.017087,17.78128,-23.36604,4.924581,17.72566,-22.71079,4.915262,18.03883
192.0135,-23.39209,5.015748,17.78191,-23.36652,4.923713,17.72887,-22.71079,4.915262,18.03883
192.0469,-23.39056,5.015205,17.78358,-23.36858,4.923647,17.73031,-22.71079,4.915262,18.03883
192.0802,-23.39056,5.015204,17.78357,-23.36666,4.922021,17.73154,-22.71079,4.915262,18.03883
192.1136,-23.38903,5.014667,17.78525,-23.36666,4.922022,17.73154,-22.71079,4.915262,18.03883
192.1469,-23.39061,5.014383,17.78503,-23.36382,4.916863,17.73081,-22.71079,4.915262,18.03883
192.1802,-23.39062,5.013327,17.78588,-23.36642,4.919977,17.73248,-22.71079,4.915262,18.03883
192.2135,-23.38893,5.013146,17.7849,-23.366,4.9172,17.73248,-22.71079,4.915262,18.03883
192.2469,-23.38898,5.012325,17.78635,-23.36312,4.913042,17.72919,-22.71079,4.915262,18.03883
192.2802,-23.38898,5.012325,17.78635,-23.36339,4.912926,17.73121,-22.71079,4.915262,18.03883
192.3136,-23.38998,5.012042,17.78609,-23.36339,4.912926,17.73121,-22.71079,4.915262,18.03883
192.3469,-23.38842,5.011854,17.78738,-23.36469,4.913183,17.73123,-22.71079,4.915262,18.03883
192.3802,-23.38842,5.011854,17.78738,-23.36295,4.912764,17.73256,-22.71079,4.915262,18.03883
192.4135,-23.38842,5.011854,17.78738,-23.36295,4.912764,17.73256,-22.71079,4.915262,18.03883
192.4469,-23.38901,5.011854,17.78743,-23.36295,4.912764,17.73256,-22.71079,4.915262,18.03883
192.4802,-23.38895,5.012672,17.78597,-23.36354,4.912877,17.73268,-22.71079,4.915262,18.03883
192.5135,-23.3889,5.013494,17.78452,-23.36327,4.912951,17.73065,-22.71079,4.915262,18.03883
192.5469,-23.3889,5.013494,17.78452,-23.36424,4.917849,17.73129,-22.71079,4.915262,18.03883
192.5802,-23.38881,5.014665,17.78268,-23.36424,4.917848,17.73129,-22.71079,4.915262,18.03883
192.6136,-23.38875,5.01549,17.78124,-23.36473,4.921332,17.73058,-22.71079,4.915262,18.03883
192.6469,-23.38711,5.016601,17.78001,-23.36479,4.9227,17.72928,-22.71079,4.915262,18.03883
192.6802,-23.38696,5.016972,17.77737,-23.36279,4.923063,17.72748,-22.71079,4.915262,18.03883
192.7135,-23.38686,5.016513,17.77617,-23.3629,4.924606,17.72523,-22.71079,4.915262,18.03883
192.7469,-23.38527,5.016801,17.77639,-23.36295,4.924783,17.72429,-22.71079,4.915262,18.03883
192.7802,-23.3868,5.016285,17.77557,-23.36108,4.924521,17.72421,-22.71079,4.915262,18.03883
192.8136,-23.3868,5.016285,17.77557,-23.36297,4.924865,17.72382,-22.71079,4.915262,18.03883
192.8469,-23.38684,5.015937,17.77595,-23.36297,4.924865,17.72382,-22.71079,4.915262,18.03883
192.8802,-23.38689,5.015106,17.7774,-23.36307,4.924775,17.72435,-22.71079,4.915262,18.03883
192.9135,-23.38694,5.014277,17.77885,-23.3632,4.924168,17.72608,-22.71079,4.915262,18.03883
192.9469,-23.38698,5.013929,17.77923,-23.36324,4.923174,17.72759,-22.71079,4.915262,18.03883
192.9802,-23.38703,5.013102,17.78067,-23.36329,4.922912,17.72802,-22.71079,4.915262,18.03883
193.0135,-23.38545,5.013389,17.7809,-23.36324,4.921599,17.72935,-22.71079,4.915262,18.03883
193.0469,-23.3865,5.012276,17.78208,-23.36102,4.919974,17.72851,-22.71079,4.915262,18.03883
193.0802,-23.38646,5.012623,17.7817,-23.3623,4.919045,17.72993,-22.71079,4.915262,18.03883
193.1136,-23.38641,5.013448,17.78025,-23.3623,4.919045,17.72993,-22.71079,4.915262,18.03883
193.1469,-23.38641,5.013448,17.78025,-23.3623,4.919045,17.72993,-22.71079,4.915262,18.03883
193.1802,-23.38333,5.012854,17.78252,-23.3623,4.919045,17.72993,-22.71079,4.915262,18.03883
193.2135,-23.38185,5.011499,17.78565,-23.3623,4.919045,17.72993,-22.71079,4.915262,18.03883
193.2469,-23.38263,5.009748,17.78959,-23.3623,4.919045,17.72993,-22.71079,4.915262,18.03883
193.2802,-23.38255,5.006678,17.79672,-23.3623,4.919045,17.72993,-22.71079,4.915262,18.03883
193.3136,-23.38355,5.001717,17.80451,-23.3623,4.919045,17.72993,-22.71079,4.915262,18.03883
193.3469,-23.38392,4.99115,17.82101,-23.3623,4.919045,17.72993,-22.71079,4.915262,18.03883
193.3802,-23.38507,4.978148,17.84068,-23.3623,4.919045,17.72993,-22.71079,4.915262,18.03883
193.4135,-23.38513,4.972892,17.8569,-23.3623,4.919045,17.72993,-22.71079,4.915262,18.03883
193.4469,-23.38442,4.974783,17.86356,-23.3623,4.919045,17.72993,-22.71079,4.915262,18.03883
193.4802,-23.38221,4.975832,17.8696,-23.3623,4.919045,17.72993,-22.71079,4.915262,18.03883
193.5135,-23.3803,4.975949,17.87355,-23.3623,4.919045,17.72993,-22.71079,4.915262,18.03883
193.5469,-23.37799,4.976882,17.87926,-23.3623,4.919045,17.72993,-22.71079,4.915262,18.03883
193.5802,-23.37454,4.977199,17.8835,-23.3623,4.919045,17.72993,-22.71079,4.915262,18.03883
193.6136,-23.36964,4.976979,17.89121,-23.3623,4.919045,17.72993,-22.71079,4.915262,18.03883
193.6469,-23.36445,4.977419,17.89727,-23.3623,4.919045,17.72993,-22.71079,4.915262,18.03883
193.6802,-23.3642,4.977947,17.89997,-23.3623,4.919045,17.72993,-22.71079,4.915262,18.03883
193.7135,-23.36253,4.977946,17.90307,-23.3623,4.919045,17.72993,-22.71079,4.915262,18.03883
193.7469,-23.36062,4.978242,17.90643,-23.3623,4.919045,17.72993,-22.71079,4.915262,18.03883
193.7802,-23.36016,4.978247,17.90986,-23.3623,4.919045,17.72993,-22.71079,4.915262,18.03883
193.8136,-23.35847,4.977871,17.91182,-23.3623,4.919045,17.72993,-22.71079,4.915262,18.03883
193.8469,-23.35873,4.977465,17.91612,-23.3623,4.919045,17.72993,-22.71079,4.915262,18.03883
193.8802,-23.35901,4.976946,17.92006,-23.3623,4.919045,17.72993,-22.71079,4.915262,18.03883
193.9135,-23.35918,4.975726,17.92705,-23.3623,4.919045,17.72993,-22.71079,4.915262,18.03883
193.9469,-23.36076,4.974315,17.93795,-23.3623,4.919045,17.72993,-22.71079,4.915262,18.03883
193.9802,-23.36026,4.972958,17.94585,-23.3623,4.919045,17.72993,-22.71079,4.915262,18.03883
194.0135,-23.35968,4.970869,17.95514,-23.3623,4.919045,17.72993,-22.71079,4.915262,18.03883
194.0469,-23.35939,4.967252,17.96818,-23.3623,4.919045,17.72993,-22.71079,4.915262,18.03883
194.0802,-23.35958,4.96056,17.98607,-23.3623,4.919045,17.72993,-22.71079,4.915262,18.03883
194.1136,-23.35531,4.956116,17.99771,-23.3623,4.919045,17.72993,-22.71079,4.915262,18.03883
194.1469,-23.35234,4.951932,18.00741,-23.3623,4.919045,17.72993,-22.71079,4.915262,18.03883
194.1802,-23.35809,4.930839,18.02596,-23.3623,4.919045,17.72993,-22.71079,4.915262,18.03883
194.2135,-23.36125,4.930885,18.02599,-23.3623,4.919045,17.72993,-22.71079,4.915262,18.03883
194.2469,-23.36333,4.944624,18.02164,-23.3623,4.919045,17.72993,-22.71079,4.915262,18.03883
194.2802,-23.36763,4.948989,18.0225,-23.3623,4.919045,17.72993,-22.71079,4.915262,18.03883
194.3136,-23.37081,4.949897,18.01962,-23.3623,4.919045,17.72993,-22.71079,4.915262,18.03883
194.3469,-23.37436,4.951048,18.01717,-23.3623,4.919045,17.72993,-22.71079,4.915262,18.03883
194.3802,-23.38116,4.952953,18.01215,-23.3623,4.919045,17.72993,-22.71079,4.915262,18.03883
194.4135,-23.38831,4.953603,18.01108,-23.3623,4.919045,17.72993,-22.71079,4.915262,18.03883
194.4469,-23.39633,4.954892,18.0104,-23.3623,4.919045,17.72993,-22.71079,4.915262,18.03883
194.4802,-23.40083,4.955726,18.0075,-23.3623,4.919045,17.72993,-22.71079,4.915262,18.03883
194.5135,-23.40207,4.956417,18.00476,-23.3623,4.919045,17.72993,-22.71079,4.915262,18.03883
194.5469,-23.40331,4.957474,17.99997,-23.3623,4.919045,17.72993,-22.71079,4.915262,18.03883
194.5802,-23.41005,4.959248,17.99636,-23.3623,4.919045,17.72993,-22.71079,4.915262,18.03883
194.6136,-23.41458,4.960417,17.99431,-23.3623,4.919045,17.72993,-22.71079,4.915262,18.03883
194.6469,-23.41722,4.961799,17.99185,-23.3623,4.919045,17.72993,-22.71079,4.915262,18.03883
194.6802,-23.41947,4.962075,17.99235,-23.3623,4.919045,17.72993,-22.71079,4.915262,18.03883
194.7135,-23.42011,4.962336,17.99196,-23.3623,4.919045,17.72993,-22.71079,4.915262,18.03883
194.7469,-23.42251,4.962594,17.99286,-23.3623,4.919045,17.72993,-22.71079,4.915262,18.03883
194.7802,-23.42467,4.962286,17.99692,-23.3623,4.919045,17.72993,-22.71079,4.915262,18.03883
194.8136,-23.42757,4.961698,18.0025,-23.3623,4.919045,17.72993,-22.71079,4.915262,18.03883
194.8469,-23.43157,4.960917,18.01255,-23.3623,4.919045,17.72993,-22.71079,4.915262,18.03883
194.8802,-23.43527,4.961965,18.02443,-23.3623,4.919045,17.72993,-22.71079,4.915262,18.03883
194.9135,-23.43667,4.962337,18.02822,-23.3623,4.919045,17.72993,-22.71079,4.915262,18.03883
194.9469,-23.4397,4.961211,18.03894,-23.3623,4.919045,17.72993,-22.71079,4.915262,18.03883
194.9802,-23.44045,4.962069,18.04038,-23.3623,4.919045,17.72993,-22.71079,4.915262,18.03883
195.0135,-23.43977,4.963399,18.04357,-23.3623,4.919045,17.72993,-22.71079,4.915262,18.03883
195.0469,-23.43965,4.963934,18.0467,-23.3623,4.919045,17.72993,-22.71079,4.915262,18.03883
195.0802,-23.43975,4.96412,18.04763,-23.3623,4.919045,17.72993,-22.71079,4.915262,18.03883
195.1136,-23.43969,4.964153,18.04723,-23.3623,4.919045,17.72993,-22.71079,4.915262,18.03883
195.1469,-23.44071,4.964278,18.04875,-23.3623,4.919045,17.72993,-22.71079,4.915262,18.03883
195.1802,-23.44038,4.964424,18.04815,-23.3623,4.919045,17.72993,-22.71079,4.915262,18.03883
195.2135,-23.44015,4.964335,18.04939,-23.3623,4.919045,17.72993,-22.71079,4.915262,18.03883
195.2469,-23.44141,4.964949,18.05177,-23.3623,4.919045,17.72993,-22.71079,4.915262,18.03883
195.2802,-23.44134,4.965096,18.05351,-23.3623,4.919045,17.72993,-22.71079,4.915262,18.03883
195.3136,-23.44112,4.965029,18.05716,-23.3623,4.919045,17.72993,-22.71079,4.915262,18.03883
195.3469,-23.44103,4.965535,18.0596,-23.3623,4.919045,17.72993,-22.71079,4.915262,18.03883
195.3802,-23.44071,4.965727,18.06286,-23.3623,4.919045,17.72993,-22.71079,4.915262,18.03883
195.4135,-23.44075,4.965787,18.06435,-23.3623,4.919045,17.72993,-22.71079,4.915262,18.03883
195.4469,-23.43936,4.965739,18.06869,-23.3623,4.919045,17.72993,-22.71079,4.915262,18.03883
195.4802,-23.43796,4.965482,18.07168,-23.3623,4.919045,17.72993,-22.71079,4.915262,18.03883
195.5135,-23.43659,4.965103,18.07741,-23.3623,4.919045,17.72993,-22.71079,4.915262,18.03883
195.5469,-23.4326,4.964298,18.08242,-23.3623,4.919045,17.72993,-22.71079,4.915262,18.03883
195.5802,-23.42963,4.963821,18.08973,-23.3623,4.919045,17.72993,-22.71079,4.915262,18.03883
195.6136,-23.42823,4.962873,18.09767,-23.3623,4.919045,17.72993,-22.71079,4.915262,18.03883
195.6469,-23.42515,4.963539,18.10411,-23.3623,4.919045,17.72993,-22.71079,4.915262,18.03883
195.6802,-23.42462,4.964417,18.10778,-23.3623,4.919045,17.72993,-22.71079,4.915262,18.03883
195.7135,-23.42372,4.965146,18.10749,-23.3623,4.919045,17.72993,-22.71079,4.915262,18.03883
195.7469,-23.42492,4.965004,18.10856,-23.3623,4.919045,17.72993,-22.71079,4.915262,18.03883
195.7802,-23.42617,4.966189,18.11198,-23.3623,4.919045,17.72993,-22.71079,4.915262,18.03883
195.8136,-23.42794,4.966622,18.11535,-23.3623,4.919045,17.72993,-22.71079,4.915262,18.03883
195.8469,-23.43023,4.969321,18.12142,-23.3623,4.919045,17.72993,-22.71079,4.915262,18.03883
195.8802,-23.43454,4.972943,18.13085,-23.3623,4.919045,17.72993,-22.71079,4.915262,18.03883
195.9135,-23.43971,4.974451,18.1428,-23.3623,4.919045,17.72993,-22.71079,4.915262,18.03883
195.9469,-23.44886,4.977978,18.15809,-23.3623,4.919045,17.72993,-22.71079,4.915262,18.03883
195.9802,-23.45501,4.981045,18.16893,-23.3623,4.919045,17.72993,-22.71079,4.915262,18.03883
196.0135,-23.46343,4.979541,18.18357,-23.3623,4.919045,17.72993,-22.71079,4.915262,18.03883
196.0469,-23.48368,4.978662,18.20382,-23.3623,4.919045,17.72993,-22.71079,4.915262,18.03883
196.0802,-23.48362,4.978757,18.20993,-23.3623,4.919045,17.72993,-22.71079,4.915262,18.03883
196.1136,-23.48207,4.979902,18.217,-23.3623,4.919045,17.72993,-22.71079,4.915262,18.03883
196.1469,-23.49125,4.984023,18.23156,-23.3623,4.919045,17.72993,-22.71079,4.915262,18.03883
196.1802,-23.49721,4.981393,18.24354,-23.3623,4.919045,17.72993,-22.71079,4.915262,18.03883
196.2135,-23.5061,4.981013,18.25477,-23.3623,4.919045,17.72993,-22.71079,4.915262,18.03883
196.2469,-23.53633,4.94875,18.28151,-23.3623,4.919045,17.72993,-22.71079,4.915262,18.03883
196.2802,-23.58586,4.866801,18.31872,-23.3623,4.919045,17.72993,-22.71079,4.915262,18.03883
196.3136,-23.60675,4.859969,18.33084,-23.3623,4.919045,17.72993,-22.71079,4.915262,18.03883
196.3469,-23.61377,4.858723,18.3302,-23.3623,4.919045,17.72993,-22.71079,4.915262,18.03883
196.3802,-23.6137,4.858402,18.33029,-23.3623,4.919045,17.72993,-22.71079,4.915262,18.03883
196.4135,-23.60752,4.86066,18.32053,-23.3623,4.919045,17.72993,-22.71079,4.915262,18.03883
196.4469,-23.61743,4.857985,18.32448,-23.3623,4.919045,17.72993,-22.71079,4.915262,18.03883
196.4802,-23.61791,4.858077,18.32401,-23.3623,4.919045,17.72993,-22.71079,4.915262,18.03883
196.5135,-23.6244,4.858728,18.31467,-23.3623,4.919045,17.72993,-22.71079,4.915262,18.03883
196.5469,-23.62928,4.861121,18.29927,-23.3623,4.919045,17.72993,-22.71079,4.915262,18.03883
196.5802,-23.64364,4.86271,18.2807,-23.3623,4.919045,17.72993,-22.71079,4.915262,18.03883
196.6136,-23.6483,4.868294,18.25517,-23.3623,4.919045,17.72993,-22.71079,4.915262,18.03883
196.6469,-23.65264,4.87245,18.23712,-23.3623,4.919045,17.72993,-22.71079,4.915262,18.03883
196.6802,-23.65089,4.87917,18.21666,-23.3623,4.919045,17.72993,-22.71079,4.915262,18.03883
196.7135,-23.64512,4.886986,18.19712,-23.3623,4.919045,17.72993,-22.71079,4.915262,18.03883
196.7469,-23.64669,4.891612,18.18247,-23.3623,4.919045,17.72993,-22.71079,4.915262,18.03883
196.7802,-23.6422,4.896235,18.17438,-23.3623,4.919045,17.72993,-22.71079,4.915262,18.03883
196.8136,-23.64272,4.897274,18.17157,-23.3623,4.919045,17.72993,-22.71079,4.915262,18.03883
196.8469,-23.64026,4.899206,18.16819,-23.3623,4.919045,17.72993,-22.71079,4.915262,18.03883
196.8802,-23.63504,4.911859,18.14357,-23.3623,4.919045,17.72993,-22.71079,4.915262,18.03883
196.9135,-23.60688,4.936129,18.14296,-23.3623,4.919045,17.72993,-22.71079,4.915262,18.03883
196.9469,-23.58817,4.963355,18.17252,-23.3623,4.919045,17.72993,-22.71079,4.915262,18.03883
196.9802,-23.57029,4.963164,18.18441,-23.3623,4.919045,17.72993,-22.71079,4.915262,18.03883
197.0135,-23.55691,4.960736,18.19586,-23.3623,4.919045,17.72993,-22.71079,4.915262,18.03883
197.0469,-23.54433,4.957101,18.21474,-23.3623,4.919045,17.72993,-22.71079,4.915262,18.03883
197.0802,-23.53697,4.956006,18.2375,-23.3623,4.919045,17.72993,-22.71079,4.915262,18.03883
197.1136,-23.5288,4.957701,18.2553,-23.3623,4.919045,17.72993,-22.71079,4.915262,18.03883
197.1469,-23.51998,4.960155,18.28035,-23.3623,4.919045,17.72993,-22.71079,4.915262,18.03883
197.1802,-23.51947,4.958431,18.30002,-23.3623,4.919045,17.72993,-22.71079,4.915262,18.03883
197.2135,-23.51924,4.956735,18.31592,-23.3623,4.919045,17.72993,-22.71079,4.915262,18.03883
197.2469,-23.51845,4.958494,18.32881,-23.3623,4.919045,17.72993,-22.71079,4.915262,18.03883
197.2802,-23.51877,4.957386,18.33723,-23.3623,4.919045,17.72993,-22.71079,4.915262,18.03883
197.3136,-23.51858,4.956727,18.34291,-23.3623,4.919045,17.72993,-22.71079,4.915262,18.03883
197.3469,-23.51887,4.956183,18.345,-23.3623,4.919045,17.72993,-22.71079,4.915262,18.03883
197.3802,-23.51845,4.956187,18.34786,-23.3623,4.919045,17.72993,-22.71079,4.915262,18.03883
197.4135,-23.51872,4.956043,18.34815,-23.3623,4.919045,17.72993,-22.71079,4.915262,18.03883
197.4469,-23.51829,4.956859,18.34874,-23.3623,4.919045,17.72993,-22.71079,4.915262,18.03883
197.4802,-23.51812,4.957796,18.34498,-23.3623,4.919045,17.72993,-22.71079,4.915262,18.03883
197.5135,-23.51775,4.959257,18.33896,-23.3623,4.919045,17.72993,-22.71079,4.915262,18.03883
197.5469,-23.51621,4.96335,18.33075,-23.3623,4.919045,17.72993,-22.71079,4.915262,18.03883
197.5802,-23.51084,4.972596,18.32229,-23.3623,4.919045,17.72993,-22.71079,4.915262,18.03883
197.6136,-23.50462,4.979053,18.3127,-23.3623,4.919045,17.72993,-22.71079,4.915262,18.03883
197.6469,-23.49364,4.9865,18.30111,-23.3623,4.919045,17.72993,-22.71079,4.915262,18.03883
197.6802,-23.48373,4.988614,18.29214,-23.3623,4.919045,17.72993,-22.71079,4.915262,18.03883
197.7135,-23.47816,4.989779,18.2851,-23.3623,4.919045,17.72993,-22.71079,4.915262,18.03883
197.7469,-23.47456,4.989119,18.28147,-23.3623,4.919045,17.72993,-22.71079,4.915262,18.03883
197.7802,-23.47245,4.989121,18.27631,-23.3623,4.919045,17.72993,-22.71079,4.915262,18.03883
197.8136,-23.47208,4.989165,18.27477,-23.3623,4.919045,17.72993,-22.71079,4.915262,18.03883
197.8469,-23.4721,4.988796,18.27654,-23.3623,4.919045,17.72993,-22.71079,4.915262,18.03883
197.8802,-23.472,4.989025,18.27491,-23.3623,4.919045,17.72993,-22.71079,4.915262,18.03883
197.9135,-23.47191,4.989243,18.27329,-23.3623,4.919045,17.72993,-22.71079,4.915262,18.03883
197.9469,-23.4718,4.98979,18.27007,-23.3623,4.919045,17.72993,-22.71079,4.915262,18.03883
197.9802,-23.47561,4.991536,18.26293,-23.3623,4.919045,17.72993,-22.71079,4.915262,18.03883
198.0135,-23.47965,4.992204,18.25549,-23.3623,4.919045,17.72993,-22.71079,4.915262,18.03883
198.0469,-23.48267,4.991877,18.24768,-23.3623,4.919045,17.72993,-22.71079,4.915262,18.03883
198.0802,-23.48236,4.991108,18.24072,-23.3623,4.919045,17.72993,-22.71079,4.915262,18.03883
198.1136,-23.48453,4.990141,18.2399,-23.3623,4.919045,17.72993,-22.71079,4.915262,18.03883
198.1469,-23.48458,4.991077,18.23683,-23.3623,4.919045,17.72993,-22.71079,4.915262,18.03883
198.1802,-23.4879,4.991046,18.23512,-23.3623,4.919045,17.72993,-22.71079,4.915262,18.03883
198.2135,-23.48832,4.991669,18.23166,-23.3623,4.919045,17.72993,-22.71079,4.915262,18.03883
198.2469,-23.48995,4.990388,18.23239,-23.3623,4.919045,17.72993,-22.71079,4.915262,18.03883
198.2802,-23.49322,4.989044,18.23335,-23.3623,4.919045,17.72993,-22.71079,4.915262,18.03883
198.3136,-23.49322,4.989044,18.23335,-23.3623,4.919045,17.72993,-22.71079,4.915262,18.03883
198.3469,-23.49494,4.988117,18.23462,-23.3623,4.919045,17.72993,-22.71079,4.915262,18.03883
198.3802,-23.49371,4.986739,18.23786,-23.3623,4.919045,17.72993,-22.71079,4.915262,18.03883
198.4135,-23.49567,4.984896,18.24101,-23.3623,4.919045,17.72993,-22.71079,4.915262,18.03883
198.4469,-23.49519,4.985419,18.24417,-23.3623,4.919045,17.72993,-22.71079,4.915262,18.03883
198.4802,-23.49606,4.985538,18.2466,-23.3623,4.919045,17.72993,-22.71079,4.915262,18.03883
198.5135,-23.4968,4.985491,18.2491,-23.3623,4.919045,17.72993,-22.71079,4.915262,18.03883
198.5469,-23.498,4.985747,18.25259,-23.3623,4.919045,17.72993,-22.71079,4.915262,18.03883
198.5802,-23.49881,4.98581,18.25512,-23.3623,4.919045,17.72993,-22.71079,4.915262,18.03883
198.6136,-23.49998,4.985576,18.25986,-23.3623,4.919045,17.72993,-22.71079,4.915262,18.03883
198.6469,-23.50105,4.98571,18.26289,-23.3623,4.919045,17.72993,-22.71079,4.915262,18.03883
198.6802,-23.50017,4.986381,18.26472,-23.3623,4.919045,17.72993,-22.71079,4.915262,18.03883
198.7135,-23.50013,4.986503,18.26488,-23.3623,4.919045,17.72993,-22.71079,4.915262,18.03883
198.7469,-23.50047,4.9864,18.26661,-23.3623,4.919045,17.72993,-22.71079,4.915262,18.03883
198.7802,-23.49916,4.987203,18.26693,-23.3623,4.919045,17.72993,-22.71079,4.915262,18.03883
198.8136,-23.49918,4.987209,18.26693,-23.3623,4.919045,17.72993,-22.71079,4.915262,18.03883
198.8469,-23.49781,4.987937,18.26725,-23.3623,4.919045,17.72993,-22.71079,4.915262,18.03883
198.8802,-23.49641,4.988661,18.26758,-23.48772,4.956572,18.25905,-22.71079,4.915262,18.03883
198.9135,-23.49508,4.989051,18.26901,-23.48699,4.959504,18.25996,-22.71079,4.915262,18.03883
198.9469,-23.49196,4.990104,18.26839,-23.48613,4.961456,18.26183,-22.71079,4.915262,18.03883
198.9802,-23.4918,4.990203,18.26602,-23.48312,4.963092,18.26133,-22.71079,4.915262,18.03883
199.0135,-23.4914,4.990361,18.2646,-23.48283,4.962774,18.2588,-22.71079,4.915262,18.03883
199.0469,-23.48928,4.990875,18.26177,-23.48235,4.962734,18.2573,-22.71079,4.915262,18.03883
199.0802,-23.48855,4.990926,18.25944,-23.48019,4.963309,18.2544,-22.71079,4.915262,18.03883
199.1136,-23.48827,4.991015,18.25788,-23.4794,4.963208,18.25198,-22.71079,4.915262,18.03883
199.1469,-23.48795,4.990952,18.25634,-23.47902,4.963029,18.2503,-22.71079,4.915262,18.03883
199.1802,-23.48795,4.990929,18.25635,-23.47865,4.962854,18.24869,-22.71079,4.915262,18.03883
199.2135,-23.48949,4.990468,18.25605,-23.47865,4.962855,18.24871,-22.71079,4.915262,18.03883
199.2469,-23.4909,4.989968,18.25592,-23.47986,4.961252,18.24809,-22.71079,4.915262,18.03883
199.2802,-23.49202,4.989428,18.25411,-23.48084,4.959323,18.24757,-22.71079,4.915262,18.03883
199.3136,-23.49382,4.988619,18.25537,-23.47726,4.94431,18.24175,-22.71079,4.915262,18.03883
199.3469,-23.49404,4.988691,18.2572,-23.47915,4.943537,18.24308,-22.71079,4.915262,18.03883
199.3802,-23.49553,4.988056,18.25693,-23.47926,4.943258,18.24489,-22.71079,4.915262,18.03883
199.4136,-23.49622,4.987915,18.26014,-23.48603,4.958723,18.24897,-22.71079,4.915262,18.03883
199.4469,-23.49835,4.987099,18.26097,-23.4866,4.958181,18.25216,-22.71079,4.915262,18.03883
199.4802,-23.49947,4.986776,18.26399,-23.48378,4.941845,18.24887,-22.71079,4.915262,18.03883
199.5135,-23.49995,4.986288,18.26563,-23.48487,4.941338,18.25197,-22.71079,4.915262,18.03883
199.5469,-23.50056,4.98636,18.26721,-23.48543,4.941064,18.25374,-22.71079,4.915262,18.03883
199.5802,-23.50067,4.986107,18.26731,-23.48595,4.940815,18.25529,-22.71079,4.915262,18.03883
199.6136,-23.49929,4.987014,18.26778,-23.48612,4.940762,18.25545,-22.71079,4.915262,18.03883
199.6469,-23.50186,4.985425,18.26965,-23.4845,4.94113,18.25579,-22.71079,4.915262,18.03883
199.6802,-23.50267,4.984885,18.27015,-23.48737,4.940264,18.25791,-22.71079,4.915262,18.03883
199.7135,-23.50272,4.985072,18.26866,-23.48827,4.94,18.25849,-22.71079,4.915262,18.03883
199.7469,-23.50284,4.984967,18.26852,-23.48829,4.940118,18.25692,-22.71079,4.915262,18.03883
199.7802,-23.50253,4.985192,18.26695,-23.48843,4.940094,18.25679,-22.71079,4.915262,18.03883
199.8136,-23.50075,4.98617,18.26585,-23.49171,4.951531,18.25811,-22.71079,4.915262,18.03883
199.8469,-23.50212,4.985281,18.26411,-23.48612,4.940883,18.2539,-22.71079,4.915262,18.03883
199.8802,-23.50203,4.985323,18.26365,-23.49196,4.953773,18.25575,-22.71079,4.915262,18.03883
199.9136,-23.50028,4.986181,18.26239,-23.49191,4.953925,18.2553,-22.71079,4.915262,18.03883
199.9469,-23.50168,4.985311,18.26214,-23.48573,4.94125,18.25038,-22.71079,4.915262,18.03883
199.9802,-23.50166,4.985265,18.26215,-23.49157,4.953955,18.25375,-22.71079,4.915262,18.03883
200.0135,-23.50314,4.984476,18.26172,-23.49156,4.953968,18.25378,-22.71079,4.915262,18.03883
200.0469,-23.50311,4.984368,18.26174,-23.49346,4.954336,18.25366,-22.71079,4.915262,18.03883
200.0802,-23.50316,4.984213,18.26162,-23.49347,4.954347,18.2537,-22.71079,4.915262,18.03883
200.1136,-23.5046,4.983423,18.26121,-23.49359,4.9544,18.25363,-22.71079,4.915262,18.03883
200.1469,-23.50464,4.98324,18.26109,-23.49522,4.954056,18.25334,-22.71079,4.915262,18.03883
200.1802,-23.50466,4.983215,18.2611,-23.4953,4.954,18.25324,-22.71079,4.915262,18.03883
200.2135,-23.50509,4.983023,18.26265,-23.49533,4.954012,18.25326,-22.71079,4.915262,18.03883
200.2469,-23.50517,4.983078,18.26265,-23.49577,4.953799,18.25485,-22.71079,4.915262,18.03883
200.2802,-23.5052,4.983061,18.26266,-23.49582,4.953762,18.25483,-22.71079,4.915262,18.03883
200.3136,-23.5031,4.984118,18.25988,-23.49584,4.953739,18.25484,-22.71079,4.915262,18.03883
200.3469,-23.50607,4.977907,18.25644,-23.49339,4.953876,18.25173,-22.71079,4.915262,18.03883
200.3802,-23.50374,4.980725,18.25068,-23.49339,4.953876,18.25173,-22.71079,4.915262,18.03883
200.4136,-23.50241,4.981875,18.24442,-23.49339,4.953876,18.25173,-22.71079,4.915262,18.03883
200.4469,-23.50178,4.981875,18.24304,-23.49339,4.953876,18.25173,-22.71079,4.915262,18.03883
200.4802,-23.50218,4.981517,18.23996,-23.49339,4.953876,18.25173,-22.71079,4.915262,18.03883
200.5135,-23.50876,4.979854,18.23594,-23.49339,4.953876,18.25173,-22.71079,4.915262,18.03883
200.5469,-23.5195,4.979787,18.22876,-23.49339,4.953876,18.25173,-22.71079,4.915262,18.03883
200.5802,-23.53112,4.979602,18.22053,-23.49339,4.953876,18.25173,-22.71079,4.915262,18.03883
200.6136,-23.54031,4.980776,18.21159,-23.49339,4.953876,18.25173,-22.71079,4.915262,18.03883
200.6469,-23.54974,4.983106,18.20368,-23.49339,4.953876,18.25173,-22.71079,4.915262,18.03883
200.6802,-23.55788,4.986822,18.19142,-23.49339,4.953876,18.25173,-22.71079,4.915262,18.03883
200.7135,-23.56293,4.988907,18.18083,-23.49339,4.953876,18.25173,-22.71079,4.915262,18.03883
200.7469,-23.5678,4.989334,18.17494,-23.49339,4.953876,18.25173,-22.71079,4.915262,18.03883
200.7802,-23.57248,4.990406,18.16752,-23.49339,4.953876,18.25173,-22.71079,4.915262,18.03883
200.8136,-23.57122,4.991881,18.16266,-23.49339,4.953876,18.25173,-22.71079,4.915262,18.03883
200.8469,-23.57493,4.991546,18.16022,-23.49339,4.953876,18.25173,-22.71079,4.915262,18.03883
200.8802,-23.57506,4.993357,18.15352,-23.49339,4.953876,18.25173,-22.71079,4.915262,18.03883
200.9136,-23.57621,4.993661,18.14936,-23.49339,4.953876,18.25173,-22.71079,4.915262,18.03883
200.9469,-23.57779,4.993567,18.14289,-23.49339,4.953876,18.25173,-22.71079,4.915262,18.03883
200.9802,-23.57714,4.994528,18.13698,-23.49339,4.953876,18.25173,-22.71079,4.915262,18.03883
201.0135,-23.57759,4.9955,18.13364,-23.49339,4.953876,18.25173,-22.71079,4.915262,18.03883
201.0469,-23.57779,4.99741,18.12901,-23.49339,4.953876,18.25173,-22.71079,4.915262,18.03883
201.0802,-23.58029,4.999175,18.12352,-23.49339,4.953876,18.25173,-22.71079,4.915262,18.03883
201.1136,-23.58147,5.000185,18.12016,-23.49339,4.953876,18.25173,-22.71079,4.915262,18.03883
201.1469,-23.58347,5.000924,18.11654,-23.49339,4.953876,18.25173,-22.71079,4.915262,18.03883
201.1802,-23.5862,5.001678,18.1129,-23.49339,4.953876,18.25173,-22.71079,4.915262,18.03883
201.2135,-23.58739,5.002724,18.10955,-23.49339,4.953876,18.25173,-22.71079,4.915262,18.03883
201.2469,-23.58857,5.003779,18.10621,-23.49339,4.953876,18.25173,-22.71079,4.915262,18.03883
201.2802,-23.59129,5.004576,18.10258,-23.49339,4.953876,18.25173,-22.71079,4.915262,18.03883
201.3136,-23.59419,5.004717,18.10047,-23.49339,4.953876,18.25173,-22.71079,4.915262,18.03883
201.3469,-23.59763,5.005543,18.0968,-23.49339,4.953876,18.25173,-22.71079,4.915262,18.03883
201.3802,-23.60404,5.006131,18.09276,-23.49339,4.953876,18.25173,-22.71079,4.915262,18.03883
201.4136,-23.6135,5.006255,18.08812,-23.49339,4.953876,18.25173,-22.71079,4.915262,18.03883
201.4469,-23.62322,5.005301,18.08667,-23.49339,4.953876,18.25173,-22.71079,4.915262,18.03883
201.4802,-23.63428,5.004838,18.08339,-23.49339,4.953876,18.25173,-22.71079,4.915262,18.03883
201.5135,-23.64001,5.005081,18.08105,-23.49339,4.953876,18.25173,-22.71079,4.915262,18.03883
201.5469,-23.6491,5.003738,18.08128,-23.49339,4.953876,18.25173,-22.71079,4.915262,18.03883
201.5802,-23.6581,5.002895,18.07979,-23.49339,4.953876,18.25173,-22.71079,4.915262,18.03883
201.6136,-23.66639,5.002084,18.07834,-23.49339,4.953876,18.25173,-22.71079,4.915262,18.03883
201.6469,-23.67194,5.000808,18.07885,-23.49339,4.953876,18.25173,-22.71079,4.915262,18.03883
201.6802,-23.67551,4.998641,18.08154,-23.49339,4.953876,18.25173,-22.71079,4.915262,18.03883
201.7135,-23.67791,4.995026,18.08704,-23.49339,4.953876,18.25173,-22.71079,4.915262,18.03883
201.7469,-23.68003,4.992521,18.09073,-23.49339,4.953876,18.25173,-22.71079,4.915262,18.03883
201.7802,-23.68409,4.989071,18.09646,-23.49339,4.953876,18.25173,-22.71079,4.915262,18.03883
201.8136,-23.68443,4.988011,18.09902,-23.49339,4.953876,18.25173,-22.71079,4.915262,18.03883
201.8469,-23.68565,4.988413,18.10037,-23.49339,4.953876,18.25173,-22.71079,4.915262,18.03883
201.8802,-23.68699,4.988571,18.10291,-23.49339,4.953876,18.25173,-22.71079,4.915262,18.03883
201.9136,-23.68712,4.988055,18.10509,-23.49339,4.953876,18.25173,-22.71079,4.915262,18.03883
201.9469,-23.68891,4.988369,18.10764,-23.49339,4.953876,18.25173,-22.71079,4.915262,18.03883
201.9802,-23.69054,4.988682,18.10881,-23.49339,4.953876,18.25173,-22.71079,4.915262,18.03883
202.0135,-23.69226,4.988747,18.11001,-23.49339,4.953876,18.25173,-22.71079,4.915262,18.03883
202.0469,-23.69427,4.989112,18.11211,-23.49339,4.953876,18.25173,-22.71079,4.915262,18.03883
202.0802,-23.69426,4.989254,18.11319,-23.49339,4.953876,18.25173,-22.71079,4.915262,18.03883
202.1136,-23.69434,4.989258,18.11475,-23.49339,4.953876,18.25173,-22.71079,4.915262,18.03883
202.1469,-23.69406,4.989445,18.11444,-23.49339,4.953876,18.25173,-22.71079,4.915262,18.03883
202.1802,-23.69433,4.989382,18.11598,-23.49339,4.953876,18.25173,-22.71079,4.915262,18.03883
202.2135,-23.69422,4.989514,18.11558,-23.49339,4.953876,18.25173,-22.71079,4.915262,18.03883
202.2469,-23.69443,4.989565,18.11658,-23.49339,4.953876,18.25173,-22.71079,4.915262,18.03883
202.2802,-23.6945,4.989805,18.11976,-23.49339,4.953876,18.25173,-22.71079,4.915262,18.03883
202.3136,-23.69425,4.989867,18.12149,-23.49339,4.953876,18.25173,-22.71079,4.915262,18.03883
202.3469,-23.69506,4.989957,18.12153,-23.49339,4.953876,18.25173,-22.71079,4.915262,18.03883
202.3802,-23.70413,4.987932,18.11925,-23.49339,4.953876,18.25173,-22.71079,4.915262,18.03883
202.4136,-23.70934,4.985491,18.11887,-23.49339,4.953876,18.25173,-22.71079,4.915262,18.03883
202.4469,-23.72372,4.971874,18.11633,-23.49339,4.953876,18.25173,-22.71079,4.915262,18.03883
202.4802,-23.72536,4.974508,18.11439,-23.49339,4.953876,18.25173,-22.71079,4.915262,18.03883
202.5135,-23.7271,4.974235,18.11398,-23.49339,4.953876,18.25173,-22.71079,4.915262,18.03883
202.5469,-23.72709,4.974208,18.11398,-23.49339,4.953876,18.25173,-22.71079,4.915262,18.03883
202.5802,-23.72638,4.974242,18.11099,-23.49339,4.953876,18.25173,-22.71079,4.915262,18.03883
202.6136,-23.72604,4.97432,18.10949,-23.49339,4.953876,18.25173,-22.71079,4.915262,18.03883
202.6469,-23.72595,4.974412,18.10813,-23.49339,4.953876,18.25173,-22.71079,4.915262,18.03883
202.6802,-23.72624,4.975381,18.10547,-23.49339,4.953876,18.25173,-22.71079,4.915262,18.03883
202.7135,-23.72627,4.976021,18.10405,-23.49339,4.953876,18.25173,-22.71079,4.915262,18.03883
202.7469,-23.72749,4.975435,18.10178,-23.49339,4.953876,18.25173,-22.71079,4.915262,18.03883
202.7802,-23.72726,4.976326,18.09876,-23.49339,4.953876,18.25173,-22.71079,4.915262,18.03883
202.8136,-23.72625,4.977266,18.09798,-23.49339,4.953876,18.25173,-22.71079,4.915262,18.03883
202.8469,-23.72495,4.979166,18.09515,-23.49339,4.953876,18.25173,-22.71079,4.915262,18.03883
202.8802,-23.72211,4.982173,18.09443,-23.49339,4.953876,18.25173,-22.71079,4.915262,18.03883
202.9136,-23.71891,4.984345,18.0952,-23.49339,4.953876,18.25173,-22.71079,4.915262,18.03883
202.9469,-23.71548,4.987112,18.09481,-23.49339,4.953876,18.25173,-22.71079,4.915262,18.03883
202.9802,-23.71189,4.988952,18.09543,-23.49339,4.953876,18.25173,-22.71079,4.915262,18.03883
203.0135,-23.70625,4.990713,18.09464,-23.49339,4.953876,18.25173,-22.71079,4.915262,18.03883
203.0469,-23.69534,4.991665,18.0967,-23.49339,4.953876,18.25173,-22.71079,4.915262,18.03883
203.0802,-23.68293,4.987525,18.10023,-23.49339,4.953876,18.25173,-22.71079,4.915262,18.03883
203.1136,-23.67594,4.983332,18.1015,-23.49339,4.953876,18.25173,-22.71079,4.915262,18.03883
203.1469,-23.67233,4.979078,18.10133,-23.49339,4.953876,18.25173,-22.71079,4.915262,18.03883
203.1802,-23.66928,4.980313,18.10242,-23.49339,4.953876,18.25173,-22.71079,4.915262,18.03883
203.2135,-23.66771,4.980595,18.10299,-23.49339,4.953876,18.25173,-22.71079,4.915262,18.03883
203.2469,-23.66699,4.98075,18.10366,-23.49339,4.953876,18.25173,-22.71079,4.915262,18.03883
203.2802,-23.6674,4.980665,18.10305,-23.49339,4.953876,18.25173,-22.71079,4.915262,18.03883
203.3136,-23.66744,4.980652,18.10305,-23.49339,4.953876,18.25173,-22.71079,4.915262,18.03883
203.3469,-23.66763,4.980622,18.10295,-23.49339,4.953876,18.25173,-22.71079,4.915262,18.03883
203.3802,-23.66763,4.980621,18.10295,-23.49339,4.953876,18.25173,-22.71079,4.915262,18.03883
203.4136,-23.66735,4.980732,18.1016,-23.49339,4.953876,18.25173,-22.71079,4.915262,18.03883
203.4469,-23.66553,4.981112,18.10054,-23.49339,4.953876,18.25173,-22.71079,4.915262,18.03883
203.4802,-23.66512,4.980887,18.10062,-23.49339,4.953876,18.25173,-22.71079,4.915262,18.03883
203.5135,-23.66785,4.981078,18.09851,-23.49339,4.953876,18.25173,-22.71079,4.915262,18.03883
203.5469,-23.67081,4.980611,18.0979,-23.49339,4.953876,18.25173,-22.71079,4.915262,18.03883
203.5802,-23.6739,4.980202,18.09726,-23.49339,4.953876,18.25173,-22.71079,4.915262,18.03883
203.6136,-23.67655,4.981662,18.09625,-23.49339,4.953876,18.25173,-22.71079,4.915262,18.03883
203.6469,-23.67774,4.983517,18.09549,-23.49339,4.953876,18.25173,-22.71079,4.915262,18.03883
203.6802,-23.67944,4.98501,18.09482,-23.49339,4.953876,18.25173,-22.71079,4.915262,18.03883
203.7135,-23.68026,4.985234,18.09608,-23.49339,4.953876,18.25173,-22.71079,4.915262,18.03883
203.7469,-23.68348,4.987246,18.09653,-23.49339,4.953876,18.25173,-22.71079,4.915262,18.03883
203.7802,-23.68617,4.988795,18.09562,-23.49339,4.953876,18.25173,-22.71079,4.915262,18.03883
203.8136,-23.6875,4.98923,18.09528,-23.49339,4.953876,18.25173,-22.71079,4.915262,18.03883
203.8469,-23.68881,4.989812,18.09491,-23.49339,4.953876,18.25173,-22.71079,4.915262,18.03883
203.8802,-23.69025,4.990275,18.09608,-23.49339,4.953876,18.25173,-22.71079,4.915262,18.03883
203.9136,-23.69024,4.99032,18.09608,-23.49339,4.953876,18.25173,-22.71079,4.915262,18.03883
203.9469,-23.69332,4.990973,18.09697,-23.49339,4.953876,18.25173,-22.71079,4.915262,18.03883
203.9802,-23.69385,4.990984,18.10003,-23.49339,4.953876,18.25173,-22.71079,4.915262,18.03883
204.0135,-23.69735,4.991001,18.10096,-23.49339,4.953876,18.25173,-22.71079,4.915262,18.03883
204.0469,-23.69938,4.99108,18.10224,-23.49339,4.953876,18.25173,-22.71079,4.915262,18.03883
204.0802,-23.70275,4.991057,18.10162,-23.49339,4.953876,18.25173,-22.71079,4.915262,18.03883
204.1136,-23.70341,4.990352,18.10419,-23.49339,4.953876,18.25173,-22.71079,4.915262,18.03883
204.1469,-23.70611,4.98884,18.10797,-23.49339,4.953876,18.25173,-22.71079,4.915262,18.03883
204.1802,-23.70656,4.988177,18.10943,-23.49339,4.953876,18.25173,-22.71079,4.915262,18.03883
204.2135,-23.70707,4.986139,18.11279,-23.49339,4.953876,18.25173,-22.71079,4.915262,18.03883
204.2469,-23.7079,4.985487,18.1147,-23.49339,4.953876,18.25173,-22.71079,4.915262,18.03883
204.2802,-23.70988,4.984639,18.1147,-23.49339,4.953876,18.25173,-22.71079,4.915262,18.03883
204.3136,-23.71081,4.983697,18.11765,-23.49339,4.953876,18.25173,-22.71079,4.915262,18.03883
204.3469,-23.71039,4.984151,18.11936,-23.49339,4.953876,18.25173,-22.71079,4.915262,18.03883
204.3802,-23.71094,4.983841,18.12088,-23.49339,4.953876,18.25173,-22.71079,4.915262,18.03883
204.4136,-23.71097,4.983834,18.12088,-23.49339,4.953876,18.25173,-22.71079,4.915262,18.03883
204.4469,-23.71106,4.983843,18.12089,-23.49339,4.953876,18.25173,-22.71079,4.915262,18.03883
204.4802,-23.71256,4.982598,18.12213,-23.49339,4.953876,18.25173,-22.71079,4.915262,18.03883
204.5135,-23.71089,4.983747,18.12099,-23.49339,4.953876,18.25173,-22.71079,4.915262,18.03883
204.5469,-23.7115,4.983457,18.1225,-23.49339,4.953876,18.25173,-22.71079,4.915262,18.03883
204.5802,-23.70924,4.985029,18.12306,-23.49339,4.953876,18.25173,-22.71079,4.915262,18.03883
204.6136,-23.70932,4.985107,18.12306,-23.49339,4.953876,18.25173,-22.71079,4.915262,18.03883
204.6469,-23.70754,4.986182,18.12191,-23.49339,4.953876,18.25173,-22.71079,4.915262,18.03883
204.6802,-23.70628,4.986871,18.12219,-23.49339,4.953876,18.25173,-22.71079,4.915262,18.03883
204.7135,-23.70448,4.987658,18.12098,-23.49339,4.953876,18.25173,-22.71079,4.915262,18.03883
204.7469,-23.70261,4.988185,18.11978,-23.49339,4.953876,18.25173,-22.71079,4.915262,18.03883
204.7802,-23.69922,4.989127,18.11887,-23.49339,4.953876,18.25173,-22.71079,4.915262,18.03883
204.8136,-23.69888,4.989214,18.11739,-23.49339,4.953876,18.25173,-22.71079,4.915262,18.03883
204.8469,-23.69665,4.98928,18.11476,-23.49339,4.953876,18.25173,-22.71079,4.915262,18.03883
204.8802,-23.696,4.9891,18.11184,-23.49339,4.953876,18.25173,-22.71079,4.915262,18.03883
204.9136,-23.69417,4.989225,18.11069,-23.49339,4.953876,18.25173,-22.71079,4.915262,18.03883
204.9469,-23.69543,4.989187,18.10885,-23.49339,4.953876,18.25173,-22.71079,4.915262,18.03883
204.9802,-23.69496,4.989525,18.10751,-23.49339,4.953876,18.25173,-22.71079,4.915262,18.03883
205.0135,-23.69485,4.989472,18.1076,-23.68707,4.947907,18.09094,-22.71079,4.915262,18.03883
205.0469,-23.69468,4.989417,18.10768,-23.68698,4.947939,18.09107,-22.71079,4.915262,18.03883
205.0802,-23.6958,4.989522,18.10774,-23.68682,4.947973,18.09118,-22.71079,4.915262,18.03883
205.1136,-23.69711,4.990169,18.10596,-23.68795,4.947884,18.09116,-22.71079,4.915262,18.03883
205.1469,-23.70067,4.989871,18.10699,-23.68908,4.947344,18.08884,-22.71079,4.915262,18.03883
205.1802,-23.70219,4.990375,18.1051,-23.69546,4.961598,18.09571,-22.71079,4.915262,18.03883
205.2135,-23.70242,4.989861,18.10668,-23.69681,4.961029,18.09334,-22.71079,4.915262,18.03883
205.2469,-23.70422,4.989207,18.108,-23.69751,4.963028,18.09597,-22.71079,4.915262,18.03883
205.2802,-23.70601,4.988383,18.10925,-23.69952,4.963285,18.09769,-22.71079,4.915262,18.03883
205.3136,-23.706,4.988378,18.10927,-23.70134,4.96239,18.09895,-22.71079,4.915262,18.03883
205.3469,-23.70622,4.987655,18.11079,-23.70133,4.962386,18.09896,-22.71079,4.915262,18.03883
205.3802,-23.70794,4.986594,18.11197,-23.70146,4.961162,18.10032,-22.71079,4.915262,18.03883
205.4136,-23.70798,4.985602,18.1135,-23.70108,4.948006,18.09677,-22.71079,4.915262,18.03883
205.4469,-23.70774,4.986386,18.11228,-23.70139,4.948428,18.09892,-22.71079,4.915262,18.03883
205.4802,-23.70789,4.985567,18.11379,-23.70094,4.9481,18.0972,-22.71079,4.915262,18.03883
205.5135,-23.70654,4.986151,18.11407,-23.70131,4.94849,18.09925,-22.71079,4.915262,18.03883
205.5469,-23.7077,4.986192,18.11251,-23.69983,4.948606,18.09935,-22.71079,4.915262,18.03883
205.5802,-23.70747,4.985749,18.11269,-23.70094,4.948165,18.09753,-22.71079,4.915262,18.03883
205.6136,-23.70745,4.985742,18.11274,-23.70081,4.948253,18.09793,-22.71079,4.915262,18.03883
205.6469,-23.7072,4.986625,18.11223,-23.70079,4.948264,18.09798,-22.71079,4.915262,18.03883
205.6802,-23.70701,4.987426,18.11082,-23.70207,4.95781,18.10086,-22.71079,4.915262,18.03883
205.7135,-23.7072,4.98742,18.11074,-23.70221,4.960546,18.10016,-22.71079,4.915262,18.03883
205.7469,-23.7072,4.987408,18.11077,-23.7024,4.960481,18.10007,-22.71079,4.915262,18.03883
205.7802,-23.70733,4.986378,18.11243,-23.70238,4.960411,18.10007,-22.71079,4.915262,18.03883
205.8136,-23.70715,4.987226,18.11102,-23.70054,4.948158,18.09734,-22.71079,4.915262,18.03883
205.8469,-23.70716,4.987266,18.11107,-23.70233,4.960146,18.10029,-22.71079,4.915262,18.03883
205.8802,-23.70727,4.987489,18.11055,-23.70233,4.960166,18.10033,-22.71079,4.915262,18.03883
205.9136,-23.70727,4.987484,18.11056,-23.70248,4.960596,18.09987,-22.71079,4.915262,18.03883
205.9469,-23.70704,4.988169,18.10908,-23.70247,4.960576,18.09988,-22.71079,4.915262,18.03883
205.9802,-23.7068,4.988824,18.10761,-23.70234,4.961854,18.0986,-22.71079,4.915262,18.03883
206.0135,-23.70679,4.988818,18.10763,-23.70208,4.96244,18.09706,-22.71079,4.915262,18.03883
206.0469,-23.70701,4.988134,18.10919,-23.70208,4.962483,18.0971,-22.71079,4.915262,18.03883
206.0802,-23.70899,4.986846,18.11081,-23.70231,4.961815,18.09871,-22.71079,4.915262,18.03883
206.1136,-23.70756,4.987329,18.11062,-23.70209,4.947739,18.0953,-22.71079,4.915262,18.03883
206.1469,-23.70918,4.987254,18.10972,-23.70274,4.960223,18.09986,-22.71079,4.915262,18.03883
206.1802,-23.70872,4.988582,18.10673,-23.70399,4.957867,18.09803,-22.71079,4.915262,18.03883
206.2135,-23.70799,4.989952,18.1026,-23.70399,4.957867,18.09803,-22.71079,4.915262,18.03883
206.2469,-23.7073,4.990478,18.09951,-23.70399,4.957867,18.09803,-22.71079,4.915262,18.03883
206.2802,-23.70659,4.990862,18.09647,-23.70399,4.957867,18.09803,-22.71079,4.915262,18.03883
206.3136,-23.70689,4.990542,18.098,-23.70399,4.957867,18.09803,-22.71079,4.915262,18.03883
206.3469,-23.70805,4.99042,18.09619,-23.70399,4.957867,18.09803,-22.71079,4.915262,18.03883
206.3802,-23.70531,4.990892,18.09835,-23.70399,4.957867,18.09803,-22.71079,4.915262,18.03883
206.4136,-23.70717,4.990387,18.09959,-23.70399,4.957867,18.09803,-22.71079,4.915262,18.03883
206.4469,-23.70716,4.990465,18.09961,-23.70399,4.957867,18.09803,-22.71079,4.915262,18.03883
206.4802,-23.70717,4.990328,18.10079,-23.70399,4.957867,18.09803,-22.71079,4.915262,18.03883
206.5135,-23.70858,4.989916,18.10114,-23.70399,4.957867,18.09803,-22.71079,4.915262,18.03883
206.5469,-23.70926,4.98959,18.10185,-23.70399,4.957867,18.09803,-22.71079,4.915262,18.03883
206.5802,-23.71342,4.987608,18.10374,-23.70399,4.957867,18.09803,-22.71079,4.915262,18.03883
206.6136,-23.71958,4.983906,18.10465,-23.70399,4.957867,18.09803,-22.71079,4.915262,18.03883
206.6469,-23.73067,4.970448,18.10016,-23.70399,4.957867,18.09803,-22.71079,4.915262,18.03883
206.6802,-23.73728,4.971382,18.09708,-23.70399,4.957867,18.09803,-22.71079,4.915262,18.03883
206.7135,-23.74471,4.971122,18.09564,-23.70399,4.957867,18.09803,-22.71079,4.915262,18.03883
206.7469,-23.75145,4.971018,18.09022,-23.70399,4.957867,18.09803,-22.71079,4.915262,18.03883
206.7802,-23.76055,4.970512,18.08682,-23.70399,4.957867,18.09803,-22.71079,4.915262,18.03883
206.8136,-23.77828,4.967856,18.08337,-23.70399,4.957867,18.09803,-22.71079,4.915262,18.03883
206.8469,-23.79523,4.965734,18.07892,-23.70399,4.957867,18.09803,-22.71079,4.915262,18.03883
206.8802,-23.80931,4.96428,18.07505,-23.70399,4.957867,18.09803,-22.71079,4.915262,18.03883
206.9136,-23.819,4.963527,18.07243,-23.70399,4.957867,18.09803,-22.71079,4.915262,18.03883
206.9469,-23.82885,4.96249,18.06948,-23.70399,4.957867,18.09803,-22.71079,4.915262,18.03883
206.9802,-23.83826,4.962465,18.06763,-23.70399,4.957867,18.09803,-22.71079,4.915262,18.03883
207.0135,-23.84453,4.962489,18.0664,-23.70399,4.957867,18.09803,-22.71079,4.915262,18.03883
207.0469,-23.84923,4.962526,18.06549,-23.70399,4.957867,18.09803,-22.71079,4.915262,18.03883
207.0802,-23.85237,4.962564,18.06488,-23.70399,4.957867,18.09803,-22.71079,4.915262,18.03883
207.1136,-23.8555,4.962607,18.06427,-23.70399,4.957867,18.09803,-22.71079,4.915262,18.03883
207.1469,-23.85449,4.963277,18.06292,-23.70399,4.957867,18.09803,-22.71079,4.915262,18.03883
207.1802,-23.85606,4.963302,18.06261,-23.70399,4.957867,18.09803,-22.71079,4.915262,18.03883
207.2135,-23.85606,4.963302,18.06261,-23.70399,4.957867,18.09803,-22.71079,4.915262,18.03883
207.2469,-23.85506,4.963973,18.06126,-23.70399,4.957867,18.09803,-22.71079,4.915262,18.03883
207.2802,-23.85365,4.963971,18.06155,-23.70399,4.957867,18.09803,-22.71079,4.915262,18.03883
207.3136,-23.85275,4.964943,18.06073,-23.70399,4.957867,18.09803,-22.71079,4.915262,18.03883
207.3469,-23.85261,4.965645,18.05923,-23.70399,4.957867,18.09803,-22.71079,4.915262,18.03883
207.3802,-23.85075,4.966293,18.05803,-23.70399,4.957867,18.09803,-22.71079,4.915262,18.03883
207.4136,-23.85075,4.966293,18.05803,-23.70399,4.957867,18.09803,-22.71079,4.915262,18.03883
207.4469,-23.85231,4.966321,18.05773,-23.70399,4.957867,18.09803,-22.71079,4.915262,18.03883
207.4802,-23.84975,4.966971,18.05668,-23.70399,4.957867,18.09803,-22.71079,4.915262,18.03883
207.5135,-23.84875,4.967651,18.05533,-23.70399,4.957867,18.09803,-22.71079,4.915262,18.03883
207.5469,-23.84865,4.967357,18.05479,-23.70399,4.957867,18.09803,-22.71079,4.915262,18.03883
207.5802,-23.84835,4.96804,18.0533,-23.70399,4.957867,18.09803,-22.71079,4.915262,18.03883
207.6136,-23.84816,4.969018,18.05234,-23.70399,4.957867,18.09803,-22.71079,4.915262,18.03883
207.6469,-23.84786,4.969704,18.05085,-23.70399,4.957867,18.09803,-22.71079,4.915262,18.03883
207.6802,-23.84827,4.970391,18.04921,-23.70399,4.957867,18.09803,-22.71079,4.915262,18.03883
207.7135,-23.84757,4.970391,18.04935,-23.70399,4.957867,18.09803,-22.71079,4.915262,18.03883
207.7469,-23.84727,4.971081,18.04786,-23.70399,4.957867,18.09803,-22.71079,4.915262,18.03883
207.7802,-23.84727,4.971081,18.04786,-23.70399,4.957867,18.09803,-22.71079,4.915262,18.03883
207.8136,-23.84657,4.971081,18.048,-23.70399,4.957867,18.09803,-22.71079,4.915262,18.03883
207.8469,-23.84518,4.971081,18.04829,-23.70399,4.957867,18.09803,-22.71079,4.915262,18.03883
207.8802,-23.84518,4.971081,18.04829,-23.70399,4.957867,18.09803,-22.71079,4.915262,18.03883
207.9136,-23.84547,4.970391,18.04978,-23.70399,4.957867,18.09803,-22.71079,4.915262,18.03883
207.9469,-23.84537,4.970099,18.04925,-23.70399,4.957867,18.09803,-22.71079,4.915262,18.03883
207.9802,-23.84397,4.970098,18.04953,-23.70399,4.957867,18.09803,-22.71079,4.915262,18.03883
208.0135,-23.84426,4.96941,18.05102,-23.70399,4.957867,18.09803,-22.71079,4.915262,18.03883
208.0469,-23.84241,4.970074,18.04982,-23.70399,4.957867,18.09803,-22.71079,4.915262,18.03883
208.0802,-23.83928,4.97003,18.05041,-23.70399,4.957867,18.09803,-22.71079,4.915262,18.03883
208.1136,-23.83772,4.970011,18.05071,-23.70399,4.957867,18.09803,-22.71079,4.915262,18.03883
208.1469,-23.83587,4.970685,18.04951,-23.70399,4.957867,18.09803,-22.71079,4.915262,18.03883
208.1802,-23.83587,4.970685,18.04951,-23.70399,4.957867,18.09803,-22.71079,4.915262,18.03883
208.2135,-23.835,4.970669,18.04967,-23.70399,4.957867,18.09803,-22.71079,4.915262,18.03883
208.2469,-23.83784,4.969305,18.05222,-23.70399,4.957867,18.09803,-22.71079,4.915262,18.03883
208.2802,-23.83657,4.968604,18.054,-23.70399,4.957867,18.09803,-22.71079,4.915262,18.03883
208.3136,-23.83686,4.967919,18.0555,-23.83271,4.917372,18.03124,-22.71079,4.915262,18.03883
208.3469,-23.83715,4.967237,18.057,-23.83232,4.907358,18.02869,-22.71079,4.915262,18.03883
208.3802,-23.83744,4.966555,18.05849,-23.83266,4.907133,18.03048,-22.71079,4.915262,18.03883
208.4136,-23.83773,4.965877,18.05999,-23.833,4.906909,18.03227,-22.71079,4.915262,18.03883
208.4469,-23.83773,4.965877,18.05999,-23.83334,4.906685,18.03406,-22.71079,4.915262,18.03883
208.4802,-23.83773,4.965877,18.05999,-23.83334,4.906685,18.03406,-22.71079,4.915262,18.03883
208.5135,-23.83802,4.9652,18.06149,-23.83334,4.906685,18.03406,-22.71079,4.915262,18.03883
208.5469,-23.83802,4.9652,18.06149,-23.83368,4.906462,18.03584,-22.71079,4.915262,18.03883
208.5802,-23.83831,4.964525,18.06299,-23.83368,4.906462,18.03584,-22.71079,4.915262,18.03883
208.6136,-23.83902,4.964524,18.06285,-23.83402,4.906238,18.03762,-22.71079,4.915262,18.03883
208.6469,-23.84043,4.964524,18.06257,-23.8347,4.905951,18.03736,-22.71079,4.915262,18.03883
208.6802,-23.84043,4.964524,18.06257,-23.83604,4.905376,18.03684,-22.71079,4.915262,18.03883
208.7135,-23.83886,4.964511,18.06287,-23.83604,4.905376,18.03684,-22.71079,4.915262,18.03883
208.7469,-23.83886,4.964511,18.06287,-23.83445,4.906056,18.03745,-22.71079,4.915262,18.03883
208.7802,-23.84043,4.964524,18.06257,-23.83445,4.906056,18.03745,-22.71079,4.915262,18.03883
208.8136,-23.84072,4.963852,18.06407,-23.83604,4.905376,18.03684,-22.71079,4.915262,18.03883
208.8469,-23.83886,4.964512,18.06287,-23.83638,4.905152,18.03862,-22.71079,4.915262,18.03883
208.8802,-23.84062,4.963554,18.06353,-23.83445,4.906056,18.03745,-22.71079,4.915262,18.03883
208.9136,-23.84162,4.962883,18.06489,-23.8363,4.905205,18.0382,-22.71079,4.915262,18.03883
208.9469,-23.84332,4.962211,18.06611,-23.83732,4.904693,18.03972,-22.71079,4.915262,18.03883
208.9802,-23.84186,4.962499,18.06695,-23.839,4.903818,18.04094,-22.71079,4.915262,18.03883
209.0135,-23.84342,4.962512,18.06665,-23.8375,4.904499,18.04199,-22.71079,4.915262,18.03883
209.0469,-23.84332,4.962212,18.06611,-23.83909,4.903752,18.04135,-22.71079,4.915262,18.03883
209.0802,-23.84361,4.961546,18.06761,-23.839,4.903818,18.04094,-22.71079,4.915262,18.03883
209.1136,-23.84361,4.961546,18.06761,-23.83934,4.903543,18.0427,-22.71079,4.915262,18.03883
209.1469,-23.84332,4.962214,18.06611,-23.83934,4.903543,18.0427,-22.71079,4.915262,18.03883
209.1802,-23.84005,4.96287,18.06519,-23.839,4.903818,18.04094,-22.71079,4.915262,18.03883
209.2135,-23.84091,4.962883,18.06503,-23.83573,4.905373,18.04034,-22.71079,4.915262,18.03883
209.2469,-23.8402,4.962883,18.06517,-23.83665,4.904981,18.03998,-22.71079,4.915262,18.03883
209.2802,-23.8402,4.962883,18.06517,-23.83597,4.905268,18.04025,-22.71079,4.915262,18.03883
209.3136,-23.83834,4.963541,18.06397,-23.83597,4.905268,18.04025,-22.71079,4.915262,18.03883
209.3469,-23.8402,4.962883,18.06517,-23.83404,4.906172,18.03908,-22.71079,4.915262,18.03883
209.3802,-23.83991,4.963554,18.06367,-23.83597,4.905268,18.04025,-22.71079,4.915262,18.03883
209.4136,-23.83991,4.963554,18.06367,-23.83563,4.905492,18.03847,-22.71079,4.915262,18.03883
209.4469,-23.8402,4.962883,18.06517,-23.83563,4.905492,18.03847,-22.71079,4.915262,18.03883
209.4802,-23.8402,4.962883,18.06517,-23.83597,4.905268,18.04025,-22.71079,4.915262,18.03883
209.5135,-23.8401,4.962584,18.06463,-23.83597,4.905268,18.04025,-22.71079,4.915262,18.03883
209.5469,-23.83804,4.962648,18.06236,-23.83589,4.905322,18.03984,-22.71079,4.915262,18.03883
209.5802,-23.8396,4.962663,18.06206,-23.83379,4.906331,18.03785,-22.71079,4.915262,18.03883
209.6136,-23.8395,4.962365,18.06152,-23.83538,4.905652,18.03723,-22.71079,4.915262,18.03883
209.6469,-23.84068,4.960721,18.06384,-23.8353,4.905706,18.03682,-22.71079,4.915262,18.03883
209.6802,-23.84168,4.960051,18.0652,-23.83657,4.905024,18.0397,-22.71079,4.915262,18.03883
209.7135,-23.84053,4.960708,18.06386,-23.83759,4.904502,18.04121,-22.71079,4.915262,18.03883
209.7469,-23.8435,4.960721,18.06328,-23.83633,4.905128,18.03979,-22.71079,4.915262,18.03883
209.7802,-23.84421,4.960721,18.06314,-23.83926,4.90383,18.03863,-22.71079,4.915262,18.03883
209.8136,-23.84391,4.961394,18.06164,-23.83994,4.903515,18.03835,-22.71079,4.915262,18.03883
209.8469,-23.84332,4.962746,18.05864,-23.83959,4.903791,18.03659,-22.71079,4.915262,18.03883
209.8802,-23.84273,4.964105,18.05565,-23.8389,4.904266,18.03304,-22.71079,4.915262,18.03883
209.9136,-23.84047,4.964092,18.05609,-23.83821,4.904716,18.02947,-22.71079,4.915262,18.03883
209.9469,-23.83958,4.966145,18.05161,-23.83595,4.905681,18.03036,-22.71079,4.915262,18.03883
209.9802,-23.83725,4.968496,18.04797,-23.83595,4.905681,18.03036,-22.71079,4.915262,18.03883
210.0135,-23.83626,4.969189,18.04662,-23.83595,4.905681,18.03036,-22.71079,4.915262,18.03883
210.0469,-23.83655,4.968496,18.04811,-23.83595,4.905681,18.03036,-22.71079,4.915262,18.03883
210.0802,-23.83499,4.968487,18.04841,-23.83595,4.905681,18.03036,-22.71079,4.915262,18.03883
210.1136,-23.83499,4.968487,18.04841,-23.83595,4.905681,18.03036,-22.71079,4.915262,18.03883
210.1469,-23.83401,4.967099,18.0517,-23.83595,4.905681,18.03036,-22.71079,4.915262,18.03883
210.1802,-23.83162,4.96572,18.05526,-23.83595,4.905681,18.03036,-22.71079,4.915262,18.03883
210.2135,-23.82923,4.964352,18.05882,-23.83595,4.905681,18.03036,-22.71079,4.915262,18.03883
210.2469,-23.82696,4.962318,18.06392,-23.83595,4.905681,18.03036,-22.71079,4.915262,18.03883
210.2802,-23.82439,4.96098,18.06752,-23.83595,4.905681,18.03036,-22.71079,4.915262,18.03883
210.3136,-23.82227,4.958983,18.0726,-23.83595,4.905681,18.03036,-22.71079,4.915262,18.03883
210.3469,-23.81543,4.960903,18.07747,-23.83595,4.905681,18.03036,-22.71079,4.915262,18.03883
210.3802,-23.81211,4.962738,18.085,-23.83595,4.905681,18.03036,-22.71079,4.915262,18.03883
210.4136,-23.80783,4.96376,18.09276,-23.83595,4.905681,18.03036,-22.71079,4.915262,18.03883
210.4469,-23.79965,4.967352,18.10163,-23.83595,4.905681,18.03036,-22.71079,4.915262,18.03883
210.4802,-23.79125,4.967295,18.11011,-23.83595,4.905681,18.03036,-22.71079,4.915262,18.03883
210.5135,-23.77523,4.962626,18.11886,-23.83595,4.905681,18.03036,-22.71079,4.915262,18.03883
210.5469,-23.75663,4.962291,18.12941,-23.83595,4.905681,18.03036,-22.71079,4.915262,18.03883
210.5802,-23.75004,4.968041,18.13788,-23.83595,4.905681,18.03036,-22.71079,4.915262,18.03883
210.6136,-23.73985,4.969761,18.14706,-23.83595,4.905681,18.03036,-22.71079,4.915262,18.03883
210.6469,-23.73119,4.972284,18.15732,-23.83595,4.905681,18.03036,-22.71079,4.915262,18.03883
210.6802,-23.72658,4.97325,18.16676,-23.83595,4.905681,18.03036,-22.71079,4.915262,18.03883
210.7135,-23.72383,4.973263,18.17353,-23.83595,4.905681,18.03036,-22.71079,4.915262,18.03883
210.7469,-23.72529,4.97334,18.18179,-23.83595,4.905681,18.03036,-22.71079,4.915262,18.03883
210.7802,-23.72579,4.973445,18.18871,-23.83595,4.905681,18.03036,-22.71079,4.915262,18.03883
210.8136,-23.72598,4.973261,18.19387,-23.83595,4.905681,18.03036,-22.71079,4.915262,18.03883
210.8469,-23.72673,4.973547,18.1975,-23.83595,4.905681,18.03036,-22.71079,4.915262,18.03883
210.8802,-23.72771,4.972729,18.19922,-23.83595,4.905681,18.03036,-22.71079,4.915262,18.03883
210.9136,-23.72608,4.973999,18.2027,-23.83595,4.905681,18.03036,-22.71079,4.915262,18.03883
210.9469,-23.72526,4.97644,18.20357,-23.83595,4.905681,18.03036,-22.71079,4.915262,18.03883
210.9802,-23.72375,4.978128,18.20958,-23.83595,4.905681,18.03036,-22.71079,4.915262,18.03883
211.0135,-23.72104,4.980235,18.21288,-23.83595,4.905681,18.03036,-22.71079,4.915262,18.03883
211.0469,-23.71901,4.982535,18.21834,-23.83595,4.905681,18.03036,-22.71079,4.915262,18.03883
211.0802,-23.71371,4.984985,18.22442,-23.83595,4.905681,18.03036,-22.71079,4.915262,18.03883
211.1136,-23.71159,4.985697,18.22576,-23.83595,4.905681,18.03036,-22.71079,4.915262,18.03883
211.1469,-23.71001,4.985745,18.23235,-23.83595,4.905681,18.03036,-22.71079,4.915262,18.03883
211.1802,-23.70968,4.984931,18.24489,-23.83595,4.905681,18.03036,-22.71079,4.915262,18.03883
211.2135,-23.71174,4.983324,18.25676,-23.83595,4.905681,18.03036,-22.71079,4.915262,18.03883
211.2469,-23.71717,4.980746,18.27869,-23.83595,4.905681,18.03036,-22.71079,4.915262,18.03883
211.2802,-23.72135,4.978164,18.29525,-23.83595,4.905681,18.03036,-22.71079,4.915262,18.03883
211.3136,-23.72815,4.973296,18.30807,-23.83595,4.905681,18.03036,-22.71079,4.915262,18.03883
211.3469,-23.74831,4.846693,18.29939,-23.83595,4.905681,18.03036,-22.71079,4.915262,18.03883
211.3802,-23.75498,4.847611,18.30384,-23.83595,4.905681,18.03036,-22.71079,4.915262,18.03883
211.4136,-23.76393,4.844008,18.31453,-23.83595,4.905681,18.03036,-22.71079,4.915262,18.03883
211.4469,-23.78062,4.839084,18.32673,-23.83595,4.905681,18.03036,-22.71079,4.915262,18.03883
211.4802,-23.788,4.837022,18.33171,-23.83595,4.905681,18.03036,-22.71079,4.915262,18.03883
211.5135,-23.79392,4.83665,18.32879,-23.83595,4.905681,18.03036,-22.71079,4.915262,18.03883
211.5469,-23.80185,4.831611,18.32033,-23.83595,4.905681,18.03036,-22.71079,4.915262,18.03883
211.5802,-23.80406,4.83239,18.31438,-23.83595,4.905681,18.03036,-22.71079,4.915262,18.03883
211.6136,-23.80544,4.832608,18.31217,-23.83595,4.905681,18.03036,-22.71079,4.915262,18.03883
211.6469,-23.80627,4.833395,18.30745,-23.83595,4.905681,18.03036,-22.71079,4.915262,18.03883
211.6802,-23.80915,4.833441,18.30511,-23.83595,4.905681,18.03036,-22.71079,4.915262,18.03883
211.7135,-23.81054,4.833532,18.30365,-23.83595,4.905681,18.03036,-22.71079,4.915262,18.03883
211.7469,-23.81021,4.833891,18.30205,-23.83595,4.905681,18.03036,-22.71079,4.915262,18.03883
211.7802,-23.81159,4.834218,18.29944,-23.83595,4.905681,18.03036,-22.71079,4.915262,18.03883
211.8136,-23.80203,4.835519,18.29974,-23.83595,4.905681,18.03036,-22.71079,4.915262,18.03883
211.8469,-23.7774,4.838811,18.28538,-23.83595,4.905681,18.03036,-22.71079,4.915262,18.03883
211.8802,-23.76587,4.92364,18.30884,-23.83595,4.905681,18.03036,-22.71079,4.915262,18.03883
211.9136,-23.75933,4.944309,18.30156,-23.83595,4.905681,18.03036,-22.71079,4.915262,18.03883
211.9469,-23.73663,4.933757,18.29211,-23.83595,4.905681,18.03036,-22.71079,4.915262,18.03883
211.9802,-23.71395,4.919863,18.27317,-23.83595,4.905681,18.03036,-22.71079,4.915262,18.03883
212.0135,-23.7084,4.92006,18.26624,-23.83595,4.905681,18.03036,-22.71079,4.915262,18.03883
212.0469,-23.70974,4.920312,18.25906,-23.83595,4.905681,18.03036,-22.71079,4.915262,18.03883
212.0802,-23.70829,4.923209,18.2506,-23.83595,4.905681,18.03036,-22.71079,4.915262,18.03883
212.1136,-23.70922,4.926309,18.23805,-23.83595,4.905681,18.03036,-22.71079,4.915262,18.03883
212.1469,-23.71257,4.926721,18.2337,-23.83595,4.905681,18.03036,-22.71079,4.915262,18.03883
212.1802,-23.72268,4.928854,18.23496,-23.83595,4.905681,18.03036,-22.71079,4.915262,18.03883
212.2135,-23.72868,4.929101,18.23986,-23.83595,4.905681,18.03036,-22.71079,4.915262,18.03883
212.2469,-23.73233,4.938039,18.24723,-23.83595,4.905681,18.03036,-22.71079,4.915262,18.03883
212.2802,-23.74486,4.958897,18.255,-23.83595,4.905681,18.03036,-22.71079,4.915262,18.03883
212.3136,-23.73553,4.964922,18.25777,-23.83595,4.905681,18.03036,-22.71079,4.915262,18.03883
212.3469,-23.61571,4.957448,18.26836,-23.83595,4.905681,18.03036,-22.71079,4.915262,18.03883
212.3802,-23.60693,4.958036,18.26764,-23.83595,4.905681,18.03036,-22.71079,4.915262,18.03883
212.4136,-23.59569,4.961393,18.27233,-23.83595,4.905681,18.03036,-22.71079,4.915262,18.03883
212.4469,-23.58256,4.966809,18.27416,-23.83595,4.905681,18.03036,-22.71079,4.915262,18.03883
212.4802,-23.56996,4.976252,18.2727,-23.83595,4.905681,18.03036,-22.71079,4.915262,18.03883
212.5135,-23.55667,4.985113,18.27236,-23.83595,4.905681,18.03036,-22.71079,4.915262,18.03883
212.5469,-23.54586,4.990793,18.26679,-23.83595,4.905681,18.03036,-22.71079,4.915262,18.03883
212.5802,-23.53836,4.994244,18.26253,-23.83595,4.905681,18.03036,-22.71079,4.915262,18.03883
212.6136,-23.53468,4.998195,18.25657,-23.83595,4.905681,18.03036,-22.71079,4.915262,18.03883
212.6469,-23.53277,5.006875,18.2506,-23.83595,4.905681,18.03036,-22.71079,4.915262,18.03883
212.6802,-23.53036,5.017018,18.24672,-23.83595,4.905681,18.03036,-22.71079,4.915262,18.03883
212.7135,-23.5259,5.027034,18.23772,-23.83595,4.905681,18.03036,-22.71079,4.915262,18.03883
212.7469,-23.5217,5.036706,18.23063,-23.83595,4.905681,18.03036,-22.71079,4.915262,18.03883
212.7802,-23.50948,5.044024,18.22192,-23.83595,4.905681,18.03036,-22.71079,4.915262,18.03883
212.8136,-23.49273,5.049108,18.21618,-23.83595,4.905681,18.03036,-22.71079,4.915262,18.03883
212.8469,-23.48257,5.050498,18.21513,-23.83595,4.905681,18.03036,-22.71079,4.915262,18.03883
212.8802,-23.46887,5.054097,18.21823,-23.83595,4.905681,18.03036,-22.71079,4.915262,18.03883
212.9136,-23.45816,5.059245,18.21889,-23.83595,4.905681,18.03036,-22.71079,4.915262,18.03883
212.9469,-23.44319,5.064473,18.21612,-23.83595,4.905681,18.03036,-22.71079,4.915262,18.03883
212.9802,-23.43074,5.06662,18.21524,-23.83595,4.905681,18.03036,-22.71079,4.915262,18.03883
213.0135,-23.41918,5.068705,18.21589,-23.83595,4.905681,18.03036,-22.71079,4.915262,18.03883
213.0469,-23.40979,5.071418,18.2142,-23.83595,4.905681,18.03036,-22.71079,4.915262,18.03883
213.0802,-23.40138,5.072624,18.21682,-23.83595,4.905681,18.03036,-22.71079,4.915262,18.03883
213.1136,-23.39905,5.074142,18.21683,-23.83595,4.905681,18.03036,-22.71079,4.915262,18.03883
213.1469,-23.39754,5.076995,18.21502,-23.83595,4.905681,18.03036,-22.71079,4.915262,18.03883
213.1802,-23.39592,5.079289,18.21094,-23.83595,4.905681,18.03036,-22.71079,4.915262,18.03883
213.2135,-23.39958,5.081442,18.20484,-23.83595,4.905681,18.03036,-22.71079,4.915262,18.03883
213.2469,-23.41623,5.082216,18.19839,-23.83595,4.905681,18.03036,-22.71079,4.915262,18.03883
213.2802,-23.44485,5.084065,18.18733,-23.83595,4.905681,18.03036,-22.71079,4.915262,18.03883
213.3136,-23.4855,5.086105,18.1749,-23.83595,4.905681,18.03036,-22.71079,4.915262,18.03883
213.3469,-23.51611,5.087912,18.16319,-23.83595,4.905681,18.03036,-22.71079,4.915262,18.03883
213.3802,-23.54485,5.090164,18.14704,-23.83595,4.905681,18.03036,-22.71079,4.915262,18.03883
213.4136,-23.57635,5.089459,18.13282,-23.83595,4.905681,18.03036,-22.71079,4.915262,18.03883
213.4469,-23.59933,5.088121,18.12656,-23.83595,4.905681,18.03036,-22.71079,4.915262,18.03883
213.4802,-23.61233,5.088994,18.12041,-23.83595,4.905681,18.03036,-22.71079,4.915262,18.03883
213.5135,-23.6238,5.09048,18.11359,-23.83595,4.905681,18.03036,-22.71079,4.915262,18.03883
213.5469,-23.6382,5.090738,18.10649,-23.83595,4.905681,18.03036,-22.71079,4.915262,18.03883
213.5802,-23.65002,5.092758,18.09751,-23.83595,4.905681,18.03036,-22.71079,4.915262,18.03883
213.6136,-23.66066,5.093278,18.09211,-23.83595,4.905681,18.03036,-22.71079,4.915262,18.03883
213.6469,-23.67482,5.094523,18.08558,-23.83595,4.905681,18.03036,-22.71079,4.915262,18.03883
213.6802,-23.68375,5.096123,18.07974,-23.83595,4.905681,18.03036,-22.71079,4.915262,18.03883
213.7135,-23.69669,5.09597,18.07537,-23.83595,4.905681,18.03036,-22.71079,4.915262,18.03883
213.7469,-23.70837,5.093776,18.07314,-23.83595,4.905681,18.03036,-22.71079,4.915262,18.03883
213.7802,-23.71898,5.091763,18.07362,-23.83595,4.905681,18.03036,-22.71079,4.915262,18.03883
213.8136,-23.73187,5.091991,18.07006,-23.83595,4.905681,18.03036,-22.71079,4.915262,18.03883
213.8469,-23.74869,5.091354,18.06725,-23.83595,4.905681,18.03036,-22.71079,4.915262,18.03883
213.8802,-23.77051,5.092375,18.05917,-23.83595,4.905681,18.03036,-22.71079,4.915262,18.03883
213.9136,-23.79263,5.093194,18.0524,-23.83595,4.905681,18.03036,-22.71079,4.915262,18.03883
213.9469,-23.81798,5.091196,18.04697,-23.83595,4.905681,18.03036,-22.71079,4.915262,18.03883
213.9802,-23.84368,5.089239,18.04245,-23.83595,4.905681,18.03036,-22.71079,4.915262,18.03883
214.0135,-23.85741,5.089105,18.0395,-23.83595,4.905681,18.03036,-22.71079,4.915262,18.03883
214.0469,-23.87588,5.088892,18.0345,-23.83595,4.905681,18.03036,-22.71079,4.915262,18.03883
214.0802,-23.8899,5.09087,18.02921,-23.83595,4.905681,18.03036,-22.71079,4.915262,18.03883
214.1136,-23.90078,5.094055,18.02097,-23.83595,4.905681,18.03036,-22.71079,4.915262,18.03883
214.1469,-23.9059,5.095881,18.01369,-23.83595,4.905681,18.03036,-22.71079,4.915262,18.03883
214.1802,-23.90826,5.098557,18.00208,-23.83595,4.905681,18.03036,-22.71079,4.915262,18.03883
214.2135,-23.9129,5.101232,17.99123,-23.83595,4.905681,18.03036,-22.71079,4.915262,18.03883
214.2469,-23.91308,5.106832,17.98096,-23.83595,4.905681,18.03036,-22.71079,4.915262,18.03883
214.2802,-23.90451,5.113269,17.9714,-23.83595,4.905681,18.03036,-22.71079,4.915262,18.03883
214.3136,-23.89804,5.117991,17.9639,-23.83595,4.905681,18.03036,-22.71079,4.915262,18.03883
214.3469,-23.8886,5.123909,17.95317,-23.83595,4.905681,18.03036,-22.71079,4.915262,18.03883
214.3802,-23.88122,5.131315,17.94151,-23.83595,4.905681,18.03036,-22.71079,4.915262,18.03883
214.4136,-23.87994,5.135245,17.9339,-23.83595,4.905681,18.03036,-22.71079,4.915262,18.03883
214.4469,-23.87816,5.137849,17.92481,-23.83595,4.905681,18.03036,-22.71079,4.915262,18.03883
214.4802,-23.87341,5.140095,17.91764,-23.83595,4.905681,18.03036,-22.71079,4.915262,18.03883
214.5135,-23.86316,5.139426,17.9153,-23.83595,4.905681,18.03036,-22.71079,4.915262,18.03883
214.5469,-23.85583,5.137539,17.91614,-23.83595,4.905681,18.03036,-22.71079,4.915262,18.03883
214.5802,-23.84786,5.135837,17.92058,-23.83595,4.905681,18.03036,-22.71079,4.915262,18.03883
214.6136,-23.84097,5.13531,17.92381,-23.83595,4.905681,18.03036,-22.71079,4.915262,18.03883
214.6469,-23.82894,5.135241,17.92843,-23.83595,4.905681,18.03036,-22.71079,4.915262,18.03883
214.6802,-23.8154,5.13561,17.93359,-23.83595,4.905681,18.03036,-22.71079,4.915262,18.03883
214.7135,-23.79102,5.13316,17.94692,-23.83595,4.905681,18.03036,-22.71079,4.915262,18.03883
214.7469,-23.76149,5.129852,17.96419,-23.83595,4.905681,18.03036,-22.71079,4.915262,18.03883
214.7802,-23.73203,5.123593,17.98277,-23.83595,4.905681,18.03036,-22.71079,4.915262,18.03883
214.8136,-23.71147,5.118361,17.99887,-23.83595,4.905681,18.03036,-22.71079,4.915262,18.03883
214.8469,-23.68647,5.115273,18.01818,-23.83595,4.905681,18.03036,-22.71079,4.915262,18.03883
214.8802,-23.6636,5.110955,18.04146,-23.83595,4.905681,18.03036,-22.71079,4.915262,18.03883
214.9136,-23.65389,5.109009,18.05292,-23.83595,4.905681,18.03036,-22.71079,4.915262,18.03883
214.9469,-23.63936,5.107576,18.06535,-23.83595,4.905681,18.03036,-22.71079,4.915262,18.03883
214.9802,-23.6237,5.103902,18.07669,-23.83595,4.905681,18.03036,-22.71079,4.915262,18.03883
215.0135,-23.6152,5.095921,18.08092,-23.83595,4.905681,18.03036,-22.71079,4.915262,18.03883
215.0469,-23.61587,5.081641,18.08397,-23.83595,4.905681,18.03036,-22.71079,4.915262,18.03883
215.0802,-23.61679,5.066663,18.08838,-23.83595,4.905681,18.03036,-22.71079,4.915262,18.03883
215.1136,-23.62036,5.056097,18.09543,-23.83595,4.905681,18.03036,-22.71079,4.915262,18.03883
215.1469,-23.61845,5.050707,18.10289,-23.83595,4.905681,18.03036,-22.71079,4.915262,18.03883
215.1802,-23.61781,5.045446,18.10193,-23.83595,4.905681,18.03036,-22.71079,4.915262,18.03883
215.2135,-23.62128,5.039557,18.09855,-23.83595,4.905681,18.03036,-22.71079,4.915262,18.03883
215.2469,-23.62072,5.033154,18.09337,-23.83595,4.905681,18.03036,-22.71079,4.915262,18.03883
215.2802,-23.62988,5.026525,18.08883,-23.83595,4.905681,18.03036,-22.71079,4.915262,18.03883
215.3136,-23.64046,5.024227,18.08007,-23.83595,4.905681,18.03036,-22.71079,4.915262,18.03883
215.3469,-23.65142,5.026482,18.05971,-23.83595,4.905681,18.03036,-22.71079,4.915262,18.03883
215.3802,-23.67352,5.033443,18.04019,-23.83595,4.905681,18.03036,-22.71079,4.915262,18.03883
215.4136,-23.68966,5.042857,18.02687,-23.83595,4.905681,18.03036,-22.71079,4.915262,18.03883
215.4469,-23.71287,5.054363,18.008,-23.83595,4.905681,18.03036,-22.71079,4.915262,18.03883
215.4802,-23.7317,5.056626,17.99302,-23.83595,4.905681,18.03036,-22.71079,4.915262,18.03883
215.5135,-23.74834,5.051325,17.982,-23.83595,4.905681,18.03036,-22.71079,4.915262,18.03883
215.5469,-23.77413,5.039658,17.95499,-23.83595,4.905681,18.03036,-22.71079,4.915262,18.03883
215.5802,-23.80777,5.023698,17.94133,-23.83595,4.905681,18.03036,-22.71079,4.915262,18.03883
215.6136,-23.83206,5.009888,17.93602,-23.83595,4.905681,18.03036,-22.71079,4.915262,18.03883
215.6469,-23.85575,4.994968,17.93139,-23.83595,4.905681,18.03036,-22.71079,4.915262,18.03883
215.6802,-23.8684,4.985377,17.9351,-23.83595,4.905681,18.03036,-22.71079,4.915262,18.03883
215.7135,-23.86229,4.979067,17.93737,-23.83595,4.905681,18.03036,-22.71079,4.915262,18.03883
215.7469,-23.8607,4.97098,17.93596,-23.83595,4.905681,18.03036,-22.71079,4.915262,18.03883
215.7802,-23.87179,4.963418,17.92772,-23.83595,4.905681,18.03036,-22.71079,4.915262,18.03883
215.8136,-23.88838,4.960162,17.9249,-23.83595,4.905681,18.03036,-22.71079,4.915262,18.03883
215.8469,-23.89472,4.961664,17.92422,-23.83595,4.905681,18.03036,-22.71079,4.915262,18.03883
215.8802,-23.90468,4.965233,17.91794,-23.83595,4.905681,18.03036,-22.71079,4.915262,18.03883
215.9136,-23.9043,4.967876,17.91634,-23.83595,4.905681,18.03036,-22.71079,4.915262,18.03883
215.9469,-23.89511,4.970415,17.91748,-23.83595,4.905681,18.03036,-22.71079,4.915262,18.03883
215.9802,-23.9005,4.966887,17.89551,-23.83595,4.905681,18.03036,-22.71079,4.915262,18.03883
216.0135,-23.91251,4.965166,17.8731,-23.83595,4.905681,18.03036,-22.71079,4.915262,18.03883
216.0469,-23.92396,4.962053,17.85678,-23.83595,4.905681,18.03036,-22.71079,4.915262,18.03883
216.0802,-23.94233,4.952394,17.82953,-23.83595,4.905681,18.03036,-22.71079,4.915262,18.03883
216.1136,-23.95012,4.954686,17.82262,-23.83595,4.905681,18.03036,-22.71079,4.915262,18.03883
216.1469,-23.95457,4.955787,17.81611,-23.83595,4.905681,18.03036,-22.71079,4.915262,18.03883
216.1802,-23.96338,4.950775,17.79921,-23.83595,4.905681,18.03036,-22.71079,4.915262,18.03883
216.2135,-23.95679,4.93108,17.7885,-23.83595,4.905681,18.03036,-22.71079,4.915262,18.03883
216.2469,-23.95433,4.929402,17.78515,-23.83595,4.905681,18.03036,-22.71079,4.915262,18.03883
216.2802,-23.95936,4.923997,17.78144,-23.83595,4.905681,18.03036,-22.71079,4.915262,18.03883
216.3136,-23.95984,4.922659,17.77941,-23.83595,4.905681,18.03036,-22.71079,4.915262,18.03883
216.3469,-23.96028,4.921853,17.78087,-23.83595,4.905681,18.03036,-22.71079,4.915262,18.03883
216.3802,-23.9578,4.923861,17.78004,-23.83595,4.905681,18.03036,-22.71079,4.915262,18.03883
216.4136,-23.95344,4.927158,17.78124,-23.83595,4.905681,18.03036,-22.71079,4.915262,18.03883
216.4469,-23.94558,4.929054,17.78337,-23.83595,4.905681,18.03036,-22.71079,4.915262,18.03883
216.4802,-23.91989,4.923993,17.79188,-23.83595,4.905681,18.03036,-22.71079,4.915262,18.03883
216.5135,-23.90126,4.929784,17.80834,-23.83595,4.905681,18.03036,-22.71079,4.915262,18.03883
216.5469,-23.89886,4.931615,17.82501,-23.83595,4.905681,18.03036,-22.71079,4.915262,18.03883
216.5802,-23.89484,4.933779,17.84806,-23.83595,4.905681,18.03036,-22.71079,4.915262,18.03883
216.6136,-23.88804,4.935005,17.8729,-23.83595,4.905681,18.03036,-22.71079,4.915262,18.03883
216.6469,-23.88337,4.935061,17.89919,-23.83595,4.905681,18.03036,-22.71079,4.915262,18.03883
216.6802,-23.87921,4.932836,17.92395,-23.83595,4.905681,18.03036,-22.71079,4.915262,18.03883
216.7135,-23.86245,4.933333,17.97178,-23.83595,4.905681,18.03036,-22.71079,4.915262,18.03883
216.7469,-23.8492,4.937304,17.9958,-23.83595,4.905681,18.03036,-22.71079,4.915262,18.03883
216.7802,-23.83448,4.942425,18.01626,-23.83595,4.905681,18.03036,-22.71079,4.915262,18.03883
216.8136,-23.83415,4.94592,18.03174,-23.83595,4.905681,18.03036,-22.71079,4.915262,18.03883
216.8469,-23.83395,4.949032,18.04036,-23.83595,4.905681,18.03036,-22.71079,4.915262,18.03883
216.8802,-23.81374,4.955452,18.04399,-23.83595,4.905681,18.03036,-22.71079,4.915262,18.03883
216.9136,-23.80441,4.957354,18.04043,-23.83595,4.905681,18.03036,-22.71079,4.915262,18.03883
216.9469,-23.71269,4.934396,18.06137,-23.83595,4.905681,18.03036,-22.71079,4.915262,18.03883
216.9802,-23.70281,4.939227,18.06084,-23.83595,4.905681,18.03036,-22.71079,4.915262,18.03883
217.0135,-23.69756,4.941938,18.05996,-23.83595,4.905681,18.03036,-22.71079,4.915262,18.03883
217.0469,-23.68585,4.941333,18.04516,-23.83595,4.905681,18.03036,-22.71079,4.915262,18.03883
217.0802,-23.67737,4.947596,18.03217,-23.83595,4.905681,18.03036,-22.71079,4.915262,18.03883
217.1136,-23.67291,4.964277,18.02047,-23.83595,4.905681,18.03036,-22.71079,4.915262,18.03883
217.1469,-23.66712,4.967441,18.01193,-23.83595,4.905681,18.03036,-22.71079,4.915262,18.03883
217.1802,-23.64588,4.97357,18.00653,-23.83595,4.905681,18.03036,-22.71079,4.915262,18.03883
217.2135,-23.62792,4.977521,18.00379,-23.83595,4.905681,18.03036,-22.71079,4.915262,18.03883
217.2469,-23.61888,4.976855,18.009,-23.83595,4.905681,18.03036,-22.71079,4.915262,18.03883
217.2802,-23.61579,4.978462,18.01184,-23.83595,4.905681,18.03036,-22.71079,4.915262,18.03883
217.3136,-23.61125,4.979941,18.01571,-23.83595,4.905681,18.03036,-22.71079,4.915262,18.03883
217.3469,-23.60464,4.982382,18.02167,-23.83595,4.905681,18.03036,-22.71079,4.915262,18.03883
217.3802,-23.59493,4.985231,18.02569,-23.83595,4.905681,18.03036,-22.71079,4.915262,18.03883
217.4136,-23.58869,4.986772,18.0272,-23.83595,4.905681,18.03036,-22.71079,4.915262,18.03883
217.4469,-23.57218,4.98763,18.03216,-23.83595,4.905681,18.03036,-22.71079,4.915262,18.03883
217.4802,-23.55145,4.988759,18.03567,-23.83595,4.905681,18.03036,-22.71079,4.915262,18.03883
217.5135,-23.54643,4.990192,18.03771,-23.83595,4.905681,18.03036,-22.71079,4.915262,18.03883
217.5469,-23.53632,4.992833,18.03667,-23.83595,4.905681,18.03036,-22.71079,4.915262,18.03883
217.5802,-23.50096,4.988465,18.04002,-23.83595,4.905681,18.03036,-22.71079,4.915262,18.03883
217.6136,-23.46181,4.981505,18.04741,-23.83595,4.905681,18.03036,-22.71079,4.915262,18.03883
217.6469,-23.44691,4.981119,18.05285,-23.83595,4.905681,18.03036,-22.71079,4.915262,18.03883
217.6802,-23.43599,4.979685,18.05876,-23.83595,4.905681,18.03036,-22.71079,4.915262,18.03883
217.7135,-23.42417,4.98073,18.06218,-23.83595,4.905681,18.03036,-22.71079,4.915262,18.03883
217.7469,-23.41286,4.982704,18.06421,-23.83595,4.905681,18.03036,-22.71079,4.915262,18.03883
217.7802,-23.40066,4.985859,18.06918,-23.83595,4.905681,18.03036,-22.71079,4.915262,18.03883
217.8136,-23.39314,4.987521,18.07106,-23.83595,4.905681,18.03036,-22.71079,4.915262,18.03883
217.8469,-23.38577,4.989806,18.07298,-23.83595,4.905681,18.03036,-22.71079,4.915262,18.03883
217.8802,-23.3627,5.011005,18.05371,-23.83595,4.905681,18.03036,-22.71079,4.915262,18.03883
217.9136,-23.3646,5.020822,18.03195,-23.83595,4.905681,18.03036,-22.71079,4.915262,18.03883
217.9469,-23.36343,5.027467,18.00739,-23.83595,4.905681,18.03036,-22.71079,4.915262,18.03883
217.9802,-23.36872,5.028235,17.98725,-23.83595,4.905681,18.03036,-22.71079,4.915262,18.03883
218.0135,-23.37068,5.027925,17.9727,-23.83595,4.905681,18.03036,-22.71079,4.915262,18.03883
218.0469,-23.37912,5.025069,17.95938,-23.83595,4.905681,18.03036,-22.71079,4.915262,18.03883
218.0802,-23.38272,5.022818,17.94364,-23.83595,4.905681,18.03036,-22.71079,4.915262,18.03883
218.1136,-23.38799,5.019078,17.93154,-23.83595,4.905681,18.03036,-22.71079,4.915262,18.03883
218.1469,-23.38643,5.014397,17.92248,-23.83595,4.905681,18.03036,-22.71079,4.915262,18.03883
218.1802,-23.38765,5.004958,17.91475,-23.83595,4.905681,18.03036,-22.71079,4.915262,18.03883
218.2135,-23.39002,4.996842,17.90612,-23.83595,4.905681,18.03036,-22.71079,4.915262,18.03883
218.2469,-23.38852,4.988463,17.91034,-23.83595,4.905681,18.03036,-22.71079,4.915262,18.03883
218.2802,-23.38997,4.982888,17.91693,-23.83595,4.905681,18.03036,-22.71079,4.915262,18.03883
218.3136,-23.3881,4.981966,17.91512,-23.83595,4.905681,18.03036,-22.71079,4.915262,18.03883
218.3469,-23.3863,4.981711,17.91658,-23.83595,4.905681,18.03036,-22.71079,4.915262,18.03883
218.3802,-23.38522,4.980795,17.91657,-23.83595,4.905681,18.03036,-22.71079,4.915262,18.03883
218.4136,-23.38229,4.981923,17.91493,-23.83595,4.905681,18.03036,-22.71079,4.915262,18.03883
218.4469,-23.37397,4.987018,17.90582,-23.83595,4.905681,18.03036,-22.71079,4.915262,18.03883
218.4802,-23.36194,4.998069,17.87602,-23.83595,4.905681,18.03036,-22.71079,4.915262,18.03883
218.5135,-23.3617,5.001458,17.85998,-23.83595,4.905681,18.03036,-22.71079,4.915262,18.03883
218.5469,-23.36206,5.00423,17.84494,-23.83595,4.905681,18.03036,-22.71079,4.915262,18.03883
218.5802,-23.36524,5.005993,17.83064,-23.83595,4.905681,18.03036,-22.71079,4.915262,18.03883
218.6136,-23.36469,5.006805,17.82248,-23.83595,4.905681,18.03036,-22.71079,4.915262,18.03883
218.6469,-23.36227,5.008465,17.81517,-23.83595,4.905681,18.03036,-22.71079,4.915262,18.03883
218.6802,-23.36164,5.008298,17.8126,-23.83595,4.905681,18.03036,-22.71079,4.915262,18.03883
218.7135,-23.36185,5.008529,17.81061,-23.83595,4.905681,18.03036,-22.71079,4.915262,18.03883
218.7469,-23.36167,5.009151,17.80907,-23.83595,4.905681,18.03036,-22.71079,4.915262,18.03883
218.7802,-23.3629,5.010013,17.80565,-23.83595,4.905681,18.03036,-22.71079,4.915262,18.03883
218.8136,-23.36826,5.008862,17.80469,-23.83595,4.905681,18.03036,-22.71079,4.915262,18.03883
218.8469,-23.37543,5.009909,17.79891,-23.83595,4.905681,18.03036,-22.71079,4.915262,18.03883
218.8802,-23.38546,5.011477,17.79006,-23.83595,4.905681,18.03036,-22.71079,4.915262,18.03883
218.9136,-23.39423,5.014418,17.77963,-23.83595,4.905681,18.03036,-22.71079,4.915262,18.03883
218.9469,-23.40903,5.02317,17.75566,-23.83595,4.905681,18.03036,-22.71079,4.915262,18.03883
218.9802,-23.42351,5.029955,17.73458,-23.83595,4.905681,18.03036,-22.71079,4.915262,18.03883
219.0135,-23.42789,5.033821,17.72517,-23.83595,4.905681,18.03036,-22.71079,4.915262,18.03883
219.0469,-23.43214,5.034833,17.71942,-23.83595,4.905681,18.03036,-22.71079,4.915262,18.03883
219.0802,-23.43434,5.031496,17.7231,-23.83595,4.905681,18.03036,-22.71079,4.915262,18.03883
219.1136,-23.4391,5.024156,17.73459,-23.83595,4.905681,18.03036,-22.71079,4.915262,18.03883
219.1469,-23.44131,5.017357,17.74745,-23.83595,4.905681,18.03036,-22.71079,4.915262,18.03883
219.1802,-23.44527,5.005713,17.77318,-23.83595,4.905681,18.03036,-22.71079,4.915262,18.03883
219.2135,-23.44965,4.995498,17.79795,-23.83595,4.905681,18.03036,-22.71079,4.915262,18.03883
219.2469,-23.45325,4.986683,17.81953,-23.83595,4.905681,18.03036,-22.71079,4.915262,18.03883
219.2802,-23.45767,4.981176,17.8384,-23.83595,4.905681,18.03036,-22.71079,4.915262,18.03883
219.3136,-23.46269,4.977906,17.85999,-23.83595,4.905681,18.03036,-22.71079,4.915262,18.03883
219.3469,-23.4656,4.979851,17.88158,-23.83595,4.905681,18.03036,-22.71079,4.915262,18.03883
219.3802,-23.4697,4.977739,17.90535,-23.83595,4.905681,18.03036,-22.71079,4.915262,18.03883
219.4136,-23.47025,4.976334,17.91679,-23.83595,4.905681,18.03036,-22.71079,4.915262,18.03883
219.4469,-23.46965,4.9765,17.93123,-23.83595,4.905681,18.03036,-22.71079,4.915262,18.03883
219.4802,-23.46917,4.976526,17.94417,-23.83595,4.905681,18.03036,-22.71079,4.915262,18.03883
219.5135,-23.46749,4.976929,17.95173,-23.83595,4.905681,18.03036,-22.71079,4.915262,18.03883
219.5469,-23.46536,4.977862,17.96225,-23.83595,4.905681,18.03036,-22.71079,4.915262,18.03883
219.5802,-23.45343,4.980363,17.97686,-23.83595,4.905681,18.03036,-22.71079,4.915262,18.03883
219.6136,-23.43378,4.972085,17.98774,-23.83595,4.905681,18.03036,-22.71079,4.915262,18.03883
219.6469,-23.40695,4.958987,18.00209,-23.83595,4.905681,18.03036,-22.71079,4.915262,18.03883
219.6802,-23.39844,4.962983,18.00778,-23.83595,4.905681,18.03036,-22.71079,4.915262,18.03883
219.7135,-23.38984,4.966666,18.0128,-23.83595,4.905681,18.03036,-22.71079,4.915262,18.03883
219.7469,-23.3836,4.9701,18.01509,-23.83595,4.905681,18.03036,-22.71079,4.915262,18.03883
219.7802,-23.38015,4.972479,18.01384,-23.83595,4.905681,18.03036,-22.71079,4.915262,18.03883
219.8136,-23.37829,4.974468,18.01226,-23.83595,4.905681,18.03036,-22.71079,4.915262,18.03883
219.8469,-23.37717,4.975308,18.01104,-23.83595,4.905681,18.03036,-22.71079,4.915262,18.03883
219.8802,-23.37878,4.97619,18.008,-23.83595,4.905681,18.03036,-22.71079,4.915262,18.03883
219.9136,-23.38069,4.97699,18.0072,-23.83595,4.905681,18.03036,-22.71079,4.915262,18.03883
219.9469,-23.39385,4.979457,17.99053,-23.83595,4.905681,18.03036,-22.71079,4.915262,18.03883
219.9802,-23.4012,4.979943,17.98181,-23.83595,4.905681,18.03036,-22.71079,4.915262,18.03883
220.0135,-23.40507,4.977927,17.98348,-23.83595,4.905681,18.03036,-22.71079,4.915262,18.03883
220.0469,-23.41004,4.976236,17.98607,-23.83595,4.905681,18.03036,-22.71079,4.915262,18.03883
220.0802,-23.413,4.973506,17.99072,-23.83595,4.905681,18.03036,-22.71079,4.915262,18.03883
220.1136,-23.41786,4.968689,17.99721,-23.83595,4.905681,18.03036,-22.71079,4.915262,18.03883
220.1469,-23.42131,4.961176,18.00049,-23.83595,4.905681,18.03036,-22.71079,4.915262,18.03883
220.1802,-23.42661,4.961206,18.00768,-23.83595,4.905681,18.03036,-22.71079,4.915262,18.03883
220.2135,-23.42889,4.960618,18.01413,-23.83595,4.905681,18.03036,-22.71079,4.915262,18.03883
220.2469,-23.42924,4.960272,18.02121,-23.83595,4.905681,18.03036,-22.71079,4.915262,18.03883
220.2802,-23.43072,4.9607,18.02466,-23.83595,4.905681,18.03036,-22.71079,4.915262,18.03883
220.3136,-23.43068,4.960754,18.02466,-23.83595,4.905681,18.03036,-22.71079,4.915262,18.03883
220.3469,-23.4317,4.961235,18.02225,-23.83595,4.905681,18.03036,-22.71079,4.915262,18.03883
220.3802,-23.43191,4.961676,18.0143,-23.83595,4.905681,18.03036,-22.71079,4.915262,18.03883
220.4136,-23.43513,4.963136,18.00628,-23.83595,4.905681,18.03036,-22.71079,4.915262,18.03883
220.4469,-23.43576,4.964223,17.99967,-23.83595,4.905681,18.03036,-22.71079,4.915262,18.03883
220.4802,-23.43894,4.966499,17.98936,-23.83595,4.905681,18.03036,-22.71079,4.915262,18.03883
220.5135,-23.44206,4.969135,17.98446,-23.83595,4.905681,18.03036,-22.71079,4.915262,18.03883
220.5469,-23.44444,4.967834,17.98796,-23.83595,4.905681,18.03036,-22.71079,4.915262,18.03883
220.5802,-23.44087,4.964667,18.00522,-23.83595,4.905681,18.03036,-22.71079,4.915262,18.03883
220.6136,-23.4327,4.961257,18.03613,-23.83595,4.905681,18.03036,-22.71079,4.915262,18.03883
220.6469,-23.42306,4.959588,18.07411,-23.83595,4.905681,18.03036,-22.71079,4.915262,18.03883
220.6802,-23.42134,4.959964,18.1006,-23.83595,4.905681,18.03036,-22.71079,4.915262,18.03883
220.7135,-23.42541,4.965368,18.11574,-23.83595,4.905681,18.03036,-22.71079,4.915262,18.03883
220.7469,-23.43263,4.971437,18.12817,-23.83595,4.905681,18.03036,-22.71079,4.915262,18.03883
220.7802,-23.43359,4.975384,18.13722,-23.83595,4.905681,18.03036,-22.71079,4.915262,18.03883
220.8136,-23.43538,4.976261,18.14257,-23.83595,4.905681,18.03036,-22.71079,4.915262,18.03883
220.8469,-23.4376,4.978109,18.14957,-23.83595,4.905681,18.03036,-22.71079,4.915262,18.03883
220.8802,-23.43539,4.980087,18.15526,-23.83595,4.905681,18.03036,-22.71079,4.915262,18.03883
220.9136,-23.43576,4.980443,18.15705,-23.83595,4.905681,18.03036,-22.71079,4.915262,18.03883
220.9469,-23.43618,4.980654,18.1588,-23.83595,4.905681,18.03036,-22.71079,4.915262,18.03883
220.9802,-23.438,4.980606,18.1592,-23.83595,4.905681,18.03036,-22.71079,4.915262,18.03883
221.0135,-23.44467,4.977889,18.16037,-23.83595,4.905681,18.03036,-22.71079,4.915262,18.03883
221.0469,-23.44842,4.977233,18.15502,-23.83595,4.905681,18.03036,-22.71079,4.915262,18.03883
221.0802,-23.45204,4.97805,18.15129,-23.83595,4.905681,18.03036,-22.71079,4.915262,18.03883
221.1136,-23.45266,4.97835,18.14973,-23.83595,4.905681,18.03036,-22.71079,4.915262,18.03883
221.1469,-23.45168,4.978569,18.15662,-23.83595,4.905681,18.03036,-22.71079,4.915262,18.03883
221.1802,-23.45205,4.978854,18.15812,-23.83595,4.905681,18.03036,-22.71079,4.915262,18.03883
221.2135,-23.44764,4.978423,18.16493,-23.83595,4.905681,18.03036,-22.71079,4.915262,18.03883
221.2469,-23.44589,4.980249,18.17261,-23.83595,4.905681,18.03036,-22.71079,4.915262,18.03883
221.2802,-23.44636,4.984354,18.181,-23.83595,4.905681,18.03036,-22.71079,4.915262,18.03883
221.3136,-23.44388,4.984151,18.18593,-23.83595,4.905681,18.03036,-22.71079,4.915262,18.03883
221.3469,-23.44764,4.987272,18.19859,-23.83595,4.905681,18.03036,-22.71079,4.915262,18.03883
221.3802,-23.45582,4.989972,18.21045,-23.83595,4.905681,18.03036,-22.71079,4.915262,18.03883
221.4136,-23.46667,4.990345,18.2229,-23.83595,4.905681,18.03036,-22.71079,4.915262,18.03883
221.4469,-23.47548,4.992343,18.23861,-23.83595,4.905681,18.03036,-22.71079,4.915262,18.03883
221.4802,-23.48489,4.991014,18.24655,-23.83595,4.905681,18.03036,-22.71079,4.915262,18.03883
221.5135,-23.49281,4.98896,18.2528,-23.83595,4.905681,18.03036,-22.71079,4.915262,18.03883
221.5469,-23.49053,4.894992,18.30373,-23.83595,4.905681,18.03036,-22.71079,4.915262,18.03883
221.5802,-23.47717,4.903669,18.29487,-23.83595,4.905681,18.03036,-22.71079,4.915262,18.03883
221.6136,-23.46941,4.908957,18.2737,-23.83595,4.905681,18.03036,-22.71079,4.915262,18.03883
221.6469,-23.45048,4.918011,18.23835,-23.83595,4.905681,18.03036,-22.71079,4.915262,18.03883
221.6802,-23.43367,4.929943,18.21458,-23.83595,4.905681,18.03036,-22.71079,4.915262,18.03883
221.7135,-23.42551,4.931929,18.20948,-23.83595,4.905681,18.03036,-22.71079,4.915262,18.03883
221.7469,-23.41713,4.941236,18.21012,-23.83595,4.905681,18.03036,-22.71079,4.915262,18.03883
221.7802,-23.41374,4.952334,18.20878,-23.83595,4.905681,18.03036,-22.71079,4.915262,18.03883
221.8136,-23.40843,4.973811,18.19979,-23.83595,4.905681,18.03036,-22.71079,4.915262,18.03883
221.8469,-23.39641,4.976683,18.19421,-23.83595,4.905681,18.03036,-22.71079,4.915262,18.03883
221.8802,-23.36687,4.97053,18.18548,-23.83595,4.905681,18.03036,-22.71079,4.915262,18.03883
221.9136,-23.35423,4.969793,18.18002,-23.83595,4.905681,18.03036,-22.71079,4.915262,18.03883
221.9469,-23.32708,4.967903,18.17674,-23.83595,4.905681,18.03036,-22.71079,4.915262,18.03883
221.9802,-23.31762,4.969052,18.17305,-23.83595,4.905681,18.03036,-22.71079,4.915262,18.03883
222.0135,-23.30687,4.969857,18.17077,-23.83595,4.905681,18.03036,-22.71079,4.915262,18.03883
222.0469,-23.29785,4.970196,18.16941,-23.83595,4.905681,18.03036,-22.71079,4.915262,18.03883
222.0802,-23.28768,4.969492,18.17147,-23.83595,4.905681,18.03036,-22.71079,4.915262,18.03883
222.1136,-23.27959,4.970818,18.17133,-23.83595,4.905681,18.03036,-22.71079,4.915262,18.03883
222.1469,-23.27435,4.973177,18.17169,-23.83595,4.905681,18.03036,-22.71079,4.915262,18.03883
222.1802,-23.2667,4.976418,18.17374,-23.83595,4.905681,18.03036,-22.71079,4.915262,18.03883
222.2135,-23.26287,4.978031,18.17313,-23.83595,4.905681,18.03036,-22.71079,4.915262,18.03883
222.2469,-23.25449,4.979472,18.17455,-23.83595,4.905681,18.03036,-22.71079,4.915262,18.03883
222.2802,-23.24472,4.982375,18.17309,-23.83595,4.905681,18.03036,-22.71079,4.915262,18.03883
222.3136,-23.24509,4.983475,18.171,-23.83595,4.905681,18.03036,-22.71079,4.915262,18.03883
222.3469,-23.24513,4.984393,18.17065,-23.83595,4.905681,18.03036,-22.71079,4.915262,18.03883
222.3802,-23.24407,4.986251,18.16768,-23.83595,4.905681,18.03036,-22.71079,4.915262,18.03883
222.4136,-23.2429,4.987823,18.16653,-23.83595,4.905681,18.03036,-22.71079,4.915262,18.03883
222.4469,-23.24164,4.990177,18.16509,-23.83595,4.905681,18.03036,-22.71079,4.915262,18.03883
222.4802,-23.24103,4.991109,18.16448,-23.83595,4.905681,18.03036,-22.71079,4.915262,18.03883
222.5135,-23.24032,4.991957,18.16423,-23.83595,4.905681,18.03036,-22.71079,4.915262,18.03883
222.5469,-23.23597,4.996403,18.16223,-23.83595,4.905681,18.03036,-22.71079,4.915262,18.03883
222.5802,-23.22557,5.004436,18.15896,-23.83595,4.905681,18.03036,-22.71079,4.915262,18.03883
222.6136,-23.21573,5.009185,18.15879,-23.83595,4.905681,18.03036,-22.71079,4.915262,18.03883
222.6469,-23.12326,4.997974,18.1619,-23.83595,4.905681,18.03036,-22.71079,4.915262,18.03883
222.6802,-23.10804,5.003272,18.16072,-23.83595,4.905681,18.03036,-22.71079,4.915262,18.03883
222.7135,-23.08975,5.009156,18.16019,-23.83595,4.905681,18.03036,-22.71079,4.915262,18.03883
222.7469,-23.07604,5.013706,18.15662,-23.83595,4.905681,18.03036,-22.71079,4.915262,18.03883
222.7802,-23.05777,5.020056,18.15638,-23.83595,4.905681,18.03036,-22.71079,4.915262,18.03883
222.8136,-23.04027,5.027926,18.15409,-23.83595,4.905681,18.03036,-22.71079,4.915262,18.03883
222.8469,-23.02036,5.03617,18.15299,-23.83595,4.905681,18.03036,-22.71079,4.915262,18.03883
222.8802,-23.00675,5.042873,18.14731,-23.83595,4.905681,18.03036,-22.71079,4.915262,18.03883
222.9136,-22.99554,5.047017,18.14328,-23.83595,4.905681,18.03036,-22.71079,4.915262,18.03883
222.9469,-22.982,5.051492,18.13831,-23.83595,4.905681,18.03036,-22.71079,4.915262,18.03883
222.9802,-22.97308,5.052053,18.13622,-23.83595,4.905681,18.03036,-22.71079,4.915262,18.03883
223.0135,-22.9649,5.052618,18.1343,-23.83595,4.905681,18.03036,-22.71079,4.915262,18.03883
223.0469,-22.95674,5.053521,18.13196,-23.83595,4.905681,18.03036,-22.71079,4.915262,18.03883
223.0802,-22.94767,5.053386,18.13301,-23.83595,4.905681,18.03036,-22.71079,4.915262,18.03883
223.1136,-22.9395,5.053957,18.13098,-23.83595,4.905681,18.03036,-22.71079,4.915262,18.03883
223.1469,-22.9304,5.052921,18.13309,-23.83595,4.905681,18.03036,-22.71079,4.915262,18.03883
223.1802,-22.9212,5.051906,18.13639,-23.83595,4.905681,18.03036,-22.71079,4.915262,18.03883
223.2135,-22.91732,5.05068,18.13922,-23.83595,4.905681,18.03036,-22.71079,4.915262,18.03883
223.2469,-22.90578,5.056092,18.13282,-23.83595,4.905681,18.03036,-22.71079,4.915262,18.03883
223.2802,-22.90454,5.058496,18.12342,-23.83595,4.905681,18.03036,-22.71079,4.915262,18.03883
223.3136,-22.90134,5.060254,18.11772,-23.83595,4.905681,18.03036,-22.71079,4.915262,18.03883
223.3469,-22.89683,5.06201,18.11028,-23.83595,4.905681,18.03036,-22.71079,4.915262,18.03883
223.3802,-22.88922,5.063259,18.10373,-23.83595,4.905681,18.03036,-22.71079,4.915262,18.03883
223.4136,-22.88377,5.064352,18.09926,-23.83595,4.905681,18.03036,-22.71079,4.915262,18.03883
223.4469,-22.87529,5.064606,18.09482,-23.83595,4.905681,18.03036,-22.71079,4.915262,18.03883
223.4802,-22.86668,5.064605,18.09171,-23.83595,4.905681,18.03036,-22.71079,4.915262,18.03883
223.5135,-22.85898,5.06592,18.08725,-23.83595,4.905681,18.03036,-22.71079,4.915262,18.03883
223.5469,-22.85168,5.065835,18.08607,-23.83595,4.905681,18.03036,-22.71079,4.915262,18.03883
223.5802,-22.84345,5.065178,18.08637,-23.83595,4.905681,18.03036,-22.71079,4.915262,18.03883
223.6136,-22.83074,5.066853,18.08438,-23.83595,4.905681,18.03036,-22.71079,4.915262,18.03883
223.6469,-22.81585,5.06822,18.08187,-23.83595,4.905681,18.03036,-22.71079,4.915262,18.03883
223.6802,-22.79878,5.067926,18.08459,-23.83595,4.905681,18.03036,-22.71079,4.915262,18.03883
223.7135,-22.7878,5.069047,18.08646,-23.83595,4.905681,18.03036,-22.71079,4.915262,18.03883
223.7469,-22.77472,5.070529,18.087,-23.83595,4.905681,18.03036,-22.71079,4.915262,18.03883
223.7802,-22.7635,5.072072,18.08454,-23.83595,4.905681,18.03036,-22.71079,4.915262,18.03883
223.8136,-22.75301,5.072895,18.08315,-23.83595,4.905681,18.03036,-22.71079,4.915262,18.03883
223.8469,-22.73839,5.076952,18.07824,-23.83595,4.905681,18.03036,-22.71079,4.915262,18.03883
223.8802,-22.72517,5.080711,18.07425,-23.83595,4.905681,18.03036,-22.71079,4.915262,18.03883
223.9136,-22.71558,5.083557,18.07169,-23.83595,4.905681,18.03036,-22.71079,4.915262,18.03883
223.9469,-22.70582,5.088004,18.06555,-23.83595,4.905681,18.03036,-22.71079,4.915262,18.03883
223.9802,-22.69394,5.095629,18.04995,-23.83595,4.905681,18.03036,-22.71079,4.915262,18.03883
224.0135,-22.68618,5.100058,18.04179,-23.83595,4.905681,18.03036,-22.71079,4.915262,18.03883
224.0469,-22.67735,5.103818,18.03129,-23.83595,4.905681,18.03036,-22.71079,4.915262,18.03883
224.0802,-22.66757,5.106661,18.0227,-23.83595,4.905681,18.03036,-22.71079,4.915262,18.03883
224.1136,-22.6539,5.109519,18.01487,-23.83595,4.905681,18.03036,-22.71079,4.915262,18.03883
224.1469,-22.64018,5.108039,18.0075,-23.83595,4.905681,18.03036,-22.71079,4.915262,18.03883
224.1802,-22.62897,5.102303,17.99625,-23.83595,4.905681,18.03036,-22.71079,4.915262,18.03883
224.2135,-22.6216,5.099329,17.9885,-23.83595,4.905681,18.03036,-22.71079,4.915262,18.03883
224.2469,-22.61453,5.093417,17.98354,-23.83595,4.905681,18.03036,-22.71079,4.915262,18.03883
224.2802,-22.60478,5.088161,17.98413,-23.83595,4.905681,18.03036,-22.71079,4.915262,18.03883
224.3136,-22.59895,5.083936,17.98746,-23.83595,4.905681,18.03036,-22.71079,4.915262,18.03883
224.3469,-22.59399,5.080767,17.99347,-23.83595,4.905681,18.03036,-22.71079,4.915262,18.03883
224.3802,-22.59132,5.0771,18.00275,-23.83595,4.905681,18.03036,-22.71079,4.915262,18.03883
224.4136,-22.59118,5.073084,18.01096,-23.83595,4.905681,18.03036,-22.71079,4.915262,18.03883
224.4469,-22.59089,5.068163,18.02023,-23.83595,4.905681,18.03036,-22.71079,4.915262,18.03883
224.4802,-22.58909,5.062163,18.03292,-23.83595,4.905681,18.03036,-22.71079,4.915262,18.03883
224.5135,-22.58632,5.055438,18.04638,-23.83595,4.905681,18.03036,-22.71079,4.915262,18.03883
224.5469,-22.58323,5.049355,18.0655,-23.83595,4.905681,18.03036,-22.71079,4.915262,18.03883
224.5802,-22.57799,5.046069,18.08005,-23.83595,4.905681,18.03036,-22.71079,4.915262,18.03883
224.6136,-22.57269,5.045133,18.08728,-23.83595,4.905681,18.03036,-22.71079,4.915262,18.03883
224.6469,-22.56519,5.047304,18.09688,-23.83595,4.905681,18.03036,-22.71079,4.915262,18.03883
224.6802,-22.55019,5.054319,18.10393,-23.83595,4.905681,18.03036,-22.71079,4.915262,18.03883
224.7135,-22.53852,5.059941,18.10644,-23.83595,4.905681,18.03036,-22.71079,4.915262,18.03883
224.7469,-22.52261,5.067855,18.10568,-23.83595,4.905681,18.03036,-22.71079,4.915262,18.03883
224.7802,-22.50839,5.0742,18.11423,-23.83595,4.905681,18.03036,-22.71079,4.915262,18.03883
224.8136,-22.49827,5.078097,18.11908,-23.83595,4.905681,18.03036,-22.71079,4.915262,18.03883
224.8469,-22.48999,5.079885,18.12646,-23.83595,4.905681,18.03036,-22.71079,4.915262,18.03883
224.8802,-22.48114,5.080824,18.12982,-23.83595,4.905681,18.03036,-22.71079,4.915262,18.03883
224.9136,-22.4758,5.081678,18.13478,-23.83595,4.905681,18.03036,-22.71079,4.915262,18.03883
224.9469,-22.46839,5.080513,18.14114,-23.83595,4.905681,18.03036,-22.71079,4.915262,18.03883
224.9802,-22.46014,5.079051,18.14771,-23.83595,4.905681,18.03036,-22.71079,4.915262,18.03883
225.0135,-22.45349,5.078663,18.15127,-23.83595,4.905681,18.03036,-22.71079,4.915262,18.03883
225.0469,-22.44588,5.076973,18.15483,-23.83595,4.905681,18.03036,-22.71079,4.915262,18.03883
225.0802,-22.44177,5.074109,18.15771,-23.83595,4.905681,18.03036,-22.71079,4.915262,18.03883
225.1136,-22.44093,5.066492,18.16735,-23.83595,4.905681,18.03036,-22.71079,4.915262,18.03883
225.1469,-22.45067,5.052327,18.18779,-23.83595,4.905681,18.03036,-22.71079,4.915262,18.03883
225.1802,-22.47887,5.033299,18.2095,-23.83595,4.905681,18.03036,-22.71079,4.915262,18.03883
225.2135,-22.50961,5.017488,18.23196,-23.83595,4.905681,18.03036,-22.71079,4.915262,18.03883
225.2469,-22.53893,5.005138,18.24814,-23.83595,4.905681,18.03036,-22.71079,4.915262,18.03883
225.2802,-22.57244,4.995775,18.261,-23.83595,4.905681,18.03036,-22.71079,4.915262,18.03883
225.3136,-22.60245,4.989214,18.26665,-23.83595,4.905681,18.03036,-22.71079,4.915262,18.03883
225.3469,-22.63357,4.984619,18.26718,-23.83595,4.905681,18.03036,-22.71079,4.915262,18.03883
225.3802,-22.66652,4.981297,18.27095,-23.83595,4.905681,18.03036,-22.71079,4.915262,18.03883
225.4136,-22.6904,4.980995,18.26966,-23.83595,4.905681,18.03036,-22.71079,4.915262,18.03883
225.4469,-22.71526,4.982417,18.26664,-23.83595,4.905681,18.03036,-22.71079,4.915262,18.03883
225.4802,-22.73528,4.98612,18.26704,-23.83595,4.905681,18.03036,-22.71079,4.915262,18.03883
225.5135,-22.74245,4.989612,18.26668,-23.83595,4.905681,18.03036,-22.71079,4.915262,18.03883
225.5469,-22.75052,4.991574,18.26648,-23.83595,4.905681,18.03036,-22.71079,4.915262,18.03883
225.5802,-22.75316,4.994432,18.26417,-23.83595,4.905681,18.03036,-22.71079,4.915262,18.03883
225.6136,-22.75502,4.995935,18.26213,-23.83595,4.905681,18.03036,-22.71079,4.915262,18.03883
225.6469,-22.75455,4.999873,18.25933,-23.83595,4.905681,18.03036,-22.71079,4.915262,18.03883
225.6802,-22.74077,5.012681,18.26224,-23.83595,4.905681,18.03036,-22.71079,4.915262,18.03883
225.7135,-22.7186,5.025743,18.25813,-23.83595,4.905681,18.03036,-22.71079,4.915262,18.03883
225.7469,-22.69915,5.033881,18.25265,-23.83595,4.905681,18.03036,-22.71079,4.915262,18.03883
225.7802,-22.67991,5.039569,18.24597,-23.83595,4.905681,18.03036,-22.71079,4.915262,18.03883
225.8136,-22.66515,5.043478,18.23717,-23.83595,4.905681,18.03036,-22.71079,4.915262,18.03883
225.8469,-22.64687,5.045471,18.23505,-23.83595,4.905681,18.03036,-22.71079,4.915262,18.03883
225.8802,-22.62999,5.045493,18.24234,-23.83595,4.905681,18.03036,-22.71079,4.915262,18.03883
225.9136,-22.62183,5.046597,18.24713,-23.83595,4.905681,18.03036,-22.71079,4.915262,18.03883
225.9469,-22.6134,5.047108,18.25723,-23.83595,4.905681,18.03036,-22.71079,4.915262,18.03883
225.9802,-22.60219,5.047909,18.26539,-23.83595,4.905681,18.03036,-22.71079,4.915262,18.03883
226.0135,-22.59733,5.047723,18.26932,-23.83595,4.905681,18.03036,-22.71079,4.915262,18.03883
226.0469,-22.59226,5.04675,18.27781,-23.83595,4.905681,18.03036,-22.71079,4.915262,18.03883
226.0802,-22.58398,5.044716,18.28544,-23.83595,4.905681,18.03036,-22.71079,4.915262,18.03883
226.1136,-22.58087,5.039775,18.29623,-23.83595,4.905681,18.03036,-22.71079,4.915262,18.03883
226.1469,-22.57346,5.033869,18.30825,-23.83595,4.905681,18.03036,-22.71079,4.915262,18.03883
226.1802,-22.56978,5.023374,18.32499,-23.83595,4.905681,18.03036,-22.71079,4.915262,18.03883
226.2135,-22.56875,5.013608,18.3405,-23.83595,4.905681,18.03036,-22.71079,4.915262,18.03883
226.2469,-22.56529,5.002973,18.35459,-23.83595,4.905681,18.03036,-22.71079,4.915262,18.03883
226.2802,-22.55995,4.996938,18.36096,-23.83595,4.905681,18.03036,-22.71079,4.915262,18.03883
226.3136,-22.55554,4.992143,18.36641,-23.83595,4.905681,18.03036,-22.71079,4.915262,18.03883
226.3469,-22.5527,4.986302,18.37579,-23.83595,4.905681,18.03036,-22.71079,4.915262,18.03883
226.3802,-22.54873,4.984058,18.38269,-23.83595,4.905681,18.03036,-22.71079,4.915262,18.03883
226.4136,-22.54392,4.983552,18.38738,-23.83595,4.905681,18.03036,-22.71079,4.915262,18.03883
226.4469,-22.53767,4.978298,18.39063,-23.83595,4.905681,18.03036,-22.71079,4.915262,18.03883
226.4802,-22.53067,4.972324,18.39109,-23.83595,4.905681,18.03036,-22.71079,4.915262,18.03883
226.5135,-22.52344,4.96643,18.39236,-23.83595,4.905681,18.03036,-22.71079,4.915262,18.03883
226.5469,-22.53128,4.957901,18.39355,-23.83595,4.905681,18.03036,-22.71079,4.915262,18.03883
226.5802,-22.53763,4.958623,18.39629,-23.83595,4.905681,18.03036,-22.71079,4.915262,18.03883
226.6136,-22.54109,4.958898,18.39767,-23.83595,4.905681,18.03036,-22.71079,4.915262,18.03883
226.6469,-22.53873,4.959488,18.40095,-23.83595,4.905681,18.03036,-22.71079,4.915262,18.03883
226.6802,-22.53783,4.959726,18.40034,-23.83595,4.905681,18.03036,-22.71079,4.915262,18.03883
226.7135,-22.53845,4.95928,18.40055,-23.83595,4.905681,18.03036,-22.71079,4.915262,18.03883
226.7469,-22.53626,4.959398,18.39845,-23.83595,4.905681,18.03036,-22.71079,4.915262,18.03883
226.7802,-22.46874,4.964748,18.40257,-23.83595,4.905681,18.03036,-22.71079,4.915262,18.03883
226.8136,-22.45381,4.973462,18.39019,-23.83595,4.905681,18.03036,-22.71079,4.915262,18.03883
226.8469,-22.44151,4.980519,18.37824,-23.83595,4.905681,18.03036,-22.71079,4.915262,18.03883
226.8802,-22.4299,4.984913,18.36572,-23.83595,4.905681,18.03036,-22.71079,4.915262,18.03883
226.9136,-22.42274,4.985723,18.35492,-23.83595,4.905681,18.03036,-22.71079,4.915262,18.03883
226.9469,-22.41006,4.991185,18.34444,-23.83595,4.905681,18.03036,-22.71079,4.915262,18.03883
226.9802,-22.40276,4.993958,18.33769,-23.83595,4.905681,18.03036,-22.71079,4.915262,18.03883
227.0135,-22.3963,4.996261,18.33243,-23.83595,4.905681,18.03036,-22.71079,4.915262,18.03883
227.0469,-22.39169,4.997912,18.32961,-23.83595,4.905681,18.03036,-22.71079,4.915262,18.03883
227.0802,-22.38481,5.001543,18.32792,-23.83595,4.905681,18.03036,-22.71079,4.915262,18.03883
227.1136,-22.38103,5.004117,18.32862,-23.83595,4.905681,18.03036,-22.71079,4.915262,18.03883
227.1469,-22.37677,5.00726,18.32776,-23.83595,4.905681,18.03036,-22.71079,4.915262,18.03883
227.1802,-22.36944,5.01216,18.32751,-23.83595,4.905681,18.03036,-22.71079,4.915262,18.03883
227.2135,-22.36485,5.014751,18.3277,-23.83595,4.905681,18.03036,-22.71079,4.915262,18.03883
227.2469,-22.36014,5.01823,18.32522,-23.83595,4.905681,18.03036,-22.71079,4.915262,18.03883
227.2802,-22.35386,5.025217,18.32259,-23.83595,4.905681,18.03036,-22.71079,4.915262,18.03883
227.3136,-22.35023,5.034147,18.31985,-23.83595,4.905681,18.03036,-22.71079,4.915262,18.03883
227.3469,-22.34817,5.045687,18.31605,-23.83595,4.905681,18.03036,-22.71079,4.915262,18.03883
227.3802,-22.34416,5.060597,18.31025,-23.83595,4.905681,18.03036,-22.71079,4.915262,18.03883
227.4136,-22.34341,5.069286,18.30544,-23.83595,4.905681,18.03036,-22.71079,4.915262,18.03883
227.4469,-22.34326,5.078668,18.29872,-23.83595,4.905681,18.03036,-22.71079,4.915262,18.03883
227.4802,-22.34404,5.084923,18.29301,-23.83595,4.905681,18.03036,-22.71079,4.915262,18.03883
227.5135,-22.345,5.088306,18.28881,-23.83595,4.905681,18.03036,-22.71079,4.915262,18.03883
227.5469,-22.35081,5.091622,18.2855,-23.83595,4.905681,18.03036,-22.71079,4.915262,18.03883
227.5802,-22.35562,5.096301,18.28316,-23.83595,4.905681,18.03036,-22.71079,4.915262,18.03883
227.6136,-22.36054,5.100692,18.27826,-23.83595,4.905681,18.03036,-22.71079,4.915262,18.03883
227.6469,-22.3695,5.101349,18.27672,-23.83595,4.905681,18.03036,-22.71079,4.915262,18.03883
227.6802,-22.38369,5.103386,18.25601,-23.83595,4.905681,18.03036,-22.71079,4.915262,18.03883
227.7135,-22.39544,5.107069,18.23879,-23.83595,4.905681,18.03036,-22.71079,4.915262,18.03883
227.7469,-22.405,5.113546,18.22672,-23.83595,4.905681,18.03036,-22.71079,4.915262,18.03883
227.7802,-22.41913,5.120845,18.21395,-23.83595,4.905681,18.03036,-22.71079,4.915262,18.03883
227.8136,-22.4315,5.125836,18.2022,-23.83595,4.905681,18.03036,-22.71079,4.915262,18.03883
227.8469,-22.44304,5.13524,18.18151,-23.83595,4.905681,18.03036,-22.71079,4.915262,18.03883
227.8802,-22.45253,5.139947,18.16698,-23.83595,4.905681,18.03036,-22.71079,4.915262,18.03883
227.9136,-22.45926,5.144518,18.15267,-23.83595,4.905681,18.03036,-22.71079,4.915262,18.03883
227.9469,-22.46684,5.147258,18.12897,-23.83595,4.905681,18.03036,-22.71079,4.915262,18.03883
227.9802,-22.47278,5.146163,18.10797,-23.83595,4.905681,18.03036,-22.71079,4.915262,18.03883
228.0135,-22.47696,5.144069,18.08717,-23.83595,4.905681,18.03036,-22.71079,4.915262,18.03883
228.0469,-22.48169,5.138319,18.06147,-23.83595,4.905681,18.03036,-22.71079,4.915262,18.03883
228.0802,-22.48553,5.135445,18.0421,-23.83595,4.905681,18.03036,-22.71079,4.915262,18.03883
228.1136,-22.49084,5.133436,18.02601,-23.83595,4.905681,18.03036,-22.71079,4.915262,18.03883
228.1469,-22.4876,5.134344,18.01773,-23.83595,4.905681,18.03036,-22.71079,4.915262,18.03883
228.1802,-22.47659,5.138872,18.01168,-23.83595,4.905681,18.03036,-22.71079,4.915262,18.03883
228.2135,-22.46636,5.142857,18.00021,-23.83595,4.905681,18.03036,-22.71079,4.915262,18.03883
228.2469,-22.45055,5.149089,17.98354,-23.83595,4.905681,18.03036,-22.71079,4.915262,18.03883
228.2802,-22.43451,5.154989,17.97345,-23.83595,4.905681,18.03036,-22.71079,4.915262,18.03883
228.3136,-22.42153,5.157824,17.96925,-23.83595,4.905681,18.03036,-22.71079,4.915262,18.03883
228.3469,-22.40409,5.160448,17.96402,-23.83595,4.905681,18.03036,-22.71079,4.915262,18.03883
228.3802,-22.38731,5.163887,17.95929,-23.83595,4.905681,18.03036,-22.71079,4.915262,18.03883
228.4136,-22.37278,5.166169,17.95514,-23.83595,4.905681,18.03036,-22.71079,4.915262,18.03883
228.4469,-22.3619,5.16545,17.95202,-23.83595,4.905681,18.03036,-22.71079,4.915262,18.03883
228.4802,-22.35039,5.164746,17.94839,-23.83595,4.905681,18.03036,-22.71079,4.915262,18.03883
228.5135,-22.34154,5.164283,17.94919,-23.83595,4.905681,18.03036,-22.71079,4.915262,18.03883
228.5469,-22.3366,5.162478,17.95254,-23.83595,4.905681,18.03036,-22.71079,4.915262,18.03883
228.5802,-22.3321,5.161675,17.95445,-23.83595,4.905681,18.03036,-22.71079,4.915262,18.03883
228.6136,-22.33007,5.159223,17.9561,-23.83595,4.905681,18.03036,-22.71079,4.915262,18.03883
228.6469,-22.32884,5.154674,17.96065,-23.83595,4.905681,18.03036,-22.71079,4.915262,18.03883
228.6802,-22.32819,5.147711,17.96108,-23.83595,4.905681,18.03036,-22.71079,4.915262,18.03883
228.7135,-22.33146,5.133756,17.96232,-23.83595,4.905681,18.03036,-22.71079,4.915262,18.03883
228.7469,-22.34323,5.112609,17.95973,-23.83595,4.905681,18.03036,-22.71079,4.915262,18.03883
228.7802,-22.35353,5.094832,17.96197,-23.83595,4.905681,18.03036,-22.71079,4.915262,18.03883
228.8136,-22.36032,5.082505,17.97032,-23.83595,4.905681,18.03036,-22.71079,4.915262,18.03883
228.8469,-22.36822,5.070102,17.97553,-23.83595,4.905681,18.03036,-22.71079,4.915262,18.03883
228.8802,-22.37477,5.061626,17.98531,-23.83595,4.905681,18.03036,-22.71079,4.915262,18.03883
228.9136,-22.37839,5.056295,17.99086,-23.83595,4.905681,18.03036,-22.71079,4.915262,18.03883
228.9469,-22.38133,5.051857,17.99543,-23.83595,4.905681,18.03036,-22.71079,4.915262,18.03883
228.9802,-22.38203,5.048811,17.99989,-23.83595,4.905681,18.03036,-22.71079,4.915262,18.03883
229.0135,-22.38101,5.046702,18.00458,-23.83595,4.905681,18.03036,-22.71079,4.915262,18.03883
229.0469,-22.38214,5.040643,18.00832,-23.83595,4.905681,18.03036,-22.71079,4.915262,18.03883
229.0802,-22.38073,5.035133,18.00961,-23.83595,4.905681,18.03036,-22.71079,4.915262,18.03883
229.1136,-22.38131,5.029418,18.01221,-23.83595,4.905681,18.03036,-22.71079,4.915262,18.03883
229.1469,-22.3818,5.022312,18.01257,-23.83595,4.905681,18.03036,-22.71079,4.915262,18.03883
229.1802,-22.38041,5.017716,18.01663,-23.83595,4.905681,18.03036,-22.71079,4.915262,18.03883
229.2135,-22.37965,5.014117,18.01479,-23.83595,4.905681,18.03036,-22.71079,4.915262,18.03883
229.2469,-22.3797,5.010948,18.0187,-23.83595,4.905681,18.03036,-22.71079,4.915262,18.03883
229.2802,-22.37884,5.010325,18.01926,-23.83595,4.905681,18.03036,-22.71079,4.915262,18.03883
229.3136,-22.38073,5.006533,18.0192,-23.83595,4.905681,18.03036,-22.71079,4.915262,18.03883
229.3469,-22.3834,5.002084,18.022,-23.83595,4.905681,18.03036,-22.71079,4.915262,18.03883
229.3802,-22.38282,4.999118,18.02524,-23.83595,4.905681,18.03036,-22.71079,4.915262,18.03883
229.4136,-22.38559,4.995292,18.02983,-23.83595,4.905681,18.03036,-22.71079,4.915262,18.03883
229.4469,-22.39293,4.989199,18.0403,-23.83595,4.905681,18.03036,-22.71079,4.915262,18.03883
229.4802,-22.40375,4.981331,18.05228,-23.83595,4.905681,18.03036,-22.71079,4.915262,18.03883
229.5135,-22.41361,4.973613,18.06169,-23.83595,4.905681,18.03036,-22.71079,4.915262,18.03883
229.5469,-22.42393,4.962925,18.07893,-23.83595,4.905681,18.03036,-22.71079,4.915262,18.03883
229.5802,-22.43293,4.950634,18.10221,-23.83595,4.905681,18.03036,-22.71079,4.915262,18.03883
229.6136,-22.44161,4.944637,18.11726,-23.83595,4.905681,18.03036,-22.71079,4.915262,18.03883
229.6469,-22.44498,4.949729,18.12692,-23.83595,4.905681,18.03036,-22.71079,4.915262,18.03883
229.6802,-22.4448,4.952307,18.13255,-23.83595,4.905681,18.03036,-22.71079,4.915262,18.03883
229.7135,-22.44498,4.952877,18.13676,-23.83595,4.905681,18.03036,-22.71079,4.915262,18.03883
229.7469,-22.44549,4.95371,18.14043,-23.83595,4.905681,18.03036,-22.71079,4.915262,18.03883
229.7802,-22.44522,4.95421,18.14297,-23.83595,4.905681,18.03036,-22.71079,4.915262,18.03883
229.8136,-22.44503,4.95434,18.14455,-23.83595,4.905681,18.03036,-22.71079,4.915262,18.03883
229.8469,-22.44566,4.954439,18.14291,-23.83595,4.905681,18.03036,-22.71079,4.915262,18.03883
229.8802,-22.44638,4.954373,18.14025,-23.83595,4.905681,18.03036,-22.71079,4.915262,18.03883
229.9136,-22.44678,4.954314,18.13867,-23.83595,4.905681,18.03036,-22.71079,4.915262,18.03883
229.9469,-22.44719,4.954254,18.13713,-23.83595,4.905681,18.03036,-22.71079,4.915262,18.03883
229.9802,-22.44665,4.953661,18.13514,-23.83595,4.905681,18.03036,-22.71079,4.915262,18.03883
230.0135,-22.44594,4.953408,18.13323,-23.83595,4.905681,18.03036,-22.71079,4.915262,18.03883
230.0469,-22.44589,4.952578,18.13007,-23.83595,4.905681,18.03036,-22.71079,4.915262,18.03883
230.0802,-22.44485,4.952154,18.13004,-23.83595,4.905681,18.03036,-22.71079,4.915262,18.03883
230.1136,-22.44398,4.951865,18.12964,-23.83595,4.905681,18.03036,-22.71079,4.915262,18.03883
230.1469,-22.44342,4.951241,18.12929,-23.83595,4.905681,18.03036,-22.71079,4.915262,18.03883
230.1802,-22.44339,4.951154,18.12894,-23.83595,4.905681,18.03036,-22.71079,4.915262,18.03883
230.2135,-22.44227,4.951781,18.12829,-23.83595,4.905681,18.03036,-22.71079,4.915262,18.03883
230.2469,-22.43945,4.952905,18.12744,-23.83595,4.905681,18.03036,-22.71079,4.915262,18.03883
230.2802,-22.43652,4.953967,18.1268,-23.83595,4.905681,18.03036,-22.71079,4.915262,18.03883
230.3136,-22.43204,4.955362,18.12595,-23.83595,4.905681,18.03036,-22.71079,4.915262,18.03883
230.3469,-22.42591,4.956646,18.12499,-23.83595,4.905681,18.03036,-22.71079,4.915262,18.03883
230.3802,-22.41981,4.957586,18.12426,-23.83595,4.905681,18.03036,-22.71079,4.915262,18.03883
230.4136,-22.41101,4.958221,18.12555,-23.83595,4.905681,18.03036,-22.71079,4.915262,18.03883
230.4469,-22.39678,4.950936,18.13188,-23.83595,4.905681,18.03036,-22.71079,4.915262,18.03883
230.4802,-22.38941,4.953766,18.13226,-23.83595,4.905681,18.03036,-22.71079,4.915262,18.03883
230.5135,-22.38473,4.955637,18.13317,-23.83595,4.905681,18.03036,-22.71079,4.915262,18.03883
230.5469,-22.38038,4.95762,18.13244,-23.83595,4.905681,18.03036,-22.71079,4.915262,18.03883
230.5802,-22.37716,4.958857,18.13359,-23.83595,4.905681,18.03036,-22.71079,4.915262,18.03883
230.6136,-22.37499,4.960195,18.13358,-23.83595,4.905681,18.03036,-22.71079,4.915262,18.03883
230.6469,-22.37243,4.962309,18.13216,-23.83595,4.905681,18.03036,-22.71079,4.915262,18.03883
230.6802,-22.3725,4.964347,18.13425,-23.83595,4.905681,18.03036,-22.71079,4.915262,18.03883
230.7135,-22.37563,4.965521,18.14125,-23.83595,4.905681,18.03036,-22.71079,4.915262,18.03883
230.7469,-22.38066,4.965247,18.14986,-23.83595,4.905681,18.03036,-22.71079,4.915262,18.03883
230.7802,-22.38347,4.968849,18.16197,-23.83595,4.905681,18.03036,-22.71079,4.915262,18.03883
230.8136,-22.38273,4.973556,18.17686,-23.83595,4.905681,18.03036,-22.71079,4.915262,18.03883
230.8469,-22.38207,4.976606,18.19246,-23.83595,4.905681,18.03036,-22.71079,4.915262,18.03883
230.8802,-22.37836,4.978369,18.20482,-23.83595,4.905681,18.03036,-22.71079,4.915262,18.03883
230.9136,-22.37439,4.979743,18.2145,-23.83595,4.905681,18.03036,-22.71079,4.915262,18.03883
230.9469,-22.37064,4.981042,18.22075,-23.83595,4.905681,18.03036,-22.71079,4.915262,18.03883
230.9802,-22.36733,4.981019,18.22054,-23.83595,4.905681,18.03036,-22.71079,4.915262,18.03883
231.0135,-22.36361,4.981728,18.21896,-23.83595,4.905681,18.03036,-22.71079,4.915262,18.03883
231.0469,-22.36426,4.981018,18.21868,-23.83595,4.905681,18.03036,-22.71079,4.915262,18.03883
231.0802,-22.36131,4.981727,18.21756,-23.83595,4.905681,18.03036,-22.71079,4.915262,18.03883
231.1136,-22.36001,4.98073,18.21294,-23.83595,4.905681,18.03036,-22.71079,4.915262,18.03883
231.1469,-22.35861,4.980418,18.21073,-23.83595,4.905681,18.03036,-22.71079,4.915262,18.03883
231.1802,-22.35774,4.980078,18.21063,-23.83595,4.905681,18.03036,-22.71079,4.915262,18.03883
231.2135,-22.35904,4.979031,18.21119,-23.83595,4.905681,18.03036,-22.71079,4.915262,18.03883
231.2469,-22.36029,4.979091,18.20836,-23.83595,4.905681,18.03036,-22.71079,4.915262,18.03883
231.2802,-22.36171,4.978386,18.20855,-23.83595,4.905681,18.03036,-22.71079,4.915262,18.03883
231.3136,-22.36537,4.97612,18.20918,-23.83595,4.905681,18.03036,-22.71079,4.915262,18.03883
231.3469,-22.37015,4.972829,18.20908,-23.83595,4.905681,18.03036,-22.71079,4.915262,18.03883
231.3802,-22.37841,4.968719,18.20745,-23.83595,4.905681,18.03036,-22.71079,4.915262,18.03883
231.4136,-22.38912,4.965239,18.21236,-23.83595,4.905681,18.03036,-22.71079,4.915262,18.03883
231.4469,-22.39825,4.963231,18.21402,-23.83595,4.905681,18.03036,-22.71079,4.915262,18.03883
231.4802,-22.41006,4.960639,18.21298,-23.83595,4.905681,18.03036,-22.71079,4.915262,18.03883
231.5135,-22.41835,4.958003,18.21344,-23.83595,4.905681,18.03036,-22.71079,4.915262,18.03883
231.5469,-22.42445,4.956051,18.21325,-23.83595,4.905681,18.03036,-22.71079,4.915262,18.03883
231.5802,-22.42902,4.954121,18.21219,-23.83595,4.905681,18.03036,-22.71079,4.915262,18.03883
231.6136,-22.433,4.953841,18.21118,-23.83595,4.905681,18.03036,-22.71079,4.915262,18.03883
231.6469,-22.4377,4.955566,18.20524,-23.83595,4.905681,18.03036,-22.71079,4.915262,18.03883
231.6802,-22.44456,4.956098,18.19953,-23.83595,4.905681,18.03036,-22.71079,4.915262,18.03883
231.7135,-22.44809,4.955861,18.19667,-23.83595,4.905681,18.03036,-22.71079,4.915262,18.03883
231.7469,-22.45071,4.955992,18.1901,-23.83595,4.905681,18.03036,-22.71079,4.915262,18.03883
231.7802,-22.4556,4.955574,18.179,-23.83595,4.905681,18.03036,-22.71079,4.915262,18.03883
231.8136,-22.45878,4.955503,18.16915,-23.83595,4.905681,18.03036,-22.71079,4.915262,18.03883
231.8469,-22.46042,4.955851,18.15927,-23.83595,4.905681,18.03036,-22.71079,4.915262,18.03883
231.8802,-22.46388,4.955945,18.14799,-23.83595,4.905681,18.03036,-22.71079,4.915262,18.03883
231.9136,-22.46501,4.956189,18.14143,-23.83595,4.905681,18.03036,-22.71079,4.915262,18.03883
231.9469,-22.46434,4.956518,18.13627,-23.83595,4.905681,18.03036,-22.71079,4.915262,18.03883
231.9802,-22.46462,4.95653,18.13462,-23.83595,4.905681,18.03036,-22.71079,4.915262,18.03883
232.0135,-22.46066,4.957084,18.13195,-23.83595,4.905681,18.03036,-22.71079,4.915262,18.03883
232.0469,-22.44948,4.95456,18.13023,-23.83595,4.905681,18.03036,-22.71079,4.915262,18.03883
232.0802,-22.44354,4.958282,18.12898,-23.83595,4.905681,18.03036,-22.71079,4.915262,18.03883
232.1136,-22.44046,4.959198,18.13392,-23.83595,4.905681,18.03036,-22.71079,4.915262,18.03883
232.1469,-22.43329,4.961828,18.14028,-23.83595,4.905681,18.03036,-22.71079,4.915262,18.03883
232.1802,-22.42554,4.965369,18.14951,-23.83595,4.905681,18.03036,-22.71079,4.915262,18.03883
232.2135,-22.41862,4.967642,18.1553,-23.83595,4.905681,18.03036,-22.71079,4.915262,18.03883
232.2469,-22.41148,4.96987,18.16276,-23.83595,4.905681,18.03036,-22.71079,4.915262,18.03883
232.2802,-22.40307,4.97473,18.17114,-23.83595,4.905681,18.03036,-22.71079,4.915262,18.03883
232.3136,-22.3951,4.979638,18.17365,-23.83595,4.905681,18.03036,-22.71079,4.915262,18.03883
232.3469,-22.38842,4.982718,18.17846,-23.83595,4.905681,18.03036,-22.71079,4.915262,18.03883
232.3802,-22.38514,4.984565,18.18034,-23.83595,4.905681,18.03036,-22.71079,4.915262,18.03883
232.4136,-22.38521,4.985281,18.18107,-23.83595,4.905681,18.03036,-22.71079,4.915262,18.03883
232.4469,-22.3848,4.985841,18.18511,-23.83595,4.905681,18.03036,-22.71079,4.915262,18.03883
232.4802,-22.38405,4.985983,18.18644,-23.83595,4.905681,18.03036,-22.71079,4.915262,18.03883
232.5135,-22.38406,4.984324,18.18795,-23.83595,4.905681,18.03036,-22.71079,4.915262,18.03883
232.5469,-22.38399,4.983747,18.189,-23.83595,4.905681,18.03036,-22.71079,4.915262,18.03883
232.5802,-22.38232,4.984395,18.19048,-23.83595,4.905681,18.03036,-22.71079,4.915262,18.03883
232.6136,-22.38299,4.983675,18.19019,-23.83595,4.905681,18.03036,-22.71079,4.915262,18.03883
232.6469,-22.38029,4.984467,18.18744,-23.83595,4.905681,18.03036,-22.71079,4.915262,18.03883
232.6802,-22.37339,4.987868,18.18131,-23.83595,4.905681,18.03036,-22.71079,4.915262,18.03883
232.7135,-22.36885,4.990219,18.17702,-23.83595,4.905681,18.03036,-22.71079,4.915262,18.03883
232.7469,-22.36609,4.992272,18.17562,-23.83595,4.905681,18.03036,-22.71079,4.915262,18.03883
232.7802,-22.36207,4.994575,18.17345,-23.83595,4.905681,18.03036,-22.71079,4.915262,18.03883
232.8136,-22.3614,4.995317,18.17375,-23.83595,4.905681,18.03036,-22.71079,4.915262,18.03883
232.8469,-22.36022,4.99615,18.17193,-23.83595,4.905681,18.03036,-22.71079,4.915262,18.03883
232.8802,-22.3598,4.996986,18.17058,-23.83595,4.905681,18.03036,-22.71079,4.915262,18.03883
232.9136,-22.35988,4.997735,18.17135,-23.83595,4.905681,18.03036,-22.71079,4.915262,18.03883
232.9469,-22.36378,4.997079,18.17127,-23.83595,4.905681,18.03036,-22.71079,4.915262,18.03883
232.9802,-22.36735,4.996175,18.1703,-23.83595,4.905681,18.03036,-22.71079,4.915262,18.03883
233.0135,-22.36976,4.995677,18.1711,-23.83595,4.905681,18.03036,-22.71079,4.915262,18.03883
233.0469,-22.37207,4.99484,18.17227,-23.83595,4.905681,18.03036,-22.71079,4.915262,18.03883
233.0802,-22.37497,4.994498,18.1745,-23.83595,4.905681,18.03036,-22.71079,4.915262,18.03883
233.1136,-22.37746,4.992756,18.17393,-23.83595,4.905681,18.03036,-22.71079,4.915262,18.03883
233.1469,-22.38223,4.985619,18.17766,-23.83595,4.905681,18.03036,-22.71079,4.915262,18.03883
233.1802,-22.3873,4.9812,18.18143,-23.83595,4.905681,18.03036,-22.71079,4.915262,18.03883
233.2135,-22.38995,4.979051,18.18249,-23.83595,4.905681,18.03036,-22.71079,4.915262,18.03883
233.2469,-22.39248,4.977155,18.18483,-23.83595,4.905681,18.03036,-22.71079,4.915262,18.03883
233.2802,-22.39637,4.973608,18.18681,-23.83595,4.905681,18.03036,-22.71079,4.915262,18.03883
233.3136,-22.39761,4.9722,18.18771,-23.83595,4.905681,18.03036,-22.71079,4.915262,18.03883
233.3469,-22.39984,4.969296,18.19118,-23.83595,4.905681,18.03036,-22.71079,4.915262,18.03883
233.3802,-22.40064,4.967112,18.19448,-23.83595,4.905681,18.03036,-22.71079,4.915262,18.03883
233.4136,-22.40237,4.966225,18.1984,-23.83595,4.905681,18.03036,-22.71079,4.915262,18.03883
233.4469,-22.40382,4.965643,18.20035,-23.83595,4.905681,18.03036,-22.71079,4.915262,18.03883
233.4802,-22.40678,4.964932,18.20141,-23.83595,4.905681,18.03036,-22.71079,4.915262,18.03883
233.5135,-22.4105,4.964223,18.20292,-23.83595,4.905681,18.03036,-22.71079,4.915262,18.03883
233.5469,-22.41413,4.96281,18.20369,-23.83595,4.905681,18.03036,-22.71079,4.915262,18.03883
233.5802,-22.41756,4.962274,18.20144,-23.83595,4.905681,18.03036,-22.71079,4.915262,18.03883
233.6136,-22.42334,4.960435,18.19743,-23.83595,4.905681,18.03036,-22.71079,4.915262,18.03883
233.6469,-22.4274,4.959517,18.18951,-23.83595,4.905681,18.03036,-22.71079,4.915262,18.03883
233.6802,-22.43296,4.957955,18.18177,-23.83595,4.905681,18.03036,-22.71079,4.915262,18.03883
233.7135,-22.4339,4.957374,18.17986,-23.83595,4.905681,18.03036,-22.71079,4.915262,18.03883
233.7469,-22.43415,4.957485,18.17821,-23.83595,4.905681,18.03036,-22.71079,4.915262,18.03883
233.7802,-22.43715,4.956705,18.17751,-23.83595,4.905681,18.03036,-22.71079,4.915262,18.03883
233.8136,-22.4374,4.95682,18.17587,-23.83595,4.905681,18.03036,-22.71079,4.915262,18.03883
233.8469,-22.43885,4.956131,18.17604,-23.83595,4.905681,18.03036,-22.71079,4.915262,18.03883
233.8802,-22.43959,4.956583,18.17111,-23.83595,4.905681,18.03036,-22.71079,4.915262,18.03883
233.9136,-22.4401,4.956828,18.16782,-23.83595,4.905681,18.03036,-22.71079,4.915262,18.03883
233.9469,-22.44205,4.956892,18.16477,-23.83595,4.905681,18.03036,-22.71079,4.915262,18.03883
233.9802,-22.4423,4.957216,18.16315,-23.83595,4.905681,18.03036,-22.71079,4.915262,18.03883
234.0135,-22.44256,4.957425,18.16152,-23.83595,4.905681,18.03036,-22.71079,4.915262,18.03883
234.0469,-22.44138,4.957699,18.15963,-23.83595,4.905681,18.03036,-22.71079,4.915262,18.03883
234.0802,-22.44312,4.957574,18.15816,-23.83595,4.905681,18.03036,-22.71079,4.915262,18.03883
234.1136,-22.44464,4.957457,18.15836,-23.83595,4.905681,18.03036,-22.71079,4.915262,18.03883
234.1469,-22.44366,4.957714,18.15488,-23.83595,4.905681,18.03036,-22.71079,4.915262,18.03883
234.1802,-22.44461,4.957612,18.15192,-23.83595,4.905681,18.03036,-22.71079,4.915262,18.03883
234.2135,-22.44523,4.957668,18.1506,-23.83595,4.905681,18.03036,-22.71079,4.915262,18.03883
234.2469,-22.44592,4.957728,18.14907,-23.83595,4.905681,18.03036,-22.71079,4.915262,18.03883
234.2802,-22.44652,4.957696,18.14946,-23.83595,4.905681,18.03036,-22.71079,4.915262,18.03883
234.3136,-22.44667,4.957689,18.1495,-23.83595,4.905681,18.03036,-22.71079,4.915262,18.03883
234.3469,-22.44855,4.957143,18.14807,-23.83595,4.905681,18.03036,-22.71079,4.915262,18.03883
234.3802,-22.44818,4.95714,18.14773,-23.83595,4.905681,18.03036,-22.71079,4.915262,18.03883
234.4136,-22.44954,4.956454,18.14788,-23.83595,4.905681,18.03036,-22.71079,4.915262,18.03883
234.4469,-22.4497,4.956604,18.14621,-23.83595,4.905681,18.03036,-22.71079,4.915262,18.03883
234.4802,-22.44949,4.956754,18.14421,-23.83595,4.905681,18.03036,-22.71079,4.915262,18.03883
234.5135,-22.44936,4.956754,18.14418,-23.83595,4.905681,18.03036,-22.71079,4.915262,18.03883
234.5469,-22.45071,4.956071,18.14432,-23.83595,4.905681,18.03036,-22.71079,4.915262,18.03883
234.5802,-22.45071,4.956071,18.14432,-23.83595,4.905681,18.03036,-22.71079,4.915262,18.03883
234.6136,-22.45071,4.956071,18.14432,-23.83595,4.905681,18.03036,-22.71079,4.915262,18.03883
234.6469,-22.45106,4.956667,18.14158,-23.83595,4.905681,18.03036,-22.71079,4.915262,18.03883
234.6802,-22.45136,4.957158,18.13974,-23.83595,4.905681,18.03036,-22.71079,4.915262,18.03883
234.7135,-22.45137,4.957234,18.13969,-23.83595,4.905681,18.03036,-22.71079,4.915262,18.03883
234.7469,-22.45137,4.957281,18.13966,-23.83595,4.905681,18.03036,-22.71079,4.915262,18.03883
234.7802,-22.45137,4.957281,18.13966,-23.83595,4.905681,18.03036,-22.71079,4.915262,18.03883
234.8136,-22.45124,4.957479,18.14016,-23.83595,4.905681,18.03036,-22.71079,4.915262,18.03883
234.8469,-22.44897,4.959606,18.13919,-23.83595,4.905681,18.03036,-22.71079,4.915262,18.03883
234.8802,-22.45081,4.959422,18.13735,-23.83595,4.905681,18.03036,-22.71079,4.915262,18.03883
234.9136,-22.45228,4.958739,18.13754,-23.83595,4.905681,18.03036,-22.71079,4.915262,18.03883
234.9469,-22.45091,4.959767,18.13698,-23.83595,4.905681,18.03036,-22.71079,4.915262,18.03883
234.9802,-22.45102,4.960397,18.13595,-23.83595,4.905681,18.03036,-22.71079,4.915262,18.03883
235.0135,-22.45114,4.961028,18.13492,-23.83595,4.905681,18.03036,-22.71079,4.915262,18.03883
235.0469,-22.45153,4.961823,18.13225,-23.83595,4.905681,18.03036,-22.71079,4.915262,18.03883
235.0802,-22.45254,4.96199,18.13104,-23.83595,4.905681,18.03036,-22.71079,4.915262,18.03883
235.1136,-22.45264,4.962334,18.13066,-23.83595,4.905681,18.03036,-22.71079,4.915262,18.03883
235.1469,-22.45292,4.962502,18.12903,-23.83595,4.905681,18.03036,-22.71079,4.915262,18.03883
235.1802,-22.45276,4.962969,18.12963,-22.43227,4.915973,18.12071,-22.71079,4.915262,18.03883
235.2135,-22.45297,4.963948,18.12823,-22.43189,4.915949,18.12125,-22.71079,4.915262,18.03883
235.2469,-22.45291,4.964758,18.12846,-22.43167,4.91593,18.11962,-22.71079,4.915262,18.03883
235.2802,-22.45351,4.966253,18.12505,-22.43123,4.915901,18.11972,-22.71079,4.915262,18.03883
235.3136,-22.45345,4.967062,18.12528,-22.43117,4.915887,18.11591,-22.71079,4.915262,18.03883
235.3469,-22.45421,4.968096,18.12126,-22.43073,4.915858,18.11601,-22.71079,4.915262,18.03883
235.3802,-22.45459,4.968616,18.11925,-22.43105,4.915868,18.11166,-22.71079,4.915262,18.03883
235.4136,-22.45507,4.96948,18.11687,-22.43122,4.91587,18.10948,-22.71079,4.915262,18.03883
235.4469,-22.45584,4.970528,18.11285,-22.43132,4.915862,18.10686,-22.71079,4.915262,18.03883
235.4802,-22.45632,4.971396,18.11047,-22.43164,4.915858,18.1025,-22.71079,4.915262,18.03883
235.5135,-22.45772,4.972112,18.10726,-22.43174,4.91585,18.09987,-22.71079,4.915262,18.03883
235.5469,-22.45952,4.972755,18.10566,-22.43286,4.915905,18.09638,-22.71079,4.915262,18.03883
235.5802,-22.46154,4.973142,18.10325,-22.43451,4.916006,18.09463,-22.71079,4.915262,18.03883
235.6136,-22.46193,4.973676,18.10124,-22.43642,4.916119,18.09203,-22.71079,4.915262,18.03883
235.6469,-22.46294,4.973874,18.10003,-22.43659,4.916117,18.08984,-22.71079,4.915262,18.03883
235.6802,-22.46543,4.973386,18.09901,-22.43754,4.916173,18.08853,-22.71079,4.915262,18.03883
235.7135,-22.46615,4.973385,18.09944,-22.44042,4.91636,18.08758,-22.71079,4.915262,18.03883
235.7469,-22.46798,4.973927,18.09828,-22.44116,4.916412,18.08803,-22.71079,4.915262,18.03883
235.7802,-22.4707,4.974444,18.09585,-22.44279,4.916514,18.08672,-22.71079,4.915262,18.03883
235.8136,-22.47333,4.974625,18.09379,-22.44546,4.916677,18.0841,-22.71079,4.915262,18.03883
235.8469,-22.47534,4.975044,18.09137,-22.44816,4.9168,18.08192,-22.71079,4.915262,18.03883
235.8802,-22.47865,4.974913,18.09039,-22.45003,4.916868,18.07929,-22.71079,4.915262,18.03883
235.9136,-22.47995,4.975344,18.08755,-22.45355,4.917016,18.07831,-22.71079,4.915262,18.03883
235.9469,-22.48182,4.97623,18.08573,-22.45469,4.917049,18.07524,-22.71079,4.915262,18.03883
235.9802,-22.48431,4.975769,18.0847,-22.4562,4.917103,18.07312,-22.71079,4.915262,18.03883
236.0135,-22.485,4.976557,18.08107,-22.45904,4.917222,18.07215,-22.71079,4.915262,18.03883
236.0469,-22.4852,4.978266,18.07606,-22.4594,4.917216,18.06818,-22.71079,4.915262,18.03883
236.0802,-22.48841,4.977814,18.07544,-22.45878,4.91716,18.06252,-22.71079,4.915262,18.03883
236.1136,-22.49014,4.978152,18.07421,-22.46234,4.917311,18.06199,-22.71079,4.915262,18.03883
236.1469,-22.49145,4.978625,18.07138,-22.46405,4.917363,18.06065,-22.71079,4.915262,18.03883
236.1802,-22.49199,4.979886,18.06836,-22.46507,4.917154,18.0575,-22.71079,4.915262,18.03883
236.2135,-22.49371,4.980128,18.06756,-22.46497,4.916876,18.05398,-22.71079,4.915262,18.03883
236.2469,-22.4955,4.979693,18.06611,-22.46658,4.916862,18.05305,-22.71079,4.915262,18.03883
236.2802,-22.49651,4.979939,18.0649,-22.46865,4.916824,18.05163,-22.71079,4.915262,18.03883
236.3136,-22.49737,4.980624,18.06429,-22.46952,4.916749,18.05026,-22.71079,4.915262,18.03883
236.3469,-22.49746,4.980965,18.06392,-22.47007,4.916704,18.04943,-22.71079,4.915262,18.03883
236.3802,-22.49926,4.980536,18.06247,-22.47,4.916666,18.04896,-22.71079,4.915262,18.03883
236.4136,-22.50066,4.98138,18.05926,-22.47207,4.916628,18.04753,-22.71079,4.915262,18.03883
236.4469,-22.50366,4.981043,18.05988,-22.47303,4.916379,18.0439,-22.71079,4.915262,18.03883
236.4802,-22.50642,4.980803,18.06147,-22.47633,4.916558,18.04468,-22.71079,4.915262,18.03883
236.5135,-22.50742,4.981057,18.06026,-22.47937,4.916804,18.04645,-22.71079,4.915262,18.03883
236.5469,-22.50883,4.981057,18.06108,-22.48024,4.916728,18.04508,-22.71079,4.915262,18.03883
236.5802,-22.50963,4.981398,18.0611,-22.48169,4.916848,18.04595,-22.71079,4.915262,18.03883
236.6136,-22.51122,4.981063,18.0609,-22.48235,4.916869,18.04591,-22.71079,4.915262,18.03883
236.6469,-22.51202,4.981403,18.06093,-22.48417,4.916857,18.0458,-22.71079,4.915262,18.03883
236.6802,-22.51321,4.982337,18.05896,-22.48481,4.916843,18.04576,-22.71079,4.915262,18.03883
236.7135,-22.51486,4.983367,18.05837,-22.48554,4.916658,18.04344,-22.71079,4.915262,18.03883
236.7469,-22.51614,4.984643,18.05602,-22.48671,4.916571,18.04255,-22.71079,4.915262,18.03883
236.7802,-22.52047,4.986808,18.0496,-22.48736,4.916351,18.03975,-22.71079,4.915262,18.03883
236.8136,-22.52177,4.987345,18.04676,-22.49066,4.915742,18.03234,-22.71079,4.915262,18.03883
236.8469,-22.52277,4.987618,18.04555,-22.49164,4.915485,18.02912,-22.71079,4.915262,18.03883
236.8802,-22.52625,4.988234,18.04376,-22.49248,4.915366,18.02771,-22.71079,4.915262,18.03883
236.9136,-22.52774,4.989461,18.04016,-22.49573,4.915158,18.02567,-22.71079,4.915262,18.03883
236.9469,-22.53124,4.98935,18.0379,-22.49658,4.914831,18.02148,-22.71079,4.915262,18.03883
236.9802,-22.53321,4.990645,18.03593,-22.50017,4.914649,18.01903,-22.71079,4.915262,18.03883
237.0135,-22.5358,4.990597,18.0345,-22.50169,4.91487,18.01671,-22.71079,4.915262,18.03883
237.0469,-22.53689,4.99122,18.0329,-22.50448,4.915006,18.01525,-22.71079,4.915262,18.03883
237.0802,-22.53949,4.991179,18.03146,-22.50539,4.915178,18.01344,-22.71079,4.915262,18.03883
237.1136,-22.54278,4.991141,18.03042,-22.50817,4.915315,18.01197,-22.71079,4.915262,18.03883
237.1469,-22.54538,4.991106,18.02898,-22.51163,4.915411,18.0109,-22.71079,4.915262,18.03883
237.1802,-22.54764,4.992703,18.02539,-22.51442,4.915548,18.00943,-22.71079,4.915262,18.03883
237.2135,-22.55032,4.993011,18.02356,-22.51619,4.91594,18.00533,-22.71079,4.915262,18.03883
237.2469,-22.55332,4.993622,18.02012,-22.51895,4.916121,18.0034,-22.71079,4.915262,18.03883
237.2802,-22.5564,4.994576,18.0163,-22.52197,4.916472,17.9997,-22.71079,4.915262,18.03883
237.3136,-22.55817,4.995217,18.01509,-22.52511,4.917242,17.99565,-22.71079,4.915262,18.03883
237.3469,-22.56145,4.995203,18.01402,-22.52681,4.917717,17.9943,-22.71079,4.915262,18.03883
237.3802,-22.56419,4.99781,18.00804,-22.53055,4.918553,17.9934,-22.71079,4.915262,18.03883
237.4136,-22.56718,4.998456,18.0046,-22.5327,4.919665,17.98671,-22.71079,4.915262,18.03883
237.4469,-22.56885,4.998777,18.00376,-22.53597,4.920677,17.98318,-22.71079,4.915262,18.03883
237.4802,-22.57154,4.999112,18.00192,-22.53768,4.921109,17.98228,-22.71079,4.915262,18.03883
237.5135,-22.57292,5.000094,17.9987,-22.54066,4.921886,17.98049,-22.71079,4.915262,18.03883
237.5469,-22.57383,5.000019,17.9981,-22.54191,4.922496,17.97695,-22.71079,4.915262,18.03883
237.5802,-22.57643,5.000028,17.99664,-22.54295,4.922758,17.97642,-22.71079,4.915262,18.03883
237.6136,-22.57799,5.001686,17.99265,-22.54596,4.923491,17.97509,-22.71079,4.915262,18.03883
237.6469,-22.58377,5.00139,17.9905,-22.54715,4.924184,17.97062,-22.71079,4.915262,18.03883
237.6802,-22.58609,5.003393,17.9865,-22.55387,4.925705,17.96885,-22.71079,4.915262,18.03883
237.7135,-22.58908,5.004093,17.98305,-22.55574,4.926539,17.96431,-22.71079,4.915262,18.03883
237.7469,-22.5919,5.004141,17.98038,-22.55902,4.927633,17.96079,-22.71079,4.915262,18.03883
237.7802,-22.59261,5.005172,17.97678,-22.56239,4.92877,17.95825,-22.71079,4.915262,18.03883
237.8136,-22.59385,5.006516,17.97439,-22.56304,4.929587,17.95437,-22.71079,4.915262,18.03883
237.8469,-22.59677,5.006915,17.97133,-22.56405,4.930312,17.9517,-22.71079,4.915262,18.03883
237.8802,-22.59775,5.007177,17.97032,-22.56751,4.931788,17.94878,-22.71079,4.915262,18.03883
237.9136,-22.59815,5.007865,17.96834,-22.56856,4.93225,17.94781,-22.71079,4.915262,18.03883
237.9469,-22.59846,5.008225,17.96674,-22.56888,4.932693,17.94564,-22.71079,4.915262,18.03883
237.9802,-22.60008,5.007913,17.96651,-22.56921,4.933066,17.94394,-22.71079,4.915262,18.03883
238.0135,-22.60039,5.008278,17.9649,-22.57129,4.933659,17.944,-22.71079,4.915262,18.03883
238.0469,-22.60233,5.008333,17.96308,-22.57162,4.934031,17.94229,-22.71079,4.915262,18.03883
238.0802,-22.60331,5.0087,17.96185,-22.57403,4.934994,17.94065,-22.71079,4.915262,18.03883
238.1136,-22.60712,5.007755,17.96214,-22.57506,4.935502,17.93937,-22.71079,4.915262,18.03883
238.1469,-22.60761,5.008781,17.95977,-22.57993,4.93677,17.9404,-22.71079,4.915262,18.03883
238.1802,-22.60989,5.008475,17.9599,-22.58024,4.937271,17.93776,-22.71079,4.915262,18.03883
238.2135,-22.61087,5.008846,17.95867,-22.58302,4.938028,17.93825,-22.71079,4.915262,18.03883
238.2469,-22.61153,5.008846,17.95904,-22.58406,4.938536,17.93698,-22.71079,4.915262,18.03883
238.2802,-22.6126,5.009547,17.95741,-22.58476,4.938683,17.9374,-22.71079,4.915262,18.03883
238.3136,-22.614,5.009875,17.95775,-22.58578,4.93926,17.93565,-22.71079,4.915262,18.03883
238.3469,-22.61678,5.0106,17.95551,-22.58718,4.939621,17.93602,-22.71079,4.915262,18.03883
238.3802,-22.61679,5.012969,17.95136,-22.59027,4.940878,17.93386,-22.71079,4.915262,18.03883
238.4136,-22.61907,5.012663,17.95148,-22.58949,4.941412,17.92892,-22.71079,4.915262,18.03883
238.4469,-22.61979,5.013752,17.9479,-22.59227,4.942169,17.92941,-22.71079,4.915262,18.03883
238.4802,-22.62045,5.013752,17.94826,-22.59289,4.942957,17.92554,-22.71079,4.915262,18.03883
238.5135,-22.62085,5.014463,17.94628,-22.5936,4.943103,17.92595,-22.71079,4.915262,18.03883
238.5469,-22.62151,5.014463,17.94664,-22.5939,4.943532,17.92377,-22.71079,4.915262,18.03883
238.5802,-22.62256,5.015175,17.94502,-22.59461,4.943679,17.92419,-22.71079,4.915262,18.03883
238.6136,-22.62339,5.015827,17.9446,-22.59561,4.944253,17.92243,-22.71079,4.915262,18.03883
238.6469,-22.62339,5.015827,17.9446,-22.59629,4.944538,17.92191,-22.71079,4.915262,18.03883
238.6802,-22.62371,5.016215,17.943,-22.59629,4.944538,17.92191,-22.71079,4.915262,18.03883
238.7135,-22.62384,5.01583,17.9424,-22.59661,4.944897,17.9202,-22.71079,4.915262,18.03883
238.7469,-22.62384,5.01583,17.9424,-22.59695,4.945072,17.91974,-22.71079,4.915262,18.03883
238.7802,-22.62384,5.01583,17.9424,-22.59695,4.945072,17.91974,-22.71079,4.915262,18.03883
238.8136,-22.6245,5.01583,17.94276,-22.59695,4.945072,17.91975,-22.71079,4.915262,18.03883
238.8469,-22.62449,5.01583,17.94276,-22.59766,4.945218,17.92016,-22.71079,4.915262,18.03883
238.8802,-22.6249,5.016546,17.94077,-22.59766,4.945218,17.92016,-22.71079,4.915262,18.03883
238.9136,-22.62717,5.016242,17.94089,-22.59796,4.945646,17.91798,-22.71079,4.915262,18.03883
238.9469,-22.62655,5.017847,17.93993,-22.60074,4.946402,17.91848,-22.71079,4.915262,18.03883
238.9802,-22.62905,5.017611,17.93884,-22.59931,4.946216,17.91692,-22.71079,4.915262,18.03883
239.0135,-22.62971,5.017611,17.9392,-22.60238,4.947161,17.91615,-22.71079,4.915262,18.03883
239.0469,-22.62971,5.01761,17.9392,-22.60301,4.947136,17.91651,-22.71079,4.915262,18.03883
239.0802,-22.63221,5.017375,17.93811,-22.60301,4.947136,17.91651,-22.71079,4.915262,18.03883
239.1136,-22.63253,5.017771,17.93652,-22.60581,4.947398,17.91551,-22.71079,4.915262,18.03883
239.1469,-22.63269,5.019124,17.93511,-22.61322,4.966599,17.91992,-22.71079,4.915262,18.03883
239.1802,-22.63593,5.019219,17.93398,-22.61326,4.967829,17.91839,-22.71079,4.915262,18.03883
239.2135,-22.63667,5.019544,17.93394,-22.61703,4.969142,17.91762,-22.71079,4.915262,18.03883
239.2469,-22.63828,5.019946,17.93306,-22.61762,4.969092,17.91746,-22.71079,4.915262,18.03883
239.2802,-22.63925,5.02035,17.93183,-22.6189,4.968631,17.91624,-22.71079,4.915262,18.03883
239.3136,-22.6399,5.02035,17.93218,-22.61932,4.967597,17.91446,-22.71079,4.915262,18.03883
239.3469,-22.6399,5.02035,17.93218,-22.61984,4.967274,17.91472,-22.71079,4.915262,18.03883
239.3802,-22.64141,5.020537,17.92879,-22.61984,4.967274,17.91472,-22.71079,4.915262,18.03883
239.4136,-22.64201,5.021347,17.92647,-22.61605,4.953052,17.9064,-22.71079,4.915262,18.03883
239.4469,-22.64106,5.02361,17.92047,-22.61463,4.948145,17.9021,-22.71079,4.915262,18.03883
239.4802,-22.64082,5.029342,17.9105,-22.61463,4.948145,17.9021,-22.71079,4.915262,18.03883
239.5135,-22.64076,5.032324,17.90325,-22.61463,4.948145,17.9021,-22.71079,4.915262,18.03883
239.5469,-22.64135,5.034624,17.89967,-22.61463,4.948145,17.9021,-22.71079,4.915262,18.03883
239.5802,-22.64174,5.036131,17.89708,-22.61463,4.948145,17.9021,-22.71079,4.915262,18.03883
239.6136,-22.64292,5.036528,17.89486,-22.61463,4.948145,17.9021,-22.71079,4.915262,18.03883
239.6469,-22.64483,5.036528,17.89591,-22.61463,4.948145,17.9021,-22.71079,4.915262,18.03883
239.6802,-22.64491,5.036849,17.89552,-22.61463,4.948145,17.9021,-22.71079,4.915262,18.03883
239.7135,-22.64587,5.037292,17.8943,-22.61463,4.948145,17.9021,-22.71079,4.915262,18.03883
239.7469,-22.64682,5.036849,17.89657,-22.61463,4.948145,17.9021,-22.71079,4.915262,18.03883
239.7802,-22.64995,5.035776,17.89934,-22.61463,4.948145,17.9021,-22.71079,4.915262,18.03883
239.8136,-22.64904,5.036408,17.89955,-22.61463,4.948145,17.9021,-22.71079,4.915262,18.03883
239.8469,-22.65022,5.036027,17.90147,-22.61463,4.948145,17.9021,-22.71079,4.915262,18.03883
239.8802,-22.65152,5.035283,17.90279,-22.61463,4.948145,17.9021,-22.71079,4.915262,18.03883
239.9136,-22.65088,5.034415,17.90596,-22.61463,4.948145,17.9021,-22.71079,4.915262,18.03883
239.9469,-22.6521,5.033356,17.90767,-22.61463,4.948145,17.9021,-22.71079,4.915262,18.03883
239.9802,-22.65237,5.031873,17.91063,-22.61463,4.948145,17.9021,-22.71079,4.915262,18.03883
240.0135,-22.65328,5.0304,17.91394,-22.61463,4.948145,17.9021,-22.71079,4.915262,18.03883
240.0469,-22.65459,5.029677,17.91527,-22.61463,4.948145,17.9021,-22.71079,4.915262,18.03883
240.0802,-22.65527,5.030695,17.91543,-22.61463,4.948145,17.9021,-22.71079,4.915262,18.03883
240.1136,-22.65591,5.030694,17.91578,-22.61463,4.948145,17.9021,-22.71079,4.915262,18.03883
240.1469,-22.65729,5.031016,17.91607,-22.61463,4.948145,17.9021,-22.71079,4.915262,18.03883
240.1802,-22.65916,5.029977,17.91814,-22.61463,4.948145,17.9021,-22.71079,4.915262,18.03883
240.2135,-22.65962,5.029185,17.91947,-22.61463,4.948145,17.9021,-22.71079,4.915262,18.03883
240.2469,-22.66082,5.030565,17.91704,-22.61463,4.948145,17.9021,-22.71079,4.915262,18.03883
240.2802,-22.66222,5.030169,17.91797,-22.61463,4.948145,17.9021,-22.71079,4.915262,18.03883
240.3136,-22.66359,5.030489,17.91826,-22.61463,4.948145,17.9021,-22.71079,4.915262,18.03883
240.3469,-22.6644,5.031128,17.91781,-22.61463,4.948145,17.9021,-22.71079,4.915262,18.03883
240.3802,-22.66788,5.030512,17.91898,-22.61463,4.948145,17.9021,-22.71079,4.915262,18.03883
240.4136,-22.66895,5.030416,17.92085,-22.61463,4.948145,17.9021,-22.71079,4.915262,18.03883
240.4469,-22.67239,5.030636,17.91849,-22.61463,4.948145,17.9021,-22.71079,4.915262,18.03883
240.4802,-22.67574,5.030244,17.92044,-22.61463,4.948145,17.9021,-22.71079,4.915262,18.03883
240.5135,-22.68017,5.030051,17.92033,-22.61463,4.948145,17.9021,-22.71079,4.915262,18.03883
240.5469,-22.68206,5.029025,17.92239,-22.61463,4.948145,17.9021,-22.71079,4.915262,18.03883
240.5802,-22.68248,5.029068,17.92019,-22.61463,4.948145,17.9021,-22.71079,4.915262,18.03883
240.6136,-22.68515,5.027668,17.92197,-22.61463,4.948145,17.9021,-22.71079,4.915262,18.03883
240.6469,-22.68746,5.026689,17.92183,-22.61463,4.948145,17.9021,-22.71079,4.915262,18.03883
240.6802,-22.68905,5.027109,17.92091,-22.61463,4.948145,17.9021,-22.71079,4.915262,18.03883
240.7135,-22.69096,5.026087,17.92296,-22.61463,4.948145,17.9021,-22.71079,4.915262,18.03883
240.7469,-22.6928,5.025905,17.9215,-22.61463,4.948145,17.9021,-22.71079,4.915262,18.03883
240.7802,-22.69567,5.026469,17.91838,-22.61463,4.948145,17.9021,-22.71079,4.915262,18.03883
240.8136,-22.6964,5.02881,17.91444,-22.61463,4.948145,17.9021,-22.71079,4.915262,18.03883
240.8469,-22.69673,5.030423,17.90896,-22.61463,4.948145,17.9021,-22.71079,4.915262,18.03883
240.8802,-22.69703,5.030859,17.90738,-22.61463,4.948145,17.9021,-22.71079,4.915262,18.03883
240.9136,-22.69888,5.030698,17.90593,-22.61463,4.948145,17.9021,-22.71079,4.915262,18.03883
240.9469,-22.69888,5.030698,17.90593,-22.61463,4.948145,17.9021,-22.71079,4.915262,18.03883
240.9802,-22.69918,5.031137,17.90434,-22.66659,4.939734,17.87458,-22.71079,4.915262,18.03883
241.0135,-22.69922,5.030452,17.90413,-22.66669,4.939583,17.87266,-22.71079,4.915262,18.03883
241.0469,-22.69956,5.030012,17.90604,-22.66695,4.939498,17.87262,-22.71079,4.915262,18.03883
241.0802,-22.69896,5.029139,17.90921,-22.66741,4.939483,17.87482,-22.71079,4.915262,18.03883
241.1136,-22.70037,5.02877,17.90926,-22.66721,4.939784,17.87865,-22.71079,4.915262,18.03883
241.1469,-22.70041,5.027902,17.91276,-22.66857,4.939347,17.87867,-22.71079,4.915262,18.03883
241.1802,-22.70296,5.026876,17.91513,-22.66893,4.93948,17.88278,-22.71079,4.915262,18.03883
241.2135,-22.70497,5.027195,17.91571,-22.67156,4.938399,17.88531,-22.71079,4.915262,18.03883
241.2469,-22.70561,5.027196,17.91604,-22.67316,4.937681,17.88559,-22.71079,4.915262,18.03883
241.2802,-22.7077,5.027833,17.91622,-22.67371,4.937435,17.88585,-22.71079,4.915262,18.03883
241.3136,-22.70857,5.028787,17.91534,-22.67528,4.936741,17.88562,-22.71079,4.915262,18.03883
241.3469,-22.7095,5.029218,17.91408,-22.67574,4.936568,17.88438,-22.71079,4.915262,18.03883
241.3802,-22.71199,5.029056,17.91294,-22.67642,4.936304,17.88276,-22.71079,4.915262,18.03883
241.4136,-22.713,5.029808,17.91128,-22.67875,4.935307,17.88124,-22.71079,4.915262,18.03883
241.4469,-22.71402,5.031395,17.9096,-22.67941,4.935068,17.87912,-22.71079,4.915262,18.03883
241.4802,-22.71752,5.033196,17.90291,-22.67981,4.934945,17.87687,-22.71079,4.915262,18.03883
241.5135,-22.72038,5.033813,17.89978,-22.6825,4.933947,17.86868,-22.71079,4.915262,18.03883
241.5469,-22.72074,5.034578,17.8978,-22.68495,4.932958,17.86475,-22.71079,4.915262,18.03883
241.5802,-22.7236,5.035208,17.89468,-22.68506,4.932965,17.86235,-22.71079,4.915262,18.03883
241.6136,-22.72515,5.034622,17.8948,-22.68753,4.93204,17.85842,-22.71079,4.915262,18.03883
241.6469,-22.7273,5.034947,17.89176,-22.6892,4.931309,17.85852,-22.71079,4.915262,18.03883
241.6802,-22.72675,5.036304,17.88998,-22.69117,4.930632,17.85485,-22.71079,4.915262,18.03883
241.7135,-22.72738,5.036305,17.8903,-22.69018,4.931181,17.85261,-22.71079,4.915262,18.03883
241.7469,-22.72923,5.03618,17.88884,-22.69071,4.930937,17.85286,-22.71079,4.915262,18.03883
241.7802,-22.73179,5.036376,17.8873,-22.69253,4.930233,17.85107,-22.71079,4.915262,18.03883
241.8136,-22.73272,5.036839,17.88604,-22.69486,4.929316,17.84901,-22.71079,4.915262,18.03883
241.8469,-22.73272,5.036838,17.88604,-22.69555,4.9291,17.84736,-22.71079,4.915262,18.03883
241.8802,-22.73435,5.03762,17.88469,-22.69555,4.9291,17.84736,-22.71079,4.915262,18.03883
241.9136,-22.73754,5.037822,17.88346,-22.69675,4.928675,17.84545,-22.71079,4.915262,18.03883
241.9469,-22.73851,5.038412,17.88196,-22.69961,4.927516,17.84363,-22.71079,4.915262,18.03883
241.9802,-22.74028,5.039825,17.8798,-22.70029,4.927311,17.84181,-22.71079,4.915262,18.03883
242.0135,-22.7418,5.040884,17.87897,-22.70144,4.92696,17.83888,-22.71079,4.915262,18.03883
242.0469,-22.74345,5.043704,17.87371,-22.70242,4.92659,17.83768,-22.71079,4.915262,18.03883
242.0802,-22.7455,5.04559,17.86997,-22.70312,4.926622,17.83108,-22.71079,4.915262,18.03883
242.1136,-22.74816,5.04545,17.8678,-22.7044,4.926308,17.82621,-22.71079,4.915262,18.03883
242.1469,-22.7497,5.045059,17.8668,-22.70695,4.925329,17.82355,-22.71079,4.915262,18.03883
242.1802,-22.7516,5.045462,17.86381,-22.7084,4.924755,17.82241,-22.71079,4.915262,18.03883
242.2135,-22.75397,5.044846,17.86321,-22.70997,4.924251,17.81883,-22.71079,4.915262,18.03883
242.2469,-22.75376,5.044199,17.86306,-22.71238,4.92324,17.81809,-22.71079,4.915262,18.03883
242.2802,-22.75686,5.043232,17.86215,-22.71219,4.923313,17.81821,-22.71079,4.915262,18.03883
242.3136,-22.75938,5.042175,17.86443,-22.71738,4.92802,17.81937,-22.71079,4.915262,18.03883
242.3469,-22.76107,5.041341,17.86631,-22.72031,4.927764,17.82219,-22.71079,4.915262,18.03883
242.3802,-22.76309,5.039937,17.86767,-22.722,4.927109,17.8243,-22.71079,4.915262,18.03883
242.4136,-22.76282,5.039455,17.86925,-22.72474,4.927382,17.82644,-22.71079,4.915262,18.03883
242.4469,-22.76501,5.038887,17.86965,-22.72394,4.925384,17.82763,-22.71079,4.915262,18.03883
242.4802,-22.76581,5.037578,17.87279,-22.727,4.926928,17.82885,-22.71079,4.915262,18.03883
242.5135,-22.76757,5.035707,17.87573,-22.72684,4.922937,17.83134,-22.71079,4.915262,18.03883
242.5469,-22.7673,5.035234,17.87731,-22.72763,4.917811,17.83345,-22.71079,4.915262,18.03883
242.5802,-22.76886,5.034669,17.87741,-22.72746,4.917681,17.83533,-22.71079,4.915262,18.03883
242.6136,-22.77016,5.033634,17.87909,-22.72936,4.917578,17.83562,-22.71079,4.915262,18.03883
242.6469,-22.76859,5.034198,17.87899,-22.73109,4.917344,17.8378,-22.71079,4.915262,18.03883
242.6802,-22.77016,5.033634,17.87909,-22.7292,4.917447,17.8375,-22.71079,4.915262,18.03883
242.7135,-22.77079,5.033634,17.87939,-22.73109,4.917344,17.8378,-22.71079,4.915262,18.03883
242.7469,-22.77232,5.034104,17.87841,-22.73169,4.917282,17.83809,-22.71079,4.915262,18.03883
242.7802,-22.77232,5.034104,17.87841,-22.73519,4.923694,17.83908,-22.71079,4.915262,18.03883
242.8136,-22.77305,5.033751,17.8781,-22.73519,4.923694,17.83908,-22.71079,4.915262,18.03883
242.8469,-22.77498,5.032718,17.88007,-22.73635,4.924644,17.8392,-22.71079,4.915262,18.03883
242.8802,-22.77552,5.033663,17.87691,-22.73862,4.924213,17.84159,-22.71079,4.915262,18.03883
242.9136,-22.77605,5.034615,17.87376,-22.73947,4.926042,17.83843,-22.71079,4.915262,18.03883
242.9469,-22.77652,5.036541,17.86716,-22.73987,4.926525,17.83479,-22.71079,4.915262,18.03883
242.9802,-22.77727,5.038994,17.85901,-22.73987,4.926525,17.83479,-22.71079,4.915262,18.03883
243.0135,-22.77721,5.039988,17.85557,-22.73987,4.926525,17.83479,-22.71079,4.915262,18.03883
243.0469,-22.77431,5.038121,17.85682,-22.73987,4.926525,17.83479,-22.71079,4.915262,18.03883
243.0802,-22.77146,5.036009,17.86144,-22.73987,4.926525,17.83479,-22.71079,4.915262,18.03883
243.1136,-22.76746,5.033675,17.86495,-22.73987,4.926525,17.83479,-22.71079,4.915262,18.03883
243.1469,-22.75988,5.028986,17.87815,-22.73987,4.926525,17.83479,-22.71079,4.915262,18.03883
243.1802,-22.75295,5.026328,17.88768,-22.73987,4.926525,17.83479,-22.71079,4.915262,18.03883
243.2135,-22.74818,5.025081,17.89397,-22.73987,4.926525,17.83479,-22.71079,4.915262,18.03883
243.2469,-22.7436,5.025039,17.89802,-22.73987,4.926525,17.83479,-22.71079,4.915262,18.03883
243.2802,-22.74212,5.02368,17.90245,-22.73987,4.926525,17.83479,-22.71079,4.915262,18.03883
243.3136,-22.73931,5.024896,17.90545,-22.73987,4.926525,17.83479,-22.71079,4.915262,18.03883
243.3469,-22.73203,5.027797,17.90891,-22.73987,4.926525,17.83479,-22.71079,4.915262,18.03883
243.3802,-22.72687,5.029329,17.90834,-22.73987,4.926525,17.83479,-22.71079,4.915262,18.03883
243.4136,-22.72252,5.030647,17.90817,-22.73987,4.926525,17.83479,-22.71079,4.915262,18.03883
243.4469,-22.71852,5.031532,17.9099,-22.73987,4.926525,17.83479,-22.71079,4.915262,18.03883
243.4802,-22.71504,5.032122,17.9088,-22.73987,4.926525,17.83479,-22.71079,4.915262,18.03883
243.5135,-22.70989,5.033675,17.9082,-22.73987,4.926525,17.83479,-22.71079,4.915262,18.03883
243.5469,-22.70605,5.033522,17.90909,-22.73987,4.926525,17.83479,-22.71079,4.915262,18.03883
243.5802,-22.7022,5.033371,17.90997,-22.73987,4.926525,17.83479,-22.71079,4.915262,18.03883
243.6136,-22.69717,5.033562,17.91245,-22.73987,4.926525,17.83479,-22.71079,4.915262,18.03883
243.6469,-22.69443,5.031619,17.91869,-22.73987,4.926525,17.83479,-22.71079,4.915262,18.03883
243.6802,-22.69067,5.031673,17.92202,-22.73987,4.926525,17.83479,-22.71079,4.915262,18.03883
243.7135,-22.68965,5.030936,17.92368,-22.73987,4.926525,17.83479,-22.71079,4.915262,18.03883
243.7469,-22.68823,5.030175,17.92668,-22.73987,4.926525,17.83479,-22.71079,4.915262,18.03883
243.7802,-22.68765,5.029349,17.92986,-22.73987,4.926525,17.83479,-22.71079,4.915262,18.03883
243.8136,-22.68725,5.029318,17.93206,-22.73987,4.926525,17.83479,-22.71079,4.915262,18.03883
243.8469,-22.6853,5.029899,17.93414,-22.73987,4.926525,17.83479,-22.71079,4.915262,18.03883
243.8802,-22.68351,5.03127,17.93523,-22.73987,4.926525,17.83479,-22.71079,4.915262,18.03883
243.9136,-22.68471,5.031797,17.93718,-22.73987,4.926525,17.83479,-22.71079,4.915262,18.03883
243.9469,-22.6837,5.032938,17.93866,-22.73987,4.926525,17.83479,-22.71079,4.915262,18.03883
243.9802,-22.68196,5.034736,17.93562,-22.73987,4.926525,17.83479,-22.71079,4.915262,18.03883
244.0135,-22.68225,5.03514,17.93402,-22.73987,4.926525,17.83479,-22.71079,4.915262,18.03883
244.0469,-22.68159,5.035139,17.93369,-22.73987,4.926525,17.83479,-22.71079,4.915262,18.03883
244.0802,-22.68034,5.036162,17.93197,-22.73987,4.926525,17.83479,-22.71079,4.915262,18.03883
244.1136,-22.68128,5.036571,17.93072,-22.73987,4.926525,17.83479,-22.71079,4.915262,18.03883
244.1469,-22.68157,5.036982,17.92912,-22.73987,4.926525,17.83479,-22.71079,4.915262,18.03883
244.1802,-22.6831,5.038224,17.92469,-22.73987,4.926525,17.83479,-22.71079,4.915262,18.03883
244.2135,-22.6834,5.038641,17.9231,-22.73987,4.926525,17.83479,-22.71079,4.915262,18.03883
244.2469,-22.68498,5.039061,17.92218,-22.73987,4.926525,17.83479,-22.71079,4.915262,18.03883
244.2802,-22.68563,5.039062,17.92252,-22.73987,4.926525,17.83479,-22.71079,4.915262,18.03883
244.3136,-22.68722,5.039484,17.9216,-22.73987,4.926525,17.83479,-22.71079,4.915262,18.03883
244.3469,-22.69129,5.039718,17.91954,-22.73987,4.926525,17.83479,-22.71079,4.915262,18.03883
244.3802,-22.69251,5.040575,17.9167,-22.65576,4.944005,17.88728,-22.71079,4.915262,18.03883
244.4136,-22.69406,5.039961,17.91682,-22.65651,4.943546,17.88373,-22.71079,4.915262,18.03883
244.4469,-22.695,5.040393,17.91557,-22.65823,4.943001,17.8839,-22.71079,4.915262,18.03883
244.4802,-22.69719,5.039781,17.91602,-22.65889,4.942688,17.88226,-22.71079,4.915262,18.03883
244.5135,-22.69938,5.039171,17.91646,-22.66118,4.941977,17.88272,-22.71079,4.915262,18.03883
244.5469,-22.70224,5.039751,17.91334,-22.66347,4.941266,17.88317,-22.71079,4.915262,18.03883
244.5802,-22.70628,5.038977,17.91232,-22.66589,4.940244,17.87925,-22.71079,4.915262,18.03883
244.6136,-22.70692,5.038978,17.91265,-22.67,4.938838,17.87794,-22.71079,4.915262,18.03883
244.6469,-22.71069,5.038814,17.91216,-22.67057,4.938673,17.87822,-22.71079,4.915262,18.03883
244.6802,-22.71162,5.039255,17.9109,-22.67409,4.937471,17.8773,-22.71079,4.915262,18.03883
244.7135,-22.71263,5.040016,17.90924,-22.67475,4.937167,17.87565,-22.71079,4.915262,18.03883
244.7469,-22.71511,5.039861,17.9081,-22.67536,4.936838,17.87348,-22.71079,4.915262,18.03883
244.7802,-22.71583,5.040178,17.90802,-22.67774,4.935977,17.87198,-22.71079,4.915262,18.03883
244.8136,-22.71831,5.040026,17.90688,-22.67825,4.935759,17.87173,-22.71079,4.915262,18.03883
244.8469,-22.72003,5.041111,17.90513,-22.68059,4.93476,17.87018,-22.71079,4.915262,18.03883
244.8802,-22.72344,5.041416,17.90273,-22.68173,4.934309,17.86777,-22.71079,4.915262,18.03883
244.9136,-22.726,5.041594,17.90118,-22.68474,4.933053,17.86456,-22.71079,4.915262,18.03883
244.9469,-22.72849,5.042509,17.89898,-22.68706,4.932094,17.8625,-22.71079,4.915262,18.03883
244.9802,-22.73253,5.041785,17.89794,-22.68894,4.931375,17.85943,-22.71079,4.915262,18.03883
245.0135,-22.73473,5.042247,17.8973,-22.69297,4.929688,17.85796,-22.71079,4.915262,18.03883
245.0469,-22.73951,5.041177,17.89597,-22.69472,4.928984,17.85679,-22.71079,4.915262,18.03883
245.0802,-22.74241,5.04091,17.89631,-22.6995,4.926985,17.855,-22.71079,4.915262,18.03883
245.1136,-22.74397,5.041376,17.89535,-22.70222,4.925794,17.85507,-22.71079,4.915262,18.03883
245.1469,-22.7468,5.040793,17.89608,-22.70344,4.925336,17.85364,-22.71079,4.915262,18.03883
245.1802,-22.74836,5.041261,17.89512,-22.70618,4.924108,17.8542,-22.71079,4.915262,18.03883
245.2135,-22.75119,5.040679,17.89584,-22.7074,4.923651,17.85277,-22.71079,4.915262,18.03883
245.2469,-22.75211,5.04115,17.89457,-22.71015,4.922422,17.85333,-22.71079,4.915262,18.03883
245.2802,-22.75367,5.04057,17.89468,-22.71082,4.922213,17.85165,-22.71079,4.915262,18.03883
245.3136,-22.7529,5.040333,17.89128,-22.71251,4.921472,17.85173,-22.71079,4.915262,18.03883
245.3469,-22.75342,5.041188,17.88574,-22.71201,4.921869,17.84824,-22.71079,4.915262,18.03883
245.3802,-22.75273,5.042152,17.88198,-22.71201,4.921869,17.84824,-22.71079,4.915262,18.03883
245.4136,-22.75196,5.043001,17.87752,-22.71201,4.921869,17.84824,-22.71079,4.915262,18.03883
245.4469,-22.75773,5.039539,17.882,-22.71201,4.921869,17.84824,-22.71079,4.915262,18.03883
245.4802,-22.76447,5.036275,17.88885,-22.71201,4.921869,17.84824,-22.71079,4.915262,18.03883
245.5135,-22.77194,5.031319,17.89684,-22.71201,4.921869,17.84824,-22.71079,4.915262,18.03883
245.5469,-22.78262,5.022762,17.90495,-22.71201,4.921869,17.84824,-22.71079,4.915262,18.03883
245.5802,-22.79251,5.011424,17.9195,-22.71201,4.921869,17.84824,-22.71079,4.915262,18.03883
245.6136,-22.79827,5.004107,17.93195,-22.71201,4.921869,17.84824,-22.71079,4.915262,18.03883
245.6469,-22.80145,4.998138,17.94081,-22.71201,4.921869,17.84824,-22.71079,4.915262,18.03883
245.6802,-22.80455,4.993414,17.95034,-22.71201,4.921869,17.84824,-22.71079,4.915262,18.03883
245.7135,-22.80694,4.988256,17.96017,-22.71201,4.921869,17.84824,-22.71079,4.915262,18.03883
245.7469,-22.80771,4.983474,17.97013,-22.71201,4.921869,17.84824,-22.71079,4.915262,18.03883
245.7802,-22.80424,4.978372,17.98238,-22.71201,4.921869,17.84824,-22.71079,4.915262,18.03883
245.8136,-22.8043,4.974816,17.9929,-22.71201,4.921869,17.84824,-22.71079,4.915262,18.03883
245.8469,-22.80359,4.972616,17.99788,-22.71201,4.921869,17.84824,-22.71079,4.915262,18.03883
245.8802,-22.80079,4.968997,18.01228,-22.71201,4.921869,17.84824,-22.71079,4.915262,18.03883
245.9136,-22.80027,4.968031,18.01571,-22.71201,4.921869,17.84824,-22.71079,4.915262,18.03883
245.9469,-22.7996,4.966939,18.02055,-22.71201,4.921869,17.84824,-22.71079,4.915262,18.03883
245.9802,-22.7989,4.964907,18.02534,-22.71201,4.921869,17.84824,-22.71079,4.915262,18.03883
246.0135,-22.79779,4.965073,18.02715,-22.71201,4.921869,17.84824,-22.71079,4.915262,18.03883
246.0469,-22.797,4.965466,18.02749,-22.71201,4.921869,17.84824,-22.71079,4.915262,18.03883
246.0802,-22.79253,4.965592,18.02779,-22.71201,4.921869,17.84824,-22.71079,4.915262,18.03883
246.1136,-22.78255,4.967341,18.02752,-22.71201,4.921869,17.84824,-22.71079,4.915262,18.03883
246.1469,-22.76357,4.971947,18.02575,-22.71201,4.921869,17.84824,-22.71079,4.915262,18.03883
246.1802,-22.75615,4.972956,18.02876,-22.71201,4.921869,17.84824,-22.71079,4.915262,18.03883
246.2135,-22.7519,4.975646,18.03074,-22.71201,4.921869,17.84824,-22.71079,4.915262,18.03883
246.2469,-22.74934,4.978532,18.03181,-22.71201,4.921869,17.84824,-22.71079,4.915262,18.03883
246.2802,-22.74777,4.979088,18.0317,-22.71201,4.921869,17.84824,-22.71079,4.915262,18.03883
246.3136,-22.74576,4.980104,18.03445,-22.71201,4.921869,17.84824,-22.71079,4.915262,18.03883
246.3469,-22.74409,4.981065,18.03496,-22.71201,4.921869,17.84824,-22.71079,4.915262,18.03883
246.3802,-22.74364,4.981531,18.03783,-22.71201,4.921869,17.84824,-22.71079,4.915262,18.03883
246.4136,-22.74234,4.983701,18.04051,-22.71201,4.921869,17.84824,-22.71079,4.915262,18.03883
246.4469,-22.74223,4.984103,18.04113,-22.71201,4.921869,17.84824,-22.71079,4.915262,18.03883
246.4802,-22.7413,4.984338,18.04173,-22.71201,4.921869,17.84824,-22.71079,4.915262,18.03883
246.5135,-22.74123,4.984008,18.04212,-22.71201,4.921869,17.84824,-22.71079,4.915262,18.03883
246.5469,-22.74116,4.983676,18.04251,-22.71201,4.921869,17.84824,-22.71079,4.915262,18.03883
246.5802,-22.7389,4.984243,18.04209,-22.71201,4.921869,17.84824,-22.71079,4.915262,18.03883
246.6136,-22.73862,4.984719,18.04372,-22.71201,4.921869,17.84824,-22.71079,4.915262,18.03883
246.6469,-22.73626,4.985689,18.04391,-22.71201,4.921869,17.84824,-22.71079,4.915262,18.03883
246.6802,-22.73639,4.986424,18.04291,-22.71201,4.921869,17.84824,-22.71079,4.915262,18.03883
246.7135,-22.73483,4.986994,18.0428,-22.71201,4.921869,17.84824,-22.71079,4.915262,18.03883
246.7469,-22.73552,4.986994,18.04312,-22.71201,4.921869,17.84824,-22.71079,4.915262,18.03883
246.7802,-22.73573,4.985271,18.04684,-22.71201,4.921869,17.84824,-22.71079,4.915262,18.03883
246.8136,-22.7352,4.984289,18.05047,-22.7108,4.913834,18.02887,-22.71079,4.915262,18.03883
246.8469,-22.73474,4.983649,18.05371,-22.71564,4.928291,18.03654,-22.71079,4.915262,18.03883
246.8802,-22.73474,4.983649,18.05371,-22.71525,4.927848,18.03999,-22.71079,4.915262,18.03883
246.9136,-22.73474,4.983649,18.05371,-22.71525,4.927848,18.03999,-22.71079,4.915262,18.03883
246.9469,-22.73544,4.983649,18.05403,-22.71525,4.927848,18.03999,-22.71079,4.915262,18.03883
246.9802,-22.73544,4.983649,18.05403,-22.71566,4.927041,18.04012,-22.71079,4.915262,18.03883
247.0135,-22.73621,4.983979,18.05395,-22.71566,4.927041,18.04012,-22.71079,4.915262,18.03883
247.0469,-22.73644,4.984299,18.05233,-22.71609,4.92644,18.03982,-22.71079,4.915262,18.03883
247.0802,-22.73702,4.983572,18.05365,-22.71644,4.927091,18.0382,-22.71079,4.915262,18.03883
247.1136,-22.73795,4.983893,18.05234,-22.71659,4.925151,18.03928,-22.71079,4.915262,18.03883
247.1469,-22.73887,4.984216,18.05103,-22.71366,4.914412,18.03517,-22.71079,4.915262,18.03883
247.1802,-22.74002,4.984867,18.0481,-22.71436,4.914109,18.03361,-22.71079,4.915262,18.03883
247.2135,-22.74038,4.985857,18.04569,-22.71509,4.913535,18.03019,-22.71079,4.915262,18.03883
247.2469,-22.74131,4.986188,18.04439,-22.71498,4.91314,18.02733,-22.71079,4.915262,18.03883
247.2802,-22.74176,4.986856,18.04115,-22.71568,4.912836,18.02577,-22.71079,4.915262,18.03883
247.3136,-22.74292,4.987529,18.03822,-22.71573,4.912292,18.02201,-22.71079,4.915262,18.03883
247.3469,-22.74414,4.988543,18.0349,-22.71645,4.911716,18.01856,-22.71079,4.915262,18.03883
247.3802,-22.74281,4.98946,18.03319,-22.7171,4.911076,18.0146,-22.71079,4.915262,18.03883
247.4136,-22.74529,4.989234,18.03198,-22.71531,4.910977,18.01249,-22.71079,4.915262,18.03883
247.4469,-22.74552,4.989582,18.03037,-22.71782,4.910499,18.01114,-22.71079,4.915262,18.03883
247.4802,-22.74657,4.990681,18.02806,-22.71784,4.910224,18.00924,-22.71079,4.915262,18.03883
247.5135,-22.74681,4.991034,18.02645,-22.71837,4.909834,18.00636,-22.71079,4.915262,18.03883
247.5469,-22.74681,4.991034,18.02645,-22.7185,4.909866,18.00454,-22.71079,4.915262,18.03883
247.5802,-22.74704,4.99139,18.02483,-22.7185,4.909866,18.00454,-22.71079,4.915262,18.03883
247.6136,-22.74884,4.991176,18.02332,-22.71862,4.909891,18.00272,-22.71079,4.915262,18.03883
247.6469,-22.74907,4.991536,18.02171,-22.72038,4.909201,18.00098,-22.71079,4.915262,18.03883
247.6802,-22.75042,4.991691,18.01828,-22.72048,4.909135,17.99913,-22.71079,4.915262,18.03883
247.7135,-22.75066,4.992056,18.01667,-22.72173,4.908599,17.99528,-22.71079,4.915262,18.03883
247.7469,-22.75222,4.991489,18.01677,-22.72183,4.908532,17.99343,-22.71079,4.915262,18.03883
247.7802,-22.75222,4.991489,18.01677,-22.7236,4.908204,17.99361,-22.71079,4.915262,18.03883
247.8136,-22.75426,4.991659,18.01365,-22.7236,4.908204,17.99361,-22.71079,4.915262,18.03883
247.8469,-22.75461,4.991642,18.01142,-22.72558,4.907797,17.99011,-22.71079,4.915262,18.03883
247.8802,-22.75553,4.992015,18.01012,-22.7259,4.907668,17.9877,-22.71079,4.915262,18.03883
247.9136,-22.75553,4.992015,18.01012,-22.72664,4.907508,17.98614,-22.71079,4.915262,18.03883
247.9469,-22.75788,4.991063,18.00991,-22.72664,4.907508,17.98614,-22.71079,4.915262,18.03883
247.9802,-22.75788,4.991063,18.00991,-22.7293,4.907124,17.98608,-22.71079,4.915262,18.03883
248.0135,-22.75812,4.991439,18.0083,-22.7293,4.907124,17.98608,-22.71079,4.915262,18.03883
248.0469,-22.75929,4.992198,18.00539,-22.72939,4.907046,17.98422,-22.71079,4.915262,18.03883
248.0802,-22.76021,4.992579,18.00409,-22.73022,4.906808,17.98079,-22.71079,4.915262,18.03883
248.1136,-22.76226,4.992787,18.00098,-22.73096,4.906648,17.97922,-22.71079,4.915262,18.03883
248.1469,-22.76427,4.99185,17.99824,-22.73294,4.906241,17.9757,-22.71079,4.915262,18.03883
248.1802,-22.76503,4.990336,17.99355,-22.73527,4.905811,17.97293,-22.71079,4.915262,18.03883
248.2135,-22.7667,4.989398,17.99303,-22.73645,4.90548,17.96829,-22.71079,4.915262,18.03883
248.2469,-22.76581,4.989956,17.99323,-22.73847,4.90518,17.96794,-22.71079,4.915262,18.03883
248.2802,-22.7683,4.989794,17.99203,-22.73731,4.905348,17.96802,-22.71079,4.915262,18.03883
248.3136,-22.77036,4.990039,17.98893,-22.73984,4.904939,17.96665,-22.71079,4.915262,18.03883
248.3469,-22.77103,4.990039,17.98923,-22.74182,4.904532,17.96312,-22.71079,4.915262,18.03883
248.3802,-22.77285,4.989888,17.98773,-22.74245,4.904451,17.96341,-22.71079,4.915262,18.03883
248.4136,-22.77324,4.991076,17.98514,-22.74434,4.904123,17.96175,-22.71079,4.915262,18.03883
248.4469,-22.7753,4.991342,17.98204,-22.74434,4.904102,17.95859,-22.71079,4.915262,18.03883
248.4802,-22.77586,4.992497,17.97845,-22.74645,4.904063,17.95516,-22.71079,4.915262,18.03883
248.5135,-22.77611,4.992913,17.97686,-22.74674,4.904341,17.95105,-22.71079,4.915262,18.03883
248.5469,-22.77661,4.99375,17.97366,-22.74689,4.904459,17.94923,-22.71079,4.915262,18.03883
248.5802,-22.77711,4.994593,17.97047,-22.74721,4.904696,17.94559,-22.71079,4.915262,18.03883
248.6136,-22.77761,4.995446,17.96729,-22.74753,4.904932,17.94195,-22.71079,4.915262,18.03883
248.6469,-22.77812,4.996307,17.9641,-22.74785,4.905169,17.9383,-22.71079,4.915262,18.03883
248.6802,-22.77732,4.998164,17.95922,-22.74817,4.905406,17.93465,-22.71079,4.915262,18.03883
248.7135,-22.77966,4.998935,17.95456,-22.74684,4.906028,17.92895,-22.71079,4.915262,18.03883
248.7469,-22.77992,4.999379,17.95297,-22.74912,4.906094,17.92366,-22.71079,4.915262,18.03883
248.7802,-22.78175,4.999276,17.95148,-22.74927,4.906202,17.92183,-22.71079,4.915262,18.03883
248.8136,-22.78201,4.999724,17.9499,-22.75124,4.906051,17.92021,-22.71079,4.915262,18.03883
248.8469,-22.78368,4.998814,17.94938,-22.75139,4.906159,17.91837,-22.71079,4.915262,18.03883
248.8802,-22.78394,4.999264,17.9478,-22.75343,4.905906,17.91806,-22.71079,4.915262,18.03883
248.9136,-22.78512,5.000173,17.94492,-22.75358,4.906014,17.91623,-22.71079,4.915262,18.03883
248.9469,-22.78591,5.001548,17.94017,-22.75451,4.90613,17.91282,-22.71079,4.915262,18.03883
248.9802,-22.78805,5.000397,17.93685,-22.75499,4.906488,17.9073,-22.71079,4.915262,18.03883
249.0135,-22.78872,4.999444,17.93281,-22.75766,4.906489,17.90414,-22.71079,4.915262,18.03883
249.0469,-22.79213,4.99883,17.93144,-22.75876,4.906802,17.90024,-22.71079,4.915262,18.03883
249.0802,-22.79266,4.999778,17.92828,-22.76254,4.90643,17.89886,-22.71079,4.915262,18.03883
249.1136,-22.79412,5.000194,17.92494,-22.76291,4.906815,17.89522,-22.71079,4.915262,18.03883
249.1469,-22.79597,5.000136,17.92347,-22.76447,4.907034,17.89155,-22.71079,4.915262,18.03883
249.1802,-22.79651,5.001103,17.92032,-22.76669,4.907682,17.89021,-22.71079,4.915262,18.03883
249.2135,-22.79835,5.001053,17.91885,-22.76713,4.90828,17.88666,-22.71079,4.915262,18.03883
249.2469,-22.8002,5.001007,17.91738,-22.76936,4.908971,17.88534,-22.71079,4.915262,18.03883
249.2802,-22.80232,5.001459,17.91434,-22.77158,4.909661,17.88403,-22.71079,4.915262,18.03883
249.3136,-22.8038,5.001919,17.91102,-22.77591,4.916696,17.88316,-22.71079,4.915262,18.03883
249.3469,-22.80307,5.002917,17.90731,-22.77808,4.918892,17.88025,-22.71079,4.915262,18.03883
249.3802,-22.80392,5.003395,17.90372,-22.77667,4.917561,17.87539,-22.71079,4.915262,18.03883
249.4136,-22.80385,5.004408,17.9003,-22.77605,4.912707,17.86953,-22.71079,4.915262,18.03883
249.4469,-22.80257,5.004407,17.89972,-22.77585,4.913206,17.86564,-22.71079,4.915262,18.03883
249.4802,-22.80222,5.004917,17.89787,-22.77454,4.913002,17.86496,-22.71079,4.915262,18.03883
249.5135,-22.80176,5.005769,17.89664,-22.77412,4.913201,17.86284,-22.71079,4.915262,18.03883
249.5469,-22.80077,5.006282,17.8945,-22.77345,4.913277,17.8612,-22.71079,4.915262,18.03883
249.5802,-22.79885,5.007325,17.89253,-22.77237,4.913375,17.85874,-22.71079,4.915262,18.03883
249.6136,-22.79913,5.007841,17.89097,-22.76995,4.913191,17.85613,-22.71079,4.915262,18.03883
249.6469,-22.79692,5.00837,17.89057,-22.77019,4.913494,17.85434,-22.71079,4.915262,18.03883
249.6802,-22.79342,5.009956,17.88848,-22.76754,4.913007,17.8535,-22.71079,4.915262,18.03883
249.7135,-22.79056,5.011549,17.8867,-22.76311,4.912436,17.85037,-22.71079,4.915262,18.03883
249.7469,-22.78716,5.014348,17.88428,-22.75963,4.912931,17.84795,-22.71079,4.915262,18.03883
249.7802,-22.78254,5.016111,17.88468,-22.75535,4.913807,17.8445,-22.71079,4.915262,18.03883
249.8136,-22.78156,5.017707,17.88145,-22.75292,4.923296,17.84796,-22.71079,4.915262,18.03883
249.8469,-22.77999,5.018256,17.88134,-22.75119,4.922908,17.84363,-22.71079,4.915262,18.03883
249.8802,-22.77872,5.019333,17.87967,-22.74964,4.923969,17.8437,-22.71079,4.915262,18.03883
249.9136,-22.77865,5.019002,17.88006,-22.74799,4.924306,17.84156,-22.71079,4.915262,18.03883
249.9469,-22.77876,5.01867,17.87946,-22.74808,4.924456,17.84215,-22.71079,4.915262,18.03883
249.9802,-22.7789,5.01728,17.88226,-22.7482,4.924149,17.84151,-22.71079,4.915262,18.03883
250.0135,-22.77997,5.016419,17.8838,-22.74879,4.924243,17.84516,-22.71079,4.915262,18.03883
250.0469,-22.78123,5.016419,17.88439,-22.74999,4.923912,17.84703,-22.71079,4.915262,18.03883
250.0802,-22.78088,5.018024,17.88147,-22.75114,4.923664,17.84755,-22.71079,4.915262,18.03883
250.1136,-22.78264,5.018335,17.88062,-22.75114,4.923664,17.84755,-22.71079,4.915262,18.03883
250.1469,-22.78291,5.01995,17.878,-22.75114,4.923664,17.84755,-22.71079,4.915262,18.03883
250.1802,-22.78509,5.020484,17.87733,-22.75114,4.923664,17.84755,-22.71079,4.915262,18.03883
250.2135,-22.78789,5.021019,17.87695,-22.75114,4.923664,17.84755,-22.71079,4.915262,18.03883
250.2469,-22.78865,5.023643,17.87543,-22.75114,4.923664,17.84755,-22.71079,4.915262,18.03883
250.2802,-22.79169,5.027037,17.87374,-22.75114,4.923664,17.84755,-22.71079,4.915262,18.03883
250.3136,-22.79577,5.029543,17.87124,-22.75114,4.923664,17.84755,-22.71079,4.915262,18.03883
250.3469,-22.80151,5.033256,17.86697,-22.75114,4.923664,17.84755,-22.71079,4.915262,18.03883
250.3802,-22.80634,5.035169,17.86495,-22.75114,4.923664,17.84755,-22.71079,4.915262,18.03883
250.4136,-22.80549,5.036633,17.86226,-22.75114,4.923664,17.84755,-22.71079,4.915262,18.03883
250.4469,-22.8051,5.037231,17.86186,-22.75114,4.923664,17.84755,-22.71079,4.915262,18.03883
250.4802,-22.80568,5.037788,17.86105,-22.75114,4.923664,17.84755,-22.71079,4.915262,18.03883
250.5135,-22.80628,5.038061,17.86074,-22.75114,4.923664,17.84755,-22.71079,4.915262,18.03883
250.5469,-22.80655,5.038683,17.86088,-22.75114,4.923664,17.84755,-22.71079,4.915262,18.03883
250.5802,-22.80651,5.039473,17.86089,-22.75114,4.923664,17.84755,-22.71079,4.915262,18.03883
250.6136,-22.80691,5.039469,17.86119,-22.75114,4.923664,17.84755,-22.71079,4.915262,18.03883
250.6469,-22.80906,5.038397,17.8633,-22.75114,4.923664,17.84755,-22.71079,4.915262,18.03883
250.6802,-22.8081,5.03977,17.86221,-22.75114,4.923664,17.84755,-22.71079,4.915262,18.03883
250.7135,-22.81006,5.038385,17.8643,-22.75114,4.923664,17.84755,-22.71079,4.915262,18.03883
250.7469,-22.81256,5.036325,17.85901,-22.75114,4.923664,17.84755,-22.71079,4.915262,18.03883
250.7802,-22.80903,5.036052,17.86168,-22.75114,4.923664,17.84755,-22.71079,4.915262,18.03883
250.8136,-22.81028,5.034578,17.86451,-22.75114,4.923664,17.84755,-22.71079,4.915262,18.03883
250.8469,-22.81437,5.032442,17.86298,-22.75114,4.923664,17.84755,-22.71079,4.915262,18.03883
250.8802,-22.81277,5.031441,17.86583,-22.75114,4.923664,17.84755,-22.71079,4.915262,18.03883
250.9136,-22.81289,5.030962,17.8673,-22.75114,4.923664,17.84755,-22.71079,4.915262,18.03883
250.9469,-22.8119,5.032094,17.86604,-22.75114,4.923664,17.84755,-22.71079,4.915262,18.03883
250.9802,-22.81363,5.031058,17.86768,-22.75114,4.923664,17.84755,-22.71079,4.915262,18.03883
251.0135,-22.8141,5.030578,17.8686,-22.75114,4.923664,17.84755,-22.71079,4.915262,18.03883
251.0469,-22.81393,5.03105,17.86778,-22.75114,4.923664,17.84755,-22.71079,4.915262,18.03883
251.0802,-22.81304,5.031926,17.86638,-22.75114,4.923664,17.84755,-22.71079,4.915262,18.03883
251.1136,-22.81196,5.033354,17.86387,-22.75114,4.923664,17.84755,-22.71079,4.915262,18.03883
251.1469,-22.80974,5.03502,17.86183,-22.75114,4.923664,17.84755,-22.71079,4.915262,18.03883
251.1802,-22.80712,5.037799,17.85793,-22.75114,4.923664,17.84755,-22.71079,4.915262,18.03883
251.2135,-22.80738,5.039176,17.85529,-22.75114,4.923664,17.84755,-22.71079,4.915262,18.03883
251.2469,-22.80844,5.039647,17.85541,-22.75114,4.923664,17.84755,-22.71079,4.915262,18.03883
251.2802,-22.81133,5.040107,17.85577,-22.75114,4.923664,17.84755,-22.71079,4.915262,18.03883
251.3136,-22.8145,5.041016,17.85404,-22.75114,4.923664,17.84755,-22.71079,4.915262,18.03883
251.3469,-22.81717,5.041108,17.85543,-22.75114,4.923664,17.84755,-22.71079,4.915262,18.03883
251.3802,-22.81708,5.044028,17.85332,-22.75114,4.923664,17.84755,-22.71079,4.915262,18.03883
251.4136,-22.81995,5.044956,17.85218,-22.75114,4.923664,17.84755,-22.71079,4.915262,18.03883
251.4469,-22.82555,5.044538,17.85518,-22.75114,4.923664,17.84755,-22.71079,4.915262,18.03883
251.4802,-22.82942,5.046762,17.85641,-22.75114,4.923664,17.84755,-22.71079,4.915262,18.03883
251.5135,-22.83236,5.048892,17.85438,-22.75114,4.923664,17.84755,-22.71079,4.915262,18.03883
251.5469,-22.8346,5.051639,17.85724,-22.75114,4.923664,17.84755,-22.71079,4.915262,18.03883
251.5802,-22.84152,5.051998,17.86201,-22.75114,4.923664,17.84755,-22.71079,4.915262,18.03883
251.6136,-22.8454,5.051216,17.86404,-22.75114,4.923664,17.84755,-22.71079,4.915262,18.03883
251.6469,-22.85639,5.047035,17.87097,-22.75114,4.923664,17.84755,-22.71079,4.915262,18.03883
251.6802,-22.86755,5.042465,17.87943,-22.75114,4.923664,17.84755,-22.71079,4.915262,18.03883
251.7135,-22.87169,5.041553,17.88244,-22.75114,4.923664,17.84755,-22.71079,4.915262,18.03883
251.7469,-22.8772,5.042617,17.88535,-22.75114,4.923664,17.84755,-22.71079,4.915262,18.03883
251.7802,-22.8854,5.042115,17.89185,-22.75114,4.923664,17.84755,-22.71079,4.915262,18.03883
251.8136,-22.8854,5.044123,17.8927,-22.75114,4.923664,17.84755,-22.71079,4.915262,18.03883
251.8469,-22.89537,5.044138,17.89861,-22.75114,4.923664,17.84755,-22.71079,4.915262,18.03883
251.8802,-22.89895,5.046523,17.90205,-22.75114,4.923664,17.84755,-22.71079,4.915262,18.03883
251.9136,-22.89809,5.049661,17.9013,-22.75114,4.923664,17.84755,-22.71079,4.915262,18.03883
251.9469,-22.90047,5.052875,17.90393,-22.75114,4.923664,17.84755,-22.71079,4.915262,18.03883
251.9802,-22.89798,5.057661,17.90399,-22.75114,4.923664,17.84755,-22.71079,4.915262,18.03883
252.0135,-22.89453,5.061112,17.90283,-22.75114,4.923664,17.84755,-22.71079,4.915262,18.03883
252.0469,-22.89237,5.066638,17.90213,-22.75114,4.923664,17.84755,-22.71079,4.915262,18.03883
252.0802,-22.88836,5.071429,17.90081,-22.75114,4.923664,17.84755,-22.71079,4.915262,18.03883
252.1136,-22.88597,5.0743,17.89945,-22.75114,4.923664,17.84755,-22.71079,4.915262,18.03883
252.1469,-22.88302,5.077463,17.89917,-22.75114,4.923664,17.84755,-22.71079,4.915262,18.03883
252.1802,-22.87884,5.082065,17.89751,-22.75114,4.923664,17.84755,-22.71079,4.915262,18.03883
252.2135,-22.88118,5.083074,17.89863,-22.75114,4.923664,17.84755,-22.71079,4.915262,18.03883
252.2469,-22.87737,5.088088,17.89946,-22.75114,4.923664,17.84755,-22.71079,4.915262,18.03883
252.2802,-22.8754,5.095449,17.8996,-22.75114,4.923664,17.84755,-22.71079,4.915262,18.03883
252.3136,-22.87642,5.098161,17.90099,-22.75114,4.923664,17.84755,-22.71079,4.915262,18.03883
252.3469,-22.87551,5.102439,17.90405,-22.75114,4.923664,17.84755,-22.71079,4.915262,18.03883
252.3802,-22.87548,5.107351,17.90546,-22.75114,4.923664,17.84755,-22.71079,4.915262,18.03883
252.4136,-22.87203,5.110691,17.90468,-22.75114,4.923664,17.84755,-22.71079,4.915262,18.03883
252.4469,-22.87516,5.112422,17.90701,-22.75114,4.923664,17.84755,-22.71079,4.915262,18.03883
252.4802,-22.8744,5.113331,17.90688,-22.75114,4.923664,17.84755,-22.71079,4.915262,18.03883
252.5135,-22.87743,5.112946,17.90784,-22.75114,4.923664,17.84755,-22.71079,4.915262,18.03883
252.5469,-22.87625,5.110795,17.90845,-22.75114,4.923664,17.84755,-22.71079,4.915262,18.03883
252.5802,-22.87004,5.110089,17.90439,-22.75114,4.923664,17.84755,-22.71079,4.915262,18.03883
252.6136,-22.8664,5.109027,17.9019,-22.75114,4.923664,17.84755,-22.71079,4.915262,18.03883
252.6469,-22.85334,5.108708,17.89241,-22.75114,4.923664,17.84755,-22.71079,4.915262,18.03883
252.6802,-22.8357,5.108629,17.87948,-22.75114,4.923664,17.84755,-22.71079,4.915262,18.03883
252.7135,-22.86229,5.145549,17.78951,-22.75114,4.923664,17.84755,-22.71079,4.915262,18.03883
252.7469,-22.79158,5.200703,17.63766,-22.75114,4.923664,17.84755,-22.71079,4.915262,18.03883
252.7802,-22.76236,5.205192,17.62616,-22.75114,4.923664,17.84755,-22.71079,4.915262,18.03883
252.8136,-22.76338,5.201553,17.62586,-22.75114,4.923664,17.84755,-22.71079,4.915262,18.03883
252.8469,-22.76185,5.204695,17.62496,-22.75114,4.923664,17.84755,-22.71079,4.915262,18.03883
252.8802,-22.76135,5.214535,17.62239,-22.75114,4.923664,17.84755,-22.71079,4.915262,18.03883
252.9136,-22.76208,5.221305,17.61972,-22.75114,4.923664,17.84755,-22.71079,4.915262,18.03883
252.9469,-22.7624,5.228867,17.62147,-22.75114,4.923664,17.84755,-22.71079,4.915262,18.03883
252.9802,-22.76302,5.235693,17.62525,-22.75114,4.923664,17.84755,-22.71079,4.915262,18.03883
253.0135,-22.76387,5.238032,17.62574,-22.75114,4.923664,17.84755,-22.71079,4.915262,18.03883
253.0469,-22.76352,5.237214,17.63106,-22.75114,4.923664,17.84755,-22.71079,4.915262,18.03883
253.0802,-22.76435,5.235169,17.63574,-22.75114,4.923664,17.84755,-22.71079,4.915262,18.03883
253.1136,-22.76552,5.231994,17.6414,-22.75114,4.923664,17.84755,-22.71079,4.915262,18.03883
253.1469,-22.76507,5.231134,17.64431,-22.75114,4.923664,17.84755,-22.71079,4.915262,18.03883
253.1802,-22.76547,5.227134,17.65184,-22.75114,4.923664,17.84755,-22.71079,4.915262,18.03883
253.2135,-22.76777,5.22144,17.66174,-22.75114,4.923664,17.84755,-22.71079,4.915262,18.03883
253.2469,-22.76716,5.21012,17.68146,-22.75114,4.923664,17.84755,-22.71079,4.915262,18.03883
253.2802,-22.76856,5.200324,17.70067,-22.75114,4.923664,17.84755,-22.71079,4.915262,18.03883
253.3136,-22.77061,5.194318,17.71421,-22.75114,4.923664,17.84755,-22.71079,4.915262,18.03883
253.3469,-22.77234,5.188721,17.72931,-22.75114,4.923664,17.84755,-22.71079,4.915262,18.03883
253.3802,-22.77578,5.18215,17.74831,-22.75114,4.923664,17.84755,-22.71079,4.915262,18.03883
253.4136,-22.78006,5.176389,17.76756,-22.75114,4.923664,17.84755,-22.71079,4.915262,18.03883
253.4469,-22.78252,5.174653,17.78361,-22.75114,4.923664,17.84755,-22.71079,4.915262,18.03883
253.4802,-22.78802,5.174747,17.79827,-22.75114,4.923664,17.84755,-22.71079,4.915262,18.03883
253.5135,-22.79137,5.174054,17.80734,-22.75114,4.923664,17.84755,-22.71079,4.915262,18.03883
253.5469,-22.79672,5.175698,17.82061,-22.75114,4.923664,17.84755,-22.71079,4.915262,18.03883
253.5802,-22.803,5.178492,17.83,-22.75114,4.923664,17.84755,-22.71079,4.915262,18.03883
253.6136,-22.80697,5.179746,17.83455,-22.75114,4.923664,17.84755,-22.71079,4.915262,18.03883
253.6469,-22.81265,5.183262,17.8393,-22.75114,4.923664,17.84755,-22.71079,4.915262,18.03883
253.6802,-22.81987,5.186021,17.84051,-22.75114,4.923664,17.84755,-22.71079,4.915262,18.03883
253.7135,-22.82512,5.185466,17.84472,-22.75114,4.923664,17.84755,-22.71079,4.915262,18.03883
253.7469,-22.83126,5.187615,17.84232,-22.75114,4.923664,17.84755,-22.71079,4.915262,18.03883
253.7802,-22.83798,5.189304,17.83791,-22.75114,4.923664,17.84755,-22.71079,4.915262,18.03883
253.8136,-22.8423,5.190421,17.83464,-22.75114,4.923664,17.84755,-22.71079,4.915262,18.03883
253.8469,-22.84999,5.189633,17.83331,-22.75114,4.923664,17.84755,-22.71079,4.915262,18.03883
253.8802,-22.85934,5.184186,17.82967,-22.75114,4.923664,17.84755,-22.71079,4.915262,18.03883
253.9136,-22.86523,5.179315,17.8279,-22.75114,4.923664,17.84755,-22.71079,4.915262,18.03883
253.9469,-22.87759,5.162604,17.82931,-22.75114,4.923664,17.84755,-22.71079,4.915262,18.03883
253.9802,-22.89321,5.143288,17.83632,-22.75114,4.923664,17.84755,-22.71079,4.915262,18.03883
254.0135,-22.90322,5.131685,17.84166,-22.75114,4.923664,17.84755,-22.71079,4.915262,18.03883
254.0469,-22.91959,5.112658,17.84323,-22.75114,4.923664,17.84755,-22.71079,4.915262,18.03883
254.0802,-22.94182,5.092381,17.80075,-22.75114,4.923664,17.84755,-22.71079,4.915262,18.03883
254.1136,-22.94688,5.0947,17.801,-22.75114,4.923664,17.84755,-22.71079,4.915262,18.03883
254.1469,-22.94575,5.085758,17.81746,-22.75114,4.923664,17.84755,-22.71079,4.915262,18.03883
254.1802,-22.95632,5.085316,17.81939,-22.75114,4.923664,17.84755,-22.71079,4.915262,18.03883
254.2135,-22.96048,5.087374,17.81704,-22.75114,4.923664,17.84755,-22.71079,4.915262,18.03883
254.2469,-22.96191,5.094093,17.80658,-22.75114,4.923664,17.84755,-22.71079,4.915262,18.03883
254.2802,-22.96119,5.101774,17.79552,-22.75114,4.923664,17.84755,-22.71079,4.915262,18.03883
254.3136,-22.96078,5.104767,17.78921,-22.75114,4.923664,17.84755,-22.71079,4.915262,18.03883
254.3469,-22.95406,5.112278,17.77307,-22.75114,4.923664,17.84755,-22.71079,4.915262,18.03883
254.3802,-22.94873,5.118098,17.76104,-22.75114,4.923664,17.84755,-22.71079,4.915262,18.03883
254.4136,-22.94593,5.12185,17.75348,-22.75114,4.923664,17.84755,-22.71079,4.915262,18.03883
254.4469,-22.93523,5.128152,17.73873,-22.75114,4.923664,17.84755,-22.71079,4.915262,18.03883
254.4802,-22.92569,5.132876,17.72435,-22.75114,4.923664,17.84755,-22.71079,4.915262,18.03883
254.5135,-22.9228,5.134411,17.71829,-22.75114,4.923664,17.84755,-22.71079,4.915262,18.03883
254.5469,-22.91023,5.135361,17.70773,-22.75114,4.923664,17.84755,-22.71079,4.915262,18.03883
254.5802,-22.88622,5.137073,17.69777,-22.75114,4.923664,17.84755,-22.71079,4.915262,18.03883
254.6136,-22.87414,5.135652,17.69965,-22.75114,4.923664,17.84755,-22.71079,4.915262,18.03883
254.6469,-22.86285,5.131568,17.70107,-22.75114,4.923664,17.84755,-22.71079,4.915262,18.03883
254.6802,-22.84567,5.123902,17.70945,-22.75114,4.923664,17.84755,-22.71079,4.915262,18.03883
254.7135,-22.82924,5.116201,17.71857,-22.75114,4.923664,17.84755,-22.71079,4.915262,18.03883
254.7469,-22.81449,5.113556,17.72508,-22.75114,4.923664,17.84755,-22.71079,4.915262,18.03883
254.7802,-22.79761,5.115104,17.73043,-22.75114,4.923664,17.84755,-22.71079,4.915262,18.03883
254.8136,-22.78187,5.118757,17.73283,-22.75114,4.923664,17.84755,-22.71079,4.915262,18.03883
254.8469,-22.76801,5.124081,17.73332,-22.75114,4.923664,17.84755,-22.71079,4.915262,18.03883
254.8802,-22.75838,5.129897,17.73401,-22.75114,4.923664,17.84755,-22.71079,4.915262,18.03883
254.9136,-22.75054,5.135973,17.73615,-22.75114,4.923664,17.84755,-22.71079,4.915262,18.03883
254.9469,-22.74166,5.139374,17.73804,-22.75114,4.923664,17.84755,-22.71079,4.915262,18.03883
254.9802,-22.73651,5.140092,17.73962,-22.75114,4.923664,17.84755,-22.71079,4.915262,18.03883
255.0135,-22.73214,5.137226,17.74316,-22.75114,4.923664,17.84755,-22.71079,4.915262,18.03883
255.0469,-22.72877,5.132977,17.74754,-22.75114,4.923664,17.84755,-22.71079,4.915262,18.03883
255.0802,-22.72313,5.129736,17.74772,-22.75114,4.923664,17.84755,-22.71079,4.915262,18.03883
255.1136,-22.72083,5.127322,17.75077,-22.75114,4.923664,17.84755,-22.71079,4.915262,18.03883
255.1469,-22.71753,5.124924,17.75438,-22.75114,4.923664,17.84755,-22.71079,4.915262,18.03883
255.1802,-22.7149,5.121647,17.75951,-22.75114,4.923664,17.84755,-22.71079,4.915262,18.03883
255.2135,-22.71428,5.118578,17.76217,-22.75114,4.923664,17.84755,-22.71079,4.915262,18.03883
255.2469,-22.71295,5.11317,17.76548,-22.75114,4.923664,17.84755,-22.71079,4.915262,18.03883
255.2802,-22.7121,5.10888,17.77081,-22.75114,4.923664,17.84755,-22.71079,4.915262,18.03883
255.3136,-22.7044,5.103122,17.77903,-22.75114,4.923664,17.84755,-22.71079,4.915262,18.03883
255.3469,-22.70446,5.096409,17.7872,-22.75114,4.923664,17.84755,-22.71079,4.915262,18.03883
255.3802,-22.70021,5.091408,17.79444,-22.75114,4.923664,17.84755,-22.71079,4.915262,18.03883
255.4136,-22.69947,5.085512,17.80203,-22.75114,4.923664,17.84755,-22.71079,4.915262,18.03883
255.4469,-22.6969,5.077622,17.81282,-22.75114,4.923664,17.84755,-22.71079,4.915262,18.03883
255.4802,-22.69326,5.072467,17.82278,-22.75114,4.923664,17.84755,-22.71079,4.915262,18.03883
255.5135,-22.6927,5.06821,17.83182,-22.75114,4.923664,17.84755,-22.71079,4.915262,18.03883
255.5469,-22.69296,5.066339,17.83925,-22.75114,4.923664,17.84755,-22.71079,4.915262,18.03883
255.5802,-22.69451,5.064748,17.84792,-22.75114,4.923664,17.84755,-22.71079,4.915262,18.03883
255.6136,-22.69402,5.065506,17.85163,-22.75114,4.923664,17.84755,-22.71079,4.915262,18.03883
255.6469,-22.69323,5.064456,17.85985,-22.75114,4.923664,17.84755,-22.71079,4.915262,18.03883
255.6802,-22.69219,5.062978,17.86865,-22.75114,4.923664,17.84755,-22.71079,4.915262,18.03883
255.7135,-22.69202,5.061952,17.87458,-22.75114,4.923664,17.84755,-22.71079,4.915262,18.03883
255.7469,-22.69341,5.062471,17.87829,-22.75114,4.923664,17.84755,-22.71079,4.915262,18.03883
255.7802,-22.69903,5.06096,17.88135,-22.75114,4.923664,17.84755,-22.71079,4.915262,18.03883
255.8136,-22.70074,5.060057,17.88328,-22.75114,4.923664,17.84755,-22.71079,4.915262,18.03883
255.8469,-22.70394,5.060171,17.88427,-22.75114,4.923664,17.84755,-22.71079,4.915262,18.03883
255.8802,-22.70457,5.060171,17.88459,-22.75114,4.923664,17.84755,-22.71079,4.915262,18.03883
255.9136,-22.70801,5.061378,17.88447,-22.75114,4.923664,17.84755,-22.71079,4.915262,18.03883
255.9469,-22.71087,5.063003,17.88223,-22.75114,4.923664,17.84755,-22.71079,4.915262,18.03883
255.9802,-22.71357,5.064303,17.88034,-22.75114,4.923664,17.84755,-22.71079,4.915262,18.03883
256.0135,-22.7161,5.064829,17.87486,-22.75114,4.923664,17.84755,-22.71079,4.915262,18.03883
256.0469,-22.7204,5.064917,17.86951,-22.75114,4.923664,17.84755,-22.71079,4.915262,18.03883
256.0802,-22.72579,5.064134,17.86576,-22.75114,4.923664,17.84755,-22.71079,4.915262,18.03883
256.1136,-22.73297,5.064926,17.86314,-22.75114,4.923664,17.84755,-22.71079,4.915262,18.03883
256.1469,-22.74197,5.065576,17.86381,-22.75114,4.923664,17.84755,-22.71079,4.915262,18.03883
256.1802,-22.75271,5.06723,17.86397,-22.75114,4.923664,17.84755,-22.71079,4.915262,18.03883
256.2136,-22.75724,5.06833,17.86202,-22.75114,4.923664,17.84755,-22.71079,4.915262,18.03883
256.2469,-22.76137,5.069655,17.85862,-22.75114,4.923664,17.84755,-22.71079,4.915262,18.03883
256.2802,-22.76374,5.069054,17.86142,-22.75114,4.923664,17.84755,-22.71079,4.915262,18.03883
256.3136,-22.76308,5.068589,17.86287,-22.75114,4.923664,17.84755,-22.71079,4.915262,18.03883
256.3469,-22.76397,5.068524,17.86324,-22.75114,4.923664,17.84755,-22.71079,4.915262,18.03883
256.3802,-22.76404,5.066979,17.86306,-22.75114,4.923664,17.84755,-22.71079,4.915262,18.03883
256.4135,-22.763,5.066156,17.86367,-22.75114,4.923664,17.84755,-22.71079,4.915262,18.03883
256.4469,-22.76134,5.065333,17.86398,-22.75114,4.923664,17.84755,-22.71079,4.915262,18.03883
256.4802,-22.75979,5.063427,17.86234,-22.75114,4.923664,17.84755,-22.71079,4.915262,18.03883
256.5135,-22.76036,5.061163,17.86106,-22.75114,4.923664,17.84755,-22.71079,4.915262,18.03883
256.5469,-22.76196,5.059559,17.86155,-22.75114,4.923664,17.84755,-22.71079,4.915262,18.03883
256.5802,-22.76102,5.058216,17.8596,-22.75114,4.923664,17.84755,-22.71079,4.915262,18.03883
256.6136,-22.76114,5.057138,17.85765,-22.75114,4.923664,17.84755,-22.71079,4.915262,18.03883
256.6469,-22.76164,5.056423,17.85655,-22.75114,4.923664,17.84755,-22.71079,4.915262,18.03883
256.6802,-22.76172,5.054881,17.85636,-22.75114,4.923664,17.84755,-22.71079,4.915262,18.03883
256.7136,-22.76231,5.05434,17.85508,-22.75114,4.923664,17.84755,-22.71079,4.915262,18.03883
256.7469,-22.76321,5.051749,17.85545,-22.75114,4.923664,17.84755,-22.71079,4.915262,18.03883
256.7802,-22.76183,5.051605,17.85283,-22.75114,4.923664,17.84755,-22.71079,4.915262,18.03883
256.8136,-22.76233,5.050895,17.85173,-22.75114,4.923664,17.84755,-22.71079,4.915262,18.03883
256.8469,-22.76241,5.049353,17.85153,-22.75114,4.923664,17.84755,-22.71079,4.915262,18.03883
256.8802,-22.76225,5.048167,17.85188,-22.75114,4.923664,17.84755,-22.71079,4.915262,18.03883
256.9135,-22.76183,5.047336,17.85279,-22.75114,4.923664,17.84755,-22.71079,4.915262,18.03883
256.9469,-22.76256,5.046087,17.85351,-22.75114,4.923664,17.84755,-22.71079,4.915262,18.03883
256.9802,-22.76222,5.043367,17.85025,-22.75114,4.923664,17.84755,-22.71079,4.915262,18.03883
257.0135,-22.76259,5.041171,17.85108,-22.77315,4.918837,17.8142,-22.71079,4.915262,18.03883
257.0469,-22.76192,5.040693,17.85253,-22.77332,4.918689,17.81562,-22.71079,4.915262,18.03883
257.0802,-22.76192,5.040693,17.85253,-22.77258,4.918345,17.81727,-22.71079,4.915262,18.03883
257.1136,-22.76041,5.040756,17.85185,-22.77258,4.918345,17.81727,-22.71079,4.915262,18.03883
257.1469,-22.76259,5.04117,17.85108,-22.77094,4.918155,17.81645,-22.71079,4.915262,18.03883
257.1802,-22.76174,5.041714,17.84895,-22.77332,4.918689,17.81562,-22.71079,4.915262,18.03883
257.2136,-22.76308,5.042681,17.84604,-22.77243,4.918841,17.81315,-22.71079,4.915262,18.03883
257.2469,-22.76391,5.043496,17.84423,-22.77393,4.919528,17.80985,-22.71079,4.915262,18.03883
257.2802,-22.76306,5.04405,17.84211,-22.77487,4.91996,17.80777,-22.71079,4.915262,18.03883
257.3136,-22.76459,5.044191,17.84041,-22.77398,4.920115,17.8053,-22.71079,4.915262,18.03883
257.3469,-22.76858,5.042381,17.83892,-22.77555,4.920625,17.8035,-22.71079,4.915262,18.03883
257.3802,-22.77011,5.04253,17.83722,-22.77954,4.921451,17.80261,-22.71079,4.915262,18.03883
257.4135,-22.77011,5.04253,17.83722,-22.7811,4.921961,17.80081,-22.71079,4.915262,18.03883
257.4469,-22.77205,5.043529,17.83462,-22.7811,4.921961,17.80081,-22.71079,4.915262,18.03883
257.4802,-22.77398,5.044537,17.83203,-22.78319,4.922712,17.79782,-22.71079,4.915262,18.03883
257.5135,-22.7753,5.045554,17.82914,-22.78527,4.923464,17.79483,-22.71079,4.915262,18.03883
257.5469,-22.77682,5.045489,17.82981,-22.78676,4.924151,17.79153,-22.71079,4.915262,18.03883
257.5802,-22.77715,5.044476,17.82906,-22.7884,4.924341,17.79234,-22.71079,4.915262,18.03883
257.6136,-22.77805,5.042082,17.83034,-22.78867,4.924451,17.79185,-22.71079,4.915262,18.03883
257.6469,-22.77885,5.041005,17.8342,-22.78926,4.924296,17.79392,-22.71079,4.915262,18.03883
257.6802,-22.77946,5.041005,17.83449,-22.79001,4.923868,17.79834,-22.71079,4.915262,18.03883
257.7136,-22.78286,5.041452,17.8343,-22.7906,4.923934,17.79865,-22.71079,4.915262,18.03883
257.7469,-22.78564,5.041903,17.83382,-22.79414,4.924718,17.79847,-22.71079,4.915262,18.03883
257.7802,-22.78798,5.042687,17.83267,-22.79709,4.925455,17.79798,-22.71079,4.915262,18.03883
257.8136,-22.79015,5.043147,17.8319,-22.79964,4.926167,17.79673,-22.71079,4.915262,18.03883
257.8469,-22.79171,5.04361,17.83082,-22.80199,4.926867,17.79594,-22.71079,4.915262,18.03883
257.8802,-22.7938,5.03848,17.82615,-22.80376,4.927463,17.79483,-22.71079,4.915262,18.03883
257.9135,-22.79599,5.036338,17.82528,-22.80537,4.928205,17.79166,-22.71079,4.915262,18.03883
257.9469,-22.79629,5.03394,17.82623,-22.80741,4.928765,17.79171,-22.71079,4.915262,18.03883
257.9802,-22.79776,5.033377,17.82863,-22.80741,4.928604,17.79346,-22.71079,4.915262,18.03883
258.0135,-22.79624,5.033424,17.82796,-22.80886,4.928744,17.79627,-22.71079,4.915262,18.03883
258.0469,-22.79928,5.033332,17.8293,-22.80726,4.928379,17.79541,-22.71079,4.915262,18.03883
258.0802,-22.79883,5.033659,17.82865,-22.81046,4.92911,17.79712,-22.71079,4.915262,18.03883
258.1136,-22.80252,5.034094,17.82854,-22.81007,4.929071,17.79636,-22.71079,4.915262,18.03883
258.1469,-22.80534,5.035097,17.82632,-22.814,4.930156,17.79643,-22.71079,4.915262,18.03883
258.1802,-22.80736,5.034383,17.82588,-22.81706,4.931231,17.79402,-22.71079,4.915262,18.03883
258.2136,-22.80911,5.034237,17.8236,-22.8191,4.931802,17.79395,-22.71079,4.915262,18.03883
258.2469,-22.81124,5.034202,17.82456,-22.82084,4.932495,17.79171,-22.71079,4.915262,18.03883
258.2802,-22.81189,5.034731,17.82311,-22.82301,4.932988,17.79288,-22.71079,4.915262,18.03883
258.3136,-22.81405,5.035229,17.82234,-22.82374,4.933342,17.79126,-22.71079,4.915262,18.03883
258.3469,-22.81682,5.035731,17.82185,-22.82606,4.93406,17.79047,-22.71079,4.915262,18.03883
258.3802,-22.81964,5.036775,17.81963,-22.82896,4.934908,17.79001,-22.71079,4.915262,18.03883
258.4135,-22.82543,5.037241,17.82048,-22.832,4.935979,17.7876,-22.71079,4.915262,18.03883
258.4469,-22.82884,5.038304,17.81855,-22.83802,4.937959,17.78896,-22.71079,4.915262,18.03883
258.4802,-22.83376,5.039362,17.81728,-22.84164,4.939136,17.78685,-22.71079,4.915262,18.03883
258.5135,-22.83677,5.039568,17.81623,-22.84692,4.940127,17.7854,-22.71079,4.915262,18.03883
258.5469,-22.83942,5.039452,17.81435,-22.85006,4.940712,17.78435,-22.71079,4.915262,18.03883
258.5802,-22.84418,5.039335,17.81341,-22.85284,4.941203,17.78251,-22.71079,4.915262,18.03883
258.6136,-22.84835,5.040037,17.8081,-22.85777,4.94215,17.7818,-22.71079,4.915262,18.03883
258.6469,-22.85187,5.039384,17.80833,-22.86241,4.942011,17.77576,-22.71079,4.915262,18.03883
258.6802,-22.85511,5.039307,17.80672,-22.86598,4.942866,17.77651,-22.71079,4.915262,18.03883
258.7136,-22.8581,5.039558,17.80566,-22.86935,4.943256,17.7749,-22.71079,4.915262,18.03883
258.7469,-22.85986,5.039242,17.80577,-22.8725,4.94369,17.77378,-22.71079,4.915262,18.03883
258.7802,-22.86011,5.03892,17.80522,-22.87428,4.944116,17.77415,-22.71079,4.915262,18.03883
258.8136,-22.86331,5.038284,17.8053,-22.8745,4.94407,17.77365,-22.71079,4.915262,18.03883
258.8469,-22.86816,5.038881,17.80573,-22.87763,4.944788,17.77414,-22.71079,4.915262,18.03883
258.8802,-22.87002,5.040038,17.80312,-22.88273,4.945398,17.77454,-22.71079,4.915262,18.03883
258.9135,-22.87378,5.039113,17.80279,-22.88498,4.944736,17.77106,-22.71079,4.915262,18.03883
258.9469,-22.8793,5.037845,17.79843,-22.88889,4.944622,17.77098,-22.71079,4.915262,18.03883
258.9802,-22.88306,5.036943,17.79809,-22.89478,4.943678,17.76643,-22.71079,4.915262,18.03883
259.0135,-22.88631,5.037529,17.79479,-22.89869,4.943563,17.76635,-22.71079,4.915262,18.03883
259.0469,-22.88918,5.037217,17.79236,-22.90244,4.942761,17.76229,-22.71079,4.915262,18.03883
259.0802,-22.89005,5.037507,17.79037,-22.90559,4.942209,17.75958,-22.71079,4.915262,18.03883
259.1136,-22.89071,5.038717,17.78727,-22.90666,4.941762,17.75717,-22.71079,4.915262,18.03883
259.1469,-22.89284,5.039354,17.78652,-22.90778,4.941032,17.75314,-22.71079,4.915262,18.03883
259.1802,-22.89471,5.041189,17.78225,-22.91025,4.94077,17.752,-22.71079,4.915262,18.03883
259.2136,-22.89533,5.041805,17.78083,-22.91281,4.939713,17.7463,-22.71079,4.915262,18.03883
259.2469,-22.89619,5.042117,17.77885,-22.91367,4.93936,17.7444,-22.71079,4.915262,18.03883
259.2802,-22.89619,5.042117,17.77885,-22.91475,4.93891,17.74197,-22.71079,4.915262,18.03883
259.3136,-22.89697,5.043064,17.77707,-22.91475,4.938909,17.74197,-22.71079,4.915262,18.03883
259.3469,-22.89759,5.043685,17.77565,-22.91585,4.938459,17.73954,-22.71079,4.915262,18.03883
259.3802,-22.89846,5.044007,17.77367,-22.91671,4.938104,17.73763,-22.71079,4.915262,18.03883
259.4135,-22.89871,5.043704,17.77312,-22.9178,4.937658,17.73519,-22.71079,4.915262,18.03883
259.4469,-22.89954,5.043401,17.77281,-22.91802,4.937577,17.73467,-22.71079,4.915262,18.03883
259.4802,-22.89978,5.043097,17.77225,-22.91881,4.937519,17.73439,-22.71079,4.915262,18.03883
259.5135,-22.89978,5.043097,17.77225,-22.91904,4.937437,17.73387,-22.71079,4.915262,18.03883
259.5469,-22.90129,5.043129,17.77292,-22.91904,4.937437,17.73387,-22.71079,4.915262,18.03883
259.5802,-22.90129,5.043129,17.77292,-22.92067,4.937507,17.73461,-22.71079,4.915262,18.03883
259.6136,-22.90003,5.042794,17.7717,-22.92067,4.937507,17.73461,-22.71079,4.915262,18.03883
259.6469,-22.90251,5.041618,17.77014,-22.91927,4.937356,17.73335,-22.71079,4.915262,18.03883
259.6802,-22.90474,5.037051,17.76413,-22.92018,4.945831,17.73519,-22.71079,4.915262,18.03883
259.7136,-22.90458,5.035181,17.76609,-22.92337,4.936311,17.72687,-22.71079,4.915262,18.03883
259.7469,-22.90038,5.036029,17.76398,-22.92268,4.936766,17.72986,-22.71079,4.915262,18.03883
259.7802,-22.89801,5.037204,17.76143,-22.92268,4.936766,17.72986,-22.71079,4.915262,18.03883
259.8136,-22.90354,5.037848,17.76097,-22.92268,4.936766,17.72986,-22.71079,4.915262,18.03883
259.8469,-22.90768,5.037547,17.76475,-22.92268,4.936766,17.72986,-22.71079,4.915262,18.03883
259.8802,-22.91786,5.037256,17.77022,-22.92268,4.936766,17.72986,-22.71079,4.915262,18.03883
259.9135,-22.93348,5.037639,17.77615,-22.92268,4.936766,17.72986,-22.71079,4.915262,18.03883
259.9469,-22.94938,5.036496,17.78581,-22.92268,4.936766,17.72986,-22.71079,4.915262,18.03883
259.9802,-22.96333,5.034131,17.79783,-22.92268,4.936766,17.72986,-22.71079,4.915262,18.03883
260.0135,-22.97672,5.033059,17.80621,-22.92268,4.936766,17.72986,-22.71079,4.915262,18.03883
260.0469,-22.99124,5.030862,17.8182,-22.92268,4.936766,17.72986,-22.71079,4.915262,18.03883
260.0802,-23.00794,5.027595,17.83121,-22.92268,4.936766,17.72986,-22.71079,4.915262,18.03883
260.1136,-23.01686,5.024474,17.84006,-22.92268,4.936766,17.72986,-22.71079,4.915262,18.03883
260.1469,-23.02886,5.020272,17.8492,-22.92268,4.936766,17.72986,-22.71079,4.915262,18.03883
260.1802,-23.03536,5.01595,17.85636,-22.92268,4.936766,17.72986,-22.71079,4.915262,18.03883
260.2136,-23.04021,5.013031,17.86133,-22.92268,4.936766,17.72986,-22.71079,4.915262,18.03883
260.2469,-23.04661,5.006802,17.87091,-22.92268,4.936766,17.72986,-22.71079,4.915262,18.03883
260.2802,-23.04898,4.999998,17.88006,-22.92268,4.936766,17.72986,-22.71079,4.915262,18.03883
260.3136,-23.05361,4.995049,17.88906,-22.92268,4.936766,17.72986,-22.71079,4.915262,18.03883
260.3469,-23.05567,4.990419,17.89964,-22.92268,4.936766,17.72986,-22.71079,4.915262,18.03883
260.3802,-23.05631,4.988124,17.90622,-22.92268,4.936766,17.72986,-22.71079,4.915262,18.03883
260.4135,-23.05989,4.986915,17.91035,-22.92268,4.936766,17.72986,-22.71079,4.915262,18.03883
260.4469,-23.06383,4.984947,17.91672,-22.92268,4.936766,17.72986,-22.71079,4.915262,18.03883
260.4802,-23.06914,4.982317,17.92108,-22.92268,4.936766,17.72986,-22.71079,4.915262,18.03883
260.5135,-23.07151,4.980874,17.92624,-22.92268,4.936766,17.72986,-22.71079,4.915262,18.03883
260.5469,-23.07469,4.982528,17.93189,-22.92268,4.936766,17.72986,-22.71079,4.915262,18.03883
260.5802,-23.07452,4.982074,17.93348,-22.92268,4.936766,17.72986,-22.71079,4.915262,18.03883
260.6136,-23.07477,4.982129,17.93472,-22.92268,4.936766,17.72986,-22.71079,4.915262,18.03883
260.6469,-23.07622,4.982781,17.93484,-22.92268,4.936766,17.72986,-22.71079,4.915262,18.03883
260.6802,-23.07726,4.984346,17.93369,-22.92268,4.936766,17.72986,-22.71079,4.915262,18.03883
260.7136,-23.07788,4.984824,17.93388,-22.92268,4.936766,17.72986,-22.71079,4.915262,18.03883
260.7469,-23.0799,4.987483,17.9311,-22.92268,4.936766,17.72986,-22.71079,4.915262,18.03883
260.7802,-23.08411,4.990927,17.92829,-22.92268,4.936766,17.72986,-22.71079,4.915262,18.03883
260.8136,-23.08894,4.993642,17.92354,-22.92268,4.936766,17.72986,-22.71079,4.915262,18.03883
260.8469,-23.10134,4.994701,17.91685,-22.92268,4.936766,17.72986,-22.71079,4.915262,18.03883
260.8802,-23.11848,4.990753,17.91011,-22.92268,4.936766,17.72986,-22.71079,4.915262,18.03883
260.9135,-23.11907,4.991109,17.90669,-22.92268,4.936766,17.72986,-22.71079,4.915262,18.03883
260.9469,-23.12056,4.992196,17.9038,-22.92268,4.936766,17.72986,-22.71079,4.915262,18.03883
260.9802,-23.11971,4.991109,17.90685,-22.92268,4.936766,17.72986,-22.71079,4.915262,18.03883
261.0135,-23.11685,4.992146,17.91093,-22.92268,4.936766,17.72986,-22.71079,4.915262,18.03883
261.0469,-23.11381,4.99353,17.91562,-22.92268,4.936766,17.72986,-22.71079,4.915262,18.03883
261.0802,-23.11035,4.994411,17.92184,-22.92268,4.936766,17.72986,-22.71079,4.915262,18.03883
261.1136,-23.10456,4.996794,17.92772,-22.92268,4.936766,17.72986,-22.71079,4.915262,18.03883
261.1469,-23.09694,5.000243,17.93507,-22.92268,4.936766,17.72986,-22.71079,4.915262,18.03883
261.1802,-23.09013,5.003342,17.94084,-22.92268,4.936766,17.72986,-22.71079,4.915262,18.03883
261.2136,-23.08445,5.008306,17.95123,-22.92268,4.936766,17.72986,-22.71079,4.915262,18.03883
261.2469,-23.07568,5.014532,17.96142,-22.92268,4.936766,17.72986,-22.71079,4.915262,18.03883
261.2802,-23.07006,5.018911,17.96292,-22.92268,4.936766,17.72986,-22.71079,4.915262,18.03883
261.3136,-23.06363,5.022198,17.96119,-22.92268,4.936766,17.72986,-22.71079,4.915262,18.03883
261.3469,-23.05599,5.02615,17.96375,-22.92268,4.936766,17.72986,-22.71079,4.915262,18.03883
261.3802,-23.04725,5.029068,17.96408,-22.92268,4.936766,17.72986,-22.71079,4.915262,18.03883
261.4135,-23.04338,5.029887,17.96196,-22.92268,4.936766,17.72986,-22.71079,4.915262,18.03883
261.4469,-23.03362,5.030357,17.96742,-22.92268,4.936766,17.72986,-22.71079,4.915262,18.03883
261.4802,-23.02864,5.028997,17.97339,-22.92268,4.936766,17.72986,-22.71079,4.915262,18.03883
261.5135,-23.02528,5.027678,17.97984,-22.92268,4.936766,17.72986,-22.71079,4.915262,18.03883
261.5469,-23.02422,5.026644,17.99224,-22.92268,4.936766,17.72986,-22.71079,4.915262,18.03883
261.5802,-23.02166,5.02764,18.00511,-22.92268,4.936766,17.72986,-22.71079,4.915262,18.03883
261.6136,-23.01709,5.028767,18.01742,-22.92268,4.936766,17.72986,-22.71079,4.915262,18.03883
261.6469,-23.01006,5.031614,18.03626,-22.92268,4.936766,17.72986,-22.71079,4.915262,18.03883
261.6802,-23.00065,5.034472,18.05847,-22.92268,4.936766,17.72986,-22.71079,4.915262,18.03883
261.7136,-22.98856,5.035441,18.07851,-22.92268,4.936766,17.72986,-22.71079,4.915262,18.03883
261.7469,-22.97679,5.035822,18.10303,-22.92268,4.936766,17.72986,-22.71079,4.915262,18.03883
261.7802,-22.96615,5.035758,18.12637,-22.92268,4.936766,17.72986,-22.71079,4.915262,18.03883
261.8136,-22.96012,5.03763,18.14206,-22.92268,4.936766,17.72986,-22.71079,4.915262,18.03883
261.8469,-22.95739,5.038157,18.16106,-22.92268,4.936766,17.72986,-22.71079,4.915262,18.03883
261.8802,-22.95496,5.039322,18.17927,-22.92268,4.936766,17.72986,-22.71079,4.915262,18.03883
261.9135,-22.95708,5.039236,18.19635,-22.92268,4.936766,17.72986,-22.71079,4.915262,18.03883
261.9469,-22.96878,5.039488,18.20205,-22.92268,4.936766,17.72986,-22.71079,4.915262,18.03883
261.9802,-22.97837,5.038888,18.20679,-22.92268,4.936766,17.72986,-22.71079,4.915262,18.03883
262.0135,-22.98725,5.038765,18.21489,-22.92268,4.936766,17.72986,-22.71079,4.915262,18.03883
262.0469,-22.99939,5.03798,18.22663,-22.92268,4.936766,17.72986,-22.71079,4.915262,18.03883
262.0802,-23.01844,5.037016,18.24164,-22.92268,4.936766,17.72986,-22.71079,4.915262,18.03883
262.1136,-23.03169,5.036329,18.25336,-22.92268,4.936766,17.72986,-22.71079,4.915262,18.03883
262.1469,-23.04654,5.035774,18.26541,-22.92268,4.936766,17.72986,-22.71079,4.915262,18.03883
262.1802,-23.06558,5.035152,18.28168,-22.92268,4.936766,17.72986,-22.71079,4.915262,18.03883
262.2136,-23.08505,5.034844,18.29272,-22.92268,4.936766,17.72986,-22.71079,4.915262,18.03883
262.2469,-23.10912,5.034597,18.30622,-22.92268,4.936766,17.72986,-22.71079,4.915262,18.03883
262.2802,-23.13755,5.034617,18.31517,-22.92268,4.936766,17.72986,-22.71079,4.915262,18.03883
262.3136,-23.15875,5.034926,18.31402,-22.92268,4.936766,17.72986,-22.71079,4.915262,18.03883
262.3469,-23.17426,5.035903,18.30726,-22.92268,4.936766,17.72986,-22.71079,4.915262,18.03883
262.3802,-23.18648,5.039568,18.29543,-22.92268,4.936766,17.72986,-22.71079,4.915262,18.03883
262.4135,-23.19661,5.044307,18.27241,-22.92268,4.936766,17.72986,-22.71079,4.915262,18.03883
262.4469,-23.203,5.049495,18.23769,-22.92268,4.936766,17.72986,-22.71079,4.915262,18.03883
262.4802,-23.21063,5.052839,18.20532,-22.92268,4.936766,17.72986,-22.71079,4.915262,18.03883
262.5135,-23.21863,5.056827,18.17081,-22.92268,4.936766,17.72986,-22.71079,4.915262,18.03883
262.5469,-23.22453,5.061862,18.13834,-22.92268,4.936766,17.72986,-22.71079,4.915262,18.03883
262.5802,-23.22867,5.064631,18.11136,-22.92268,4.936766,17.72986,-22.71079,4.915262,18.03883
262.6136,-23.22698,5.067492,18.09618,-22.92268,4.936766,17.72986,-22.71079,4.915262,18.03883
262.6469,-23.22444,5.069317,18.08348,-22.92268,4.936766,17.72986,-22.71079,4.915262,18.03883
262.6802,-23.2241,5.070251,18.07614,-22.92268,4.936766,17.72986,-22.71079,4.915262,18.03883
262.7136,-23.22586,5.072397,18.06652,-22.92268,4.936766,17.72986,-22.71079,4.915262,18.03883
262.7469,-23.2254,5.073818,18.0598,-22.92268,4.936766,17.72986,-22.71079,4.915262,18.03883
262.7802,-23.22293,5.07369,18.05479,-22.92268,4.936766,17.72986,-22.71079,4.915262,18.03883
262.8136,-23.22249,5.071843,18.05721,-22.92268,4.936766,17.72986,-22.71079,4.915262,18.03883
262.8469,-23.22037,5.068931,18.05951,-22.92268,4.936766,17.72986,-22.71079,4.915262,18.03883
262.8802,-23.21927,5.065134,18.06553,-22.92268,4.936766,17.72986,-22.71079,4.915262,18.03883
262.9135,-23.21857,5.062226,18.06935,-22.92268,4.936766,17.72986,-22.71079,4.915262,18.03883
262.9469,-23.21717,5.059005,18.07697,-22.92268,4.936766,17.72986,-22.71079,4.915262,18.03883
262.9802,-23.21507,5.054718,18.08842,-22.92268,4.936766,17.72986,-22.71079,4.915262,18.03883
263.0135,-23.21339,5.049158,18.10557,-22.92268,4.936766,17.72986,-22.71079,4.915262,18.03883
263.0469,-23.21196,5.043017,18.12155,-22.92268,4.936766,17.72986,-22.71079,4.915262,18.03883
263.0802,-23.20889,5.035646,18.1331,-22.92268,4.936766,17.72986,-22.71079,4.915262,18.03883
263.1136,-23.21078,5.027765,18.14031,-22.92268,4.936766,17.72986,-22.71079,4.915262,18.03883
263.1469,-23.21119,5.013777,18.14629,-22.92268,4.936766,17.72986,-22.71079,4.915262,18.03883
263.1802,-23.2103,5.00738,18.15437,-22.92268,4.936766,17.72986,-22.71079,4.915262,18.03883
263.2136,-23.21218,5.008285,18.16475,-22.92268,4.936766,17.72986,-22.71079,4.915262,18.03883
263.2469,-23.21392,5.008991,18.17571,-22.92268,4.936766,17.72986,-22.71079,4.915262,18.03883
263.2802,-23.21491,5.009043,18.17986,-22.92268,4.936766,17.72986,-22.71079,4.915262,18.03883
263.3136,-23.21483,5.009064,18.1807,-22.92268,4.936766,17.72986,-22.71079,4.915262,18.03883
263.3469,-23.21653,5.008893,18.18259,-22.92268,4.936766,17.72986,-22.71079,4.915262,18.03883
263.3802,-23.21817,5.008651,18.18382,-22.92268,4.936766,17.72986,-22.71079,4.915262,18.03883
263.4135,-23.21951,5.008418,18.18586,-22.92268,4.936766,17.72986,-22.71079,4.915262,18.03883
263.4469,-23.22224,5.007723,18.18813,-22.92268,4.936766,17.72986,-22.71079,4.915262,18.03883
263.4802,-23.21923,4.993818,18.19029,-22.92268,4.936766,17.72986,-22.71079,4.915262,18.03883
263.5135,-23.21524,4.970736,18.19102,-22.92268,4.936766,17.72986,-22.71079,4.915262,18.03883
263.5469,-23.21635,4.970471,18.19407,-22.92268,4.936766,17.72986,-22.71079,4.915262,18.03883
263.5802,-23.21595,4.970384,18.17966,-22.92268,4.936766,17.72986,-22.71079,4.915262,18.03883
263.6136,-23.21788,4.979094,18.18215,-22.92268,4.936766,17.72986,-22.71079,4.915262,18.03883
263.6469,-23.22831,5.001595,18.16707,-22.92268,4.936766,17.72986,-22.71079,4.915262,18.03883
263.6802,-23.22681,5.002806,18.15355,-22.92268,4.936766,17.72986,-22.71079,4.915262,18.03883
263.7136,-23.22738,5.000402,18.14555,-22.92268,4.936766,17.72986,-22.71079,4.915262,18.03883
263.7469,-23.22888,4.994072,18.12873,-22.92268,4.936766,17.72986,-22.71079,4.915262,18.03883
263.7802,-23.22831,4.994603,18.12058,-22.92268,4.936766,17.72986,-22.71079,4.915262,18.03883
263.8136,-23.22809,4.987295,18.11925,-22.92268,4.936766,17.72986,-22.71079,4.915262,18.03883
263.8469,-23.23017,4.983102,18.11106,-22.92268,4.936766,17.72986,-22.71079,4.915262,18.03883
263.8802,-23.23063,4.984754,18.10264,-22.92268,4.936766,17.72986,-22.71079,4.915262,18.03883
263.9135,-23.22936,4.982998,18.10117,-22.92268,4.936766,17.72986,-22.71079,4.915262,18.03883
263.9469,-23.22784,4.982709,18.09664,-22.92268,4.936766,17.72986,-22.71079,4.915262,18.03883
263.9802,-23.22749,4.98281,18.09242,-22.92268,4.936766,17.72986,-22.71079,4.915262,18.03883
264.0135,-23.22764,4.983121,18.08808,-22.92268,4.936766,17.72986,-22.71079,4.915262,18.03883
264.0469,-23.22606,4.98404,18.07882,-22.92268,4.936766,17.72986,-22.71079,4.915262,18.03883
264.0802,-23.22621,4.986058,18.06887,-22.92268,4.936766,17.72986,-22.71079,4.915262,18.03883
264.1136,-23.22729,4.988207,18.05914,-22.92268,4.936766,17.72986,-22.71079,4.915262,18.03883
264.1469,-23.22747,4.991775,18.04512,-22.92268,4.936766,17.72986,-22.71079,4.915262,18.03883
264.1802,-23.22879,4.998432,18.02648,-22.92268,4.936766,17.72986,-22.71079,4.915262,18.03883
264.2136,-23.2278,5.002774,18.01508,-22.92268,4.936766,17.72986,-22.71079,4.915262,18.03883
264.2469,-23.22605,5.007972,18.00252,-22.92268,4.936766,17.72986,-22.71079,4.915262,18.03883
264.2802,-23.22409,5.012323,17.99113,-22.92268,4.936766,17.72986,-22.71079,4.915262,18.03883
264.3136,-23.2221,5.01454,17.98361,-22.92268,4.936766,17.72986,-22.71079,4.915262,18.03883
264.3469,-23.21964,5.016774,17.97498,-22.92268,4.936766,17.72986,-22.71079,4.915262,18.03883
264.3802,-23.21792,5.022954,17.96605,-22.92268,4.936766,17.72986,-22.71079,4.915262,18.03883
264.4135,-23.21368,5.027731,17.96152,-22.92268,4.936766,17.72986,-22.71079,4.915262,18.03883
264.4469,-23.20595,5.035377,17.95398,-22.92268,4.936766,17.72986,-22.71079,4.915262,18.03883
264.4802,-23.19943,5.042436,17.94541,-22.92268,4.936766,17.72986,-22.71079,4.915262,18.03883
264.5135,-23.19272,5.047022,17.93979,-22.92268,4.936766,17.72986,-22.71079,4.915262,18.03883
264.5469,-23.17893,5.052896,17.9324,-22.92268,4.936766,17.72986,-22.71079,4.915262,18.03883
264.5802,-23.1663,5.058037,17.92622,-22.92268,4.936766,17.72986,-22.71079,4.915262,18.03883
264.6136,-23.15499,5.063699,17.9237,-22.92268,4.936766,17.72986,-22.71079,4.915262,18.03883
264.6469,-23.14161,5.070829,17.92318,-22.92268,4.936766,17.72986,-22.71079,4.915262,18.03883
264.6802,-23.1243,5.077076,17.91716,-22.92268,4.936766,17.72986,-22.71079,4.915262,18.03883
264.7136,-23.11296,5.07976,17.90847,-22.92268,4.936766,17.72986,-22.71079,4.915262,18.03883
264.7469,-23.10457,5.080105,17.90502,-22.92268,4.936766,17.72986,-22.71079,4.915262,18.03883
264.7802,-23.09768,5.079657,17.90572,-22.92268,4.936766,17.72986,-22.71079,4.915262,18.03883
264.8136,-23.0928,5.078918,17.90806,-22.92268,4.936766,17.72986,-22.71079,4.915262,18.03883
264.8469,-23.09179,5.078617,17.90967,-22.92268,4.936766,17.72986,-22.71079,4.915262,18.03883
264.8802,-23.08961,5.078884,17.91209,-22.92268,4.936766,17.72986,-22.71079,4.915262,18.03883
264.9135,-23.08883,5.078177,17.91578,-22.92268,4.936766,17.72986,-22.71079,4.915262,18.03883
264.9469,-23.08579,5.0776,17.919,-22.92268,4.936766,17.72986,-22.71079,4.915262,18.03883
264.9802,-23.08514,5.076572,17.92211,-22.92268,4.936766,17.72986,-22.71079,4.915262,18.03883
265.0135,-23.08513,5.075552,17.92539,-22.92268,4.936766,17.72986,-22.71079,4.915262,18.03883
265.0469,-23.08674,5.074419,17.92898,-22.92268,4.936766,17.72986,-22.71079,4.915262,18.03883
265.0802,-23.08695,5.073264,17.93458,-22.92268,4.936766,17.72986,-22.71079,4.915262,18.03883
265.1136,-23.0863,5.072274,17.9377,-22.92268,4.936766,17.72986,-22.71079,4.915262,18.03883
265.1469,-23.08706,5.070333,17.9421,-22.92268,4.936766,17.72986,-22.71079,4.915262,18.03883
265.1802,-23.08622,5.067564,17.9495,-22.92268,4.936766,17.72986,-22.71079,4.915262,18.03883
265.2136,-23.08525,5.065197,17.95751,-22.92268,4.936766,17.72986,-22.71079,4.915262,18.03883
265.2469,-23.08493,5.06473,17.95907,-22.92268,4.936766,17.72986,-22.71079,4.915262,18.03883
265.2802,-23.08473,5.063907,17.96005,-22.92268,4.936766,17.72986,-22.71079,4.915262,18.03883
265.3136,-23.08507,5.063443,17.9618,-22.92268,4.936766,17.72986,-22.71079,4.915262,18.03883
265.3469,-23.08933,5.062751,17.96431,-22.92268,4.936766,17.72986,-22.71079,4.915262,18.03883
265.3802,-23.09227,5.062069,17.96648,-22.92268,4.936766,17.72986,-22.71079,4.915262,18.03883
265.4135,-23.09795,5.061393,17.96696,-22.92268,4.936766,17.72986,-22.71079,4.915262,18.03883
265.4469,-23.10448,5.061001,17.96816,-22.92268,4.936766,17.72986,-22.71079,4.915262,18.03883
265.4802,-23.11132,5.061101,17.96781,-22.92268,4.936766,17.72986,-22.71079,4.915262,18.03883
265.5135,-23.11424,5.061397,17.96668,-22.92268,4.936766,17.72986,-22.71079,4.915262,18.03883
265.5469,-23.11782,5.061702,17.96573,-22.92268,4.936766,17.72986,-22.71079,4.915262,18.03883
265.5802,-23.12042,5.061552,17.96618,-22.92268,4.936766,17.72986,-22.71079,4.915262,18.03883
265.6136,-23.11999,5.060835,17.96484,-22.92268,4.936766,17.72986,-22.71079,4.915262,18.03883
265.6469,-23.12201,5.059017,17.96317,-22.92268,4.936766,17.72986,-22.71079,4.915262,18.03883
265.6802,-23.12133,5.056222,17.96649,-22.92268,4.936766,17.72986,-22.71079,4.915262,18.03883
265.7136,-23.12069,5.055011,17.9677,-22.92268,4.936766,17.72986,-22.71079,4.915262,18.03883
265.7469,-23.11473,5.055545,17.96472,-22.92268,4.936766,17.72986,-22.71079,4.915262,18.03883
265.7802,-23.11227,5.05564,17.95982,-22.92268,4.936766,17.72986,-22.71079,4.915262,18.03883
265.8136,-23.11187,5.054574,17.95986,-22.92268,4.936766,17.72986,-22.71079,4.915262,18.03883
265.8469,-23.10926,5.054765,17.95904,-22.92268,4.936766,17.72986,-22.71079,4.915262,18.03883
265.8802,-23.10764,5.055789,17.95543,-22.92268,4.936766,17.72986,-22.71079,4.915262,18.03883
265.9135,-23.10927,5.055718,17.95575,-22.92268,4.936766,17.72986,-22.71079,4.915262,18.03883
265.9469,-23.10797,5.056268,17.95386,-22.92268,4.936766,17.72986,-22.71079,4.915262,18.03883
265.9802,-23.1096,5.056199,17.95419,-22.92268,4.936766,17.72986,-22.71079,4.915262,18.03883
266.0135,-23.11034,5.057385,17.95397,-22.92268,4.936766,17.72986,-22.71079,4.915262,18.03883
266.0469,-23.10959,5.059259,17.94956,-22.92268,4.936766,17.72986,-22.71079,4.915262,18.03883
266.0802,-23.11155,5.059679,17.94832,-22.92268,4.936766,17.72986,-22.71079,4.915262,18.03883
266.1136,-23.11309,5.059291,17.94904,-22.92268,4.936766,17.72986,-22.71079,4.915262,18.03883
266.1469,-23.11493,5.060065,17.9484,-22.92268,4.936766,17.72986,-22.71079,4.915262,18.03883
266.1802,-23.11781,5.060991,17.95083,-23.11729,4.953137,17.91528,-22.71079,4.915262,18.03883
266.2136,-23.11777,5.062532,17.95104,-23.12044,4.95346,17.91772,-22.71079,4.915262,18.03883
266.2469,-23.11973,5.062962,17.94981,-23.12045,4.953457,17.91746,-22.71079,4.915262,18.03883
266.2802,-23.12072,5.063454,17.9484,-23.12258,4.953643,17.91603,-22.71079,4.915262,18.03883
266.3136,-23.12234,5.063397,17.94873,-23.1236,4.953721,17.91434,-22.71079,4.915262,18.03883
266.3469,-23.12137,5.063454,17.94856,-23.12536,4.953891,17.91477,-22.71079,4.915262,18.03883
266.3802,-23.12333,5.062905,17.9506,-23.12424,4.953783,17.91452,-22.71079,4.915262,18.03883
266.4135,-23.12366,5.062415,17.95231,-23.12627,4.954001,17.91698,-22.71079,4.915262,18.03883
266.4469,-23.12432,5.062415,17.95247,-23.12654,4.954048,17.919,-22.71079,4.915262,18.03883
266.4802,-23.12477,5.061575,17.95359,-23.12719,4.954111,17.91918,-22.71079,4.915262,18.03883
266.5135,-23.12601,5.060386,17.95428,-23.12758,4.954164,17.92068,-22.71079,4.915262,18.03883
266.5469,-23.12947,5.058495,17.95423,-23.12875,4.954286,17.92181,-22.71079,4.915262,18.03883
266.5802,-23.13127,5.056689,17.95894,-23.1321,4.954091,17.92224,-22.71079,4.915262,18.03883
266.6136,-23.13395,5.055729,17.96283,-23.13374,4.954065,17.92786,-22.71079,4.915262,18.03883
266.6469,-23.13827,5.054722,17.96702,-23.13627,4.953922,17.93227,-22.71079,4.915262,18.03883
266.6802,-23.14088,5.055144,17.96591,-23.1406,4.953554,17.93696,-22.71079,4.915262,18.03883
266.7136,-23.14252,5.055621,17.96464,-23.14338,4.953167,17.93549,-22.71079,4.915262,18.03883
266.7469,-23.14773,5.05648,17.9624,-23.14503,4.952939,17.93387,-22.71079,4.915262,18.03883
266.7802,-23.15419,5.056218,17.96592,-23.15058,4.952166,17.93091,-22.71079,4.915262,18.03883
266.8136,-23.15879,5.056137,17.96681,-23.15741,4.951196,17.93448,-22.71079,4.915262,18.03883
266.8469,-23.16145,5.056138,17.96737,-23.16227,4.95051,17.93524,-22.71079,4.915262,18.03883
266.8802,-23.16641,5.055588,17.96996,-23.16489,4.95014,17.93569,-22.71079,4.915262,18.03883
266.9135,-23.16926,5.05642,17.96953,-23.17007,4.949403,17.93841,-22.71079,4.915262,18.03883
266.9469,-23.17816,5.056329,17.97123,-23.17293,4.948977,17.93751,-22.71079,4.915262,18.03883
266.9802,-23.18306,5.056758,17.97051,-23.18223,4.947327,17.93881,-22.71079,4.915262,18.03883
267.0135,-23.18861,5.057198,17.96992,-23.18747,4.94623,17.93754,-22.71079,4.915262,18.03883
267.0469,-23.1933,5.056699,17.97242,-23.19337,4.944975,17.93633,-22.71079,4.915262,18.03883
267.0802,-23.19799,5.056203,17.97491,-23.19813,4.943876,17.93882,-22.71079,4.915262,18.03883
267.1136,-23.20077,5.055249,17.97868,-23.2029,4.942775,17.9413,-22.71079,4.915262,18.03883
267.1469,-23.20576,5.055236,17.97957,-23.20555,4.942093,17.94545,-22.71079,4.915262,18.03883
267.1802,-23.20779,5.054751,17.98155,-23.21067,4.940964,17.94604,-22.71079,4.915262,18.03883
267.2136,-23.21172,5.055213,17.98061,-23.21281,4.940444,17.94818,-22.71079,4.915262,18.03883
267.2469,-23.217,5.055202,17.98152,-23.21691,4.939924,17.94682,-22.71079,4.915262,18.03883
267.2802,-23.22109,5.056506,17.97959,-23.22249,4.939354,17.94761,-22.71079,4.915262,18.03883
267.3136,-23.22625,5.057337,17.97946,-23.22681,4.939015,17.94495,-22.71079,4.915262,18.03883
267.3469,-23.23247,5.05782,17.97887,-23.23213,4.938477,17.94431,-22.71079,4.915262,18.03883
267.3802,-23.23592,5.056864,17.98067,-23.23869,4.937825,17.94327,-22.71079,4.915262,18.03883
267.4135,-23.24008,5.056037,17.98235,-23.24223,4.937356,17.94523,-22.71079,4.915262,18.03883
267.4469,-23.24281,5.055568,17.98441,-23.24646,4.936818,17.94712,-22.71079,4.915262,18.03883
267.4802,-23.24438,5.055258,17.98507,-23.24928,4.936412,17.94939,-22.71079,4.915262,18.03883
267.5135,-23.24342,5.055247,17.98491,-23.25101,4.936195,17.9501,-22.71079,4.915262,18.03883
267.5469,-23.24548,5.054781,17.98686,-23.24986,4.936324,17.94995,-22.71079,4.915262,18.03883
267.5802,-23.24647,5.052987,17.98925,-23.25203,4.935993,17.95213,-22.71079,4.915262,18.03883
267.6136,-23.24664,5.052042,17.99252,-23.2529,4.93575,17.95508,-22.71079,4.915262,18.03883
267.6469,-23.25031,5.052054,17.99309,-23.25297,4.935418,17.95884,-22.71079,4.915262,18.03883
267.6802,-23.25277,5.051586,17.99508,-23.25678,4.934802,17.95925,-22.71079,4.915262,18.03883
267.7136,-23.25613,5.050812,17.99763,-23.25915,4.934509,17.96144,-22.71079,4.915262,18.03883
267.7469,-23.26115,5.050063,18.00042,-23.26258,4.934137,17.96428,-22.71079,4.915262,18.03883
267.7802,-23.26409,5.049763,18.00128,-23.26781,4.933754,17.96738,-22.71079,4.915262,18.03883
267.8136,-23.26685,5.049322,18.00331,-23.27086,4.933663,17.96831,-22.71079,4.915262,18.03883
267.8469,-23.26841,5.048403,18.00677,-23.27371,4.93337,17.97056,-22.71079,4.915262,18.03883
267.8802,-23.2721,5.048429,18.0073,-23.27517,4.932811,17.97443,-22.71079,4.915262,18.03883
267.9135,-23.27459,5.047972,18.00927,-23.27852,4.940309,17.97706,-22.71079,4.915262,18.03883
267.9469,-23.27828,5.048,18.00979,-23.28073,4.943482,17.98018,-22.71079,4.915262,18.03883
267.9802,-23.2801,5.047545,18.01165,-23.28446,4.944506,17.98099,-22.71079,4.915262,18.03883
268.0135,-23.28397,5.047708,18.01098,-23.28624,4.943848,17.98293,-22.71079,4.915262,18.03883
268.0469,-23.28579,5.047253,18.01283,-23.29037,4.941678,17.98147,-22.71079,4.915262,18.03883
268.0802,-23.28785,5.047253,18.01309,-23.29206,4.942531,17.98383,-22.71079,4.915262,18.03883
268.1136,-23.29018,5.047285,18.01342,-23.29414,4.941418,17.98377,-22.71079,4.915262,18.03883
268.1469,-23.29018,5.047285,18.01342,-23.29732,4.929495,17.98081,-22.71079,4.915262,18.03883
268.1802,-23.29037,5.046734,18.01202,-23.29732,4.929495,17.98081,-22.71079,4.915262,18.03883
268.2136,-23.28977,5.046374,18.01134,-23.29749,4.929859,17.97945,-22.71079,4.915262,18.03883
268.2469,-23.29209,5.047789,18.00681,-23.29688,4.929958,17.97885,-22.71079,4.915262,18.03883
268.2802,-23.29334,5.050961,17.99789,-23.29942,4.931474,17.97389,-22.71079,4.915262,18.03883
268.3136,-23.29541,5.05191,17.99292,-23.29942,4.931474,17.97389,-22.71079,4.915262,18.03883
268.3469,-23.29781,5.051752,17.99042,-23.29942,4.931474,17.97389,-22.71079,4.915262,18.03883
268.3802,-23.29994,5.051594,17.98989,-23.29942,4.931474,17.97389,-22.71079,4.915262,18.03883
268.4135,-23.30401,5.050815,17.99243,-23.29942,4.931474,17.97389,-22.71079,4.915262,18.03883
268.4469,-23.30967,5.046342,18.00082,-23.29942,4.931474,17.97389,-22.71079,4.915262,18.03883
268.4802,-23.30765,5.044838,18.00336,-23.29942,4.931474,17.97389,-22.71079,4.915262,18.03883
268.5135,-23.30983,5.041368,18.01214,-23.29942,4.931474,17.97389,-22.71079,4.915262,18.03883
268.5469,-23.30771,5.040052,18.01548,-23.29942,4.931474,17.97389,-22.71079,4.915262,18.03883
268.5802,-23.30682,5.039583,18.01699,-23.29942,4.931474,17.97389,-22.71079,4.915262,18.03883
268.6136,-23.30631,5.039007,18.02077,-23.29942,4.931474,17.97389,-22.71079,4.915262,18.03883
268.6469,-23.30631,5.039007,18.02077,-23.29942,4.931474,17.97389,-22.71079,4.915262,18.03883
268.6802,-23.30554,5.039364,18.0213,-23.29942,4.931474,17.97389,-22.71079,4.915262,18.03883
268.7136,-23.30326,5.038903,18.02264,-23.29942,4.931474,17.97389,-22.71079,4.915262,18.03883
268.7469,-23.3033,5.038215,18.02244,-23.29942,4.931474,17.97389,-22.71079,4.915262,18.03883
268.7802,-23.30324,5.037887,18.02283,-23.29942,4.931474,17.97389,-22.71079,4.915262,18.03883
268.8136,-23.30095,5.039028,18.02213,-23.29942,4.931474,17.97389,-22.71079,4.915262,18.03883
268.8469,-23.30117,5.039492,18.02054,-23.29942,4.931474,17.97389,-22.71079,4.915262,18.03883
268.8802,-23.29996,5.040388,18.01713,-23.29942,4.931474,17.97389,-22.71079,4.915262,18.03883
268.9135,-23.29776,5.041178,18.01583,-23.29942,4.931474,17.97389,-22.71079,4.915262,18.03883
268.9469,-23.29759,5.04189,18.01703,-23.29942,4.931474,17.97389,-22.71079,4.915262,18.03883
268.9802,-23.29781,5.042361,18.01545,-23.29942,4.931474,17.97389,-22.71079,4.915262,18.03883
269.0135,-23.29608,5.042684,18.01581,-23.29942,4.931474,17.97389,-22.71079,4.915262,18.03883
269.0469,-23.29764,5.043074,18.01665,-23.29942,4.931474,17.97389,-22.71079,4.915262,18.03883
269.0802,-23.29616,5.043183,18.01522,-23.29942,4.931474,17.97389,-22.71079,4.915262,18.03883
269.1136,-23.29567,5.041915,18.01879,-23.29942,4.931474,17.97389,-22.71079,4.915262,18.03883
269.1469,-23.29532,5.040625,18.02137,-23.29942,4.931474,17.97389,-22.71079,4.915262,18.03883
269.1802,-23.29667,5.040555,18.02379,-23.29942,4.931474,17.97389,-22.71079,4.915262,18.03883
269.2136,-23.29667,5.040555,18.02379,-23.29942,4.931474,17.97389,-22.71079,4.915262,18.03883
269.2469,-23.29507,5.040094,18.02521,-23.29942,4.931474,17.97389,-22.71079,4.915262,18.03883
269.2802,-23.29408,5.039997,18.02732,-23.29942,4.931474,17.97389,-22.71079,4.915262,18.03883
269.3136,-23.29171,5.041502,18.02721,-23.29942,4.931474,17.97389,-22.71079,4.915262,18.03883
269.3469,-23.29107,5.042858,18.03181,-23.29942,4.931474,17.97389,-22.71079,4.915262,18.03883
269.3802,-23.29186,5.043619,18.03316,-23.29942,4.931474,17.97389,-22.71079,4.915262,18.03883
269.4135,-23.29094,5.043169,18.03467,-23.29942,4.931474,17.97389,-22.71079,4.915262,18.03883
269.4469,-23.29094,5.043169,18.03467,-23.29942,4.931474,17.97389,-22.71079,4.915262,18.03883
269.4802,-23.29003,5.04272,18.03618,-23.29942,4.931474,17.97389,-22.71079,4.915262,18.03883
269.5135,-23.29028,5.041833,18.03945,-23.29942,4.931474,17.97389,-22.71079,4.915262,18.03883
269.5469,-23.29076,5.041393,18.04113,-23.29942,4.931474,17.97389,-22.71079,4.915262,18.03883
269.5802,-23.29213,5.040662,18.04336,-23.29942,4.931474,17.97389,-22.71079,4.915262,18.03883
269.6136,-23.29377,5.0407,18.04359,-23.29938,4.922276,18.01186,-22.71079,4.915262,18.03883
269.6469,-23.29565,5.038843,18.0473,-23.30119,4.922219,18.01209,-22.71079,4.915262,18.03883
269.6802,-23.29591,5.037978,18.05058,-23.30309,4.921527,18.01639,-22.71079,4.915262,18.03883
269.7136,-23.29533,5.037164,18.05477,-23.30328,4.920952,18.02006,-22.71079,4.915262,18.03883
269.7469,-23.29654,5.036359,18.05821,-23.30264,4.920243,18.02465,-22.71079,4.915262,18.03883
269.7802,-23.29495,5.034689,18.06453,-23.30394,4.919632,18.02847,-22.71079,4.915262,18.03883
269.8136,-23.29473,5.034277,18.06613,-23.30224,4.918543,18.03557,-22.71079,4.915262,18.03883
269.8469,-23.29336,5.033052,18.07085,-23.30198,4.918266,18.03736,-22.71079,4.915262,18.03883
269.8802,-23.29291,5.032247,18.07406,-23.30053,4.917456,18.04266,-22.71079,4.915262,18.03883
269.9135,-23.29167,5.03183,18.0778,-23.30003,4.916903,18.04624,-22.71079,4.915262,18.03883
269.9469,-23.29114,5.031423,18.08161,-23.29875,4.916286,18.05029,-22.71079,4.915262,18.03883
269.9802,-23.29091,5.031034,18.08322,-23.29818,4.915648,18.05441,-22.71079,4.915262,18.03883
270.0135,-23.29069,5.030646,18.08483,-23.29793,4.915373,18.0562,-22.71079,4.915262,18.03883
270.0469,-23.29091,5.031034,18.08322,-23.29768,4.915042,18.05797,-22.71079,4.915262,18.03883
270.0802,-23.29297,5.031073,18.08576,-23.29793,4.915373,18.0562,-22.71079,4.915262,18.03883
270.1136,-23.29132,5.031029,18.08552,-23.30014,4.91463,18.05878,-22.71079,4.915262,18.03883
270.1469,-23.29346,5.030689,18.08745,-23.29833,4.914847,18.05858,-22.71079,4.915262,18.03883
270.1802,-23.29387,5.030691,18.08975,-23.30058,4.914649,18.06072,-22.71079,4.915262,18.03883
270.2136,-23.29458,5.03069,18.08984,-23.30094,4.914699,18.06323,-22.71079,4.915262,18.03883
270.2469,-23.2945,5.031075,18.09044,-23.30165,4.914613,18.06329,-22.71079,4.915262,18.03883
270.2802,-23.29335,5.030652,18.0919,-23.30158,4.914644,18.06387,-22.71079,4.915262,18.03883
270.3136,-23.29313,5.030274,18.09351,-23.3002,4.914879,18.0656,-22.71079,4.915262,18.03883
270.3469,-23.29455,5.029943,18.09536,-23.29993,4.914984,18.06748,-22.71079,4.915262,18.03883
270.3802,-23.29428,5.02924,18.09736,-23.30148,4.914871,18.06955,-22.71079,4.915262,18.03883
270.4135,-23.29291,5.028455,18.10044,-23.30113,4.915002,18.07189,-22.71079,4.915262,18.03883
270.4469,-23.29341,5.028087,18.10213,-23.29948,4.915341,18.0755,-22.71079,4.915262,18.03883
270.4802,-23.2931,5.028113,18.10435,-23.29993,4.915358,18.07743,-22.71079,4.915262,18.03883
270.5135,-23.29288,5.02775,18.10597,-23.29959,4.915492,18.07987,-22.71079,4.915262,18.03883
270.5469,-23.29576,5.027435,18.10799,-23.29933,4.915596,18.08173,-22.71079,4.915262,18.03883
270.5802,-23.29539,5.028176,18.10913,-23.3023,4.91531,18.08393,-22.71079,4.915262,18.03883
270.6136,-23.29589,5.027818,18.11083,-23.30179,4.915414,18.085,-22.71079,4.915262,18.03883
270.6469,-23.29807,5.027818,18.11109,-23.30225,4.91543,18.08693,-22.71079,4.915262,18.03883
270.6802,-23.29871,5.028212,18.11177,-23.3044,4.91517,18.08712,-22.71079,4.915262,18.03883
270.7136,-23.29846,5.029396,18.11359,-23.30505,4.915114,18.08775,-22.71079,4.915262,18.03883
270.7469,-23.29889,5.029439,18.1159,-23.30485,4.915204,18.08948,-22.71079,4.915262,18.03883
270.7802,-23.29789,5.029792,18.11636,-23.30524,4.91525,18.09199,-22.71079,4.915262,18.03883
270.8136,-23.29781,5.030187,18.11697,-23.30408,4.91541,18.09244,-22.71079,4.915262,18.03883
270.8469,-23.2961,5.029818,18.11713,-23.30401,4.915441,18.09302,-22.71079,4.915262,18.03883
270.8802,-23.29512,5.02945,18.11738,-23.30213,4.915684,18.09329,-22.71079,4.915262,18.03883
270.9135,-23.29585,5.02945,18.11747,-23.30097,4.91584,18.09363,-22.71079,4.915262,18.03883
270.9469,-23.29407,5.02948,18.11824,-23.30169,4.915753,18.09369,-22.71079,4.915262,18.03883
270.9802,-23.29204,5.028109,18.12082,-23.29974,4.916027,18.09454,-22.71079,4.915262,18.03883
271.0135,-23.29018,5.026755,18.12217,-23.29745,4.916663,18.09767,-22.71079,4.915262,18.03883
271.0469,-23.28968,5.027273,18.126,-23.29533,4.917775,18.09951,-22.71079,4.915262,18.03883
271.0802,-23.28765,5.0277,18.1286,-23.29479,4.918237,18.10361,-22.71079,4.915262,18.03883
271.1136,-23.28843,5.028838,18.12828,-23.29255,4.91946,18.10659,-22.71079,4.915262,18.03883
271.1469,-23.28665,5.02888,18.12905,-23.29341,4.919015,18.1059,-22.71079,4.915262,18.03883
271.1802,-23.28655,5.028217,18.12984,-23.29143,4.920015,18.10689,-22.71079,4.915262,18.03883
271.2136,-23.28628,5.027547,18.13185,-23.29129,4.920127,18.10784,-22.71079,4.915262,18.03883
271.2469,-23.28647,5.025952,18.13613,-23.29097,4.9204,18.11018,-22.71079,4.915262,18.03883
271.2802,-23.2855,5.025302,18.14351,-23.29103,4.920695,18.11502,-22.71079,4.915262,18.03883
271.3136,-23.28363,5.024948,18.14491,-23.28989,4.923132,18.12337,-22.71079,4.915262,18.03883
271.3469,-23.28176,5.024599,18.14631,-23.28779,4.9246,18.12525,-22.71079,4.915262,18.03883
271.3802,-23.27906,5.024386,18.14838,-23.28571,4.926064,18.12712,-22.71079,4.915262,18.03883
271.4135,-23.27719,5.024044,18.14978,-23.28278,4.928105,18.12969,-22.71079,4.915262,18.03883
271.4469,-23.27254,5.024737,18.14813,-23.28071,4.929562,18.13155,-22.71079,4.915262,18.03883
271.4802,-23.26827,5.024391,18.14922,-23.27579,4.931703,18.13007,-22.71079,4.915262,18.03883
271.5135,-23.26756,5.023652,18.14891,-23.27117,4.934412,18.13184,-22.71079,4.915262,18.03883
271.5469,-23.26352,5.02262,18.14831,-23.27044,4.934749,18.1317,-22.71079,4.915262,18.03883
271.5802,-23.26243,5.022368,18.15083,-23.2661,4.9369,18.13157,-22.71079,4.915262,18.03883
271.6136,-23.26077,5.022363,18.1506,-23.26495,4.938136,18.13453,-22.71079,4.915262,18.03883
271.6469,-23.25904,5.022766,18.15098,-23.26316,4.939019,18.13446,-22.71079,4.915262,18.03883
271.6802,-23.25587,5.023494,18.14952,-23.2613,4.940072,18.13499,-22.71079,4.915262,18.03883
271.7136,-23.2518,5.023225,18.14912,-23.2579,4.941454,18.13355,-22.71079,4.915262,18.03883
271.7469,-23.25102,5.02187,18.14934,-23.2536,4.943238,18.13345,-22.71079,4.915262,18.03883
271.7802,-23.24792,5.021934,18.14867,-23.25279,4.943614,18.13391,-22.71079,4.915262,18.03883
271.8136,-23.24655,5.021815,18.15316,-23.2496,4.944573,18.13333,-22.71079,4.915262,18.03883
271.8469,-23.24029,5.024461,18.15648,-23.24817,4.94618,18.13836,-22.71079,4.915262,18.03883
271.8802,-23.23366,5.027667,18.15693,-23.24161,4.949182,18.1418,-22.71079,4.915262,18.03883
271.9135,-23.22643,5.030823,18.15627,-23.2347,4.951593,18.14208,-22.71079,4.915262,18.03883
271.9469,-23.21691,5.032105,18.15325,-23.2272,4.954414,18.1413,-22.71079,4.915262,18.03883
271.9802,-23.21538,5.031792,18.15218,-23.21718,4.966702,18.14026,-22.71079,4.915262,18.03883
272.0135,-23.21538,5.031792,18.15218,-23.21556,4.970758,18.13996,-22.71079,4.915262,18.03883
272.0469,-23.21541,5.031048,18.15197,-23.21556,4.970758,18.13996,-22.71079,4.915262,18.03883
272.0802,-23.21473,5.031416,18.15024,-23.21559,4.970634,18.13985,-22.71079,4.915262,18.03883
272.1136,-23.22042,5.03318,18.14861,-23.21484,4.971888,18.13821,-22.71079,4.915262,18.03883
272.1469,-23.22851,5.036063,18.14466,-23.22065,4.956196,18.13293,-22.71079,4.915262,18.03883
272.1802,-23.23672,5.038971,18.13944,-23.22065,4.956196,18.13293,-22.71079,4.915262,18.03883
272.2136,-23.24467,5.039627,18.13726,-23.22065,4.956196,18.13293,-22.71079,4.915262,18.03883
272.2469,-23.26176,5.039348,18.13494,-23.22065,4.956196,18.13293,-22.71079,4.915262,18.03883
272.2802,-23.27219,5.038908,18.1366,-23.22065,4.956196,18.13293,-22.71079,4.915262,18.03883
272.3136,-23.27881,5.038866,18.1374,-23.22065,4.956196,18.13293,-22.71079,4.915262,18.03883
272.3469,-23.28582,5.039569,18.13495,-23.22065,4.956196,18.13293,-22.71079,4.915262,18.03883
272.3802,-23.29423,5.039629,18.13473,-23.22065,4.956196,18.13293,-22.71079,4.915262,18.03883
272.4135,-23.30499,5.038142,18.1336,-23.22065,4.956196,18.13293,-22.71079,4.915262,18.03883
272.4469,-23.31163,5.037042,18.13257,-23.22065,4.956196,18.13293,-22.71079,4.915262,18.03883
272.4802,-23.31964,5.034806,18.13083,-23.22065,4.956196,18.13293,-22.71079,4.915262,18.03883
272.5135,-23.32597,5.032943,18.13074,-23.22065,4.956196,18.13293,-22.71079,4.915262,18.03883
272.5469,-23.33555,5.03035,18.12977,-23.22065,4.956196,18.13293,-22.71079,4.915262,18.03883
272.5802,-23.34963,5.025528,18.13002,-23.22065,4.956196,18.13293,-22.71079,4.915262,18.03883
272.6136,-23.35539,5.025304,18.13004,-23.22065,4.956196,18.13293,-22.71079,4.915262,18.03883
272.6469,-23.36197,5.02317,18.12933,-23.22065,4.956196,18.13293,-22.71079,4.915262,18.03883
272.6802,-23.36908,5.021883,18.12546,-23.22065,4.956196,18.13293,-22.71079,4.915262,18.03883
272.7136,-23.37494,5.021677,18.12448,-23.22065,4.956196,18.13293,-22.71079,4.915262,18.03883
272.7469,-23.3799,5.021925,18.12505,-23.22065,4.956196,18.13293,-22.71079,4.915262,18.03883
272.7802,-23.38417,5.024506,18.11806,-23.22065,4.956196,18.13293,-22.71079,4.915262,18.03883
272.8136,-23.38632,5.025779,18.11341,-23.22065,4.956196,18.13293,-22.71079,4.915262,18.03883
272.8469,-23.3888,5.027883,18.10554,-23.22065,4.956196,18.13293,-22.71079,4.915262,18.03883
272.8802,-23.3916,5.030879,18.09447,-23.22065,4.956196,18.13293,-22.71079,4.915262,18.03883
272.9135,-23.39423,5.033544,18.08504,-23.22065,4.956196,18.13293,-22.71079,4.915262,18.03883
272.9469,-23.397,5.036732,18.07402,-23.22065,4.956196,18.13293,-22.71079,4.915262,18.03883
272.9802,-23.39977,5.040022,18.06303,-23.22065,4.956196,18.13293,-22.71079,4.915262,18.03883
273.0135,-23.40117,5.041531,18.05609,-23.22065,4.956196,18.13293,-22.71079,4.915262,18.03883
273.0469,-23.40192,5.042722,18.04853,-23.22065,4.956196,18.13293,-22.71079,4.915262,18.03883
273.0802,-23.40501,5.044062,18.04122,-23.22065,4.956196,18.13293,-22.71079,4.915262,18.03883
273.1136,-23.40872,5.045798,18.03455,-23.22065,4.956196,18.13293,-22.71079,4.915262,18.03883
273.1469,-23.41172,5.047572,18.02785,-23.22065,4.956196,18.13293,-22.71079,4.915262,18.03883
273.1802,-23.42129,5.048816,18.02039,-23.22065,4.956196,18.13293,-22.71079,4.915262,18.03883
273.2136,-23.43622,5.049711,18.01856,-23.22065,4.956196,18.13293,-22.71079,4.915262,18.03883
273.2469,-23.44993,5.053434,18.01447,-23.22065,4.956196,18.13293,-22.71079,4.915262,18.03883
273.2802,-23.46499,5.0583,18.00688,-23.22065,4.956196,18.13293,-22.71079,4.915262,18.03883
273.3136,-23.47876,5.061197,18.00219,-23.22065,4.956196,18.13293,-22.71079,4.915262,18.03883
273.3469,-23.48874,5.063307,17.99803,-23.22065,4.956196,18.13293,-22.71079,4.915262,18.03883
273.3802,-23.49282,5.06324,17.99271,-23.22065,4.956196,18.13293,-22.71079,4.915262,18.03883
273.4135,-23.48476,5.060608,17.97865,-23.22065,4.956196,18.13293,-22.71079,4.915262,18.03883
273.4469,-23.48302,5.056639,17.95938,-23.22065,4.956196,18.13293,-22.71079,4.915262,18.03883
273.4802,-23.4722,5.05899,17.94322,-23.22065,4.956196,18.13293,-22.71079,4.915262,18.03883
273.5135,-23.46039,5.064243,17.92508,-23.22065,4.956196,18.13293,-22.71079,4.915262,18.03883
273.5469,-23.45765,5.070671,17.90567,-23.22065,4.956196,18.13293,-22.71079,4.915262,18.03883
273.5802,-23.44894,5.07781,17.88792,-23.22065,4.956196,18.13293,-22.71079,4.915262,18.03883
273.6136,-23.439,5.08333,17.87738,-23.22065,4.956196,18.13293,-22.71079,4.915262,18.03883
273.6469,-23.44283,5.089439,17.86242,-23.22065,4.956196,18.13293,-22.71079,4.915262,18.03883
273.6802,-23.44247,5.091726,17.86107,-23.22065,4.956196,18.13293,-22.71079,4.915262,18.03883
273.7136,-23.44504,5.094907,17.8566,-23.22065,4.956196,18.13293,-22.71079,4.915262,18.03883
273.7469,-23.45659,5.101491,17.8447,-23.22065,4.956196,18.13293,-22.71079,4.915262,18.03883
273.7802,-23.46309,5.107388,17.83352,-23.22065,4.956196,18.13293,-22.71079,4.915262,18.03883
273.8136,-23.46223,5.109624,17.83031,-23.22065,4.956196,18.13293,-22.71079,4.915262,18.03883
273.8469,-23.46123,5.113109,17.82788,-23.22065,4.956196,18.13293,-22.71079,4.915262,18.03883
273.8802,-23.459,5.116342,17.82637,-23.22065,4.956196,18.13293,-22.71079,4.915262,18.03883
273.9135,-23.45501,5.119346,17.8238,-23.22065,4.956196,18.13293,-22.71079,4.915262,18.03883
273.9469,-23.45277,5.121704,17.8258,-23.22065,4.956196,18.13293,-22.71079,4.915262,18.03883
273.9802,-23.45341,5.126396,17.82314,-23.22065,4.956196,18.13293,-22.71079,4.915262,18.03883
274.0135,-23.45125,5.129339,17.82231,-23.22065,4.956196,18.13293,-22.71079,4.915262,18.03883
274.0469,-23.45452,5.134958,17.81939,-23.22065,4.956196,18.13293,-22.71079,4.915262,18.03883
274.0802,-23.45493,5.140205,17.81776,-23.22065,4.956196,18.13293,-22.71079,4.915262,18.03883
274.1136,-23.45366,5.141925,17.81819,-23.22065,4.956196,18.13293,-22.71079,4.915262,18.03883
274.1469,-23.4521,5.142639,17.82239,-23.22065,4.956196,18.13293,-22.71079,4.915262,18.03883
274.1802,-23.44973,5.141994,17.82567,-23.22065,4.956196,18.13293,-22.71079,4.915262,18.03883
274.2136,-23.44826,5.140513,17.82787,-23.22065,4.956196,18.13293,-22.71079,4.915262,18.03883
274.2469,-23.44384,5.136348,17.8319,-23.22065,4.956196,18.13293,-22.71079,4.915262,18.03883
274.2802,-23.43873,5.129069,17.82941,-23.22065,4.956196,18.13293,-22.71079,4.915262,18.03883
274.3136,-23.43438,5.124432,17.83382,-23.22065,4.956196,18.13293,-22.71079,4.915262,18.03883
274.3469,-23.42559,5.115077,17.84247,-23.22065,4.956196,18.13293,-22.71079,4.915262,18.03883
274.3802,-23.41763,5.108765,17.84893,-23.22065,4.956196,18.13293,-22.71079,4.915262,18.03883
274.4135,-23.41322,5.106085,17.85269,-23.22065,4.956196,18.13293,-22.71079,4.915262,18.03883
274.4469,-23.40627,5.10277,17.85797,-23.22065,4.956196,18.13293,-22.71079,4.915262,18.03883
274.4802,-23.40085,5.101165,17.86192,-23.22065,4.956196,18.13293,-22.71079,4.915262,18.03883
274.5135,-23.3941,5.102647,17.85286,-23.22065,4.956196,18.13293,-22.71079,4.915262,18.03883
274.5469,-23.39126,5.098296,17.82815,-23.22065,4.956196,18.13293,-22.71079,4.915262,18.03883
274.5802,-23.39698,5.091052,17.83859,-23.22065,4.956196,18.13293,-22.71079,4.915262,18.03883
274.6136,-23.39486,5.089184,17.84198,-23.22065,4.956196,18.13293,-22.71079,4.915262,18.03883
274.6469,-23.38989,5.089202,17.84434,-23.22065,4.956196,18.13293,-22.71079,4.915262,18.03883
274.6802,-23.38758,5.089281,17.84716,-23.22065,4.956196,18.13293,-22.71079,4.915262,18.03883
274.7136,-23.37826,5.096573,17.83566,-23.22065,4.956196,18.13293,-22.71079,4.915262,18.03883
274.7469,-23.38593,5.098965,17.83145,-23.22065,4.956196,18.13293,-22.71079,4.915262,18.03883
274.7802,-23.38975,5.09586,17.83706,-23.22065,4.956196,18.13293,-22.71079,4.915262,18.03883
274.8136,-23.38879,5.095579,17.83828,-23.22065,4.956196,18.13293,-22.71079,4.915262,18.03883
274.8469,-23.38406,5.090742,17.84431,-23.22065,4.956196,18.13293,-22.71079,4.915262,18.03883
274.8802,-23.3893,5.082462,17.85341,-23.22065,4.956196,18.13293,-22.71079,4.915262,18.03883
274.9135,-23.39874,5.070329,17.86628,-23.22065,4.956196,18.13293,-22.71079,4.915262,18.03883
274.9469,-23.40415,5.066878,17.87205,-23.22065,4.956196,18.13293,-22.71079,4.915262,18.03883
274.9802,-23.40753,5.067526,17.87293,-23.22065,4.956196,18.13293,-22.71079,4.915262,18.03883
275.0135,-23.41116,5.068206,17.87099,-23.22065,4.956196,18.13293,-22.71079,4.915262,18.03883
275.0469,-23.41138,5.066772,17.86683,-23.22065,4.956196,18.13293,-22.71079,4.915262,18.03883
275.0802,-23.40773,5.06541,17.86598,-23.22065,4.956196,18.13293,-22.71079,4.915262,18.03883
275.1136,-23.40497,5.064758,17.86731,-23.22065,4.956196,18.13293,-22.71079,4.915262,18.03883
275.1469,-23.40405,5.067548,17.86269,-23.22065,4.956196,18.13293,-22.71079,4.915262,18.03883
275.1802,-23.4076,5.070943,17.85992,-23.22065,4.956196,18.13293,-22.71079,4.915262,18.03883
275.2136,-23.40909,5.072997,17.8575,-23.22065,4.956196,18.13293,-22.71079,4.915262,18.03883
275.2469,-23.41027,5.075262,17.85372,-23.22065,4.956196,18.13293,-22.71079,4.915262,18.03883
275.2802,-23.40737,5.078715,17.85018,-23.22065,4.956196,18.13293,-22.71079,4.915262,18.03883
275.3136,-23.40776,5.082442,17.84533,-23.22065,4.956196,18.13293,-22.71079,4.915262,18.03883
275.3469,-23.41282,5.085732,17.84214,-23.22065,4.956196,18.13293,-22.71079,4.915262,18.03883
275.3802,-23.4186,5.092296,17.83389,-23.22065,4.956196,18.13293,-22.71079,4.915262,18.03883
275.4135,-23.43151,5.095354,17.82848,-23.22065,4.956196,18.13293,-22.71079,4.915262,18.03883
275.4469,-23.44184,5.099296,17.82145,-23.22065,4.956196,18.13293,-22.71079,4.915262,18.03883
275.4802,-23.45168,5.101014,17.81662,-23.22065,4.956196,18.13293,-22.71079,4.915262,18.03883
275.5135,-23.45541,5.103312,17.81217,-23.22065,4.956196,18.13293,-22.71079,4.915262,18.03883
275.5469,-23.457,5.102816,17.8116,-23.22065,4.956196,18.13293,-22.71079,4.915262,18.03883
275.5802,-23.45714,5.101871,17.812,-23.22065,4.956196,18.13293,-22.71079,4.915262,18.03883
275.6136,-23.4573,5.100282,17.81416,-23.22065,4.956196,18.13293,-22.71079,4.915262,18.03883
275.6469,-23.45735,5.09992,17.81452,-23.22065,4.956196,18.13293,-22.71079,4.915262,18.03883
275.6802,-23.45429,5.100466,17.815,-23.22065,4.956196,18.13293,-22.71079,4.915262,18.03883
275.7136,-23.45107,5.097343,17.81874,-23.22065,4.956196,18.13293,-22.71079,4.915262,18.03883
275.7469,-23.44298,5.096011,17.82131,-23.22065,4.956196,18.13293,-22.71079,4.915262,18.03883
275.7802,-23.43479,5.09315,17.82792,-23.22065,4.956196,18.13293,-22.71079,4.915262,18.03883
275.8136,-23.43138,5.090467,17.83341,-23.22065,4.956196,18.13293,-22.71079,4.915262,18.03883
275.8469,-23.42793,5.088174,17.83855,-23.22065,4.956196,18.13293,-22.71079,4.915262,18.03883
275.8802,-23.42442,5.086271,17.84333,-23.22065,4.956196,18.13293,-22.71079,4.915262,18.03883
275.9135,-23.42295,5.085745,17.84501,-23.22065,4.956196,18.13293,-22.71079,4.915262,18.03883
275.9469,-23.42254,5.083356,17.8486,-23.22065,4.956196,18.13293,-22.71079,4.915262,18.03883
275.9802,-23.42114,5.082107,17.85102,-23.22065,4.956196,18.13293,-22.71079,4.915262,18.03883
276.0135,-23.42346,5.079785,17.85407,-23.22065,4.956196,18.13293,-22.71079,4.915262,18.03883
276.0469,-23.42519,5.077561,17.85637,-23.22065,4.956196,18.13293,-22.71079,4.915262,18.03883
276.0802,-23.42942,5.071568,17.86317,-23.22065,4.956196,18.13293,-22.71079,4.915262,18.03883
276.1136,-23.43307,5.065147,17.87104,-23.38856,4.926476,17.78371,-22.71079,4.915262,18.03883
276.1469,-23.43821,5.059196,17.87796,-23.39595,4.931419,17.79869,-22.71079,4.915262,18.03883
276.1802,-23.44147,5.057013,17.88041,-23.40525,4.938091,17.81323,-22.71079,4.915262,18.03883
276.2136,-23.4431,5.055926,17.88163,-23.41015,4.94049,17.81851,-22.71079,4.915262,18.03883
276.2469,-23.44325,5.054337,17.88456,-23.41259,4.941681,17.82113,-22.71079,4.915262,18.03883
276.2802,-23.44481,5.054049,17.88433,-23.41363,4.943202,17.82608,-22.71079,4.915262,18.03883
276.3136,-23.44442,5.053392,17.88725,-23.41554,4.943628,17.8262,-22.71079,4.915262,18.03883
276.3469,-23.44442,5.053392,17.88725,-23.4157,4.944751,17.83035,-22.71079,4.915262,18.03883
276.3802,-23.4445,5.052603,17.88872,-23.4157,4.944751,17.83035,-22.71079,4.915262,18.03883
276.4135,-23.44387,5.052603,17.8887,-23.41619,4.945442,17.83278,-22.71079,4.915262,18.03883
276.4469,-23.44324,5.052603,17.88867,-23.41556,4.945343,17.83269,-22.71079,4.915262,18.03883
276.4802,-23.44268,5.051816,17.89012,-23.41491,4.945177,17.83257,-22.71079,4.915262,18.03883
276.5135,-23.44086,5.05103,17.89152,-23.41476,4.945761,17.8349,-22.71079,4.915262,18.03883
276.5469,-23.43899,5.050662,17.89181,-23.41331,4.946009,17.83698,-22.71079,4.915262,18.03883
276.5802,-23.43777,5.050293,17.89211,-23.41153,4.945721,17.83727,-22.71079,4.915262,18.03883
276.6136,-23.43732,5.048402,17.89464,-23.41041,4.945601,17.83768,-22.71079,4.915262,18.03883
276.6469,-23.43687,5.04651,17.89716,-23.41082,4.946791,17.84197,-22.71079,4.915262,18.03883
276.6802,-23.43554,5.044502,17.90106,-23.41113,4.947642,17.84607,-22.71079,4.915262,18.03883
276.7136,-23.43562,5.043726,17.90253,-23.41049,4.948616,17.85183,-22.71079,4.915262,18.03883
276.7469,-23.43524,5.041039,17.9073,-23.41091,4.949097,17.85411,-22.71079,4.915262,18.03883
276.7802,-23.43354,5.038761,17.91089,-23.4117,4.95055,17.86143,-22.71079,4.915262,18.03883
276.8136,-23.43369,5.037234,17.91386,-23.41092,4.951408,17.86687,-22.71079,4.915262,18.03883
276.8469,-23.43388,5.035344,17.91718,-23.41175,4.952355,17.87136,-22.71079,4.915262,18.03883
276.8802,-23.43247,5.034122,17.92038,-23.41275,4.953437,17.87645,-22.71079,4.915262,18.03883
276.9135,-23.43106,5.03291,17.92359,-23.41174,4.954066,17.88083,-22.71079,4.915262,18.03883
276.9469,-23.43056,5.031413,17.92654,-23.41072,4.954694,17.88521,-22.71079,4.915262,18.03883
276.9802,-23.4285,5.030219,17.92972,-23.41088,4.955501,17.88953,-22.71079,4.915262,18.03883
277.0135,-23.42544,5.030075,17.93168,-23.4092,4.955996,17.89377,-22.71079,4.915262,18.03883
277.0469,-23.42272,5.028899,17.93484,-23.40594,4.955842,17.89585,-22.71079,4.915262,18.03883
277.0802,-23.41966,5.028773,17.93679,-23.40356,4.956118,17.89994,-22.71079,4.915262,18.03883
277.1136,-23.41759,5.027616,17.93998,-23.4002,4.955582,17.90183,-22.71079,4.915262,18.03883
277.1469,-23.4177,5.026514,17.94184,-23.39816,4.954782,17.90542,-22.71079,4.915262,18.03883
277.1802,-23.41618,5.025453,17.94336,-23.39847,4.954354,17.90771,-22.71079,4.915262,18.03883
277.2136,-23.4174,5.022224,17.94831,-23.39703,4.953913,17.90961,-22.71079,4.915262,18.03883
277.2469,-23.41769,5.018675,17.95332,-23.39898,4.952795,17.91588,-22.71079,4.915262,18.03883
277.2802,-23.41701,5.016812,17.95731,-23.39993,4.951601,17.92228,-22.71079,4.915262,18.03883
277.3136,-23.41709,5.016099,17.95882,-23.39942,4.950673,17.92692,-22.71079,4.915262,18.03883
277.3469,-23.41878,5.014705,17.96045,-23.39961,4.950336,17.92871,-22.71079,4.915262,18.03883
277.3802,-23.41738,5.014214,17.96312,-23.4017,4.950008,17.93093,-22.71079,4.915262,18.03883
277.4135,-23.41747,5.013507,17.96463,-23.4002,4.949398,17.93368,-22.71079,4.915262,18.03883
277.4469,-23.41696,5.012056,17.96682,-23.40039,4.949061,17.93546,-22.71079,4.915262,18.03883
277.4802,-23.41508,5.010982,17.96858,-23.40015,4.948525,17.93816,-22.71079,4.915262,18.03883
277.5135,-23.41457,5.009583,17.97157,-23.39848,4.948032,17.94026,-22.71079,4.915262,18.03883
277.5469,-23.41399,5.008885,17.97305,-23.3982,4.947339,17.94376,-22.71079,4.915262,18.03883
277.5802,-23.4134,5.00819,17.97453,-23.39773,4.94698,17.94548,-22.71079,4.915262,18.03883
277.6136,-23.41453,5.006777,17.97788,-23.39725,4.946622,17.9472,-22.71079,4.915262,18.03883
277.6469,-23.4147,5.005402,17.98092,-23.39853,4.945256,17.95078,-22.71079,4.915262,18.03883
277.6802,-23.41328,5.004346,17.98419,-23.39874,4.943958,17.95405,-22.71079,4.915262,18.03883
277.7136,-23.41495,5.003352,17.98548,-23.39719,4.942611,17.95739,-22.71079,4.915262,18.03883
277.7469,-23.41503,5.002673,17.98701,-23.39906,4.942013,17.95894,-22.71079,4.915262,18.03883
277.7802,-23.4152,5.00132,17.99005,-23.39916,4.941364,17.96058,-22.71079,4.915262,18.03883
277.8136,-23.41605,4.999973,17.99314,-23.39938,4.94007,17.96383,-22.71079,4.915262,18.03883
277.8469,-23.41614,4.999304,17.99466,-23.4003,4.93894,17.96721,-22.71079,4.915262,18.03883
277.8802,-23.41781,4.998323,17.99596,-23.40043,4.938396,17.96888,-22.71079,4.915262,18.03883
277.9135,-23.4179,4.997658,17.99749,-23.40236,4.938031,17.97053,-22.71079,4.915262,18.03883
277.9469,-23.41876,4.996332,18.00058,-23.4025,4.937487,17.9722,-22.71079,4.915262,18.03883
277.9802,-23.42043,4.995362,18.00189,-23.40344,4.936444,17.97561,-22.71079,4.915262,18.03883
278.0135,-23.42507,4.994089,18.00302,-23.40538,4.936083,17.97725,-22.71079,4.915262,18.03883
278.0469,-23.4312,4.993182,18.00239,-23.41047,4.935998,17.97897,-22.71079,4.915262,18.03883
278.0802,-23.43289,4.992228,18.00369,-23.41717,4.936448,17.9789,-22.71079,4.915262,18.03883
278.1136,-23.43448,4.991931,18.00347,-23.41905,4.935919,17.98046,-22.71079,4.915262,18.03883
278.1469,-23.43536,4.990623,18.00656,-23.4208,4.935947,17.98036,-22.71079,4.915262,18.03883
278.1802,-23.43451,4.991215,18.0074,-23.42177,4.934917,17.98375,-22.71079,4.915262,18.03883
278.2136,-23.4362,4.990267,18.0087,-23.42062,4.934637,17.98427,-22.71079,4.915262,18.03883
278.2469,-23.43562,4.98962,18.01021,-23.42265,4.93468,17.98606,-22.71079,4.915262,18.03883
278.2802,-23.43552,4.990269,18.00868,-23.42214,4.934278,17.98774,-22.71079,4.915262,18.03883
278.3136,-23.43572,4.988973,18.01175,-23.42194,4.934554,17.98597,-22.71079,4.915262,18.03883
278.3469,-23.43578,4.989272,18.01233,-23.42235,4.934002,17.98951,-22.71079,4.915262,18.03883
278.3802,-23.43601,4.989227,18.01504,-23.42232,4.933916,17.98997,-22.71079,4.915262,18.03883
278.4135,-23.43781,4.987652,18.01789,-23.42247,4.933481,17.99265,-22.71079,4.915262,18.03883
278.4469,-23.43791,4.987015,18.01942,-23.42475,4.933482,17.99629,-22.71079,4.915262,18.03883
278.4802,-23.43988,4.985126,18.0244,-23.42498,4.933302,17.99809,-22.71079,4.915262,18.03883
278.5135,-23.43828,4.985419,18.02463,-23.42746,4.933061,18.00398,-22.71079,4.915262,18.03883
278.5469,-23.44009,4.98387,18.02749,-23.42563,4.9327,18.00396,-22.71079,4.915262,18.03883
278.5802,-23.4403,4.982621,18.03058,-23.4279,4.932703,18.00758,-22.71079,4.915262,18.03883
278.6136,-23.44223,4.980472,18.03499,-23.42835,4.932344,18.01116,-22.71079,4.915262,18.03883
278.6469,-23.44233,4.979856,18.03654,-23.43084,4.932169,18.01655,-22.71079,4.915262,18.03883
278.6802,-23.44416,4.978341,18.03941,-23.43106,4.931991,18.01834,-22.71079,4.915262,18.03883
278.7136,-23.44256,4.978631,18.03964,-23.43333,4.931995,18.02192,-22.71079,4.915262,18.03883
278.7469,-23.44508,4.977124,18.04253,-23.43151,4.931635,18.0219,-22.71079,4.915262,18.03883
278.7802,-23.446,4.975914,18.04566,-23.43458,4.93215,18.0257,-22.71079,4.915262,18.03883
278.8136,-23.44611,4.975312,18.04721,-23.43591,4.932634,18.02959,-22.71079,4.915262,18.03883
278.8469,-23.44623,4.974712,18.04876,-23.4362,4.932736,18.03147,-22.71079,4.915262,18.03883
278.8802,-23.44623,4.974712,18.04876,-23.43648,4.932838,18.03334,-22.71079,4.915262,18.03883
278.9135,-23.44638,4.973741,18.05067,-23.43648,4.932838,18.03334,-22.71079,4.915262,18.03883
278.9469,-23.4465,4.973145,18.05223,-23.43691,4.93299,18.03573,-22.71079,4.915262,18.03883
278.9802,-23.4472,4.973145,18.05224,-23.43719,4.933091,18.0376,-22.71079,4.915262,18.03883
279.0135,-23.44727,4.9724,18.05296,-23.43795,4.933372,18.03772,-22.71079,4.915262,18.03883
279.0469,-23.44816,4.971059,18.05525,-23.43822,4.933471,18.03874,-22.71079,4.915262,18.03883
279.0802,-23.44974,4.969029,18.05732,-23.43954,4.933953,18.04175,-22.71079,4.915262,18.03883
279.1136,-23.44956,4.968826,18.05895,-23.44177,4.934773,18.0449,-22.71079,4.915262,18.03883
279.1469,-23.44925,4.968874,18.0593,-23.44163,4.934718,18.04664,-22.71079,4.915262,18.03883
279.1802,-23.44884,4.9689,18.06106,-23.44127,4.934582,18.04693,-22.71079,4.915262,18.03883
279.2136,-23.44869,4.968907,18.06178,-23.44082,4.934468,18.04869,-22.71079,4.915262,18.03883
279.2469,-23.44998,4.969295,18.06454,-23.44066,4.934458,18.04943,-22.71079,4.915262,18.03883
279.2802,-23.44851,4.969236,18.06496,-23.4421,4.935192,18.05241,-22.71079,4.915262,18.03883
279.3136,-23.44851,4.969238,18.0651,-23.44045,4.934591,18.05264,-22.71079,4.915262,18.03883
279.3469,-23.44837,4.969183,18.06637,-23.44046,4.934604,18.05278,-22.71079,4.915262,18.03883
279.3802,-23.44945,4.969517,18.06642,-23.44034,4.934646,18.05411,-22.71079,4.915262,18.03883
279.4135,-23.44799,4.969372,18.06796,-23.44147,4.935075,18.0542,-22.71079,4.915262,18.03883
279.4469,-23.4475,4.969321,18.06791,-23.4399,4.934583,18.05565,-22.71079,4.915262,18.03883
279.4802,-23.45017,4.969896,18.06732,-23.43934,4.934368,18.05552,-22.71079,4.915262,18.03883
279.5135,-23.45008,4.969991,18.06829,-23.44221,4.935406,18.05508,-22.71079,4.915262,18.03883
279.5469,-23.44988,4.970078,18.06912,-23.4421,4.935429,18.05604,-22.71079,4.915262,18.03883
279.5802,-23.44997,4.970195,18.0701,-23.44186,4.935391,18.05683,-22.71079,4.915262,18.03883
279.6136,-23.44969,4.970184,18.07108,-23.44194,4.93549,18.05782,-22.71079,4.915262,18.03883
279.6469,-23.44958,4.97024,18.07156,-23.44165,4.935444,18.05881,-22.71079,4.915262,18.03883
279.6802,-23.44899,4.970132,18.07227,-23.44152,4.935429,18.05927,-22.71079,4.915262,18.03883
279.7136,-23.44884,4.970108,18.07345,-23.44089,4.935236,18.05996,-22.71079,4.915262,18.03883
279.7469,-23.44869,4.97022,18.07429,-23.44076,4.93527,18.06119,-22.71079,4.915262,18.03883
279.7802,-23.44725,4.970047,18.07636,-23.44057,4.935255,18.06201,-22.71079,4.915262,18.03883
279.8136,-23.44837,4.970217,18.07645,-23.43903,4.934814,18.06405,-22.71079,4.915262,18.03883
279.8469,-23.44658,4.969908,18.07928,-23.44026,4.935286,18.06424,-22.71079,4.915262,18.03883
279.8802,-23.44781,4.970249,18.07941,-23.43838,4.93477,18.06708,-22.71079,4.915262,18.03883
279.9135,-23.44604,4.96993,18.08162,-23.43969,4.935271,18.06726,-22.71079,4.915262,18.03883
279.9469,-23.44564,4.969926,18.08371,-23.4378,4.934713,18.06946,-22.71079,4.915262,18.03883
279.9802,-23.44513,4.969813,18.08594,-23.4374,4.934705,18.0716,-22.71079,4.915262,18.03883
280.0135,-23.44449,4.969771,18.0866,-23.4369,4.934671,18.07391,-22.71079,4.915262,18.03883
280.0469,-23.44399,4.969868,18.09024,-23.43621,4.934453,18.07453,-22.71079,4.915262,18.03883
280.0802,-23.44395,4.970043,18.09112,-23.43571,4.934512,18.07827,-22.71079,4.915262,18.03883
280.1136,-23.44361,4.969903,18.09309,-23.43563,4.934541,18.07911,-22.71079,4.915262,18.03883
280.1469,-23.44331,4.969966,18.09376,-23.43533,4.93457,18.0812,-22.71079,4.915262,18.03883
280.1802,-23.44291,4.969498,18.09665,-23.43498,4.934482,18.08183,-22.71079,4.915262,18.03883
280.2136,-23.44241,4.9695,18.09751,-23.43474,4.934698,18.08503,-22.71079,4.915262,18.03883
280.2469,-23.44193,4.969147,18.09644,-23.43419,4.934548,18.08587,-22.71079,4.915262,18.03883
280.2802,-23.44141,4.969434,18.09482,-23.43369,4.934226,18.08476,-22.71079,4.915262,18.03883
280.3136,-23.44103,4.96927,18.09254,-23.43297,4.933791,18.08282,-22.71079,4.915262,18.03883
280.3469,-23.44065,4.968726,18.09264,-23.43251,4.933462,18.08039,-22.71079,4.915262,18.03883
280.3802,-23.44299,4.969497,18.09318,-23.43221,4.933363,18.08063,-22.71079,4.915262,18.03883
280.4135,-23.44241,4.96957,18.09476,-23.43468,4.934325,18.08125,-22.71079,4.915262,18.03883
280.4469,-23.44173,4.96945,18.09498,-23.43404,4.934189,18.0828,-22.71079,4.915262,18.03883
280.4802,-23.44256,4.969749,18.09863,-23.43328,4.933918,18.08296,-22.71079,4.915262,18.03883
280.5135,-23.44209,4.969995,18.1013,-23.43429,4.934691,18.0869,-22.71079,4.915262,18.03883
280.5469,-23.44276,4.970705,18.10219,-23.43377,4.934739,18.08959,-22.71079,4.915262,18.03883
280.5802,-23.44372,4.971047,18.10164,-23.43438,4.935074,18.09038,-22.71079,4.915262,18.03883
280.6136,-23.44488,4.971358,18.10064,-23.43537,4.935439,18.08981,-22.71079,4.915262,18.03883
280.6469,-23.446,4.971229,18.09688,-23.43658,4.935855,18.0888,-22.71079,4.915262,18.03883
280.6802,-23.44674,4.971503,18.09811,-23.43776,4.935976,18.08498,-22.71079,4.915262,18.03883
280.7136,-23.4472,4.971848,18.09976,-23.43857,4.936453,18.08632,-22.71079,4.915262,18.03883
280.7469,-23.44612,4.972232,18.10248,-23.43908,4.936839,18.08804,-22.71079,4.915262,18.03883
280.7802,-23.46766,4.978905,18.1219,-23.43781,4.936554,18.09061,-22.71079,4.915262,18.03883
280.8136,-23.47959,4.98198,18.12934,-23.46046,4.947735,18.11161,-22.71079,4.915262,18.03883
280.8469,-23.49168,4.983634,18.13946,-23.47237,4.95073,18.119,-22.71079,4.915262,18.03883
280.8802,-23.63421,4.840455,18.21688,-23.48486,4.954122,18.12971,-22.71079,4.915262,18.03883
280.9135,-23.65043,4.830615,18.23656,-23.65554,4.933726,18.24798,-22.71079,4.915262,18.03883
280.9469,-23.65422,4.827108,18.2416,-23.67392,4.936372,18.27067,-22.71079,4.915262,18.03883
280.9802,-23.65469,4.825058,18.24395,-23.67781,4.936624,18.27639,-22.71079,4.915262,18.03883
281.0135,-23.65405,4.823879,18.24471,-23.67835,4.93658,18.27911,-22.71079,4.915262,18.03883
281.0469,-23.65286,4.820654,18.24492,-23.67791,4.936441,18.2801,-22.71079,4.915262,18.03883
281.0802,-23.65219,4.817531,18.24433,-23.67736,4.936312,18.28123,-22.71079,4.915262,18.03883
281.1136,-23.65369,4.816493,18.24591,-23.67737,4.936293,18.28161,-22.71079,4.915262,18.03883
281.1469,-23.64684,4.816891,18.24932,-23.67886,4.936447,18.28336,-22.71079,4.915262,18.03883
281.1802,-23.64252,4.817854,18.24924,-23.67238,4.935408,18.286,-22.71079,4.915262,18.03883
281.2136,-23.63782,4.819714,18.24661,-23.66817,4.934867,18.28549,-22.71079,4.915262,18.03883
281.2469,-23.63186,4.822211,18.24295,-23.66344,4.934384,18.28244,-22.71079,4.915262,18.03883
281.2802,-23.625,4.82411,18.24197,-23.65738,4.93378,18.27821,-22.71079,4.915262,18.03883
281.3136,-23.61926,4.825777,18.24101,-23.65055,4.932948,18.27652,-22.71079,4.915262,18.03883
281.3469,-23.62457,4.825492,18.23604,-23.64469,4.931824,18.2748,-22.71079,4.915262,18.03883
281.3802,-23.62,4.826949,18.23502,-23.65101,4.933307,18.27049,-22.71079,4.915262,18.03883
281.4135,-23.62824,4.829758,18.22346,-23.64616,4.931881,18.26868,-22.71079,4.915262,18.03883
281.4469,-23.62806,4.831685,18.21787,-23.65474,4.934169,18.25718,-22.71079,4.915262,18.03883
281.4802,-23.62869,4.832169,18.21638,-23.65386,4.933367,18.25134,-22.71079,4.915262,18.03883
281.5135,-23.63081,4.832885,18.21281,-23.65479,4.933635,18.25031,-22.71079,4.915262,18.03883
281.5469,-23.63049,4.833895,18.2105,-23.65727,4.934318,18.24726,-22.71079,4.915262,18.03883
281.5802,-23.6156,4.838799,18.20827,-23.65681,4.933947,18.24485,-22.71079,4.915262,18.03883
281.6136,-23.61408,4.840946,18.20346,-23.63866,4.926651,18.23889,-22.71079,4.915262,18.03883
281.6469,-23.6214,4.846204,18.18429,-23.63596,4.925172,18.23319,-22.71079,4.915262,18.03883
281.6802,-23.62741,4.846658,18.1789,-23.64307,4.930374,18.21467,-22.71079,4.915262,18.03883
281.7136,-23.63235,4.846606,18.17575,-23.64307,4.930374,18.21467,-22.71079,4.915262,18.03883
281.7469,-23.62778,4.847785,18.1773,-23.64307,4.930374,18.21467,-22.71079,4.915262,18.03883
281.7802,-23.63231,4.848718,18.17209,-23.64307,4.930374,18.21467,-22.71079,4.915262,18.03883
281.8136,-23.62827,4.84935,18.17346,-23.64307,4.930374,18.21467,-22.71079,4.915262,18.03883
281.8469,-23.62823,4.847427,18.17904,-23.64307,4.930374,18.21467,-22.71079,4.915262,18.03883
281.8802,-23.62906,4.846029,18.18237,-23.64307,4.930374,18.21467,-22.71079,4.915262,18.03883
281.9135,-23.6261,4.844922,18.18776,-23.64307,4.930374,18.21467,-22.71079,4.915262,18.03883
281.9469,-23.62468,4.846139,18.18617,-23.64307,4.930374,18.21467,-22.71079,4.915262,18.03883
281.9802,-23.62732,4.845796,18.18577,-23.64307,4.930374,18.21467,-22.71079,4.915262,18.03883
282.0135,-23.62823,4.846519,18.18325,-23.64307,4.930374,18.21467,-22.71079,4.915262,18.03883
282.0469,-23.63123,4.843452,18.19023,-23.64307,4.930374,18.21467,-22.71079,4.915262,18.03883
282.0802,-23.63923,4.837762,18.20281,-23.64307,4.930374,18.21467,-22.71079,4.915262,18.03883
282.1136,-23.644,4.829326,18.21531,-23.64307,4.930374,18.21467,-22.71079,4.915262,18.03883
282.1469,-23.64399,4.829488,18.21483,-23.64307,4.930374,18.21467,-22.71079,4.915262,18.03883
282.1802,-23.64483,4.829387,18.21453,-23.64307,4.930374,18.21467,-22.71079,4.915262,18.03883
282.2136,-23.65059,4.827924,18.21358,-23.64307,4.930374,18.21467,-22.71079,4.915262,18.03883
282.2469,-23.65315,4.831079,18.20951,-23.64307,4.930374,18.21467,-22.71079,4.915262,18.03883
282.2802,-23.65553,4.83425,18.20883,-23.64307,4.930374,18.21467,-22.71079,4.915262,18.03883
282.3136,-23.6345,4.839999,18.20621,-23.64307,4.930374,18.21467,-22.71079,4.915262,18.03883
282.3469,-23.40055,5.104557,18.11228,-23.64307,4.930374,18.21467,-22.71079,4.915262,18.03883
282.3802,-23.38978,5.107276,18.10005,-23.64307,4.930374,18.21467,-22.71079,4.915262,18.03883
282.4135,-23.3873,5.105299,18.10351,-23.64307,4.930374,18.21467,-22.71079,4.915262,18.03883
282.4469,-23.38446,5.097002,18.12257,-23.64307,4.930374,18.21467,-22.71079,4.915262,18.03883
282.4802,-23.3791,5.090716,18.14523,-23.64307,4.930374,18.21467,-22.71079,4.915262,18.03883
282.5135,-23.3762,5.093253,18.15657,-23.64307,4.930374,18.21467,-22.71079,4.915262,18.03883
282.5469,-23.3779,5.1036,18.1661,-23.64307,4.930374,18.21467,-22.71079,4.915262,18.03883
282.5802,-23.37498,5.121011,18.17295,-23.64307,4.930374,18.21467,-22.71079,4.915262,18.03883
282.6136,-23.37055,5.139948,18.17756,-23.64307,4.930374,18.21467,-22.71079,4.915262,18.03883
282.6469,-23.36612,5.161068,18.17806,-23.64307,4.930374,18.21467,-22.71079,4.915262,18.03883
282.6802,-23.36247,5.175207,18.16298,-23.64307,4.930374,18.21467,-22.71079,4.915262,18.03883
282.7136,-23.36058,5.178954,18.15206,-23.64307,4.930374,18.21467,-22.71079,4.915262,18.03883
282.7469,-23.35722,5.172142,18.14996,-23.64307,4.930374,18.21467,-22.71079,4.915262,18.03883
282.7802,-23.36125,5.153749,18.14987,-23.64307,4.930374,18.21467,-22.71079,4.915262,18.03883
282.8136,-23.36699,5.134418,18.1535,-23.64307,4.930374,18.21467,-22.71079,4.915262,18.03883
282.8469,-23.37452,5.115163,18.15973,-23.64307,4.930374,18.21467,-22.71079,4.915262,18.03883
282.8802,-23.38421,5.102562,18.16878,-23.64307,4.930374,18.21467,-22.71079,4.915262,18.03883
282.9135,-23.38945,5.097298,18.17898,-23.64307,4.930374,18.21467,-22.71079,4.915262,18.03883
282.9469,-23.39362,5.094792,18.18308,-23.64307,4.930374,18.21467,-22.71079,4.915262,18.03883
282.9802,-23.40378,5.09339,18.18641,-23.64307,4.930374,18.21467,-22.71079,4.915262,18.03883
283.0135,-23.41457,5.093746,18.18361,-23.64307,4.930374,18.21467,-22.71079,4.915262,18.03883
283.0469,-23.42327,5.095564,18.17867,-23.64307,4.930374,18.21467,-22.71079,4.915262,18.03883
283.0802,-23.42755,5.099381,18.16484,-23.64307,4.930374,18.21467,-22.71079,4.915262,18.03883
283.1136,-23.42782,5.102319,18.15126,-23.64307,4.930374,18.21467,-22.71079,4.915262,18.03883
283.1469,-23.42669,5.105762,18.13821,-23.64307,4.930374,18.21467,-22.71079,4.915262,18.03883
283.1802,-23.42146,5.1106,18.12404,-23.64307,4.930374,18.21467,-22.71079,4.915262,18.03883
283.2136,-23.4162,5.115366,18.11172,-23.64307,4.930374,18.21467,-22.71079,4.915262,18.03883
283.2469,-23.41176,5.119756,18.10106,-23.64307,4.930374,18.21467,-22.71079,4.915262,18.03883
283.2802,-23.40813,5.121981,18.09413,-23.64307,4.930374,18.21467,-22.71079,4.915262,18.03883
283.3136,-23.40712,5.122976,18.0906,-23.64307,4.930374,18.21467,-22.71079,4.915262,18.03883
283.3469,-23.40922,5.123509,18.08914,-23.64307,4.930374,18.21467,-22.71079,4.915262,18.03883
283.3802,-23.41006,5.122082,18.0927,-23.64307,4.930374,18.21467,-22.71079,4.915262,18.03883
283.4135,-23.41187,5.119495,18.09804,-23.64307,4.930374,18.21467,-22.71079,4.915262,18.03883
283.4469,-23.41468,5.114144,18.1105,-23.64307,4.930374,18.21467,-22.71079,4.915262,18.03883
283.4802,-23.42225,5.105794,18.12589,-23.64307,4.930374,18.21467,-22.71079,4.915262,18.03883
283.5135,-23.4268,5.100034,18.13861,-23.64307,4.930374,18.21467,-22.71079,4.915262,18.03883
283.5469,-23.43271,5.090072,18.15977,-23.64307,4.930374,18.21467,-22.71079,4.915262,18.03883
283.5802,-23.43675,5.083169,18.17677,-23.64307,4.930374,18.21467,-22.71079,4.915262,18.03883
283.6136,-23.4373,5.077814,18.18906,-23.64307,4.930374,18.21467,-22.71079,4.915262,18.03883
283.6469,-23.43977,5.071167,18.20574,-23.64307,4.930374,18.21467,-22.71079,4.915262,18.03883
283.6802,-23.44062,5.065753,18.22155,-23.64307,4.930374,18.21467,-22.71079,4.915262,18.03883
283.7136,-23.44287,5.062121,18.23257,-23.64307,4.930374,18.21467,-22.71079,4.915262,18.03883
283.7469,-23.44337,5.059946,18.24107,-23.64307,4.930374,18.21467,-22.71079,4.915262,18.03883
283.7802,-23.44379,5.058939,18.24815,-23.64307,4.930374,18.21467,-22.71079,4.915262,18.03883
283.8136,-23.444,5.05902,18.25161,-23.64307,4.930374,18.21467,-22.71079,4.915262,18.03883
283.8469,-23.44671,5.057745,18.25637,-23.64307,4.930374,18.21467,-22.71079,4.915262,18.03883
283.8802,-23.45284,5.055583,18.2643,-23.64307,4.930374,18.21467,-22.71079,4.915262,18.03883
283.9135,-23.45889,5.053797,18.27058,-23.64307,4.930374,18.21467,-22.71079,4.915262,18.03883
283.9469,-23.46527,5.053386,18.26851,-23.64307,4.930374,18.21467,-22.71079,4.915262,18.03883
283.9802,-23.47521,5.054068,18.25978,-23.64307,4.930374,18.21467,-22.71079,4.915262,18.03883
284.0135,-23.48463,5.053937,18.25411,-23.64307,4.930374,18.21467,-22.71079,4.915262,18.03883
284.0469,-23.49359,5.055269,18.24192,-23.64307,4.930374,18.21467,-22.71079,4.915262,18.03883
284.0802,-23.50339,5.056558,18.22958,-23.64307,4.930374,18.21467,-22.71079,4.915262,18.03883
284.1136,-23.51406,5.057841,18.21712,-23.64307,4.930374,18.21467,-22.71079,4.915262,18.03883
284.1469,-23.5232,5.059106,18.20646,-23.64307,4.930374,18.21467,-22.71079,4.915262,18.03883
284.1802,-23.53333,5.05996,18.19731,-23.64307,4.930374,18.21467,-22.71079,4.915262,18.03883
284.2136,-23.54129,5.060023,18.19332,-23.64307,4.930374,18.21467,-22.71079,4.915262,18.03883
284.2469,-23.54608,5.060007,18.19124,-23.64307,4.930374,18.21467,-22.71079,4.915262,18.03883
284.2802,-23.55111,5.059192,18.19241,-23.64307,4.930374,18.21467,-22.71079,4.915262,18.03883
284.3136,-23.55562,5.057588,18.19682,-23.64307,4.930374,18.21467,-22.71079,4.915262,18.03883
284.3469,-23.55749,5.056662,18.1999,-23.64307,4.930374,18.21467,-22.71079,4.915262,18.03883
284.3802,-23.55749,5.056662,18.1999,-23.64307,4.930374,18.21467,-22.71079,4.915262,18.03883
284.4135,-23.55761,5.056264,18.20152,-23.64307,4.930374,18.21467,-22.71079,4.915262,18.03883
284.4469,-23.56037,5.054961,18.2062,-23.64307,4.930374,18.21467,-22.71079,4.915262,18.03883
284.4802,-23.55885,5.054696,18.20797,-23.64307,4.930374,18.21467,-22.71079,4.915262,18.03883
284.5135,-23.55897,5.054308,18.20959,-23.64307,4.930374,18.21467,-22.71079,4.915262,18.03883
284.5469,-23.56032,5.052658,18.21594,-23.64307,4.930374,18.21467,-22.71079,4.915262,18.03883
284.5802,-23.55938,5.050796,18.22411,-23.64307,4.930374,18.21467,-22.71079,4.915262,18.03883
284.6136,-23.55768,5.048752,18.23403,-23.64307,4.930374,18.21467,-22.71079,4.915262,18.03883
284.6469,-23.55121,5.04707,18.24558,-23.64307,4.930374,18.21467,-22.71079,4.915262,18.03883
284.6802,-23.53846,5.044918,18.26124,-23.64307,4.930374,18.21467,-22.71079,4.915262,18.03883
284.7136,-23.52446,5.044086,18.27211,-23.64307,4.930374,18.21467,-22.71079,4.915262,18.03883
284.7469,-23.5136,5.043434,18.28295,-23.64307,4.930374,18.21467,-22.71079,4.915262,18.03883
284.7802,-23.50757,5.04269,18.29173,-23.64307,4.930374,18.21467,-22.71079,4.915262,18.03883
284.8136,-23.50263,5.043245,18.29217,-23.64307,4.930374,18.21467,-22.71079,4.915262,18.03883
284.8469,-23.50016,5.044565,18.29181,-23.64307,4.930374,18.21467,-22.71079,4.915262,18.03883
284.8802,-23.49573,5.045818,18.28718,-23.64307,4.930374,18.21467,-22.71079,4.915262,18.03883
284.9135,-23.49487,5.046531,18.28611,-23.64307,4.930374,18.21467,-22.71079,4.915262,18.03883
284.9469,-23.493,5.047318,18.28298,-23.64307,4.930374,18.21467,-22.71079,4.915262,18.03883
284.9802,-23.493,5.047318,18.28298,-23.64307,4.930374,18.21467,-22.71079,4.915262,18.03883
285.0135,-23.49287,5.048752,18.28083,-23.64307,4.930374,18.21467,-22.71079,4.915262,18.03883
285.0469,-23.49268,5.050912,18.27762,-23.64307,4.930374,18.21467,-22.71079,4.915262,18.03883
285.0802,-23.49319,5.052251,18.27327,-23.64307,4.930374,18.21467,-22.71079,4.915262,18.03883
285.1136,-23.49302,5.053288,18.27057,-23.64307,4.930374,18.21467,-22.71079,4.915262,18.03883
285.1469,-23.49202,5.053922,18.26729,-23.64307,4.930374,18.21467,-22.71079,4.915262,18.03883
285.1802,-23.49202,5.053922,18.26729,-23.64307,4.930374,18.21467,-22.71079,4.915262,18.03883
285.2136,-23.49456,5.05341,18.26879,-23.64307,4.930374,18.21467,-22.71079,4.915262,18.03883
285.2469,-23.49636,5.052781,18.27206,-23.64307,4.930374,18.21467,-22.71079,4.915262,18.03883
285.2802,-23.49975,5.052085,18.27341,-23.64307,4.930374,18.21467,-22.71079,4.915262,18.03883
285.3136,-23.50067,5.051172,18.27433,-23.48516,4.941159,18.25337,-22.71079,4.915262,18.03883
285.3469,-23.50407,5.050493,18.27568,-23.48631,4.940791,18.25447,-22.71079,4.915262,18.03883
285.3802,-23.50747,5.049824,18.27703,-23.49145,4.951453,18.25797,-22.71079,4.915262,18.03883
285.4135,-23.50923,5.049341,18.27852,-23.49363,4.938785,18.25731,-22.71079,4.915262,18.03883
285.4469,-23.51219,5.049908,18.27332,-23.49553,4.938195,18.25892,-22.71079,4.915262,18.03883
285.4802,-23.51526,5.050186,18.26976,-23.49864,4.937891,18.2531,-22.71079,4.915262,18.03883
285.5135,-23.51834,5.050484,18.2662,-23.50189,4.937411,18.24908,-22.71079,4.915262,18.03883
285.5469,-23.5222,5.050797,18.26264,-23.50513,4.936784,18.24504,-22.71079,4.915262,18.03883
285.5802,-23.52522,5.050716,18.25852,-23.50909,4.935723,18.24089,-22.71079,4.915262,18.03883
285.6136,-23.52744,5.051219,18.2551,-23.51231,4.934958,18.23627,-22.71079,4.915262,18.03883
285.6469,-23.53218,5.051247,18.25316,-23.51453,4.934487,18.23235,-22.71079,4.915262,18.03883
285.6802,-23.53543,5.050544,18.2523,-23.51938,4.932983,18.22994,-22.71079,4.915262,18.03883
285.7136,-23.53696,5.050732,18.25053,-23.52289,4.931842,18.22892,-22.71079,4.915262,18.03883
285.7469,-23.54171,5.050787,18.24857,-23.5245,4.931439,18.22686,-22.71079,4.915262,18.03883
285.7802,-23.54324,5.050987,18.2468,-23.52936,4.929935,18.22443,-22.71079,4.915262,18.03883
285.8136,-23.54477,5.05119,18.24502,-23.53098,4.929533,18.22236,-22.71079,4.915262,18.03883
285.8469,-23.54861,5.051613,18.24146,-23.53259,4.929129,18.22029,-22.71079,4.915262,18.03883
285.8802,-23.55245,5.052052,18.23789,-23.53659,4.928254,18.21611,-22.71079,4.915262,18.03883
285.9135,-23.55551,5.052507,18.23435,-23.54065,4.928111,18.21208,-22.71079,4.915262,18.03883
285.9469,-23.55857,5.052979,18.2308,-23.54397,4.928203,18.2081,-22.71079,4.915262,18.03883
285.9802,-23.55998,5.053584,18.22741,-23.54734,4.928802,18.20423,-22.71079,4.915262,18.03883
286.0135,-23.5614,5.054199,18.22402,-23.54892,4.929838,18.20058,-22.71079,4.915262,18.03883
286.0469,-23.56457,5.054343,18.22211,-23.5505,4.930872,18.19694,-22.71079,4.915262,18.03883
286.0802,-23.56828,5.055244,18.21692,-23.55401,4.931313,18.19491,-22.71079,4.915262,18.03883
286.1136,-23.56981,5.055516,18.21516,-23.55803,4.932808,18.18934,-22.71079,4.915262,18.03883
286.1469,-23.57133,5.055793,18.21339,-23.55972,4.9333,18.18745,-22.71079,4.915262,18.03883
286.1802,-23.57703,5.055498,18.21293,-23.56141,4.933792,18.18556,-22.71079,4.915262,18.03883
286.2136,-23.57856,5.055785,18.21117,-23.56759,4.933611,18.18509,-22.71079,4.915262,18.03883
286.2469,-23.58161,5.056372,18.20764,-23.56927,4.934103,18.1832,-22.71079,4.915262,18.03883
286.2802,-23.58313,5.056671,18.20588,-23.57264,4.935088,18.17941,-22.71079,4.915262,18.03883
286.3136,-23.58466,5.056973,18.20412,-23.57433,4.93558,18.17752,-22.71079,4.915262,18.03883
286.3469,-23.58771,5.057595,18.2006,-23.57601,4.936072,18.17563,-22.71079,4.915262,18.03883
286.3802,-23.58906,5.057921,18.19666,-23.57938,4.937268,18.1719,-22.71079,4.915262,18.03883
286.4135,-23.59059,5.058245,18.1949,-23.58096,4.939037,18.16792,-22.71079,4.915262,18.03883
286.4469,-23.5935,5.058975,18.19145,-23.58265,4.939818,18.1661,-22.71079,4.915262,18.03883
286.4802,-23.59578,5.059309,18.18966,-23.58573,4.94136,18.16253,-22.71079,4.915262,18.03883
286.5135,-23.59793,5.060058,18.18625,-23.58816,4.942136,18.16067,-22.71079,4.915262,18.03883
286.5469,-23.59957,5.059989,18.18611,-23.59047,4.943606,18.15712,-22.71079,4.915262,18.03883
286.5802,-23.60273,5.060271,18.1842,-23.59226,4.943485,18.15695,-22.71079,4.915262,18.03883
286.6136,-23.60413,5.06104,18.18084,-23.59572,4.944019,18.15493,-22.71079,4.915262,18.03883
286.6469,-23.60483,5.06066,18.18024,-23.59728,4.94545,18.15141,-22.71079,4.915262,18.03883
286.6802,-23.6071,5.061019,18.17844,-23.598,4.945605,18.15089,-22.71079,4.915262,18.03883
286.7136,-23.60861,5.061384,18.17669,-23.60041,4.946204,18.14899,-22.71079,4.915262,18.03883
286.7469,-23.61088,5.061751,18.17489,-23.60207,4.946859,18.14714,-22.71079,4.915262,18.03883
286.7802,-23.61239,5.062123,18.17313,-23.60448,4.947459,18.14524,-22.71079,4.915262,18.03883
286.8136,-23.61378,5.062929,18.16978,-23.60614,4.948115,18.1434,-22.71079,4.915262,18.03883
286.8469,-23.61524,5.062936,18.16746,-23.60768,4.949546,18.13988,-22.71079,4.915262,18.03883
286.8802,-23.61839,5.063279,18.16557,-23.60932,4.950412,18.13758,-22.71079,4.915262,18.03883
286.9135,-23.6199,5.063672,18.16382,-23.61276,4.950949,18.13556,-22.71079,4.915262,18.03883
286.9469,-23.62128,5.06451,18.16047,-23.61441,4.951604,18.13372,-22.71079,4.915262,18.03883
286.9802,-23.6243,5.065322,18.15698,-23.61594,4.953033,18.13021,-22.71079,4.915262,18.03883
287.0135,-23.62391,5.066669,18.15217,-23.61925,4.954344,18.12652,-22.71079,4.915262,18.03883
287.0469,-23.62529,5.067543,18.14882,-23.61886,4.95666,18.12153,-22.71079,4.915262,18.03883
287.0802,-23.6298,5.06883,18.1436,-23.62032,4.956715,18.11764,-22.71079,4.915262,18.03883
287.1136,-23.63755,5.069666,18.13973,-23.62517,4.956557,18.11151,-22.71079,4.915262,18.03883
287.1469,-23.64042,5.071041,18.13466,-23.63336,4.954764,18.10653,-22.71079,4.915262,18.03883
287.1802,-23.64328,5.072442,18.1296,-23.6364,4.953825,18.10028,-22.71079,4.915262,18.03883
287.2136,-23.64627,5.073386,18.12613,-23.63945,4.952885,18.094,-22.71079,4.915262,18.03883
287.2469,-23.64927,5.074347,18.12267,-23.64267,4.951881,18.08959,-22.71079,4.915262,18.03883
287.2802,-23.64986,5.074836,18.12102,-23.6459,4.951035,18.08522,-22.71079,4.915262,18.03883
287.3136,-23.65298,5.075325,18.11915,-23.64644,4.950756,18.08316,-22.71079,4.915262,18.03883
287.3469,-23.65343,5.07631,18.11591,-23.64985,4.950306,18.0808,-22.71079,4.915262,18.03883
287.3802,-23.65479,5.077308,18.11259,-23.65022,4.949789,18.07675,-22.71079,4.915262,18.03883
287.4135,-23.65627,5.077813,18.11087,-23.65167,4.949206,18.07257,-22.71079,4.915262,18.03883
287.4469,-23.65776,5.078321,18.10914,-23.65329,4.948861,18.07038,-22.71079,4.915262,18.03883
287.4802,-23.65934,5.077979,18.10845,-23.65491,4.948515,18.06819,-22.71079,4.915262,18.03883
287.5135,-23.66083,5.078496,18.10672,-23.65666,4.948346,18.06748,-22.71079,4.915262,18.03883
287.5469,-23.66069,5.079003,18.10514,-23.65828,4.948,18.06529,-22.71079,4.915262,18.03883
287.5802,-23.66117,5.078986,18.10024,-23.65811,4.94776,18.06328,-22.71079,4.915262,18.03883
287.6136,-23.66289,5.078139,18.10113,-23.65873,4.94703,18.05759,-22.71079,4.915262,18.03883
287.6469,-23.66504,5.076759,18.09871,-23.66064,4.947101,18.05889,-22.71079,4.915262,18.03883
287.6802,-23.67069,5.073681,18.10289,-23.66294,4.946641,18.05651,-22.71079,4.915262,18.03883
287.7136,-23.67496,5.072712,18.1057,-23.66877,4.946262,18.0621,-22.71079,4.915262,18.03883
287.7469,-23.6776,5.071732,18.10866,-23.67339,4.945814,18.06541,-22.71079,4.915262,18.03883
287.7802,-23.67847,5.071233,18.11017,-23.67622,4.945743,18.06899,-22.71079,4.915262,18.03883
287.8136,-23.67847,5.071233,18.11017,-23.67709,4.945821,18.07086,-22.71079,4.915262,18.03883
287.8469,-23.67847,5.071233,18.11017,-23.67709,4.945821,18.07086,-22.71079,4.915262,18.03883
287.8802,-23.68097,5.070763,18.11154,-23.67709,4.945821,18.07086,-22.71079,4.915262,18.03883
287.9135,-23.68112,5.070266,18.11312,-23.67976,4.945519,18.07244,-22.71079,4.915262,18.03883
287.9469,-23.68127,5.069772,18.11471,-23.67993,4.945747,18.07443,-22.71079,4.915262,18.03883
287.9802,-23.68127,5.069774,18.11471,-23.6801,4.945975,18.07642,-22.71079,4.915262,18.03883
288.0135,-23.68127,5.069774,18.11471,-23.6801,4.945975,18.07641,-22.71079,4.915262,18.03883
288.0469,-23.68215,5.069282,18.11622,-23.6801,4.945974,18.07641,-22.71079,4.915262,18.03883
288.0802,-23.6822,5.069639,18.11678,-23.68098,4.946051,18.07828,-22.71079,4.915262,18.03883
288.1136,-23.6822,5.069638,18.11678,-23.68104,4.946109,18.0788,-22.71079,4.915262,18.03883
288.1469,-23.68292,5.069638,18.11671,-23.68104,4.946109,18.0788,-22.71079,4.915262,18.03883
288.1802,-23.68459,5.0693,18.11692,-23.68175,4.945958,18.07868,-22.71079,4.915262,18.03883
288.2136,-23.68546,5.068811,18.11844,-23.68357,4.945808,18.07893,-22.71079,4.915262,18.03883
288.2469,-23.68561,5.068325,18.12002,-23.68445,4.946122,18.08087,-22.71079,4.915262,18.03883
288.2802,-23.68556,5.067966,18.11947,-23.68463,4.946507,18.08289,-22.71079,4.915262,18.03883
288.3136,-23.68629,5.067967,18.11939,-23.68458,4.946406,18.08236,-22.71079,4.915262,18.03883
288.3469,-23.6885,5.068487,18.11758,-23.68529,4.946334,18.08226,-22.71079,4.915262,18.03883
288.3802,-23.6877,5.071322,18.10928,-23.68761,4.945697,18.07991,-22.71079,4.915262,18.03883
288.4135,-23.68846,5.074736,18.10019,-23.68761,4.945697,18.07991,-22.71079,4.915262,18.03883
288.4469,-23.68901,5.078394,18.08898,-23.68761,4.945697,18.07991,-22.71079,4.915262,18.03883
288.4802,-23.68663,5.081006,18.08125,-23.68761,4.945697,18.07991,-22.71079,4.915262,18.03883
288.5135,-23.68632,5.082079,18.0781,-23.68761,4.945697,18.07991,-22.71079,4.915262,18.03883
288.5469,-23.68556,5.084797,18.07025,-23.68761,4.945697,18.07991,-22.71079,4.915262,18.03883
288.5802,-23.68567,5.08797,18.06199,-23.68761,4.945697,18.07991,-22.71079,4.915262,18.03883
288.6136,-23.6842,5.090788,18.05424,-23.68761,4.945697,18.07991,-22.71079,4.915262,18.03883
288.6469,-23.68044,5.093621,18.04673,-23.68761,4.945697,18.07991,-22.71079,4.915262,18.03883
288.6802,-23.6809,5.095403,18.04199,-23.68761,4.945697,18.07991,-22.71079,4.915262,18.03883
288.7136,-23.67731,5.097723,18.03606,-23.68761,4.945697,18.07991,-22.71079,4.915262,18.03883
288.7469,-23.67541,5.098877,18.0331,-23.68761,4.945697,18.07991,-22.71079,4.915262,18.03883
288.7802,-23.67177,5.100617,18.02872,-23.68761,4.945697,18.07991,-22.71079,4.915262,18.03883
288.8136,-23.67042,5.102407,18.02415,-23.68761,4.945697,18.07991,-22.71079,4.915262,18.03883
288.8469,-23.66663,5.104756,18.01556,-23.68761,4.945697,18.07991,-22.71079,4.915262,18.03883
288.8802,-23.66956,5.105344,18.00306,-23.68761,4.945697,18.07991,-22.71079,4.915262,18.03883
288.9135,-23.67444,5.107985,17.98841,-23.68761,4.945697,18.07991,-22.71079,4.915262,18.03883
288.9469,-23.67944,5.115058,17.96774,-23.68761,4.945697,18.07991,-22.71079,4.915262,18.03883
288.9802,-23.68295,5.12055,17.94513,-23.68761,4.945697,18.07991,-22.71079,4.915262,18.03883
289.0135,-23.6816,5.124752,17.92977,-23.68761,4.945697,18.07991,-22.71079,4.915262,18.03883
289.0469,-23.68108,5.127357,17.91378,-23.68761,4.945697,18.07991,-22.71079,4.915262,18.03883
289.0802,-23.68111,5.127314,17.90278,-23.68761,4.945697,18.07991,-22.71079,4.915262,18.03883
289.1136,-23.67972,5.128554,17.89631,-23.68761,4.945697,18.07991,-22.71079,4.915262,18.03883
289.1469,-23.67685,5.130089,17.89057,-23.68761,4.945697,18.07991,-22.71079,4.915262,18.03883
289.1802,-23.67697,5.132709,17.88355,-23.68761,4.945697,18.07991,-22.71079,4.915262,18.03883
289.2136,-23.67584,5.135085,17.87925,-23.68761,4.945697,18.07991,-22.71079,4.915262,18.03883
289.2469,-23.67501,5.139082,17.87197,-23.68761,4.945697,18.07991,-22.71079,4.915262,18.03883
289.2802,-23.67321,5.142872,17.86429,-23.68761,4.945697,18.07991,-22.71079,4.915262,18.03883
289.3136,-23.67197,5.144503,17.8615,-23.68761,4.945697,18.07991,-22.71079,4.915262,18.03883
289.3469,-23.66717,5.148624,17.85474,-23.68761,4.945697,18.07991,-22.71079,4.915262,18.03883
289.3802,-23.6601,5.150431,17.84961,-23.68761,4.945697,18.07991,-22.71079,4.915262,18.03883
289.4135,-23.65323,5.153046,17.84607,-23.68761,4.945697,18.07991,-22.71079,4.915262,18.03883
289.4469,-23.64256,5.153272,17.84734,-23.68761,4.945697,18.07991,-22.71079,4.915262,18.03883
289.4802,-23.62766,5.155443,17.84624,-23.68761,4.945697,18.07991,-22.71079,4.915262,18.03883
289.5135,-23.61318,5.153685,17.85246,-23.68761,4.945697,18.07991,-22.71079,4.915262,18.03883
289.5469,-23.59262,5.150009,17.86379,-23.68761,4.945697,18.07991,-22.71079,4.915262,18.03883
289.5802,-23.56699,5.145584,17.87874,-23.68761,4.945697,18.07991,-22.71079,4.915262,18.03883
289.6136,-23.54376,5.143648,17.8903,-23.68761,4.945697,18.07991,-22.71079,4.915262,18.03883
289.6469,-23.51543,5.139684,17.90635,-23.68761,4.945697,18.07991,-22.71079,4.915262,18.03883
289.6802,-23.48723,5.135994,17.92548,-23.68761,4.945697,18.07991,-22.71079,4.915262,18.03883
289.7136,-23.46394,5.132955,17.94127,-23.68761,4.945697,18.07991,-22.71079,4.915262,18.03883
289.7469,-23.4438,5.128666,17.96262,-23.68761,4.945697,18.07991,-22.71079,4.915262,18.03883
289.7802,-23.42462,5.127116,17.9802,-23.68761,4.945697,18.07991,-22.71079,4.915262,18.03883
289.8136,-23.40688,5.124477,17.99813,-23.68761,4.945697,18.07991,-22.71079,4.915262,18.03883
289.8469,-23.38933,5.120388,18.0208,-23.68761,4.945697,18.07991,-22.71079,4.915262,18.03883
289.8802,-23.37569,5.115707,18.04289,-23.68761,4.945697,18.07991,-22.71079,4.915262,18.03883
289.9135,-23.36124,5.112512,18.06317,-23.68761,4.945697,18.07991,-22.71079,4.915262,18.03883
289.9469,-23.34973,5.108639,18.08325,-23.68761,4.945697,18.07991,-22.71079,4.915262,18.03883
289.9802,-23.34425,5.105336,18.09832,-23.68761,4.945697,18.07991,-22.71079,4.915262,18.03883
290.0135,-23.34003,5.103946,18.10691,-23.68761,4.945697,18.07991,-22.71079,4.915262,18.03883
290.0469,-23.33702,5.104328,18.10897,-23.68761,4.945697,18.07991,-22.71079,4.915262,18.03883
290.0802,-23.34252,5.102108,18.1083,-23.68761,4.945697,18.07991,-22.71079,4.915262,18.03883
290.1136,-23.34611,5.102945,18.10122,-23.68761,4.945697,18.07991,-22.71079,4.915262,18.03883
290.1469,-23.35395,5.105013,18.08875,-23.68761,4.945697,18.07991,-22.71079,4.915262,18.03883
290.1802,-23.36821,5.108673,18.06915,-23.68761,4.945697,18.07991,-22.71079,4.915262,18.03883
290.2136,-23.37964,5.11259,18.0486,-23.68761,4.945697,18.07991,-22.71079,4.915262,18.03883
290.2469,-23.39242,5.118473,18.02334,-23.68761,4.945697,18.07991,-22.71079,4.915262,18.03883
290.2802,-23.40585,5.121785,18.00077,-23.68761,4.945697,18.07991,-22.71079,4.915262,18.03883
290.3136,-23.41628,5.122681,17.98328,-23.68761,4.945697,18.07991,-22.71079,4.915262,18.03883
290.3469,-23.43075,5.122648,17.97005,-23.68761,4.945697,18.07991,-22.71079,4.915262,18.03883
290.3802,-23.44684,5.123291,17.96054,-23.68761,4.945697,18.07991,-22.71079,4.915262,18.03883
290.4135,-23.46966,5.121816,17.95337,-23.68761,4.945697,18.07991,-22.71079,4.915262,18.03883
290.4469,-23.4872,5.120742,17.94891,-23.68761,4.945697,18.07991,-22.71079,4.915262,18.03883
290.4802,-23.49824,5.117068,17.94987,-23.68761,4.945697,18.07991,-22.71079,4.915262,18.03883
290.5135,-23.50469,5.109555,17.96169,-23.68761,4.945697,18.07991,-22.71079,4.915262,18.03883
290.5469,-23.51258,5.097611,17.98221,-23.68761,4.945697,18.07991,-22.71079,4.915262,18.03883
290.5802,-23.50719,5.088877,18.00545,-23.68761,4.945697,18.07991,-22.71079,4.915262,18.03883
290.6136,-23.50043,5.081774,18.02685,-23.68761,4.945697,18.07991,-22.71079,4.915262,18.03883
290.6469,-23.49275,5.071023,18.05772,-23.68761,4.945697,18.07991,-22.71079,4.915262,18.03883
290.6802,-23.48276,5.061977,18.08692,-23.68761,4.945697,18.07991,-22.71079,4.915262,18.03883
290.7136,-23.47816,5.055707,18.10801,-23.68761,4.945697,18.07991,-22.71079,4.915262,18.03883
290.7469,-23.4705,5.049881,18.13125,-23.68761,4.945697,18.07991,-22.71079,4.915262,18.03883
290.7802,-23.45275,5.045158,18.16099,-23.68761,4.945697,18.07991,-22.71079,4.915262,18.03883
290.8136,-23.44809,5.04287,18.17282,-23.68761,4.945697,18.07991,-22.71079,4.915262,18.03883
290.8469,-23.44605,5.039495,18.18769,-23.68761,4.945697,18.07991,-22.71079,4.915262,18.03883
290.8802,-23.4438,5.039532,18.1978,-23.68761,4.945697,18.07991,-22.71079,4.915262,18.03883
290.9135,-23.44291,5.039314,18.20616,-23.68761,4.945697,18.07991,-22.71079,4.915262,18.03883
290.9469,-23.44359,5.037265,18.21422,-23.68761,4.945697,18.07991,-22.71079,4.915262,18.03883
290.9802,-23.44403,5.036817,18.21928,-23.68761,4.945697,18.07991,-22.71079,4.915262,18.03883
291.0135,-23.44437,5.036412,18.22307,-23.68761,4.945697,18.07991,-22.71079,4.915262,18.03883
291.0469,-23.44464,5.035629,18.2263,-23.68761,4.945697,18.07991,-22.71079,4.915262,18.03883
291.0802,-23.4456,5.034871,18.2283,-23.68761,4.945697,18.07991,-22.71079,4.915262,18.03883
291.1136,-23.44651,5.034484,18.22994,-23.68761,4.945697,18.07991,-22.71079,4.915262,18.03883
291.1469,-23.44835,5.033718,18.23322,-23.68761,4.945697,18.07991,-22.71079,4.915262,18.03883
291.1802,-23.45162,5.031141,18.24274,-23.68761,4.945697,18.07991,-22.71079,4.915262,18.03883
291.2136,-23.45282,5.028256,18.25572,-23.68761,4.945697,18.07991,-22.71079,4.915262,18.03883
291.2469,-23.45756,5.02455,18.27119,-23.68761,4.945697,18.07991,-22.71079,4.915262,18.03883
291.2802,-23.46203,5.021684,18.28342,-23.68761,4.945697,18.07991,-22.71079,4.915262,18.03883
291.3136,-23.46966,5.018255,18.29396,-23.68761,4.945697,18.07991,-22.71079,4.915262,18.03883
291.3469,-23.474,5.015152,18.30438,-23.68761,4.945697,18.07991,-22.71079,4.915262,18.03883
291.3802,-23.47711,5.01371,18.31072,-23.68761,4.945697,18.07991,-22.71079,4.915262,18.03883
291.4135,-23.47809,5.013432,18.31236,-23.68761,4.945697,18.07991,-22.71079,4.915262,18.03883
291.4469,-23.48417,5.014055,18.30855,-23.68761,4.945697,18.07991,-22.71079,4.915262,18.03883
291.4802,-23.48841,5.015043,18.30249,-23.68761,4.945697,18.07991,-22.71079,4.915262,18.03883
291.5135,-23.49098,5.015316,18.29527,-23.68761,4.945697,18.07991,-22.71079,4.915262,18.03883
291.5469,-23.49209,5.015921,18.29014,-23.68761,4.945697,18.07991,-22.71079,4.915262,18.03883
291.5802,-23.49338,5.016238,18.28665,-23.68761,4.945697,18.07991,-22.71079,4.915262,18.03883
291.6136,-23.49629,5.016279,18.28294,-23.68761,4.945697,18.07991,-22.71079,4.915262,18.03883
291.6469,-23.49756,5.017771,18.27931,-23.68761,4.945697,18.07991,-22.71079,4.915262,18.03883
291.6802,-23.50018,5.019266,18.2729,-23.68761,4.945697,18.07991,-22.71079,4.915262,18.03883
291.7136,-23.50293,5.019681,18.26757,-23.68761,4.945697,18.07991,-22.71079,4.915262,18.03883
291.7469,-23.50326,5.020395,18.26246,-23.68761,4.945697,18.07991,-22.71079,4.915262,18.03883
291.7802,-23.50394,5.020457,18.26062,-23.68761,4.945697,18.07991,-22.71079,4.915262,18.03883
291.8136,-23.50377,5.020793,18.25899,-23.68761,4.945697,18.07991,-22.71079,4.915262,18.03883
291.8469,-23.50507,5.021201,18.25552,-23.68761,4.945697,18.07991,-22.71079,4.915262,18.03883
291.8802,-23.50474,5.021887,18.25227,-23.68761,4.945697,18.07991,-22.71079,4.915262,18.03883
291.9135,-23.50458,5.022233,18.25064,-23.68761,4.945697,18.07991,-22.71079,4.915262,18.03883
291.9469,-23.50468,5.021485,18.25169,-23.68761,4.945697,18.07991,-22.71079,4.915262,18.03883
291.9802,-23.50655,5.020134,18.25381,-23.68761,4.945697,18.07991,-22.71079,4.915262,18.03883
292.0135,-23.50708,5.018743,18.25905,-23.49147,4.940774,18.23855,-22.71079,4.915262,18.03883
292.0469,-23.5083,5.017331,18.26335,-23.49219,4.940154,18.24425,-22.71079,4.915262,18.03883
292.0802,-23.50806,5.01918,18.26089,-23.49612,4.952947,18.25146,-22.71079,4.915262,18.03883
292.1136,-23.5059,5.020832,18.25587,-23.49303,4.939806,18.24608,-22.71079,4.915262,18.03883
292.1469,-23.50137,5.022406,18.25144,-23.4906,4.940824,18.24064,-22.71079,4.915262,18.03883
292.1802,-23.50092,5.024212,18.24712,-23.48857,4.956559,18.23865,-22.71079,4.915262,18.03883
292.2136,-23.5004,5.025644,18.24189,-23.48516,4.943272,18.23118,-22.71079,4.915262,18.03883
292.2469,-23.49816,5.028128,18.23583,-23.4845,4.94425,18.22553,-22.71079,4.915262,18.03883
292.2802,-23.49931,5.028958,18.23075,-23.48195,4.945955,18.21893,-22.71079,4.915262,18.03883
292.3136,-23.49908,5.028936,18.22856,-23.48309,4.946446,18.21343,-22.71079,4.915262,18.03883
292.3469,-23.49715,5.029963,18.22555,-23.48294,4.946874,18.21119,-22.71079,4.915262,18.03883
292.3802,-23.49537,5.030619,18.22415,-23.48089,4.948058,18.20799,-22.71079,4.915262,18.03883
292.4135,-23.49521,5.030999,18.22253,-23.47902,4.948893,18.20653,-22.71079,4.915262,18.03883
292.4469,-23.49506,5.031382,18.22091,-23.47885,4.949241,18.20479,-22.71079,4.915262,18.03883
292.4802,-23.4949,5.031767,18.21929,-23.47867,4.94959,18.20306,-22.71079,4.915262,18.03883
292.5135,-23.49398,5.032155,18.21767,-23.47849,4.94994,18.20132,-22.71079,4.915262,18.03883
292.5469,-23.49383,5.032544,18.21606,-23.4776,4.950507,18.19963,-22.71079,4.915262,18.03883
292.5802,-23.49276,5.033328,18.21283,-23.47742,4.950855,18.19789,-22.71079,4.915262,18.03883
292.6136,-23.49184,5.033723,18.21121,-23.47622,4.951104,18.19431,-22.71079,4.915262,18.03883
292.6469,-23.49092,5.034121,18.20959,-23.47523,4.951169,18.1925,-22.71079,4.915262,18.03883
292.6802,-23.49224,5.034645,18.20615,-23.47424,4.951235,18.19068,-22.71079,4.915262,18.03883
292.7136,-23.49224,5.034645,18.20615,-23.47551,4.951101,18.18685,-22.71079,4.915262,18.03883
292.7469,-23.4921,5.035049,18.20453,-23.47551,4.951101,18.18685,-22.71079,4.915262,18.03883
292.7802,-23.49266,5.03559,18.20109,-23.47527,4.951106,18.18503,-22.71079,4.915262,18.03883
292.8136,-23.49266,5.035589,18.20109,-23.4758,4.951031,18.18119,-22.71079,4.915262,18.03883
292.8469,-23.49266,5.035588,18.20109,-23.4758,4.951031,18.18119,-22.71079,4.915262,18.03883
292.8802,-23.49251,5.035999,18.19948,-23.4758,4.951031,18.18119,-22.71079,4.915262,18.03883
292.9135,-23.49251,5.035999,18.19948,-23.47555,4.951036,18.17937,-22.71079,4.915262,18.03883
292.9469,-23.49398,5.03614,18.19765,-23.47555,4.951036,18.17937,-22.71079,4.915262,18.03883
292.9802,-23.49541,5.036653,18.19547,-23.47707,4.950897,18.17735,-22.71079,4.915262,18.03883
293.0135,-23.49541,5.036654,18.19547,-23.47847,4.950763,18.17488,-22.71079,4.915262,18.03883
293.0469,-23.49527,5.037069,18.19386,-23.47847,4.950763,18.17488,-22.71079,4.915262,18.03883
293.0802,-23.49437,5.037487,18.19224,-23.47823,4.950768,18.17305,-22.71079,4.915262,18.03883
293.1136,-23.49346,5.037907,18.19063,-23.47725,4.950832,18.17123,-22.71079,4.915262,18.03883
293.1469,-23.49318,5.038753,18.18741,-23.47627,4.950897,18.16941,-22.71079,4.915262,18.03883
293.1802,-23.49451,5.03934,18.18398,-23.47578,4.950906,18.16574,-22.71079,4.915262,18.03883
293.2136,-23.49422,5.040202,18.18077,-23.47708,4.950868,18.16191,-22.71079,4.915262,18.03883
293.2469,-23.49481,5.040809,18.17735,-23.47669,4.951386,18.15837,-22.71079,4.915262,18.03883
293.2802,-23.49378,5.041688,18.17414,-23.47735,4.951852,18.15464,-22.71079,4.915262,18.03883
293.3136,-23.4935,5.042575,18.17093,-23.47623,4.952425,18.15109,-22.71079,4.915262,18.03883
293.3469,-23.49336,5.043021,18.16933,-23.47585,4.952944,18.14754,-22.71079,4.915262,18.03883
293.3802,-23.4947,5.043658,18.16591,-23.47565,4.953204,18.14577,-22.71079,4.915262,18.03883
293.4135,-23.49368,5.044564,18.16271,-23.47704,4.953612,18.14203,-22.71079,4.915262,18.03883
293.4469,-23.49179,5.04594,18.1579,-23.4757,4.953018,18.13817,-22.71079,4.915262,18.03883
293.4802,-23.49078,5.046869,18.1547,-23.47332,4.952049,18.13233,-22.71079,4.915262,18.03883
293.5135,-23.49078,5.046869,18.1547,-23.47198,4.951453,18.12844,-22.71079,4.915262,18.03883
293.5469,-23.49213,5.047545,18.1513,-23.47198,4.951454,18.12844,-22.71079,4.915262,18.03883
293.5802,-23.49187,5.048489,18.14811,-23.47328,4.951382,18.12456,-22.71079,4.915262,18.03883
293.6136,-23.49248,5.049182,18.14471,-23.47271,4.950942,18.12071,-22.71079,4.915262,18.03883
293.6469,-23.49161,5.049662,18.14311,-23.47325,4.950714,18.11675,-22.71079,4.915262,18.03883
293.6802,-23.4931,5.049889,18.14131,-23.47221,4.950338,18.11477,-22.71079,4.915262,18.03883
293.7136,-23.49284,5.050857,18.13813,-23.47379,4.950486,18.11279,-22.71079,4.915262,18.03883
293.7469,-23.49568,5.051821,18.13294,-23.47323,4.950045,18.10892,-22.71079,4.915262,18.03883
293.7802,-23.49839,5.053312,18.12617,-23.47617,4.950395,18.10311,-22.71079,4.915262,18.03883
293.8136,-23.49902,5.054072,18.1228,-23.47888,4.950831,18.09543,-22.71079,4.915262,18.03883
293.8469,-23.50038,5.054844,18.11942,-23.47949,4.950892,18.09153,-22.71079,4.915262,18.03883
293.8802,-23.50186,5.055113,18.11763,-23.48085,4.951111,18.08768,-22.71079,4.915262,18.03883
293.9135,-23.50149,5.056655,18.11288,-23.48246,4.951416,18.08574,-22.71079,4.915262,18.03883
293.9469,-23.50285,5.057455,18.10951,-23.48169,4.951156,18.07999,-22.71079,4.915262,18.03883
293.9802,-23.50408,5.058791,18.10457,-23.48301,4.9512,18.07607,-22.71079,4.915262,18.03883
294.0135,-23.50312,5.059849,18.10141,-23.48403,4.950895,18.07014,-22.71079,4.915262,18.03883
294.0469,-23.50304,5.060682,18.09806,-23.48269,4.95007,18.06606,-22.71079,4.915262,18.03883
294.0802,-23.50101,5.063381,18.09019,-23.48251,4.949592,18.06194,-22.71079,4.915262,18.03883
294.1136,-23.50167,5.064244,18.08684,-23.47956,4.947687,18.05172,-22.71079,4.915262,18.03883
294.1469,-23.50156,5.064794,18.08527,-23.48017,4.947596,18.0477,-22.71079,4.915262,18.03883
294.1802,-23.50144,5.065346,18.0837,-23.47989,4.94737,18.0457,-22.71079,4.915262,18.03883
294.2136,-23.50133,5.065899,18.08213,-23.47961,4.947144,18.0437,-22.71079,4.915262,18.03883
294.2469,-23.50121,5.066456,18.08056,-23.47933,4.946918,18.04169,-22.71079,4.915262,18.03883
294.2802,-23.50121,5.066456,18.08056,-23.47905,4.946692,18.03969,-22.71079,4.915262,18.03883
294.3136,-23.50121,5.066456,18.08056,-23.47905,4.946692,18.03969,-22.71079,4.915262,18.03883
294.3469,-23.5011,5.067014,18.07899,-23.47905,4.946692,18.03969,-22.71079,4.915262,18.03883
294.3802,-23.50217,5.068699,18.07428,-23.47905,4.946692,18.03969,-22.71079,4.915262,18.03883
294.4135,-23.50633,5.068197,18.07287,-23.47905,4.946692,18.03969,-22.71079,4.915262,18.03883
294.4469,-23.51505,5.067615,18.07066,-23.47905,4.946692,18.03969,-22.71079,4.915262,18.03883
294.4802,-23.52679,5.067522,18.06838,-23.47905,4.946692,18.03969,-22.71079,4.915262,18.03883
294.5135,-23.54119,5.066823,18.06543,-23.47905,4.946692,18.03969,-22.71079,4.915262,18.03883
294.5469,-23.5552,5.065433,18.06382,-23.47905,4.946692,18.03969,-22.71079,4.915262,18.03883
294.5802,-23.57203,5.061879,18.06698,-23.47905,4.946692,18.03969,-22.71079,4.915262,18.03883
294.6136,-23.58674,5.058842,18.06985,-23.47905,4.946692,18.03969,-22.71079,4.915262,18.03883
294.6469,-23.59919,5.056095,18.07297,-23.47905,4.946692,18.03969,-22.71079,4.915262,18.03883
294.6802,-23.60811,5.054838,18.0734,-23.47905,4.946692,18.03969,-22.71079,4.915262,18.03883
294.7136,-23.61654,5.052715,18.0758,-23.47905,4.946692,18.03969,-22.71079,4.915262,18.03883
294.7469,-23.62395,5.048584,18.07909,-23.47905,4.946692,18.03969,-22.71079,4.915262,18.03883
294.7802,-23.6391,5.041144,18.08186,-23.47905,4.946692,18.03969,-22.71079,4.915262,18.03883
294.8136,-23.65534,5.034866,18.08732,-23.47905,4.946692,18.03969,-22.71079,4.915262,18.03883
294.8469,-23.66865,5.030667,18.08925,-23.47905,4.946692,18.03969,-22.71079,4.915262,18.03883
294.8802,-23.6836,5.026115,18.09224,-23.47905,4.946692,18.03969,-22.71079,4.915262,18.03883
294.9135,-23.69623,5.021804,18.09516,-23.47905,4.946692,18.03969,-22.71079,4.915262,18.03883
294.9469,-23.70734,5.014703,18.09389,-23.47905,4.946692,18.03969,-22.71079,4.915262,18.03883
294.9802,-23.72036,5.006462,18.09083,-23.47905,4.946692,18.03969,-22.71079,4.915262,18.03883
295.0135,-23.72837,5.000535,18.08968,-23.47905,4.946692,18.03969,-22.71079,4.915262,18.03883
295.0469,-23.73983,4.992721,18.08723,-23.47905,4.946692,18.03969,-22.71079,4.915262,18.03883
295.0802,-23.7535,4.985744,18.08928,-23.47905,4.946692,18.03969,-22.71079,4.915262,18.03883
295.1136,-23.76203,4.982313,18.09205,-23.47905,4.946692,18.03969,-22.71079,4.915262,18.03883
295.1469,-23.77297,4.980389,18.09455,-23.47905,4.946692,18.03969,-22.71079,4.915262,18.03883
295.1802,-23.78302,4.98039,18.09295,-23.47905,4.946692,18.03969,-22.71079,4.915262,18.03883
295.2136,-23.7905,4.981349,18.08844,-23.47905,4.946692,18.03969,-22.71079,4.915262,18.03883
295.2469,-23.79583,4.983128,18.08321,-23.47905,4.946692,18.03969,-22.71079,4.915262,18.03883
295.2802,-23.80049,4.983739,18.07951,-23.47905,4.946692,18.03969,-22.71079,4.915262,18.03883
295.3136,-23.80557,4.983095,18.07805,-23.47905,4.946692,18.03969,-22.71079,4.915262,18.03883
295.3469,-23.81044,4.983573,18.07554,-23.47905,4.946692,18.03969,-22.71079,4.915262,18.03883
295.3802,-23.81782,4.984581,18.07093,-23.47905,4.946692,18.03969,-22.71079,4.915262,18.03883
295.4135,-23.82348,4.984581,18.06987,-23.47905,4.946692,18.03969,-22.71079,4.915262,18.03883
295.4469,-23.82913,4.986008,18.06521,-23.47905,4.946692,18.03969,-22.71079,4.915262,18.03883
295.4802,-23.83284,4.987412,18.06187,-23.47905,4.946692,18.03969,-22.71079,4.915262,18.03883
295.5135,-23.8329,4.988482,18.05864,-23.47905,4.946692,18.03969,-22.71079,4.915262,18.03883
295.5469,-23.82658,4.991657,18.05254,-23.47905,4.946692,18.03969,-22.71079,4.915262,18.03883
295.5802,-23.8194,4.993452,18.04923,-23.47905,4.946692,18.03969,-22.71079,4.915262,18.03883
295.6136,-23.81363,4.995286,18.04566,-23.47905,4.946692,18.03969,-22.71079,4.915262,18.03883
295.6469,-23.80718,4.997155,18.04222,-23.47905,4.946692,18.03969,-22.71079,4.915262,18.03883
295.6802,-23.80548,4.997721,18.04093,-23.47905,4.946692,18.03969,-22.71079,4.915262,18.03883
295.7136,-23.80148,4.998353,18.04012,-23.47905,4.946692,18.03969,-22.71079,4.915262,18.03883
295.7469,-23.80049,4.997288,18.04354,-23.47905,4.946692,18.03969,-22.71079,4.915262,18.03883
295.7802,-23.79982,4.995671,18.04852,-23.47905,4.946692,18.03969,-22.71079,4.915262,18.03883
295.8136,-23.7999,4.995625,18.05354,-23.47905,4.946692,18.03969,-22.71079,4.915262,18.03883
295.8469,-23.80085,4.996294,18.05456,-23.47905,4.946692,18.03969,-22.71079,4.915262,18.03883
295.8802,-23.80148,4.997511,18.05404,-23.47905,4.946692,18.03969,-22.71079,4.915262,18.03883
295.9135,-23.80206,4.997177,18.05334,-23.47905,4.946692,18.03969,-22.71079,4.915262,18.03883
295.9469,-23.80358,4.995194,18.05728,-23.47905,4.946692,18.03969,-22.71079,4.915262,18.03883
295.9802,-23.80421,4.994102,18.06037,-23.47905,4.946692,18.03969,-22.71079,4.915262,18.03883
296.0135,-23.80457,4.99427,18.06214,-23.47905,4.946692,18.03969,-22.71079,4.915262,18.03883
296.0469,-23.8063,4.994534,18.06236,-23.47905,4.946692,18.03969,-22.71079,4.915262,18.03883
296.0802,-23.80822,4.993926,18.06356,-23.47905,4.946692,18.03969,-22.71079,4.915262,18.03883
296.1136,-23.80983,4.993858,18.0632,-23.47905,4.946692,18.03969,-22.71079,4.915262,18.03883
296.1469,-23.81182,4.994332,18.06118,-23.47905,4.946692,18.03969,-22.71079,4.915262,18.03883
296.1802,-23.81401,4.994748,18.05906,-23.47905,4.946692,18.03969,-22.71079,4.915262,18.03883
296.2136,-23.81518,4.994897,18.05659,-23.47905,4.946692,18.03969,-22.71079,4.915262,18.03883
296.2469,-23.81622,4.994717,18.05354,-23.47905,4.946692,18.03969,-22.71079,4.915262,18.03883
296.2802,-23.81771,4.994328,18.05262,-23.47905,4.946692,18.03969,-22.71079,4.915262,18.03883
296.3136,-23.81899,4.994824,18.05073,-23.47905,4.946692,18.03969,-22.71079,4.915262,18.03883
296.3469,-23.82098,4.995325,18.0487,-23.47905,4.946692,18.03969,-22.71079,4.915262,18.03883
296.3802,-23.82227,4.99583,18.04681,-23.47905,4.946692,18.03969,-22.71079,4.915262,18.03883
296.4135,-23.82457,4.995783,18.04633,-23.47905,4.946692,18.03969,-22.71079,4.915262,18.03883
296.4469,-23.82816,4.996251,18.04395,-23.47905,4.946692,18.03969,-22.71079,4.915262,18.03883
296.4802,-23.82912,4.997329,18.04053,-23.47905,4.946692,18.03969,-22.71079,4.915262,18.03883
296.5135,-23.83072,4.997291,18.04018,-23.47905,4.946692,18.03969,-22.71079,4.915262,18.03883
296.5469,-23.83232,4.997254,18.03983,-23.47905,4.946692,18.03969,-22.71079,4.915262,18.03883
296.5802,-23.83393,4.99722,18.03948,-23.47905,4.946692,18.03969,-22.71079,4.915262,18.03883
296.6136,-23.83425,4.996659,18.04102,-23.47905,4.946692,18.03969,-22.71079,4.915262,18.03883
296.6469,-23.83458,4.996101,18.04256,-23.47905,4.946692,18.03969,-22.71079,4.915262,18.03883
296.6802,-23.83452,4.994992,18.04578,-23.47905,4.946692,18.03969,-22.71079,4.915262,18.03883
296.7136,-23.83485,4.99444,18.04732,-23.47905,4.946692,18.03969,-22.71079,4.915262,18.03883
296.7469,-23.83582,4.992796,18.05195,-23.82697,4.910561,18.019,-22.71079,4.915262,18.03883
296.7802,-23.83646,4.991709,18.05504,-23.82808,4.909625,18.02422,-22.71079,4.915262,18.03883
296.8136,-23.83377,4.991204,18.05721,-23.82882,4.909001,18.0277,-22.71079,4.915262,18.03883
296.8469,-23.83392,4.990097,18.06037,-23.82629,4.910762,18.03075,-22.71079,4.915262,18.03883
296.8802,-23.82788,4.990168,18.0616,-23.82761,4.920639,18.03769,-22.71079,4.915262,18.03883
296.9135,-23.8253,4.989182,18.06539,-23.82086,4.914532,18.03693,-22.71079,4.915262,18.03883
296.9469,-23.8242,4.988652,18.06721,-23.81838,4.916207,18.04183,-22.71079,4.915262,18.03883
296.9802,-23.81957,4.98874,18.06816,-23.81743,4.916833,18.04412,-22.71079,4.915262,18.03883
297.0135,-23.81654,4.988787,18.06876,-23.81293,4.920042,18.0461,-22.71079,4.915262,18.03883
297.0469,-23.81473,4.988258,18.0707,-23.81003,4.922099,18.04736,-22.71079,4.915262,18.03883
297.0802,-23.81272,4.987782,18.07273,-23.80842,4.923133,18.04989,-22.71079,4.915262,18.03883
297.1136,-23.81178,4.9871,18.0717,-23.80651,4.92435,18.05255,-22.71079,4.915262,18.03883
297.1469,-23.80894,4.986284,18.07327,-23.80568,4.924871,18.05186,-22.71079,4.915262,18.03883
297.1802,-23.8061,4.985472,18.07484,-23.80304,4.926557,18.05429,-22.71079,4.915262,18.03883
297.2136,-23.80373,4.983978,18.07512,-23.80037,4.927942,18.05662,-22.71079,4.915262,18.03883
297.2469,-23.80215,4.982087,18.07462,-23.79819,4.928998,18.05773,-22.71079,4.915262,18.03883
297.2802,-23.80004,4.979333,18.0752,-23.79687,4.929637,18.05799,-22.71079,4.915262,18.03883
297.3136,-23.79564,4.970015,18.07168,-23.79515,4.930465,18.05974,-22.71079,4.915262,18.03883
297.3469,-23.7909,4.964382,18.07297,-23.79185,4.932074,18.05956,-22.71079,4.915262,18.03883
297.3802,-23.78804,4.965166,18.07658,-23.78781,4.934024,18.06333,-22.71079,4.915262,18.03883
297.4135,-23.78688,4.965912,18.0798,-23.78495,4.935402,18.06724,-22.71079,4.915262,18.03883
297.4469,-23.78556,4.966634,18.08119,-23.78374,4.935798,18.07046,-22.71079,4.915262,18.03883
297.4802,-23.7819,4.966915,18.08025,-23.78238,4.936303,18.07183,-22.71079,4.915262,18.03883
297.5135,-23.78035,4.967228,18.08062,-23.77879,4.938121,18.07134,-22.71079,4.915262,18.03883
297.5469,-23.77845,4.9679,18.07942,-23.77724,4.938823,18.07184,-22.71079,4.915262,18.03883
297.5802,-23.77653,4.968487,18.07814,-23.77535,4.939887,18.07073,-22.71079,4.915262,18.03883
297.6136,-23.77416,4.969436,18.07477,-23.77343,4.940965,18.06956,-22.71079,4.915262,18.03883
297.6469,-23.77381,4.969492,18.07321,-23.77094,4.94126,18.06591,-22.71079,4.915262,18.03883
297.6802,-23.7737,4.969533,18.0716,-23.77056,4.941218,18.06428,-22.71079,4.915262,18.03883
297.7136,-23.76955,4.969806,18.07108,-23.77045,4.941172,18.0626,-22.71079,4.915262,18.03883
297.7469,-23.76701,4.969769,18.07187,-23.7662,4.941186,18.06197,-22.71079,4.915262,18.03883
297.7802,-23.76577,4.96978,18.07187,-23.76363,4.941227,18.06278,-22.71079,4.915262,18.03883
297.8136,-23.76289,4.969899,18.07157,-23.76239,4.941236,18.06277,-22.71079,4.915262,18.03883
297.8469,-23.75814,4.969882,18.07123,-23.75946,4.941247,18.06241,-22.71079,4.915262,18.03883
297.8802,-23.75281,4.969939,18.07394,-23.75468,4.941272,18.06205,-22.71079,4.915262,18.03883
297.9135,-23.7503,4.970102,18.07446,-23.74931,4.941442,18.06484,-22.71079,4.915262,18.03883
297.9469,-23.74723,4.97014,18.07663,-23.74676,4.9415,18.06533,-22.71079,4.915262,18.03883
297.9802,-23.74524,4.970287,18.07695,-23.74368,4.941649,18.06758,-22.71079,4.915262,18.03883
298.0135,-23.7416,4.970233,18.07927,-23.74168,4.94169,18.06786,-22.71079,4.915262,18.03883
298.0469,-23.73944,4.970606,18.07969,-23.73802,4.941857,18.07031,-22.71079,4.915262,18.03883
298.0802,-23.73817,4.970873,18.08153,-23.73581,4.942163,18.0707,-22.71079,4.915262,18.03883
298.1136,-23.73531,4.971277,18.0837,-23.73452,4.94246,18.07261,-22.71079,4.915262,18.03883
298.1469,-23.73416,4.971695,18.08546,-23.7316,4.943028,18.07488,-22.71079,4.915262,18.03883
298.1802,-23.73015,4.972433,18.08771,-23.73042,4.943302,18.07664,-22.71079,4.915262,18.03883
298.2136,-23.72759,4.972889,18.08809,-23.72636,4.944051,18.07894,-22.71079,4.915262,18.03883
298.2469,-23.72805,4.973076,18.09002,-23.72372,4.944481,18.07932,-22.71079,4.915262,18.03883
298.2802,-23.72793,4.973616,18.09045,-23.72414,4.944512,18.08125,-22.71079,4.915262,18.03883
298.3136,-23.72805,4.973517,18.09035,-23.72392,4.944562,18.08155,-22.71079,4.915262,18.03883
298.3469,-23.7276,4.974129,18.09033,-23.72406,4.944537,18.08147,-22.71079,4.915262,18.03883
298.3802,-23.72656,4.975019,18.08926,-23.72351,4.944613,18.08129,-22.71079,4.915262,18.03883
298.4135,-23.72584,4.975891,18.08867,-23.72232,4.944731,18.07996,-22.71079,4.915262,18.03883
298.4469,-23.72477,4.977053,18.08709,-23.72145,4.944825,18.07912,-22.71079,4.915262,18.03883
298.4802,-23.7238,4.977783,18.08592,-23.72013,4.944549,18.07705,-22.71079,4.915262,18.03883
298.5135,-23.72239,4.978942,18.08621,-23.71898,4.944232,18.07553,-22.71079,4.915262,18.03883
298.5469,-23.72232,4.979896,18.08686,-23.71732,4.944188,18.07547,-22.71079,4.915262,18.03883
298.5802,-23.71915,4.982731,18.08665,-23.71709,4.944264,18.07589,-22.71079,4.915262,18.03883
298.6136,-23.7163,4.984986,18.08725,-23.71337,4.943965,18.07471,-22.71079,4.915262,18.03883
298.6469,-23.70365,4.990263,18.08694,-23.71013,4.943884,18.07462,-22.71079,4.915262,18.03883
298.6802,-23.68444,4.989421,18.09134,-23.69651,4.943582,18.07253,-22.71079,4.915262,18.03883
298.7136,-23.6703,4.983439,18.09777,-23.67782,4.946637,18.07815,-22.71079,4.915262,18.03883
298.7469,-23.64944,4.980217,18.10857,-23.66503,4.950321,18.08762,-22.71079,4.915262,18.03883
298.7802,-23.6434,4.982946,18.11618,-23.64497,4.952939,18.1003,-22.71079,4.915262,18.03883
298.8136,-23.63933,4.983187,18.12063,-23.63855,4.954143,18.10764,-22.71079,4.915262,18.03883
298.8469,-23.63447,4.983431,18.12467,-23.63448,4.954914,18.11235,-22.71079,4.915262,18.03883
298.8802,-23.63037,4.9823,18.13092,-23.62964,4.955894,18.11668,-22.71079,4.915262,18.03883
298.9135,-23.62763,4.982589,18.13024,-23.62556,4.955173,18.12316,-22.71079,4.915262,18.03883
298.9469,-23.62283,4.983882,18.12775,-23.62283,4.955762,18.12253,-22.71079,4.915262,18.03883
298.9802,-23.62273,4.987138,18.1194,-23.62283,4.955762,18.12253,-22.71079,4.915262,18.03883
299.0135,-23.6221,4.989143,18.1148,-23.62283,4.955762,18.12253,-22.71079,4.915262,18.03883
299.0469,-23.63343,4.990549,18.10756,-23.62283,4.955762,18.12253,-22.71079,4.915262,18.03883
299.0802,-23.64722,4.990439,18.10196,-23.62283,4.955762,18.12253,-22.71079,4.915262,18.03883
299.1136,-23.65844,4.990185,18.09868,-23.62283,4.955762,18.12253,-22.71079,4.915262,18.03883
299.1469,-23.67544,4.988898,18.09588,-23.62283,4.955762,18.12253,-22.71079,4.915262,18.03883
299.1802,-23.69208,4.989886,18.09252,-23.62283,4.955762,18.12253,-22.71079,4.915262,18.03883
299.2136,-23.69946,4.990426,18.08885,-23.62283,4.955762,18.12253,-22.71079,4.915262,18.03883
299.2469,-23.70936,4.988291,18.08626,-23.62283,4.955762,18.12253,-22.71079,4.915262,18.03883
299.2802,-23.73221,4.981921,18.08128,-23.62283,4.955762,18.12253,-22.71079,4.915262,18.03883
299.3136,-23.74738,4.979413,18.08312,-23.62283,4.955762,18.12253,-22.71079,4.915262,18.03883
299.3469,-23.75925,4.97767,18.08394,-23.62283,4.955762,18.12253,-22.71079,4.915262,18.03883
299.3802,-23.76686,4.975241,18.08888,-23.62283,4.955762,18.12253,-22.71079,4.915262,18.03883
299.4135,-23.77183,4.97202,18.09761,-23.62283,4.955762,18.12253,-22.71079,4.915262,18.03883
299.4469,-23.77476,4.968465,18.10836,-23.62283,4.955762,18.12253,-22.71079,4.915262,18.03883
299.4802,-23.77295,4.965672,18.12175,-23.62283,4.955762,18.12253,-22.71079,4.915262,18.03883
299.5135,-23.7728,4.962821,18.1356,-23.62283,4.955762,18.12253,-22.71079,4.915262,18.03883
299.5469,-23.7725,4.959524,18.15686,-23.62283,4.955762,18.12253,-22.71079,4.915262,18.03883
299.5802,-23.76955,4.95771,18.17686,-23.62283,4.955762,18.12253,-22.71079,4.915262,18.03883
299.6136,-23.7662,4.957137,18.1937,-23.62283,4.955762,18.12253,-22.71079,4.915262,18.03883
299.6469,-23.76118,4.958702,18.21068,-23.62283,4.955762,18.12253,-22.71079,4.915262,18.03883
299.6802,-23.75591,4.960389,18.22861,-23.62283,4.955762,18.12253,-22.71079,4.915262,18.03883
299.7136,-23.75106,4.961688,18.24357,-23.62283,4.955762,18.12253,-22.71079,4.915262,18.03883
299.7469,-23.73891,4.966351,18.26253,-23.62283,4.955762,18.12253,-22.71079,4.915262,18.03883
299.7802,-23.73307,4.968925,18.27689,-23.62283,4.955762,18.12253,-22.71079,4.915262,18.03883
299.8136,-23.7295,4.971455,18.28653,-23.62283,4.955762,18.12253,-22.71079,4.915262,18.03883
299.8469,-23.72717,4.974243,18.30127,-23.62283,4.955762,18.12253,-22.71079,4.915262,18.03883
299.8802,-23.72853,4.975422,18.31322,-23.62283,4.955762,18.12253,-22.71079,4.915262,18.03883
299.9135,-23.73423,4.975812,18.31577,-23.62283,4.955762,18.12253,-22.71079,4.915262,18.03883
299.9469,-23.75327,4.976233,18.31796,-23.62283,4.955762,18.12253,-22.71079,4.915262,18.03883
299.9802,-23.76875,4.976233,18.31479,-23.62283,4.955762,18.12253,-22.71079,4.915262,18.03883
300.0135,-23.78352,4.976501,18.30784,-23.62283,4.955762,18.12253,-22.71079,4.915262,18.03883
300.0469,-23.79915,4.976891,18.30072,-23.62283,4.955762,18.12253,-22.71079,4.915262,18.03883
300.0802,-23.81817,4.97716,18.29376,-23.62283,4.955762,18.12253,-22.71079,4.915262,18.03883
300.1136,-23.83708,4.978054,18.28615,-23.62283,4.955762,18.12253,-22.71079,4.915262,18.03883
300.1469,-23.86645,4.981202,18.27174,-23.62283,4.955762,18.12253,-22.71079,4.915262,18.03883
300.1802,-23.88239,4.987089,18.25804,-23.62283,4.955762,18.12253,-22.71079,4.915262,18.03883
300.2136,-23.89323,4.992711,18.24408,-23.62283,4.955762,18.12253,-22.71079,4.915262,18.03883
300.2469,-23.90669,5.000701,18.22189,-23.62283,4.955762,18.12253,-22.71079,4.915262,18.03883
300.2802,-23.91919,5.006842,18.19962,-23.62283,4.955762,18.12253,-22.71079,4.915262,18.03883
300.3136,-23.92652,5.010527,18.18553,-23.62283,4.955762,18.12253,-22.71079,4.915262,18.03883
300.3469,-23.93544,5.014504,18.17117,-23.62283,4.955762,18.12253,-22.71079,4.915262,18.03883
300.3802,-23.93755,5.01799,18.1599,-23.62283,4.955762,18.12253,-22.71079,4.915262,18.03883
300.4135,-23.93774,5.020943,18.15193,-23.62283,4.955762,18.12253,-22.71079,4.915262,18.03883
300.4469,-23.93875,5.023578,18.14413,-23.62283,4.955762,18.12253,-22.71079,4.915262,18.03883
300.4802,-23.93813,5.028797,18.13278,-23.62283,4.955762,18.12253,-22.71079,4.915262,18.03883
300.5135,-23.93875,5.031306,18.12759,-23.62283,4.955762,18.12253,-22.71079,4.915262,18.03883
300.5469,-23.93818,5.035954,18.11665,-23.62283,4.955762,18.12253,-22.71079,4.915262,18.03883
300.5802,-23.94133,5.037653,18.11121,-23.62283,4.955762,18.12253,-22.71079,4.915262,18.03883
300.6136,-23.94262,5.038228,18.10934,-23.62283,4.955762,18.12253,-22.71079,4.915262,18.03883
300.6469,-23.94553,5.038937,18.10717,-23.62283,4.955762,18.12253,-22.71079,4.915262,18.03883
300.6802,-23.94649,5.039976,18.10373,-23.62283,4.955762,18.12253,-22.71079,4.915262,18.03883
300.7136,-23.94678,5.040066,18.10141,-23.62283,4.955762,18.12253,-22.71079,4.915262,18.03883
300.7469,-23.94828,5.040985,18.09772,-23.62283,4.955762,18.12253,-22.71079,4.915262,18.03883
300.7802,-23.93949,5.043031,18.08939,-23.62283,4.955762,18.12253,-22.71079,4.915262,18.03883
300.8136,-23.93711,5.045229,18.07951,-23.62283,4.955762,18.12253,-22.71079,4.915262,18.03883
300.8469,-23.94385,5.048578,18.06409,-23.62283,4.955762,18.12253,-22.71079,4.915262,18.03883
300.8802,-23.94281,5.05423,18.04688,-23.62283,4.955762,18.12253,-22.71079,4.915262,18.03883
300.9135,-23.9496,5.058665,18.03004,-23.62283,4.955762,18.12253,-22.71079,4.915262,18.03883
300.9469,-23.9573,5.064697,18.00852,-23.62283,4.955762,18.12253,-22.71079,4.915262,18.03883
300.9802,-23.96177,5.071596,17.98728,-23.62283,4.955762,18.12253,-22.71079,4.915262,18.03883
301.0135,-23.96346,5.078171,17.96749,-23.62283,4.955762,18.12253,-22.71079,4.915262,18.03883
301.0469,-23.97345,5.082085,17.94959,-23.62283,4.955762,18.12253,-22.71079,4.915262,18.03883
301.0802,-23.97725,5.084214,17.94008,-23.62283,4.955762,18.12253,-22.71079,4.915262,18.03883
301.1136,-23.96954,5.084909,17.94308,-23.62283,4.955762,18.12253,-22.71079,4.915262,18.03883
301.1469,-23.97605,5.085273,17.93865,-23.62283,4.955762,18.12253,-22.71079,4.915262,18.03883
301.1802,-23.98651,5.087785,17.92964,-23.62283,4.955762,18.12253,-22.71079,4.915262,18.03883
301.2136,-23.98412,5.089707,17.92663,-23.62283,4.955762,18.12253,-22.71079,4.915262,18.03883
301.2469,-23.97242,5.085526,17.9365,-23.62283,4.955762,18.12253,-22.71079,4.915262,18.03883
301.2802,-23.96349,5.077172,17.9501,-23.62283,4.955762,18.12253,-22.71079,4.915262,18.03883
301.3136,-23.95403,5.069806,17.97203,-23.62283,4.955762,18.12253,-22.71079,4.915262,18.03883
301.3469,-23.95181,5.059471,17.99584,-23.62283,4.955762,18.12253,-22.71079,4.915262,18.03883
301.3802,-23.96681,5.052004,18.00573,-23.62283,4.955762,18.12253,-22.71079,4.915262,18.03883
301.4135,-23.98014,5.049335,18.01278,-23.62283,4.955762,18.12253,-22.71079,4.915262,18.03883
301.4469,-23.9882,5.045724,18.01934,-23.62283,4.955762,18.12253,-22.71079,4.915262,18.03883
301.4802,-23.99236,5.041601,18.02876,-23.62283,4.955762,18.12253,-22.71079,4.915262,18.03883
301.5135,-23.99528,5.030528,18.05889,-23.62283,4.955762,18.12253,-22.71079,4.915262,18.03883
301.5469,-24.00341,5.026019,18.06635,-23.62283,4.955762,18.12253,-22.71079,4.915262,18.03883
301.5802,-24.00991,5.022799,18.07074,-23.62283,4.955762,18.12253,-22.71079,4.915262,18.03883
301.6136,-24.00848,5.020386,18.07576,-23.62283,4.955762,18.12253,-22.71079,4.915262,18.03883
301.6469,-24.00172,5.019142,18.08689,-23.62283,4.955762,18.12253,-22.71079,4.915262,18.03883
301.6802,-23.99656,5.017912,18.09541,-23.62283,4.955762,18.12253,-22.71079,4.915262,18.03883
301.7136,-23.99082,5.017268,18.10245,-23.62283,4.955762,18.12253,-22.71079,4.915262,18.03883
301.7469,-23.98384,5.017351,18.11068,-23.62283,4.955762,18.12253,-22.71079,4.915262,18.03883
301.7802,-23.97543,5.018408,18.11732,-23.62283,4.955762,18.12253,-22.71079,4.915262,18.03883
301.8136,-23.96599,5.019802,18.12099,-23.62283,4.955762,18.12253,-22.71079,4.915262,18.03883
301.8469,-23.9571,5.020358,18.12583,-23.62283,4.955762,18.12253,-22.71079,4.915262,18.03883
301.8802,-23.95024,5.020961,18.12947,-23.62283,4.955762,18.12253,-22.71079,4.915262,18.03883
301.9135,-23.94144,5.02319,18.13245,-23.62283,4.955762,18.12253,-22.71079,4.915262,18.03883
301.9469,-23.93303,5.025476,18.13441,-23.62283,4.955762,18.12253,-22.71079,4.915262,18.03883
301.9802,-23.92182,5.029416,18.13525,-23.62283,4.955762,18.12253,-22.71079,4.915262,18.03883
302.0135,-23.91101,5.033682,18.13673,-23.62283,4.955762,18.12253,-22.71079,4.915262,18.03883
302.0469,-23.89564,5.040607,18.13419,-23.62283,4.955762,18.12253,-22.71079,4.915262,18.03883
302.0802,-23.88237,5.043967,18.13311,-23.62283,4.955762,18.12253,-22.71079,4.915262,18.03883
302.1136,-23.86997,5.048896,18.13183,-23.62283,4.955762,18.12253,-22.71079,4.915262,18.03883
302.1469,-23.85642,5.056357,18.13118,-23.62283,4.955762,18.12253,-22.71079,4.915262,18.03883
302.1802,-23.8458,5.061573,18.12948,-23.62283,4.955762,18.12253,-22.71079,4.915262,18.03883
302.2136,-23.83716,5.066764,18.126,-23.62283,4.955762,18.12253,-22.71079,4.915262,18.03883
302.2469,-23.82744,5.070997,18.12092,-23.62283,4.955762,18.12253,-22.71079,4.915262,18.03883
302.2802,-23.81615,5.074601,18.1197,-23.62283,4.955762,18.12253,-22.71079,4.915262,18.03883
302.3136,-23.80522,5.076257,18.11959,-23.62283,4.955762,18.12253,-22.71079,4.915262,18.03883
302.3469,-23.78889,5.076778,18.12034,-23.62283,4.955762,18.12253,-22.71079,4.915262,18.03883
302.3802,-23.7713,5.076106,18.12532,-23.62283,4.955762,18.12253,-22.71079,4.915262,18.03883
302.4135,-23.75448,5.074369,18.13382,-23.62283,4.955762,18.12253,-22.71079,4.915262,18.03883
302.4469,-23.72852,5.072465,18.15119,-23.62283,4.955762,18.12253,-22.71079,4.915262,18.03883
302.4802,-23.70551,5.071236,18.16562,-23.62283,4.955762,18.12253,-22.71079,4.915262,18.03883
302.5135,-23.68863,5.068875,18.18012,-23.62283,4.955762,18.12253,-22.71079,4.915262,18.03883
302.5469,-23.66991,5.068742,18.19107,-23.62283,4.955762,18.12253,-22.71079,4.915262,18.03883
302.5802,-23.6546,5.068371,18.19999,-23.62283,4.955762,18.12253,-22.71079,4.915262,18.03883
302.6136,-23.64133,5.067343,18.20742,-23.62283,4.955762,18.12253,-22.71079,4.915262,18.03883
302.6469,-23.62434,5.066745,18.2162,-23.62283,4.955762,18.12253,-22.71079,4.915262,18.03883
302.6802,-23.60881,5.066952,18.22494,-23.62283,4.955762,18.12253,-22.71079,4.915262,18.03883
302.7136,-23.59813,5.066499,18.23097,-23.62283,4.955762,18.12253,-22.71079,4.915262,18.03883
302.7469,-23.58654,5.066452,18.23664,-23.62283,4.955762,18.12253,-22.71079,4.915262,18.03883
302.7802,-23.57747,5.06677,18.24291,-23.62283,4.955762,18.12253,-22.71079,4.915262,18.03883
302.8136,-23.57053,5.065971,18.24832,-23.62283,4.955762,18.12253,-22.71079,4.915262,18.03883
302.8469,-23.56282,5.065957,18.25392,-23.62283,4.955762,18.12253,-22.71079,4.915262,18.03883
302.8802,-23.54895,5.067655,18.26119,-23.62283,4.955762,18.12253,-22.71079,4.915262,18.03883
302.9135,-23.54134,5.067711,18.2676,-23.62283,4.955762,18.12253,-22.71079,4.915262,18.03883
302.9469,-23.53297,5.067077,18.27486,-23.62283,4.955762,18.12253,-22.71079,4.915262,18.03883
302.9802,-23.52325,5.067221,18.27888,-23.62283,4.955762,18.12253,-22.71079,4.915262,18.03883
303.0135,-23.51423,5.067761,18.28252,-23.62283,4.955762,18.12253,-22.71079,4.915262,18.03883
303.0469,-23.5043,5.068074,18.29056,-23.62283,4.955762,18.12253,-22.71079,4.915262,18.03883
303.0802,-23.49609,5.068282,18.29447,-23.62283,4.955762,18.12253,-22.71079,4.915262,18.03883
303.1136,-23.48762,5.068858,18.29673,-23.62283,4.955762,18.12253,-22.71079,4.915262,18.03883
303.1469,-23.48174,5.068625,18.30025,-23.62283,4.955762,18.12253,-22.71079,4.915262,18.03883
303.1802,-23.47503,5.068405,18.30375,-23.62283,4.955762,18.12253,-22.71079,4.915262,18.03883
303.2136,-23.46935,5.067855,18.30886,-23.62283,4.955762,18.12253,-22.71079,4.915262,18.03883
303.2469,-23.45609,5.069426,18.31162,-23.62283,4.955762,18.12253,-22.71079,4.915262,18.03883
303.2802,-23.44408,5.070371,18.31757,-23.62283,4.955762,18.12253,-22.71079,4.915262,18.03883
303.3136,-23.43307,5.071044,18.32513,-23.62283,4.955762,18.12253,-22.71079,4.915262,18.03883
303.3469,-23.41753,5.073283,18.335,-23.62283,4.955762,18.12253,-22.71079,4.915262,18.03883
303.3802,-23.40072,5.076363,18.34135,-23.62283,4.955762,18.12253,-22.71079,4.915262,18.03883
303.4135,-23.38694,5.077763,18.3526,-23.62283,4.955762,18.12253,-22.71079,4.915262,18.03883
303.4469,-23.37243,5.07986,18.36414,-23.62283,4.955762,18.12253,-22.71079,4.915262,18.03883
303.4802,-23.35379,5.083533,18.37452,-23.62283,4.955762,18.12253,-22.71079,4.915262,18.03883
303.5135,-23.34171,5.085608,18.38049,-23.62283,4.955762,18.12253,-22.71079,4.915262,18.03883
303.5469,-23.32964,5.087752,18.38641,-23.62283,4.955762,18.12253,-22.71079,4.915262,18.03883
303.5802,-23.314,5.091521,18.39483,-23.62283,4.955762,18.12253,-22.71079,4.915262,18.03883
303.6136,-23.31031,5.09249,18.39695,-23.62283,4.955762,18.12253,-22.71079,4.915262,18.03883
303.6469,-23.30435,5.094595,18.40021,-23.62283,4.955762,18.12253,-22.71079,4.915262,18.03883
303.6802,-23.29925,5.098402,18.39776,-23.62283,4.955762,18.12253,-22.71079,4.915262,18.03883
303.7136,-23.29155,5.103781,18.39452,-23.62283,4.955762,18.12253,-22.71079,4.915262,18.03883
303.7469,-23.27967,5.110595,18.3826,-23.62283,4.955762,18.12253,-22.71079,4.915262,18.03883
303.7802,-23.26492,5.118864,18.365,-23.62283,4.955762,18.12253,-22.71079,4.915262,18.03883
303.8136,-23.24793,5.126101,18.3468,-23.62283,4.955762,18.12253,-22.71079,4.915262,18.03883
303.8469,-23.22861,5.133122,18.33335,-23.62283,4.955762,18.12253,-22.71079,4.915262,18.03883
303.8802,-23.20986,5.139575,18.32335,-23.62283,4.955762,18.12253,-22.71079,4.915262,18.03883
303.9135,-23.19708,5.143482,18.31842,-23.62283,4.955762,18.12253,-22.71079,4.915262,18.03883
303.9469,-23.18744,5.147926,18.31326,-23.62283,4.955762,18.12253,-22.71079,4.915262,18.03883
303.9802,-23.17956,5.152082,18.30999,-23.62283,4.955762,18.12253,-22.71079,4.915262,18.03883
304.0135,-23.17287,5.15711,18.30342,-23.62283,4.955762,18.12253,-22.71079,4.915262,18.03883
304.0469,-23.16326,5.166052,18.28774,-23.62283,4.955762,18.12253,-22.71079,4.915262,18.03883
304.0802,-23.15608,5.17363,18.27139,-23.62283,4.955762,18.12253,-22.71079,4.915262,18.03883
304.1136,-23.15541,5.177691,18.25983,-23.62283,4.955762,18.12253,-22.71079,4.915262,18.03883
304.1469,-23.15617,5.183629,18.24803,-23.62283,4.955762,18.12253,-22.71079,4.915262,18.03883
304.1802,-23.1588,5.193947,18.23138,-23.62283,4.955762,18.12253,-22.71079,4.915262,18.03883
304.2136,-23.16446,5.201801,18.21443,-23.62283,4.955762,18.12253,-22.71079,4.915262,18.03883
304.2469,-23.17238,5.209588,18.19537,-23.62283,4.955762,18.12253,-22.71079,4.915262,18.03883
304.2802,-23.17977,5.216041,18.17977,-23.62283,4.955762,18.12253,-22.71079,4.915262,18.03883
304.3136,-23.19004,5.217705,18.16718,-23.62283,4.955762,18.12253,-22.71079,4.915262,18.03883
304.3469,-23.20312,5.215611,18.15398,-23.62283,4.955762,18.12253,-22.71079,4.915262,18.03883
304.3802,-23.21354,5.214407,18.14584,-23.62283,4.955762,18.12253,-22.71079,4.915262,18.03883
304.4135,-23.22272,5.212981,18.14161,-23.62283,4.955762,18.12253,-22.71079,4.915262,18.03883
304.4469,-23.2312,5.212777,18.13666,-23.62283,4.955762,18.12253,-22.71079,4.915262,18.03883
304.4802,-23.23827,5.212949,18.13197,-23.62283,4.955762,18.12253,-22.71079,4.915262,18.03883
304.5135,-23.24223,5.214838,18.12417,-23.62283,4.955762,18.12253,-22.71079,4.915262,18.03883
304.5469,-23.24548,5.215949,18.11699,-23.62283,4.955762,18.12253,-22.71079,4.915262,18.03883
304.5802,-23.24801,5.217101,18.10971,-23.62283,4.955762,18.12253,-22.71079,4.915262,18.03883
304.6136,-23.25137,5.217576,18.10533,-23.62283,4.955762,18.12253,-22.71079,4.915262,18.03883
304.6469,-23.25356,5.221575,18.09634,-23.62283,4.955762,18.12253,-22.71079,4.915262,18.03883
304.6802,-23.25644,5.225113,18.08779,-23.62283,4.955762,18.12253,-22.71079,4.915262,18.03883
304.7136,-23.25646,5.229797,18.07899,-23.62283,4.955762,18.12253,-22.71079,4.915262,18.03883
304.7469,-23.25874,5.233425,18.06729,-23.62283,4.955762,18.12253,-22.71079,4.915262,18.03883
304.7802,-23.25827,5.235686,18.05106,-23.62283,4.955762,18.12253,-22.71079,4.915262,18.03883
304.8136,-23.25657,5.234942,18.03906,-23.62283,4.955762,18.12253,-22.71079,4.915262,18.03883
304.8469,-23.25232,5.232312,18.02284,-23.62283,4.955762,18.12253,-22.71079,4.915262,18.03883
304.8802,-23.25291,5.232829,18.02263,-23.62283,4.955762,18.12253,-22.71079,4.915262,18.03883
304.9135,-23.25279,5.23349,18.02213,-23.62283,4.955762,18.12253,-22.71079,4.915262,18.03883
304.9469,-23.25151,5.231944,18.02299,-23.62283,4.955762,18.12253,-22.71079,4.915262,18.03883
304.9802,-23.24065,5.228993,18.01982,-23.62283,4.955762,18.12253,-22.71079,4.915262,18.03883
305.0135,-23.2366,5.231552,18.01863,-23.62283,4.955762,18.12253,-22.71079,4.915262,18.03883
305.0469,-23.23781,5.230991,18.023,-23.62283,4.955762,18.12253,-22.71079,4.915262,18.03883
305.0802,-23.23766,5.229487,18.02305,-23.62283,4.955762,18.12253,-22.71079,4.915262,18.03883
305.1136,-23.23587,5.227146,18.02383,-23.62283,4.955762,18.12253,-22.71079,4.915262,18.03883
305.1469,-23.21754,5.225119,18.01566,-23.62283,4.955762,18.12253,-22.71079,4.915262,18.03883
305.1802,-23.18098,5.222704,18.01981,-23.62283,4.955762,18.12253,-22.71079,4.915262,18.03883
305.2136,-23.17633,5.222419,18.02374,-23.62283,4.955762,18.12253,-22.71079,4.915262,18.03883
305.2469,-23.15951,5.221807,18.02012,-23.62283,4.955762,18.12253,-22.71079,4.915262,18.03883
305.2802,-23.14495,5.219751,18.02164,-23.62283,4.955762,18.12253,-22.71079,4.915262,18.03883
305.3136,-23.14395,5.219045,18.02237,-23.62283,4.955762,18.12253,-22.71079,4.915262,18.03883
305.3469,-23.13601,5.220071,18.01844,-23.62283,4.955762,18.12253,-22.71079,4.915262,18.03883
305.3802,-23.11883,5.221058,18.01328,-23.62283,4.955762,18.12253,-22.71079,4.915262,18.03883
305.4135,-23.11797,5.220372,18.01431,-23.62283,4.955762,18.12253,-22.71079,4.915262,18.03883
305.4469,-23.11483,5.220561,18.0143,-23.62283,4.955762,18.12253,-22.71079,4.915262,18.03883
305.4802,-23.11185,5.219616,18.01289,-23.62283,4.955762,18.12253,-22.71079,4.915262,18.03883
305.5135,-23.1087,5.219051,18.01262,-23.62283,4.955762,18.12253,-22.71079,4.915262,18.03883
305.5469,-23.10311,5.218598,18.01043,-23.62283,4.955762,18.12253,-22.71079,4.915262,18.03883
305.5802,-23.09693,5.218981,18.00873,-23.62283,4.955762,18.12253,-22.71079,4.915262,18.03883
305.6136,-23.09746,5.216822,18.00916,-23.62283,4.955762,18.12253,-22.71079,4.915262,18.03883
305.6469,-23.09276,5.21757,18.00676,-23.62283,4.955762,18.12253,-22.71079,4.915262,18.03883
305.6802,-23.08913,5.218088,18.00404,-23.62283,4.955762,18.12253,-22.71079,4.915262,18.03883
305.7136,-23.08602,5.219938,17.99925,-23.62283,4.955762,18.12253,-22.71079,4.915262,18.03883
305.7469,-23.08321,5.223228,17.99369,-23.62283,4.955762,18.12253,-22.71079,4.915262,18.03883
305.7802,-23.08338,5.227437,17.99051,-23.62283,4.955762,18.12253,-22.71079,4.915262,18.03883
305.8136,-23.08665,5.227944,17.98938,-23.62283,4.955762,18.12253,-22.71079,4.915262,18.03883
305.8469,-23.0933,5.229659,17.98847,-23.62283,4.955762,18.12253,-22.71079,4.915262,18.03883
305.8802,-23.10476,5.230761,17.9917,-23.62283,4.955762,18.12253,-22.71079,4.915262,18.03883
305.9135,-23.11339,5.229352,17.99391,-23.62283,4.955762,18.12253,-22.71079,4.915262,18.03883
305.9469,-23.12523,5.230377,17.99922,-23.62283,4.955762,18.12253,-22.71079,4.915262,18.03883
305.9802,-23.13526,5.229865,18.00828,-23.62283,4.955762,18.12253,-22.71079,4.915262,18.03883
306.0135,-23.15576,5.230738,18.03135,-23.62283,4.955762,18.12253,-22.71079,4.915262,18.03883
306.0469,-23.16374,5.230323,18.04361,-23.62283,4.955762,18.12253,-22.71079,4.915262,18.03883
306.0802,-23.16797,5.232413,18.05666,-23.62283,4.955762,18.12253,-22.71079,4.915262,18.03883
306.1136,-23.17079,5.23192,18.07332,-23.62283,4.955762,18.12253,-22.71079,4.915262,18.03883
306.1469,-23.16896,5.232877,18.09299,-23.62283,4.955762,18.12253,-22.71079,4.915262,18.03883
306.1802,-23.16648,5.235745,18.11399,-23.62283,4.955762,18.12253,-22.71079,4.915262,18.03883
306.2136,-23.16399,5.241529,18.12972,-23.62283,4.955762,18.12253,-22.71079,4.915262,18.03883
306.2469,-23.1606,5.252491,18.14054,-23.62283,4.955762,18.12253,-22.71079,4.915262,18.03883
306.2802,-23.15614,5.26614,18.14383,-23.62283,4.955762,18.12253,-22.71079,4.915262,18.03883
306.3136,-23.15468,5.275202,18.14343,-23.62283,4.955762,18.12253,-22.71079,4.915262,18.03883
306.3469,-23.15416,5.287511,18.14072,-23.62283,4.955762,18.12253,-22.71079,4.915262,18.03883
306.3802,-23.15355,5.299747,18.14147,-23.62283,4.955762,18.12253,-22.71079,4.915262,18.03883
306.4135,-23.15357,5.311042,18.14289,-23.62283,4.955762,18.12253,-22.71079,4.915262,18.03883
306.4469,-23.15342,5.325883,18.14408,-23.62283,4.955762,18.12253,-22.71079,4.915262,18.03883
306.4802,-23.15557,5.341412,18.14415,-23.62283,4.955762,18.12253,-22.71079,4.915262,18.03883
306.5135,-23.15897,5.353725,18.14021,-23.62283,4.955762,18.12253,-22.71079,4.915262,18.03883
306.5469,-23.1664,5.37054,18.13112,-23.62283,4.955762,18.12253,-22.71079,4.915262,18.03883
306.5802,-23.1774,5.384044,18.1188,-23.62283,4.955762,18.12253,-22.71079,4.915262,18.03883
306.6136,-23.18355,5.395924,18.10632,-23.62283,4.955762,18.12253,-22.71079,4.915262,18.03883
306.6469,-23.19443,5.407757,18.09253,-23.62283,4.955762,18.12253,-22.71079,4.915262,18.03883
306.6802,-23.22153,5.430315,18.07227,-23.62283,4.955762,18.12253,-22.71079,4.915262,18.03883
306.7136,-23.23959,5.446139,18.05873,-23.62283,4.955762,18.12253,-22.71079,4.915262,18.03883
306.7469,-23.25452,5.460495,18.04308,-23.62283,4.955762,18.12253,-22.71079,4.915262,18.03883
306.7802,-23.27054,5.47421,18.02804,-23.62283,4.955762,18.12253,-22.71079,4.915262,18.03883
306.8136,-23.28307,5.485589,18.01797,-23.62283,4.955762,18.12253,-22.71079,4.915262,18.03883
306.8469,-23.30237,5.501528,17.99827,-23.62283,4.955762,18.12253,-22.71079,4.915262,18.03883
306.8802,-23.32326,5.514026,17.97866,-23.62283,4.955762,18.12253,-22.71079,4.915262,18.03883
306.9135,-23.33578,5.525879,17.96268,-23.62283,4.955762,18.12253,-22.71079,4.915262,18.03883
306.9469,-23.35097,5.539478,17.94491,-23.62283,4.955762,18.12253,-22.71079,4.915262,18.03883
306.9802,-23.35973,5.553755,17.92979,-23.62283,4.955762,18.12253,-22.71079,4.915262,18.03883
307.0135,-23.36759,5.563871,17.91748,-23.62283,4.955762,18.12253,-22.71079,4.915262,18.03883
307.0469,-23.37229,5.57526,17.90488,-23.62283,4.955762,18.12253,-22.71079,4.915262,18.03883
307.0802,-23.37859,5.584418,17.89556,-23.62283,4.955762,18.12253,-22.71079,4.915262,18.03883
307.1136,-23.38229,5.591449,17.89024,-23.62283,4.955762,18.12253,-22.71079,4.915262,18.03883
307.1469,-23.38695,5.601253,17.88372,-23.62283,4.955762,18.12253,-22.71079,4.915262,18.03883
307.1802,-23.3891,5.61222,17.87753,-23.62283,4.955762,18.12253,-22.71079,4.915262,18.03883
307.2136,-23.39054,5.623775,17.87096,-23.62283,4.955762,18.12253,-22.71079,4.915262,18.03883
307.2469,-23.39254,5.636644,17.86163,-23.62283,4.955762,18.12253,-22.71079,4.915262,18.03883
307.2802,-23.39471,5.650808,17.85095,-23.62283,4.955762,18.12253,-22.71079,4.915262,18.03883
307.3136,-23.39723,5.661098,17.8411,-23.62283,4.955762,18.12253,-22.71079,4.915262,18.03883
307.3469,-23.40118,5.670734,17.83362,-23.62283,4.955762,18.12253,-22.71079,4.915262,18.03883
307.3802,-23.40649,5.681916,17.82316,-23.62283,4.955762,18.12253,-22.71079,4.915262,18.03883
307.4135,-23.41065,5.691458,17.81284,-23.62283,4.955762,18.12253,-22.71079,4.915262,18.03883
307.4469,-23.41641,5.698106,17.80694,-23.62283,4.955762,18.12253,-22.71079,4.915262,18.03883
307.4802,-23.42342,5.708925,17.79864,-23.62283,4.955762,18.12253,-22.71079,4.915262,18.03883
307.5135,-23.43179,5.718108,17.79179,-23.62283,4.955762,18.12253,-22.71079,4.915262,18.03883
307.5469,-23.44066,5.732041,17.7779,-23.62283,4.955762,18.12253,-22.71079,4.915262,18.03883
307.5802,-23.44641,5.744853,17.76427,-23.62283,4.955762,18.12253,-22.71079,4.915262,18.03883
307.6136,-23.44994,5.754496,17.75571,-23.62283,4.955762,18.12253,-22.71079,4.915262,18.03883
307.6469,-23.44469,5.768273,17.75112,-23.62283,4.955762,18.12253,-22.71079,4.915262,18.03883
307.6802,-23.43466,5.784635,17.74297,-23.62283,4.955762,18.12253,-22.71079,4.915262,18.03883
307.7136,-23.42388,5.79555,17.74154,-23.62283,4.955762,18.12253,-22.71079,4.915262,18.03883
307.7469,-23.41115,5.806121,17.73988,-23.62283,4.955762,18.12253,-22.71079,4.915262,18.03883
307.7802,-23.39843,5.818505,17.73609,-23.62283,4.955762,18.12253,-22.71079,4.915262,18.03883
307.8136,-23.38613,5.828795,17.73449,-23.62283,4.955762,18.12253,-22.71079,4.915262,18.03883
307.8469,-23.372,5.841581,17.73025,-23.62283,4.955762,18.12253,-22.71079,4.915262,18.03883
307.8802,-23.36047,5.852114,17.72705,-23.62283,4.955762,18.12253,-22.71079,4.915262,18.03883
307.9135,-23.35355,5.859669,17.72429,-23.62283,4.955762,18.12253,-22.71079,4.915262,18.03883
307.9469,-23.34624,5.865874,17.72083,-23.62283,4.955762,18.12253,-22.71079,4.915262,18.03883
307.9802,-23.33776,5.870431,17.71933,-23.62283,4.955762,18.12253,-22.71079,4.915262,18.03883
308.0135,-23.32907,5.872274,17.72227,-23.62283,4.955762,18.12253,-22.71079,4.915262,18.03883
308.0469,-23.32032,5.873506,17.72543,-23.62283,4.955762,18.12253,-22.71079,4.915262,18.03883
308.0802,-23.30629,5.874485,17.72866,-23.62283,4.955762,18.12253,-22.71079,4.915262,18.03883
308.1136,-23.28895,5.874626,17.73085,-23.62283,4.955762,18.12253,-22.71079,4.915262,18.03883
308.1469,-23.26238,5.868512,17.73602,-23.62283,4.955762,18.12253,-22.71079,4.915262,18.03883
308.1802,-23.23938,5.856339,17.74567,-23.62283,4.955762,18.12253,-22.71079,4.915262,18.03883
308.2136,-23.22536,5.845752,17.74781,-23.62283,4.955762,18.12253,-22.71079,4.915262,18.03883
308.2469,-23.21157,5.830462,17.74259,-23.62283,4.955762,18.12253,-22.71079,4.915262,18.03883
308.2802,-23.21021,5.817779,17.7207,-23.62283,4.955762,18.12253,-22.71079,4.915262,18.03883
308.3136,-23.2132,5.806211,17.69074,-23.62283,4.955762,18.12253,-22.71079,4.915262,18.03883
308.3469,-23.22231,5.776991,17.66246,-23.62283,4.955762,18.12253,-22.71079,4.915262,18.03883
308.3802,-23.23433,5.735118,17.64666,-23.62283,4.955762,18.12253,-22.71079,4.915262,18.03883
308.4135,-23.24061,5.70565,17.64153,-23.62283,4.955762,18.12253,-22.71079,4.915262,18.03883
308.4469,-23.24878,5.675098,17.64147,-23.62283,4.955762,18.12253,-22.71079,4.915262,18.03883
308.4802,-23.25654,5.657351,17.6451,-23.62283,4.955762,18.12253,-22.71079,4.915262,18.03883
308.5135,-23.25948,5.650995,17.64289,-23.62283,4.955762,18.12253,-22.71079,4.915262,18.03883
308.5469,-23.25914,5.645759,17.63635,-23.62283,4.955762,18.12253,-22.71079,4.915262,18.03883
308.5802,-23.25499,5.640617,17.62326,-23.62283,4.955762,18.12253,-22.71079,4.915262,18.03883
308.6136,-23.25201,5.638624,17.61134,-23.62283,4.955762,18.12253,-22.71079,4.915262,18.03883
308.6469,-23.2481,5.634381,17.60531,-23.62283,4.955762,18.12253,-22.71079,4.915262,18.03883
308.6802,-23.24445,5.636108,17.59674,-23.62283,4.955762,18.12253,-22.71079,4.915262,18.03883
308.7136,-23.2411,5.641046,17.58624,-23.62283,4.955762,18.12253,-22.71079,4.915262,18.03883
308.7469,-23.23807,5.648815,17.56877,-23.62283,4.955762,18.12253,-22.71079,4.915262,18.03883
308.7802,-23.23539,5.654462,17.55115,-23.62283,4.955762,18.12253,-22.71079,4.915262,18.03883
308.8136,-23.2321,5.661215,17.53406,-23.62283,4.955762,18.12253,-22.71079,4.915262,18.03883
308.8469,-23.22835,5.667867,17.51678,-23.62283,4.955762,18.12253,-22.71079,4.915262,18.03883
308.8802,-23.22352,5.674044,17.50362,-23.62283,4.955762,18.12253,-22.71079,4.915262,18.03883
308.9135,-23.22061,5.679884,17.49194,-23.62283,4.955762,18.12253,-22.71079,4.915262,18.03883
308.9469,-23.21669,5.687258,17.47823,-23.62283,4.955762,18.12253,-22.71079,4.915262,18.03883
308.9802,-23.20768,5.696198,17.46652,-23.62283,4.955762,18.12253,-22.71079,4.915262,18.03883
309.0135,-23.19837,5.706222,17.45313,-23.62283,4.955762,18.12253,-22.71079,4.915262,18.03883
309.0469,-23.19215,5.71271,17.44472,-23.62283,4.955762,18.12253,-22.71079,4.915262,18.03883
309.0802,-23.18631,5.717156,17.44012,-23.62283,4.955762,18.12253,-22.71079,4.915262,18.03883
309.1136,-23.18149,5.721098,17.43665,-23.62283,4.955762,18.12253,-22.71079,4.915262,18.03883
309.1469,-23.17542,5.727925,17.43108,-23.62283,4.955762,18.12253,-22.71079,4.915262,18.03883
309.1802,-23.17219,5.73421,17.42564,-23.62283,4.955762,18.12253,-22.71079,4.915262,18.03883
309.2136,-23.16745,5.739982,17.42079,-23.62283,4.955762,18.12253,-22.71079,4.915262,18.03883
309.2469,-23.16206,5.748251,17.41582,-23.62283,4.955762,18.12253,-22.71079,4.915262,18.03883
309.2802,-23.15565,5.756462,17.41151,-23.62283,4.955762,18.12253,-22.71079,4.915262,18.03883
309.3136,-23.15088,5.764521,17.40708,-23.62283,4.955762,18.12253,-22.71079,4.915262,18.03883
309.3469,-23.14731,5.776676,17.39928,-23.62283,4.955762,18.12253,-22.71079,4.915262,18.03883
309.3802,-23.14491,5.79065,17.38703,-23.62283,4.955762,18.12253,-22.71079,4.915262,18.03883
309.4135,-23.14303,5.803439,17.37731,-23.62283,4.955762,18.12253,-22.71079,4.915262,18.03883
309.4469,-23.13985,5.819655,17.36483,-23.62283,4.955762,18.12253,-22.71079,4.915262,18.03883
309.4802,-23.13831,5.830866,17.35553,-23.62283,4.955762,18.12253,-22.71079,4.915262,18.03883
309.5135,-23.13912,5.839675,17.3476,-23.62283,4.955762,18.12253,-22.71079,4.915262,18.03883
309.5469,-23.14089,5.854813,17.33211,-23.62283,4.955762,18.12253,-22.71079,4.915262,18.03883
309.5802,-23.1425,5.864556,17.32195,-23.62283,4.955762,18.12253,-22.71079,4.915262,18.03883
309.6136,-23.14441,5.874386,17.31223,-23.62283,4.955762,18.12253,-22.71079,4.915262,18.03883
309.6469,-23.14769,5.885923,17.30036,-23.62283,4.955762,18.12253,-22.71079,4.915262,18.03883
309.6802,-23.1482,5.895949,17.29147,-23.62283,4.955762,18.12253,-22.71079,4.915262,18.03883
309.7136,-23.1519,5.923056,17.2625,-23.62283,4.955762,18.12253,-22.71079,4.915262,18.03883
309.7469,-23.15629,5.936794,17.24823,-23.62283,4.955762,18.12253,-22.71079,4.915262,18.03883
309.7802,-23.15979,5.947219,17.23739,-23.62283,4.955762,18.12253,-22.71079,4.915262,18.03883
309.8136,-23.16256,5.953929,17.23098,-23.62283,4.955762,18.12253,-22.71079,4.915262,18.03883
309.8469,-23.16722,5.965539,17.21839,-23.62283,4.955762,18.12253,-22.71079,4.915262,18.03883
309.8802,-23.17095,5.975414,17.20615,-23.62283,4.955762,18.12253,-22.71079,4.915262,18.03883
309.9135,-23.17209,5.98162,17.19898,-23.62283,4.955762,18.12253,-22.71079,4.915262,18.03883
309.9469,-23.17295,5.987615,17.19215,-23.62283,4.955762,18.12253,-22.71079,4.915262,18.03883
309.9802,-23.16777,5.99188,17.19019,-23.62283,4.955762,18.12253,-22.71079,4.915262,18.03883
310.0135,-23.16153,5.994322,17.1902,-23.62283,4.955762,18.12253,-22.71079,4.915262,18.03883
310.0469,-23.14904,5.990276,17.19785,-23.62283,4.955762,18.12253,-22.71079,4.915262,18.03883
310.0802,-23.13651,5.97508,17.21452,-23.62283,4.955762,18.12253,-22.71079,4.915262,18.03883
310.1136,-23.12472,5.954904,17.23972,-23.62283,4.955762,18.12253,-22.71079,4.915262,18.03883
310.1469,-23.11191,5.925077,17.27729,-23.62283,4.955762,18.12253,-22.71079,4.915262,18.03883
310.1802,-23.10186,5.902609,17.30661,-23.62283,4.955762,18.12253,-22.71079,4.915262,18.03883
310.2136,-23.10065,5.886552,17.32224,-23.62283,4.955762,18.12253,-22.71079,4.915262,18.03883
310.2469,-23.10185,5.86127,17.34619,-23.62283,4.955762,18.12253,-22.71079,4.915262,18.03883
310.2802,-23.10307,5.831252,17.37943,-23.62283,4.955762,18.12253,-22.71079,4.915262,18.03883
310.3136,-23.10801,5.815573,17.39499,-23.62283,4.955762,18.12253,-22.71079,4.915262,18.03883
310.3469,-23.11362,5.797115,17.41279,-23.62283,4.955762,18.12253,-22.71079,4.915262,18.03883
310.3802,-23.11705,5.772096,17.43567,-23.62283,4.955762,18.12253,-22.71079,4.915262,18.03883
310.4135,-23.12233,5.750167,17.45232,-23.62283,4.955762,18.12253,-22.71079,4.915262,18.03883
310.4469,-23.12867,5.733227,17.46307,-23.62283,4.955762,18.12253,-22.71079,4.915262,18.03883
310.4802,-23.1377,5.704039,17.48435,-23.62283,4.955762,18.12253,-22.71079,4.915262,18.03883
310.5135,-23.14231,5.67869,17.50841,-23.62283,4.955762,18.12253,-22.71079,4.915262,18.03883
310.5469,-23.14844,5.655116,17.52846,-23.62283,4.955762,18.12253,-22.71079,4.915262,18.03883
310.5802,-23.15183,5.636386,17.54607,-23.62283,4.955762,18.12253,-22.71079,4.915262,18.03883
310.6136,-23.15182,5.619046,17.56637,-23.62283,4.955762,18.12253,-22.71079,4.915262,18.03883
310.6469,-23.15249,5.602442,17.58662,-23.62283,4.955762,18.12253,-22.71079,4.915262,18.03883
310.6802,-23.15104,5.591285,17.5992,-23.62283,4.955762,18.12253,-22.71079,4.915262,18.03883
310.7136,-23.15135,5.579472,17.61079,-23.62283,4.955762,18.12253,-22.71079,4.915262,18.03883
310.7469,-23.15213,5.569757,17.62791,-23.62283,4.955762,18.12253,-22.71079,4.915262,18.03883
310.7802,-23.16003,5.566403,17.63956,-23.62283,4.955762,18.12253,-22.71079,4.915262,18.03883
310.8136,-23.16417,5.562502,17.64862,-23.62283,4.955762,18.12253,-22.71079,4.915262,18.03883
310.8469,-23.17243,5.556532,17.66326,-23.62283,4.955762,18.12253,-22.71079,4.915262,18.03883
310.8802,-23.17734,5.549494,17.67848,-23.62283,4.955762,18.12253,-22.71079,4.915262,18.03883
310.9135,-23.18368,5.543148,17.68927,-23.62283,4.955762,18.12253,-22.71079,4.915262,18.03883
310.9469,-23.19049,5.533924,17.70486,-23.62283,4.955762,18.12253,-22.71079,4.915262,18.03883
310.9802,-23.19126,5.524224,17.71739,-23.62283,4.955762,18.12253,-22.71079,4.915262,18.03883
311.0135,-23.1922,5.515187,17.73012,-23.62283,4.955762,18.12253,-22.71079,4.915262,18.03883
311.0469,-23.17664,5.497151,17.75672,-23.62283,4.955762,18.12253,-22.71079,4.915262,18.03883
311.0802,-23.15935,5.477612,17.77739,-23.62283,4.955762,18.12253,-22.71079,4.915262,18.03883
311.1136,-23.14848,5.467513,17.78583,-23.62283,4.955762,18.12253,-22.71079,4.915262,18.03883
311.1469,-23.1209,5.442925,17.80333,-23.62283,4.955762,18.12253,-22.71079,4.915262,18.03883
311.1802,-23.09319,5.419765,17.81199,-23.62283,4.955762,18.12253,-22.71079,4.915262,18.03883
311.2136,-23.08102,5.406583,17.81684,-23.62283,4.955762,18.12253,-22.71079,4.915262,18.03883
311.2469,-23.05175,5.386122,17.81678,-23.62283,4.955762,18.12253,-22.71079,4.915262,18.03883
311.2802,-23.03077,5.370519,17.81149,-23.62283,4.955762,18.12253,-22.71079,4.915262,18.03883
311.3136,-23.02071,5.364422,17.8072,-23.62283,4.955762,18.12253,-22.71079,4.915262,18.03883
311.3469,-23.00173,5.347832,17.80295,-23.62283,4.955762,18.12253,-22.71079,4.915262,18.03883
311.3802,-22.98238,5.331596,17.79714,-23.62283,4.955762,18.12253,-22.71079,4.915262,18.03883
311.4135,-22.97589,5.32406,17.79705,-23.62283,4.955762,18.12253,-22.71079,4.915262,18.03883
311.4469,-22.95734,5.311146,17.79158,-23.62283,4.955762,18.12253,-22.71079,4.915262,18.03883
311.4802,-22.92986,5.287578,17.79523,-23.62283,4.955762,18.12253,-22.71079,4.915262,18.03883
311.5135,-22.92024,5.278784,17.79988,-23.62283,4.955762,18.12253,-22.71079,4.915262,18.03883
311.5469,-22.90462,5.271539,17.80375,-23.62283,4.955762,18.12253,-22.71079,4.915262,18.03883
311.5802,-22.8846,5.268,17.80888,-23.62283,4.955762,18.12253,-22.71079,4.915262,18.03883
311.6136,-22.87041,5.263431,17.81282,-23.62283,4.955762,18.12253,-22.71079,4.915262,18.03883
311.6469,-22.84967,5.258284,17.8195,-23.62283,4.955762,18.12253,-22.71079,4.915262,18.03883
311.6802,-22.82756,5.254793,17.83092,-23.62283,4.955762,18.12253,-22.71079,4.915262,18.03883
311.7136,-22.81405,5.251143,17.84159,-23.62283,4.955762,18.12253,-22.71079,4.915262,18.03883
311.7469,-22.79496,5.246626,17.85765,-23.62283,4.955762,18.12253,-22.71079,4.915262,18.03883
311.7802,-22.77915,5.240045,17.87646,-23.62283,4.955762,18.12253,-22.71079,4.915262,18.03883
311.8136,-22.77416,5.233799,17.88991,-23.62283,4.955762,18.12253,-22.71079,4.915262,18.03883
311.8469,-22.76685,5.22588,17.90278,-23.62283,4.955762,18.12253,-22.71079,4.915262,18.03883
311.8802,-22.7617,5.214272,17.91555,-23.62283,4.955762,18.12253,-22.71079,4.915262,18.03883
311.9135,-22.75954,5.205321,17.9202,-23.62283,4.955762,18.12253,-22.71079,4.915262,18.03883
311.9469,-22.75491,5.194363,17.92996,-23.62283,4.955762,18.12253,-22.71079,4.915262,18.03883
311.9802,-22.75323,5.185045,17.94206,-23.62283,4.955762,18.12253,-22.71079,4.915262,18.03883
312.0135,-22.74968,5.181414,17.94896,-23.62283,4.955762,18.12253,-22.71079,4.915262,18.03883
312.0469,-22.7454,5.176651,17.95656,-23.62283,4.955762,18.12253,-22.71079,4.915262,18.03883
312.0802,-22.73991,5.169274,17.9613,-23.62283,4.955762,18.12253,-22.71079,4.915262,18.03883
312.1136,-22.73603,5.162083,17.96599,-23.62283,4.955762,18.12253,-22.71079,4.915262,18.03883
312.1469,-22.72681,5.152349,17.97743,-23.62283,4.955762,18.12253,-22.71079,4.915262,18.03883
312.1802,-22.71925,5.145049,17.99241,-23.62283,4.955762,18.12253,-22.71079,4.915262,18.03883
312.2136,-22.71478,5.143023,18.00186,-23.62283,4.955762,18.12253,-22.71079,4.915262,18.03883
312.2469,-22.70989,5.141026,18.01392,-23.62283,4.955762,18.12253,-22.71079,4.915262,18.03883
312.2802,-22.7065,5.138925,18.0217,-23.62283,4.955762,18.12253,-22.71079,4.915262,18.03883
312.3136,-22.70282,5.138238,18.02639,-23.62283,4.955762,18.12253,-22.71079,4.915262,18.03883
312.3469,-22.69781,5.137898,18.03003,-23.62283,4.955762,18.12253,-22.71079,4.915262,18.03883
312.3802,-22.68931,5.139698,18.03201,-23.62283,4.955762,18.12253,-22.71079,4.915262,18.03883
312.4135,-22.67968,5.143102,18.03165,-23.62283,4.955762,18.12253,-22.71079,4.915262,18.03883
312.4469,-22.66867,5.144753,18.03065,-23.62283,4.955762,18.12253,-22.71079,4.915262,18.03883
312.4802,-22.65749,5.14474,18.03574,-23.62283,4.955762,18.12253,-22.71079,4.915262,18.03883
312.5135,-22.65464,5.141616,18.04483,-23.62283,4.955762,18.12253,-22.71079,4.915262,18.03883
312.5469,-22.64848,5.137285,18.0614,-23.62283,4.955762,18.12253,-22.71079,4.915262,18.03883
312.5802,-22.64052,5.134072,18.08029,-23.62283,4.955762,18.12253,-22.71079,4.915262,18.03883
312.6136,-22.63545,5.130099,18.09479,-23.62283,4.955762,18.12253,-22.71079,4.915262,18.03883
312.6469,-22.62893,5.126725,18.10934,-23.62283,4.955762,18.12253,-22.71079,4.915262,18.03883
312.6802,-22.62254,5.122242,18.12268,-23.62283,4.955762,18.12253,-22.71079,4.915262,18.03883
312.7136,-22.6171,5.118132,18.13474,-23.62283,4.955762,18.12253,-22.71079,4.915262,18.03883
312.7469,-22.60131,5.109974,18.16096,-23.62283,4.955762,18.12253,-22.71079,4.915262,18.03883
312.7802,-22.58985,5.110007,18.17258,-23.62283,4.955762,18.12253,-22.71079,4.915262,18.03883
312.8136,-22.58682,5.109805,18.1787,-23.62283,4.955762,18.12253,-22.71079,4.915262,18.03883
312.8469,-22.58104,5.11067,18.18237,-23.62283,4.955762,18.12253,-22.71079,4.915262,18.03883
312.8802,-22.57286,5.113585,18.18546,-23.62283,4.955762,18.12253,-22.71079,4.915262,18.03883
312.9135,-22.56413,5.116433,18.18774,-23.62283,4.955762,18.12253,-22.71079,4.915262,18.03883
312.9469,-22.55814,5.117697,18.18644,-23.62283,4.955762,18.12253,-22.71079,4.915262,18.03883
312.9802,-22.55056,5.119907,18.18632,-23.62283,4.955762,18.12253,-22.71079,4.915262,18.03883
313.0135,-22.54353,5.121909,18.18822,-23.62283,4.955762,18.12253,-22.71079,4.915262,18.03883
313.0469,-22.53429,5.126043,18.19092,-23.62283,4.955762,18.12253,-22.71079,4.915262,18.03883
313.0802,-22.5245,5.130613,18.19341,-23.62283,4.955762,18.12253,-22.71079,4.915262,18.03883
313.1136,-22.51979,5.13271,18.1965,-23.62283,4.955762,18.12253,-22.71079,4.915262,18.03883
313.1469,-22.51368,5.135681,18.19954,-23.62283,4.955762,18.12253,-22.71079,4.915262,18.03883
313.1802,-22.5112,5.136972,18.20311,-23.62283,4.955762,18.12253,-22.71079,4.915262,18.03883
313.2136,-22.51102,5.138086,18.20605,-23.62283,4.955762,18.12253,-22.71079,4.915262,18.03883
313.2469,-22.51008,5.139205,18.20859,-23.62283,4.955762,18.12253,-22.71079,4.915262,18.03883
313.2802,-22.50952,5.140536,18.20598,-23.62283,4.955762,18.12253,-22.71079,4.915262,18.03883
313.3136,-22.50744,5.142061,18.2044,-23.62283,4.955762,18.12253,-22.71079,4.915262,18.03883
313.3469,-22.50377,5.145183,18.20199,-23.62283,4.955762,18.12253,-22.71079,4.915262,18.03883
313.3802,-22.50161,5.147175,18.20095,-23.62283,4.955762,18.12253,-22.71079,4.915262,18.03883
313.4135,-22.49917,5.149427,18.2021,-23.62283,4.955762,18.12253,-22.71079,4.915262,18.03883
313.4469,-22.49157,5.156148,18.20125,-23.62283,4.955762,18.12253,-22.71079,4.915262,18.03883
313.4802,-22.48425,5.161499,18.19877,-23.62283,4.955762,18.12253,-22.71079,4.915262,18.03883
313.5135,-22.48305,5.162582,18.19705,-23.62283,4.955762,18.12253,-22.71079,4.915262,18.03883
313.5469,-22.48023,5.164347,18.19691,-23.62283,4.955762,18.12253,-22.71079,4.915262,18.03883
313.5802,-22.4772,5.165915,18.19842,-23.62283,4.955762,18.12253,-22.71079,4.915262,18.03883
313.6136,-22.47518,5.1662,18.20329,-23.62283,4.955762,18.12253,-22.71079,4.915262,18.03883
313.6469,-22.47442,5.166624,18.21001,-23.62283,4.955762,18.12253,-22.71079,4.915262,18.03883
313.6802,-22.47562,5.165318,18.21318,-23.62283,4.955762,18.12253,-22.71079,4.915262,18.03883
313.7136,-22.47838,5.16189,18.21608,-23.62283,4.955762,18.12253,-22.71079,4.915262,18.03883
313.7469,-22.48933,5.151272,18.21328,-23.62283,4.955762,18.12253,-22.71079,4.915262,18.03883
313.7802,-22.50473,5.144437,18.21,-23.62283,4.955762,18.12253,-22.71079,4.915262,18.03883
313.8136,-22.51292,5.145552,18.20309,-23.62283,4.955762,18.12253,-22.71079,4.915262,18.03883
313.8469,-22.51431,5.149904,18.18566,-23.62283,4.955762,18.12253,-22.71079,4.915262,18.03883
313.8802,-22.51174,5.150869,18.16712,-23.62283,4.955762,18.12253,-22.71079,4.915262,18.03883
313.9135,-22.5041,5.149148,18.15852,-23.62283,4.955762,18.12253,-22.71079,4.915262,18.03883
313.9469,-22.4973,5.139745,18.1512,-23.62283,4.955762,18.12253,-22.71079,4.915262,18.03883
313.9802,-22.49776,5.127612,18.14564,-23.62283,4.955762,18.12253,-22.71079,4.915262,18.03883
314.0135,-22.49632,5.12398,18.14144,-23.62283,4.955762,18.12253,-22.71079,4.915262,18.03883
314.0469,-22.49161,5.122717,18.14033,-23.62283,4.955762,18.12253,-22.71079,4.915262,18.03883
314.0802,-22.49391,5.118045,18.13875,-23.62283,4.955762,18.12253,-22.71079,4.915262,18.03883
314.1136,-22.49547,5.116099,18.13715,-23.62283,4.955762,18.12253,-22.71079,4.915262,18.03883
314.1469,-22.495,5.114784,18.13377,-23.62283,4.955762,18.12253,-22.71079,4.915262,18.03883
314.1802,-22.49529,5.110246,18.12839,-23.62283,4.955762,18.12253,-22.71079,4.915262,18.03883
314.2136,-22.50211,5.098252,18.11801,-23.62283,4.955762,18.12253,-22.71079,4.915262,18.03883
314.2469,-22.51304,5.08348,18.10669,-23.62283,4.955762,18.12253,-22.71079,4.915262,18.03883
314.2802,-22.52697,5.070872,18.1003,-23.62283,4.955762,18.12253,-22.71079,4.915262,18.03883
314.3136,-22.53637,5.067054,18.10152,-23.62283,4.955762,18.12253,-22.71079,4.915262,18.03883
314.3469,-22.55365,5.063712,18.10511,-23.62283,4.955762,18.12253,-22.71079,4.915262,18.03883
314.3802,-22.57122,5.06391,18.10604,-23.62283,4.955762,18.12253,-22.71079,4.915262,18.03883
314.4135,-22.59019,5.064038,18.10186,-23.62283,4.955762,18.12253,-22.71079,4.915262,18.03883
314.4469,-22.61252,5.064599,18.09446,-23.62283,4.955762,18.12253,-22.71079,4.915262,18.03883
314.4802,-22.63445,5.06276,18.08817,-23.62283,4.955762,18.12253,-22.71079,4.915262,18.03883
314.5135,-22.64704,5.062567,18.08323,-23.62283,4.955762,18.12253,-22.71079,4.915262,18.03883
314.5469,-22.65784,5.063901,18.07459,-23.62283,4.955762,18.12253,-22.71079,4.915262,18.03883
314.5802,-22.67117,5.064064,18.06498,-23.62283,4.955762,18.12253,-22.71079,4.915262,18.03883
314.6136,-22.67854,5.063856,18.06029,-23.62283,4.955762,18.12253,-22.71079,4.915262,18.03883
314.6469,-22.68435,5.06509,18.05571,-23.62283,4.955762,18.12253,-22.71079,4.915262,18.03883
314.6802,-22.68948,5.067405,18.05058,-23.62283,4.955762,18.12253,-22.71079,4.915262,18.03883
314.7136,-22.69281,5.069129,18.04805,-23.62283,4.955762,18.12253,-22.71079,4.915262,18.03883
314.7469,-22.69497,5.073509,18.04279,-23.62283,4.955762,18.12253,-22.71079,4.915262,18.03883
314.7802,-22.69735,5.078201,18.0359,-23.62283,4.955762,18.12253,-22.71079,4.915262,18.03883
314.8136,-22.69916,5.081656,18.02811,-23.62283,4.955762,18.12253,-22.71079,4.915262,18.03883
314.8469,-22.70311,5.085924,18.01612,-23.62283,4.955762,18.12253,-22.71079,4.915262,18.03883
314.8802,-22.70289,5.089487,18.00632,-23.62283,4.955762,18.12253,-22.71079,4.915262,18.03883
314.9135,-22.70464,5.089158,18.00476,-23.62283,4.955762,18.12253,-22.71079,4.915262,18.03883
314.9469,-22.70341,5.089756,18.00248,-23.62283,4.955762,18.12253,-22.71079,4.915262,18.03883
314.9802,-22.70369,5.090408,18.00045,-23.62283,4.955762,18.12253,-22.71079,4.915262,18.03883
315.0135,-22.70375,5.090718,18.00005,-23.62283,4.955762,18.12253,-22.71079,4.915262,18.03883
315.0469,-22.7041,5.091681,17.99761,-23.62283,4.955762,18.12253,-22.71079,4.915262,18.03883
315.0802,-22.70444,5.092644,17.99517,-23.62283,4.955762,18.12253,-22.71079,4.915262,18.03883
315.1136,-22.70601,5.092991,17.99421,-23.62283,4.955762,18.12253,-22.71079,4.915262,18.03883
315.1469,-22.70743,5.0933,17.99445,-23.62283,4.955762,18.12253,-22.71079,4.915262,18.03883
315.1802,-22.71041,5.093958,17.99373,-23.62283,4.955762,18.12253,-22.71079,4.915262,18.03883
315.2136,-22.71357,5.095543,17.99177,-23.62283,4.955762,18.12253,-22.71079,4.915262,18.03883
315.2469,-22.71758,5.096462,17.98953,-23.62283,4.955762,18.12253,-22.71079,4.915262,18.03883
315.2802,-22.71626,5.099071,17.98722,-23.62283,4.955762,18.12253,-22.71079,4.915262,18.03883
315.3136,-22.71947,5.099373,17.98548,-23.62283,4.955762,18.12253,-22.71079,4.915262,18.03883
315.3469,-22.72171,5.098883,17.98484,-23.62283,4.955762,18.12253,-22.71079,4.915262,18.03883
315.3802,-22.72522,5.098791,17.98542,-23.62283,4.955762,18.12253,-22.71079,4.915262,18.03883
315.4135,-22.73049,5.099404,17.98421,-23.62283,4.955762,18.12253,-22.71079,4.915262,18.03883
315.4469,-22.73434,5.101442,17.98191,-23.62283,4.955762,18.12253,-22.71079,4.915262,18.03883
315.4802,-22.74047,5.102582,17.97916,-23.62283,4.955762,18.12253,-22.71079,4.915262,18.03883
315.5135,-22.7465,5.101236,17.97827,-23.62283,4.955762,18.12253,-22.71079,4.915262,18.03883
315.5469,-22.75433,5.099528,17.9799,-23.62283,4.955762,18.12253,-22.71079,4.915262,18.03883
315.5802,-22.75807,5.100279,17.9782,-23.62283,4.955762,18.12253,-22.71079,4.915262,18.03883
315.6136,-22.76381,5.1,17.97843,-23.62283,4.955762,18.12253,-22.71079,4.915262,18.03883
315.6469,-22.76889,5.099729,17.97835,-23.62283,4.955762,18.12253,-22.71079,4.915262,18.03883
315.6802,-22.77213,5.099843,17.97574,-23.62283,4.955762,18.12253,-22.71079,4.915262,18.03883
315.7136,-22.77607,5.098932,17.97448,-23.62283,4.955762,18.12253,-22.71079,4.915262,18.03883
315.7469,-22.77761,5.098287,17.9745,-23.62283,4.955762,18.12253,-22.71079,4.915262,18.03883
315.7802,-22.77779,5.098674,17.97289,-23.62283,4.955762,18.12253,-22.71079,4.915262,18.03883
315.8136,-22.77798,5.099063,17.97127,-23.62283,4.955762,18.12253,-22.71079,4.915262,18.03883
315.8469,-22.77945,5.098807,17.9719,-23.62283,4.955762,18.12253,-22.71079,4.915262,18.03883
315.8802,-22.77856,5.09997,17.97339,-23.62283,4.955762,18.12253,-22.71079,4.915262,18.03883
315.9135,-22.77567,5.101134,17.97399,-23.62283,4.955762,18.12253,-22.71079,4.915262,18.03883
315.9469,-22.76796,5.103586,17.97141,-23.62283,4.955762,18.12253,-22.71079,4.915262,18.03883
315.9802,-22.75263,5.108399,17.97026,-23.62283,4.955762,18.12253,-22.71079,4.915262,18.03883
316.0135,-22.74108,5.113171,17.96737,-23.62283,4.955762,18.12253,-22.71079,4.915262,18.03883
316.0469,-22.72011,5.118847,17.96293,-23.62283,4.955762,18.12253,-22.71079,4.915262,18.03883
316.0802,-22.71302,5.120435,17.96508,-23.62283,4.955762,18.12253,-22.71079,4.915262,18.03883
316.1136,-22.71107,5.120366,17.96827,-23.62283,4.955762,18.12253,-22.71079,4.915262,18.03883
316.1469,-22.71065,5.119616,17.97149,-23.62283,4.955762,18.12253,-22.71079,4.915262,18.03883
316.1802,-22.70958,5.119936,17.97339,-23.62283,4.955762,18.12253,-22.71079,4.915262,18.03883
316.2136,-22.70937,5.119565,17.975,-23.62283,4.955762,18.12253,-22.71079,4.915262,18.03883
316.2469,-22.70787,5.116838,17.97508,-23.62283,4.955762,18.12253,-22.71079,4.915262,18.03883
316.2802,-22.70922,5.114217,17.97658,-23.62283,4.955762,18.12253,-22.71079,4.915262,18.03883
316.3136,-22.7089,5.113085,17.97922,-23.62283,4.955762,18.12253,-22.71079,4.915262,18.03883
316.3469,-22.7088,5.113383,17.97925,-23.62283,4.955762,18.12253,-22.71079,4.915262,18.03883
316.3802,-22.70994,5.113017,17.98151,-23.62283,4.955762,18.12253,-22.71079,4.915262,18.03883
316.4135,-22.71033,5.113052,17.98404,-23.62283,4.955762,18.12253,-22.71079,4.915262,18.03883
316.4469,-22.71033,5.113052,17.98405,-23.62283,4.955762,18.12253,-22.71079,4.915262,18.03883
316.4802,-22.71,5.112638,17.98687,-23.62283,4.955762,18.12253,-22.71079,4.915262,18.03883
316.5135,-22.71053,5.112586,17.9884,-23.62283,4.955762,18.12253,-22.71079,4.915262,18.03883
316.5469,-22.71143,5.113618,17.98804,-23.62283,4.955762,18.12253,-22.71079,4.915262,18.03883
316.5802,-22.71471,5.112976,17.98781,-23.62283,4.955762,18.12253,-22.71079,4.915262,18.03883
316.6136,-22.71655,5.11127,17.98084,-23.62283,4.955762,18.12253,-22.71079,4.915262,18.03883
316.6469,-22.72144,5.104,17.96822,-23.62283,4.955762,18.12253,-22.71079,4.915262,18.03883
316.6802,-22.72589,5.09492,17.95918,-23.62283,4.955762,18.12253,-22.71079,4.915262,18.03883
316.7136,-22.72803,5.085125,17.95657,-23.62283,4.955762,18.12253,-22.71079,4.915262,18.03883
316.7469,-22.72942,5.072439,17.95518,-23.62283,4.955762,18.12253,-22.71079,4.915262,18.03883
316.7802,-22.72862,5.065284,17.95944,-23.62283,4.955762,18.12253,-22.71079,4.915262,18.03883
316.8136,-22.72756,5.059221,17.96493,-23.62283,4.955762,18.12253,-22.71079,4.915262,18.03883
316.8469,-22.72758,5.051725,17.96886,-23.62283,4.955762,18.12253,-22.71079,4.915262,18.03883
316.8802,-22.72524,5.046864,17.97331,-23.62283,4.955762,18.12253,-22.71079,4.915262,18.03883
316.9135,-22.72306,5.043502,17.97575,-23.62283,4.955762,18.12253,-22.71079,4.915262,18.03883
316.9469,-22.7179,5.042356,17.97777,-23.62283,4.955762,18.12253,-22.71079,4.915262,18.03883
316.9802,-22.71579,5.039745,17.97919,-23.62283,4.955762,18.12253,-22.71079,4.915262,18.03883
317.0135,-22.71426,5.03755,17.98156,-23.62283,4.955762,18.12253,-22.71079,4.915262,18.03883
317.0469,-22.71215,5.034952,17.98298,-23.62283,4.955762,18.12253,-22.71079,4.915262,18.03883
317.0802,-22.70832,5.034811,17.98463,-23.62283,4.955762,18.12253,-22.71079,4.915262,18.03883
317.1136,-22.70687,5.035335,17.98478,-23.62283,4.955762,18.12253,-22.71079,4.915262,18.03883
317.1469,-22.70516,5.035216,17.98189,-23.62283,4.955762,18.12253,-22.71079,4.915262,18.03883
317.1802,-22.70281,5.034823,17.97787,-23.62283,4.955762,18.12253,-22.71079,4.915262,18.03883
317.2136,-22.6994,5.034486,17.97622,-23.62283,4.955762,18.12253,-22.71079,4.915262,18.03883
317.2469,-22.69831,5.032374,17.97407,-23.62283,4.955762,18.12253,-22.71079,4.915262,18.03883
317.2802,-22.69703,5.030646,17.97376,-23.62283,4.955762,18.12253,-22.71079,4.915262,18.03883
317.3136,-22.69495,5.030906,17.97279,-23.62283,4.955762,18.12253,-22.71079,4.915262,18.03883
317.3469,-22.6922,5.031168,17.97149,-23.62283,4.955762,18.12253,-22.71079,4.915262,18.03883
317.3802,-22.69081,5.030437,17.97183,-23.62283,4.955762,18.12253,-22.71079,4.915262,18.03883
317.4135,-22.68908,5.030206,17.96797,-23.62283,4.955762,18.12253,-22.71079,4.915262,18.03883
317.4469,-22.68895,5.028903,17.96349,-23.62283,4.955762,18.12253,-22.71079,4.915262,18.03883
317.4802,-22.68539,5.028841,17.96348,-23.62283,4.955762,18.12253,-22.71079,4.915262,18.03883
317.5135,-22.68409,5.027838,17.96378,-23.62283,4.955762,18.12253,-22.71079,4.915262,18.03883
317.5469,-22.68126,5.028512,17.96309,-23.62283,4.955762,18.12253,-22.71079,4.915262,18.03883
317.5802,-22.67911,5.028187,17.96371,-23.62283,4.955762,18.12253,-22.71079,4.915262,18.03883
317.6136,-22.67653,5.02878,17.96076,-23.62283,4.955762,18.12253,-22.71079,4.915262,18.03883
317.6469,-22.67513,5.029049,17.96012,-23.62283,4.955762,18.12253,-22.71079,4.915262,18.03883
317.6802,-22.67472,5.028972,17.95753,-23.62283,4.955762,18.12253,-22.71079,4.915262,18.03883
317.7136,-22.67361,5.030612,17.95384,-23.62283,4.955762,18.12253,-22.71079,4.915262,18.03883
317.7469,-22.67177,5.031968,17.95024,-23.62283,4.955762,18.12253,-22.71079,4.915262,18.03883
317.7802,-22.6721,5.03265,17.94699,-23.62283,4.955762,18.12253,-22.71079,4.915262,18.03883
317.8136,-22.67151,5.032944,17.94623,-23.62283,4.955762,18.12253,-22.71079,4.915262,18.03883
317.8469,-22.67174,5.033579,17.94418,-23.62283,4.955762,18.12253,-22.71079,4.915262,18.03883
317.8802,-22.66958,5.034265,17.94383,-23.62283,4.955762,18.12253,-22.71079,4.915262,18.03883
317.9135,-22.67126,5.033926,17.94222,-23.62283,4.955762,18.12253,-22.71079,4.915262,18.03883
317.9469,-22.67174,5.033579,17.94418,-23.62283,4.955762,18.12253,-22.71079,4.915262,18.03883
317.9802,-22.67167,5.033286,17.9446,-23.62283,4.955762,18.12253,-22.71079,4.915262,18.03883
318.0135,-22.67082,5.033971,17.94493,-23.62283,4.955762,18.12253,-22.71079,4.915262,18.03883
318.0469,-22.67299,5.033287,17.94528,-23.62283,4.955762,18.12253,-22.71079,4.915262,18.03883
318.0802,-22.67191,5.032882,17.94823,-22.63781,4.955281,17.92513,-22.71079,4.915262,18.03883
318.1136,-22.6729,5.032201,17.95217,-22.63596,4.953447,17.92792,-22.71079,4.915262,18.03883
318.1469,-22.67484,5.030889,17.95456,-22.63407,4.946439,17.93052,-22.71079,4.915262,18.03883
318.1802,-22.67317,5.031235,17.95618,-22.63667,4.946316,17.93337,-22.71079,4.915262,18.03883
318.2136,-22.67518,5.030221,17.95815,-22.63455,4.945971,17.93493,-22.71079,4.915262,18.03883
318.2469,-22.67551,5.030572,17.9608,-22.63713,4.945916,17.93729,-22.71079,4.915262,18.03883
318.2802,-22.67686,5.029561,17.96243,-22.63699,4.945611,17.93993,-22.71079,4.915262,18.03883
318.3136,-22.67837,5.02888,17.96243,-22.6389,4.945542,17.94193,-22.71079,4.915262,18.03883
318.3469,-22.68003,5.02853,17.96081,-22.64091,4.94568,17.94215,-22.71079,4.915262,18.03883
318.3802,-22.68123,5.027197,17.96408,-22.64301,4.946023,17.94058,-22.71079,4.915262,18.03883
318.4135,-22.68123,5.027197,17.96408,-22.64481,4.945748,17.94436,-22.71079,4.915262,18.03883
318.4469,-22.68138,5.027524,17.96245,-22.64481,4.945748,17.94436,-22.71079,4.915262,18.03883
318.4802,-22.68189,5.027197,17.96441,-22.64491,4.945954,17.94258,-22.71079,4.915262,18.03883
318.5135,-22.68256,5.027197,17.96475,-22.64548,4.945762,17.94471,-22.71079,4.915262,18.03883
318.5469,-22.68256,5.027197,17.96475,-22.64614,4.945776,17.94507,-22.71079,4.915262,18.03883
318.5802,-22.68391,5.026197,17.96638,-22.64614,4.945776,17.94507,-22.71079,4.915262,18.03883
318.6136,-22.68391,5.026197,17.96638,-22.64771,4.944985,17.94689,-22.71079,4.915262,18.03883
318.6469,-22.68527,5.025201,17.96802,-22.64771,4.944985,17.94689,-22.71079,4.915262,18.03883
318.6802,-22.68527,5.025201,17.96802,-22.64925,4.944111,17.94868,-22.71079,4.915262,18.03883
318.7136,-22.68521,5.024907,17.96844,-22.64925,4.944111,17.94868,-22.71079,4.915262,18.03883
318.7469,-22.68642,5.023596,17.97171,-22.64929,4.944044,17.94916,-22.71079,4.915262,18.03883
318.7802,-22.68754,5.022985,17.97443,-22.65075,4.943013,17.95274,-22.71079,4.915262,18.03883
318.8136,-22.688,5.022376,17.97681,-22.65178,4.942249,17.95557,-22.71079,4.915262,18.03883
318.8469,-22.68866,5.022376,17.97715,-22.65228,4.941755,17.95812,-22.71079,4.915262,18.03883
318.8802,-22.68919,5.022062,17.97912,-22.65282,4.941484,17.9584,-22.71079,4.915262,18.03883
318.9135,-22.68919,5.022062,17.97912,-22.65329,4.941056,17.96048,-22.71079,4.915262,18.03883
318.9469,-22.69043,5.020493,17.98159,-22.65329,4.941056,17.96048,-22.71079,4.915262,18.03883
318.9802,-22.69008,5.019581,17.98528,-22.65493,4.940111,17.96322,-22.71079,4.915262,18.03883
319.0135,-22.69138,5.018314,17.98734,-22.65483,4.939785,17.96728,-22.71079,4.915262,18.03883
319.0469,-22.69157,5.017114,17.993,-22.6564,4.938843,17.96954,-22.71079,4.915262,18.03883
319.0802,-22.69275,5.015266,17.9959,-22.6566,4.937656,17.97556,-22.71079,4.915262,18.03883
319.1136,-22.69316,5.014378,17.9987,-22.65816,4.936406,17.97871,-22.71079,4.915262,18.03883
319.1469,-22.69461,5.013419,17.99912,-22.65862,4.935661,17.98168,-22.71079,4.915262,18.03883
319.1802,-22.69811,5.01151,18.00152,-22.66026,4.934869,17.98215,-22.71079,4.915262,18.03883
319.2136,-22.70016,5.010562,18.0035,-22.66394,4.932827,17.98466,-22.71079,4.915262,18.03883
319.2469,-22.70367,5.008668,18.00589,-22.66597,4.931574,17.98671,-22.71079,4.915262,18.03883
319.2802,-22.7058,5.007721,18.00665,-22.66966,4.929566,17.98923,-22.71079,4.915262,18.03883
319.3136,-22.70712,5.006489,18.00872,-22.67197,4.928776,17.99005,-22.71079,4.915262,18.03883
319.3469,-22.71256,5.00402,18.01292,-22.67363,4.928045,17.99234,-22.71079,4.915262,18.03883
319.3802,-22.71614,5.002452,18.0149,-22.67939,4.925838,17.99679,-22.71079,4.915262,18.03883
319.4135,-22.71815,5.001233,18.01729,-22.68327,4.924434,17.99894,-22.71079,4.915262,18.03883
319.4469,-22.71815,5.001233,18.01729,-22.6854,4.923238,18.00147,-22.71079,4.915262,18.03883
319.4802,-22.71948,5.000021,18.01936,-22.6854,4.923238,18.00147,-22.71079,4.915262,18.03883
319.5135,-22.72011,4.999723,18.0201,-22.68691,4.922191,18.0037,-22.71079,4.915262,18.03883
319.5469,-22.72144,4.998513,18.02216,-22.6875,4.921803,18.00443,-22.71079,4.915262,18.03883
319.5802,-22.72345,4.997306,18.02455,-22.68913,4.921031,18.0067,-22.71079,4.915262,18.03883
319.6136,-22.72478,4.996104,18.02662,-22.69141,4.920202,18.0093,-22.71079,4.915262,18.03883
319.6469,-22.72612,4.994906,18.02869,-22.69304,4.919461,18.01158,-22.71079,4.915262,18.03883
319.6802,-22.72581,4.993741,18.03158,-22.69468,4.91872,18.01385,-22.71079,4.915262,18.03883
319.7136,-22.72714,4.992548,18.03365,-22.69478,4.918538,18.01705,-22.71079,4.915262,18.03883
319.7469,-22.72842,4.991059,18.03614,-22.69969,4.925781,18.02085,-22.71079,4.915262,18.03883
319.7802,-22.72836,4.990759,18.03656,-22.69809,4.917021,18.02206,-22.71079,4.915262,18.03883
319.8136,-22.72975,4.989873,18.03821,-22.69813,4.916983,18.02252,-22.71079,4.915262,18.03883
319.8469,-22.73115,4.988992,18.03987,-22.69971,4.916285,18.02433,-22.71079,4.915262,18.03883
319.8802,-22.73257,4.988799,18.04053,-22.7013,4.915586,18.02613,-22.71079,4.915262,18.03883
319.9135,-22.73409,4.988181,18.04054,-22.70267,4.91502,18.02676,-22.71079,4.915262,18.03883
319.9469,-22.73403,4.987881,18.04096,-22.7043,4.914387,18.02678,-22.71079,4.915262,18.03883
319.9802,-22.73391,4.987624,18.04261,-22.70434,4.914349,18.02724,-22.71079,4.915262,18.03883
320.0135,-22.73543,4.987008,18.04262,-22.70442,4.914589,18.02909,-22.71079,4.915262,18.03883
320.0469,-22.73398,4.990553,18.03305,-22.70622,4.914399,18.02919,-22.71079,4.915262,18.03883
320.0802,-22.73352,4.997623,18.01137,-22.70351,4.915067,18.01856,-22.71079,4.915262,18.03883
320.1136,-22.73422,5.002368,17.99915,-22.70351,4.915067,18.01856,-22.71079,4.915262,18.03883
320.1469,-22.73759,5.008396,17.98785,-22.70351,4.915067,18.01856,-22.71079,4.915262,18.03883
320.1802,-22.74393,5.011561,17.97981,-22.70351,4.915067,18.01856,-22.71079,4.915262,18.03883
320.2136,-22.75241,5.012981,17.97363,-22.70351,4.915067,18.01856,-22.71079,4.915262,18.03883
320.2469,-22.76507,5.014423,17.96353,-22.70351,4.915067,18.01856,-22.71079,4.915262,18.03883
320.2802,-22.77578,5.015603,17.95106,-22.70351,4.915067,18.01856,-22.71079,4.915262,18.03883
320.3136,-22.78159,5.016253,17.94386,-22.70351,4.915067,18.01856,-22.71079,4.915262,18.03883
320.3469,-22.79035,5.015357,17.93827,-22.70351,4.915067,18.01856,-22.71079,4.915262,18.03883
320.3802,-22.79366,5.015924,17.93401,-22.70351,4.915067,18.01856,-22.71079,4.915262,18.03883
320.4135,-22.79983,5.01591,17.93032,-22.70351,4.915067,18.01856,-22.71079,4.915262,18.03883
320.4469,-22.80535,5.01592,17.92635,-22.70351,4.915067,18.01856,-22.71079,4.915262,18.03883
320.4802,-22.80996,5.016547,17.92265,-22.70351,4.915067,18.01856,-22.71079,4.915262,18.03883
320.5135,-22.81688,5.015598,17.92027,-22.70351,4.915067,18.01856,-22.71079,4.915262,18.03883
320.5469,-22.81799,5.016848,17.91572,-22.70351,4.915067,18.01856,-22.71079,4.915262,18.03883
320.5802,-22.82126,5.016095,17.91411,-22.70351,4.915067,18.01856,-22.71079,4.915262,18.03883
320.6136,-22.82165,5.016573,17.91026,-22.70351,4.915067,18.01856,-22.71079,4.915262,18.03883
320.6469,-22.82509,5.016263,17.90705,-22.70351,4.915067,18.01856,-22.71079,4.915262,18.03883
320.6802,-22.82838,5.015535,17.90545,-22.70351,4.915067,18.01856,-22.71079,4.915262,18.03883
320.7136,-22.83018,5.015025,17.90321,-22.70351,4.915067,18.01856,-22.71079,4.915262,18.03883
320.7469,-22.83239,5.014451,17.90348,-22.70351,4.915067,18.01856,-22.71079,4.915262,18.03883
320.7802,-22.83475,5.014313,17.90216,-22.70351,4.915067,18.01856,-22.71079,4.915262,18.03883
320.8136,-22.8369,5.014387,17.90073,-22.70351,4.915067,18.01856,-22.71079,4.915262,18.03883
320.8469,-22.8412,5.012431,17.90033,-22.70351,4.915067,18.01856,-22.71079,4.915262,18.03883
320.8802,-22.84601,5.010056,17.9037,-22.70351,4.915067,18.01856,-22.71079,4.915262,18.03883
320.9135,-22.84856,5.008621,17.90744,-22.70351,4.915067,18.01856,-22.71079,4.915262,18.03883
320.9469,-22.85244,5.007031,17.91095,-22.70351,4.915067,18.01856,-22.71079,4.915262,18.03883
320.9802,-22.8556,5.005314,17.91537,-22.70351,4.915067,18.01856,-22.71079,4.915262,18.03883
321.0135,-22.86053,5.003772,17.91775,-22.70351,4.915067,18.01856,-22.71079,4.915262,18.03883
321.0469,-22.86292,5.001177,17.92316,-22.70351,4.915067,18.01856,-22.71079,4.915262,18.03883
321.0802,-22.86733,4.996352,17.93104,-22.70351,4.915067,18.01856,-22.71079,4.915262,18.03883
321.1136,-22.87016,4.992282,17.9397,-22.70351,4.915067,18.01856,-22.71079,4.915262,18.03883
321.1469,-22.87465,4.987123,17.95009,-22.70351,4.915067,18.01856,-22.71079,4.915262,18.03883
321.1802,-22.87639,4.981965,17.96348,-22.70351,4.915067,18.01856,-22.71079,4.915262,18.03883
321.2136,-22.87703,4.978586,17.97313,-22.70351,4.915067,18.01856,-22.71079,4.915262,18.03883
321.2469,-22.87418,4.975491,17.98631,-22.70351,4.915067,18.01856,-22.71079,4.915262,18.03883
321.2802,-22.87298,4.973668,17.99476,-22.70351,4.915067,18.01856,-22.71079,4.915262,18.03883
321.3136,-22.87211,4.97254,18.00166,-22.70351,4.915067,18.01856,-22.71079,4.915262,18.03883
321.3469,-22.8715,4.971935,18.00718,-22.70351,4.915067,18.01856,-22.71079,4.915262,18.03883
321.3802,-22.87054,4.970846,18.0128,-22.70351,4.915067,18.01856,-22.71079,4.915262,18.03883
321.4135,-22.87033,4.970168,18.01637,-22.70351,4.915067,18.01856,-22.71079,4.915262,18.03883
321.4469,-22.86967,4.968976,18.02361,-22.70351,4.915067,18.01856,-22.71079,4.915262,18.03883
321.4802,-22.86874,4.968466,18.02778,-22.70351,4.915067,18.01856,-22.71079,4.915262,18.03883
321.5135,-22.86981,4.967301,18.03256,-22.70351,4.915067,18.01856,-22.71079,4.915262,18.03883
321.5469,-22.86895,4.967968,18.03318,-22.70351,4.915067,18.01856,-22.71079,4.915262,18.03883
321.5802,-22.86959,4.968113,18.03493,-22.70351,4.915067,18.01856,-22.71079,4.915262,18.03883
321.6136,-22.87002,4.967862,18.03664,-22.70351,4.915067,18.01856,-22.71079,4.915262,18.03883
321.6469,-22.86967,4.967968,18.04026,-22.70351,4.915067,18.01856,-22.71079,4.915262,18.03883
321.6802,-22.86989,4.968065,18.04237,-22.70351,4.915067,18.01856,-22.71079,4.915262,18.03883
321.7136,-22.87012,4.968077,18.04452,-22.70351,4.915067,18.01856,-22.71079,4.915262,18.03883
321.7469,-22.87016,4.968483,18.04548,-22.70351,4.915067,18.01856,-22.71079,4.915262,18.03883
321.7802,-22.87112,4.969541,18.04335,-22.70351,4.915067,18.01856,-22.71079,4.915262,18.03883
321.8136,-22.87147,4.97015,18.04237,-22.70351,4.915067,18.01856,-22.71079,4.915262,18.03883
321.8469,-22.87539,4.970953,18.04469,-22.70351,4.915067,18.01856,-22.71079,4.915262,18.03883
321.8802,-22.87712,4.975098,18.04152,-22.70351,4.915067,18.01856,-22.71079,4.915262,18.03883
321.9135,-22.88027,4.977678,18.04207,-22.70351,4.915067,18.01856,-22.71079,4.915262,18.03883
321.9469,-22.89517,4.982939,18.0471,-22.70351,4.915067,18.01856,-22.71079,4.915262,18.03883
321.9802,-22.9411,4.961773,18.04898,-22.70351,4.915067,18.01856,-22.71079,4.915262,18.03883
322.0135,-22.97746,4.942667,18.04877,-22.70351,4.915067,18.01856,-22.71079,4.915262,18.03883
322.0469,-22.97806,4.961153,18.03027,-22.70351,4.915067,18.01856,-22.71079,4.915262,18.03883
322.0802,-22.98326,4.965088,18.02087,-22.70351,4.915067,18.01856,-22.71079,4.915262,18.03883
322.1136,-22.98539,4.965185,18.01366,-22.70351,4.915067,18.01856,-22.71079,4.915262,18.03883
322.1469,-22.98807,4.964623,18.00451,-22.70351,4.915067,18.01856,-22.71079,4.915262,18.03883
322.1802,-22.99377,4.964834,17.99656,-22.70351,4.915067,18.01856,-22.71079,4.915262,18.03883
322.2136,-22.99762,4.965198,17.9901,-22.70351,4.915067,18.01856,-22.71079,4.915262,18.03883
322.2469,-23.01106,4.962135,17.9744,-22.70351,4.915067,18.01856,-22.71079,4.915262,18.03883
322.2802,-23.01347,4.965652,17.96568,-22.70351,4.915067,18.01856,-22.71079,4.915262,18.03883
322.3136,-23.01412,4.967549,17.95833,-22.70351,4.915067,18.01856,-22.71079,4.915262,18.03883
322.3469,-23.01762,4.967096,17.94214,-22.70351,4.915067,18.01856,-22.71079,4.915262,18.03883
322.3802,-23.01781,4.967599,17.93707,-22.70351,4.915067,18.01856,-22.71079,4.915262,18.03883
322.4135,-23.01786,4.968246,17.9307,-22.70351,4.915067,18.01856,-22.71079,4.915262,18.03883
322.4469,-23.01582,4.969154,17.9274,-22.70351,4.915067,18.01856,-22.71079,4.915262,18.03883
322.4802,-23.01144,4.972033,17.92213,-22.70351,4.915067,18.01856,-22.71079,4.915262,18.03883
322.5135,-23.01048,4.9732,17.92009,-22.70351,4.915067,18.01856,-22.71079,4.915262,18.03883
322.5469,-23.00458,4.977686,17.91316,-22.70351,4.915067,18.01856,-22.71079,4.915262,18.03883
322.5802,-23.00048,4.983369,17.906,-22.70351,4.915067,18.01856,-22.71079,4.915262,18.03883
322.6136,-22.99496,4.994743,17.89981,-22.70351,4.915067,18.01856,-22.71079,4.915262,18.03883
322.6469,-22.98068,5.025766,17.87833,-22.70351,4.915067,18.01856,-22.71079,4.915262,18.03883
322.6802,-22.96791,5.047454,17.85804,-22.70351,4.915067,18.01856,-22.71079,4.915262,18.03883
322.7136,-22.96012,5.055604,17.8446,-22.70351,4.915067,18.01856,-22.71079,4.915262,18.03883
322.7469,-22.95411,5.061043,17.83773,-22.70351,4.915067,18.01856,-22.71079,4.915262,18.03883
322.7802,-22.95408,5.061534,17.83717,-22.70351,4.915067,18.01856,-22.71079,4.915262,18.03883
322.8136,-22.95389,5.061528,17.83702,-22.70351,4.915067,18.01856,-22.71079,4.915262,18.03883
322.8469,-22.95241,5.064283,17.83012,-22.70351,4.915067,18.01856,-22.71079,4.915262,18.03883
322.8802,-22.95111,5.065126,17.82964,-22.70351,4.915067,18.01856,-22.71079,4.915262,18.03883
322.9135,-22.95164,5.064313,17.83107,-22.70351,4.915067,18.01856,-22.71079,4.915262,18.03883
322.9469,-22.95166,5.06444,17.83013,-22.70351,4.915067,18.01856,-22.71079,4.915262,18.03883
322.9802,-22.95239,5.063936,17.83007,-22.70351,4.915067,18.01856,-22.71079,4.915262,18.03883
323.0135,-22.95163,5.064542,17.82935,-22.70351,4.915067,18.01856,-22.71079,4.915262,18.03883
323.0469,-22.95191,5.064725,17.82798,-22.70351,4.915067,18.01856,-22.71079,4.915262,18.03883
323.0802,-22.951,5.06543,17.8262,-22.70351,4.915067,18.01856,-22.71079,4.915262,18.03883
323.1136,-22.95085,5.065867,17.82485,-22.70351,4.915067,18.01856,-22.71079,4.915262,18.03883
323.1469,-22.95007,5.066915,17.82212,-22.70351,4.915067,18.01856,-22.71079,4.915262,18.03883
323.1802,-22.94972,5.067345,17.82056,-22.70351,4.915067,18.01856,-22.71079,4.915262,18.03883
323.2136,-22.94934,5.068128,17.81855,-22.70351,4.915067,18.01856,-22.71079,4.915262,18.03883
323.2469,-22.94706,5.070039,17.81535,-22.70351,4.915067,18.01856,-22.71079,4.915262,18.03883
323.2802,-22.94457,5.072528,17.8115,-22.70351,4.915067,18.01856,-22.71079,4.915262,18.03883
323.3136,-22.94344,5.074469,17.80785,-22.70351,4.915067,18.01856,-22.71079,4.915262,18.03883
323.3469,-22.93862,5.07805,17.80302,-22.70351,4.915067,18.01856,-22.71079,4.915262,18.03883
323.3802,-22.93811,5.078807,17.80157,-22.70351,4.915067,18.01856,-22.71079,4.915262,18.03883
323.4135,-22.93645,5.079948,17.80014,-22.70351,4.915067,18.01856,-22.71079,4.915262,18.03883
323.4469,-22.93636,5.079952,17.79979,-22.70351,4.915067,18.01856,-22.71079,4.915262,18.03883
323.4802,-22.93524,5.080381,17.79903,-22.70351,4.915067,18.01856,-22.71079,4.915262,18.03883
323.5135,-22.94029,5.077417,17.79885,-22.70351,4.915067,18.01856,-22.71079,4.915262,18.03883
323.5469,-22.94191,5.071839,17.80529,-22.70351,4.915067,18.01856,-22.71079,4.915262,18.03883
323.5802,-22.93884,5.070051,17.8124,-22.70351,4.915067,18.01856,-22.71079,4.915262,18.03883
323.6136,-22.93598,5.067494,17.82376,-22.70351,4.915067,18.01856,-22.71079,4.915262,18.03883
323.6469,-22.93332,5.060158,17.84372,-22.70351,4.915067,18.01856,-22.71079,4.915262,18.03883
323.6802,-22.92826,5.052621,17.86456,-22.70351,4.915067,18.01856,-22.71079,4.915262,18.03883
323.7136,-22.92523,5.045102,17.88442,-22.70351,4.915067,18.01856,-22.71079,4.915262,18.03883
323.7469,-22.92175,5.037777,17.9028,-22.70351,4.915067,18.01856,-22.71079,4.915262,18.03883
323.7802,-22.91973,5.031132,17.91583,-22.70351,4.915067,18.01856,-22.71079,4.915262,18.03883
323.8136,-22.92048,5.026525,17.92319,-22.70351,4.915067,18.01856,-22.71079,4.915262,18.03883
323.8469,-22.92003,5.023654,17.92623,-22.70351,4.915067,18.01856,-22.71079,4.915262,18.03883
323.8802,-22.91964,5.018722,17.93151,-22.70351,4.915067,18.01856,-22.71079,4.915262,18.03883
323.9135,-22.91934,5.014716,17.93556,-22.70351,4.915067,18.01856,-22.71079,4.915262,18.03883
323.9469,-22.91706,5.010498,17.94436,-22.70351,4.915067,18.01856,-22.71079,4.915262,18.03883
323.9802,-22.91444,5.009546,17.94892,-22.70351,4.915067,18.01856,-22.71079,4.915262,18.03883
324.0135,-22.91195,5.00911,17.9519,-22.70351,4.915067,18.01856,-22.71079,4.915262,18.03883
324.0469,-22.91064,5.010678,17.94878,-22.70351,4.915067,18.01856,-22.71079,4.915262,18.03883
324.0802,-22.91095,5.011072,17.95074,-22.70351,4.915067,18.01856,-22.71079,4.915262,18.03883
324.1136,-22.91113,5.010971,17.9543,-22.70351,4.915067,18.01856,-22.71079,4.915262,18.03883
324.1469,-22.90998,5.010554,17.95777,-22.70351,4.915067,18.01856,-22.71079,4.915262,18.03883
324.1802,-22.90768,5.011716,17.95244,-22.70351,4.915067,18.01856,-22.71079,4.915262,18.03883
324.2136,-22.90464,5.013974,17.94581,-22.70351,4.915067,18.01856,-22.71079,4.915262,18.03883
324.2469,-22.90392,5.015551,17.9386,-22.70351,4.915067,18.01856,-22.71079,4.915262,18.03883
324.2802,-22.90416,5.016259,17.93584,-22.70351,4.915067,18.01856,-22.71079,4.915262,18.03883
324.3136,-22.90276,5.01898,17.93169,-22.70351,4.915067,18.01856,-22.71079,4.915262,18.03883
324.3469,-22.90561,5.022008,17.92752,-22.70351,4.915067,18.01856,-22.71079,4.915262,18.03883
324.3802,-22.90768,5.023868,17.92447,-22.70351,4.915067,18.01856,-22.71079,4.915262,18.03883
324.4135,-22.91276,5.024364,17.92248,-22.70351,4.915067,18.01856,-22.71079,4.915262,18.03883
324.4469,-22.91535,5.026031,17.92085,-22.70351,4.915067,18.01856,-22.71079,4.915262,18.03883
324.4802,-22.91959,5.026325,17.92077,-22.70351,4.915067,18.01856,-22.71079,4.915262,18.03883
324.5135,-22.91816,5.027452,17.91927,-22.70351,4.915067,18.01856,-22.71079,4.915262,18.03883
324.5469,-22.91814,5.026473,17.91946,-22.70351,4.915067,18.01856,-22.71079,4.915262,18.03883
324.5802,-22.91722,5.026624,17.92041,-22.70351,4.915067,18.01856,-22.71079,4.915262,18.03883
324.6136,-22.92053,5.028708,17.92131,-22.70351,4.915067,18.01856,-22.71079,4.915262,18.03883
324.6469,-22.92723,5.035068,17.92254,-22.70351,4.915067,18.01856,-22.71079,4.915262,18.03883
324.6802,-22.93355,5.039155,17.91924,-22.70351,4.915067,18.01856,-22.71079,4.915262,18.03883
324.7136,-22.93857,5.041409,17.9146,-22.70351,4.915067,18.01856,-22.71079,4.915262,18.03883
324.7469,-22.94345,5.04312,17.91152,-22.70351,4.915067,18.01856,-22.71079,4.915262,18.03883
324.7802,-22.94394,5.04428,17.91073,-22.70351,4.915067,18.01856,-22.71079,4.915262,18.03883
324.8136,-22.94251,5.045444,17.90926,-22.70351,4.915067,18.01856,-22.71079,4.915262,18.03883
324.8469,-22.94109,5.045965,17.90759,-22.70351,4.915067,18.01856,-22.71079,4.915262,18.03883
324.8802,-22.93735,5.04715,17.90755,-22.70351,4.915067,18.01856,-22.71079,4.915262,18.03883
324.9135,-22.93594,5.04657,17.90865,-22.70351,4.915067,18.01856,-22.71079,4.915262,18.03883
324.9469,-22.9353,5.046571,17.90841,-22.70351,4.915067,18.01856,-22.71079,4.915262,18.03883
324.9802,-22.93362,5.04659,17.91007,-22.70351,4.915067,18.01856,-22.71079,4.915262,18.03883
325.0135,-22.93284,5.047765,17.90884,-22.70351,4.915067,18.01856,-22.71079,4.915262,18.03883
325.0469,-22.93129,5.048364,17.90893,-22.70351,4.915067,18.01856,-22.71079,4.915262,18.03883
325.0802,-22.93038,5.048963,17.90926,-22.70351,4.915067,18.01856,-22.71079,4.915262,18.03883
325.1136,-22.93012,5.049567,17.90983,-22.70351,4.915067,18.01856,-22.71079,4.915262,18.03883
325.1469,-22.9283,5.050779,17.9105,-22.70351,4.915067,18.01856,-22.71079,4.915262,18.03883
325.1802,-22.92959,5.050779,17.91097,-22.70351,4.915067,18.01856,-22.71079,4.915262,18.03883
325.2136,-22.92921,5.050812,17.91311,-22.70351,4.915067,18.01856,-22.71079,4.915262,18.03883
325.2469,-22.92973,5.050238,17.9149,-22.70351,4.915067,18.01856,-22.71079,4.915262,18.03883
325.2802,-22.92961,5.049666,17.91647,-22.70351,4.915067,18.01856,-22.71079,4.915262,18.03883
325.3136,-22.93168,5.048487,17.91816,-22.70351,4.915067,18.01856,-22.71079,4.915262,18.03883
325.3469,-22.92988,5.049706,17.91884,-22.70351,4.915067,18.01856,-22.71079,4.915262,18.03883
325.3802,-22.93155,5.049666,17.91717,-22.70351,4.915067,18.01856,-22.71079,4.915262,18.03883
325.4135,-22.93155,5.049666,17.91717,-22.70351,4.915067,18.01856,-22.71079,4.915262,18.03883
325.4469,-22.93012,5.050849,17.91571,-22.70351,4.915067,18.01856,-22.71079,4.915262,18.03883
325.4802,-22.93166,5.050238,17.9156,-22.70351,4.915067,18.01856,-22.71079,4.915262,18.03883
325.5135,-22.93172,5.049597,17.9144,-22.70351,4.915067,18.01856,-22.71079,4.915262,18.03883
325.5469,-22.92946,5.047137,17.91377,-22.70351,4.915067,18.01856,-22.71079,4.915262,18.03883
325.5802,-22.92765,5.043211,17.9159,-22.70351,4.915067,18.01856,-22.71079,4.915262,18.03883
325.6136,-22.91648,5.04308,17.92134,-22.70351,4.915067,18.01856,-22.71079,4.915262,18.03883
325.6469,-22.9131,5.046024,17.91662,-22.70351,4.915067,18.01856,-22.71079,4.915262,18.03883
325.6802,-22.91165,5.047542,17.91577,-22.70351,4.915067,18.01856,-22.71079,4.915262,18.03883
325.7136,-22.91189,5.048686,17.91265,-22.70351,4.915067,18.01856,-22.71079,4.915262,18.03883
325.7469,-22.91186,5.049007,17.91325,-22.70351,4.915067,18.01856,-22.71079,4.915262,18.03883
325.7802,-22.91097,5.049634,17.9136,-22.70351,4.915067,18.01856,-22.71079,4.915262,18.03883
325.8136,-22.91109,5.050208,17.91204,-22.70351,4.915067,18.01856,-22.71079,4.915262,18.03883
325.8469,-22.9113,5.051681,17.90952,-22.70351,4.915067,18.01856,-22.71079,4.915262,18.03883
325.8802,-22.91002,5.05347,17.90651,-22.70351,4.915067,18.01856,-22.71079,4.915262,18.03883
325.9135,-22.91004,5.053152,17.90591,-22.70351,4.915067,18.01856,-22.71079,4.915262,18.03883
325.9469,-22.91002,5.052823,17.90631,-22.70351,4.915067,18.01856,-22.71079,4.915262,18.03883
325.9802,-22.91156,5.052195,17.90619,-22.70351,4.915067,18.01856,-22.71079,4.915262,18.03883
326.0135,-22.91284,5.052194,17.90668,-22.70351,4.915067,18.01856,-22.71079,4.915262,18.03883
326.0469,-22.91219,5.053991,17.90392,-22.70351,4.915067,18.01856,-22.71079,4.915262,18.03883
326.0802,-22.91283,5.053991,17.90416,-22.70351,4.915067,18.01856,-22.71079,4.915262,18.03883
326.1136,-22.91141,5.054237,17.90291,-22.70351,4.915067,18.01856,-22.71079,4.915262,18.03883
326.1469,-22.90934,5.05513,17.90162,-22.70351,4.915067,18.01856,-22.71079,4.915262,18.03883
326.1802,-22.90712,5.054778,17.90269,-22.70351,4.915067,18.01856,-22.71079,4.915262,18.03883
326.2136,-22.9025,5.056361,17.90343,-22.70351,4.915067,18.01856,-22.71079,4.915262,18.03883
326.2469,-22.89785,5.057303,17.90498,-22.70351,4.915067,18.01856,-22.71079,4.915262,18.03883
326.2802,-22.89342,5.055425,17.90547,-22.70351,4.915067,18.01856,-22.71079,4.915262,18.03883
326.3136,-22.89003,5.052374,17.90957,-22.70351,4.915067,18.01856,-22.71079,4.915262,18.03883
326.3469,-22.88669,5.049345,17.91267,-22.70351,4.915067,18.01856,-22.71079,4.915262,18.03883
326.3802,-22.88245,5.048911,17.91346,-22.70351,4.915067,18.01856,-22.71079,4.915262,18.03883
326.4135,-22.88406,5.046194,17.91809,-22.70351,4.915067,18.01856,-22.71079,4.915262,18.03883
326.4469,-22.88436,5.046278,17.92055,-22.70351,4.915067,18.01856,-22.71079,4.915262,18.03883
326.4802,-22.88608,5.045124,17.92443,-22.70351,4.915067,18.01856,-22.71079,4.915262,18.03883
326.5135,-22.88672,5.046944,17.92219,-22.70351,4.915067,18.01856,-22.71079,4.915262,18.03883
326.5469,-22.88931,5.046945,17.9232,-22.70351,4.915067,18.01856,-22.71079,4.915262,18.03883
326.5802,-22.89416,5.048688,17.92027,-22.70351,4.915067,18.01856,-22.71079,4.915262,18.03883
326.6136,-22.90203,5.04695,17.9199,-22.70351,4.915067,18.01856,-22.71079,4.915262,18.03883
326.6469,-22.91133,5.046249,17.91092,-22.70351,4.915067,18.01856,-22.71079,4.915262,18.03883
326.6802,-22.92962,5.037835,17.90531,-22.70351,4.915067,18.01856,-22.71079,4.915262,18.03883
326.7136,-22.94362,5.03218,17.89785,-22.70351,4.915067,18.01856,-22.71079,4.915262,18.03883
326.7469,-22.958,5.025373,17.89289,-22.70351,4.915067,18.01856,-22.71079,4.915262,18.03883
326.7802,-22.9715,5.020274,17.8881,-22.70351,4.915067,18.01856,-22.71079,4.915262,18.03883
326.8136,-22.98448,5.015863,17.88322,-22.70351,4.915067,18.01856,-22.71079,4.915262,18.03883
326.8469,-22.99507,5.011016,17.88257,-22.70351,4.915067,18.01856,-22.71079,4.915262,18.03883
326.8802,-22.99791,5.008568,17.88529,-22.70351,4.915067,18.01856,-22.71079,4.915262,18.03883
326.9135,-23.00092,5.007785,17.88492,-22.70351,4.915067,18.01856,-22.71079,4.915262,18.03883
326.9469,-23.0001,5.008679,17.88501,-22.70351,4.915067,18.01856,-22.71079,4.915262,18.03883
326.9802,-22.99979,5.00983,17.88415,-22.70351,4.915067,18.01856,-22.71079,4.915262,18.03883
327.0135,-22.99921,5.011423,17.88182,-22.70351,4.915067,18.01856,-22.71079,4.915262,18.03883
327.0469,-22.99453,5.015469,17.87721,-22.70351,4.915067,18.01856,-22.71079,4.915262,18.03883
327.0802,-22.99239,5.010386,17.85928,-22.70351,4.915067,18.01856,-22.71079,4.915262,18.03883
327.1136,-22.98857,5.011601,17.85505,-22.70351,4.915067,18.01856,-22.71079,4.915262,18.03883
327.1469,-22.97861,5.015436,17.85604,-22.70351,4.915067,18.01856,-22.71079,4.915262,18.03883
327.1802,-22.974,5.020828,17.84924,-22.70351,4.915067,18.01856,-22.71079,4.915262,18.03883
327.2136,-22.97047,5.025361,17.84311,-22.70351,4.915067,18.01856,-22.71079,4.915262,18.03883
327.2469,-22.965,5.030372,17.83731,-22.70351,4.915067,18.01856,-22.71079,4.915262,18.03883
327.2802,-22.96247,5.032808,17.83358,-22.70351,4.915067,18.01856,-22.71079,4.915262,18.03883
327.3136,-22.98169,5.021402,17.81988,-22.70351,4.915067,18.01856,-22.71079,4.915262,18.03883
327.3469,-22.9786,4.998255,17.83434,-22.70351,4.915067,18.01856,-22.71079,4.915262,18.03883
327.3802,-22.96857,4.998513,17.84234,-22.70351,4.915067,18.01856,-22.71079,4.915262,18.03883
327.4135,-22.96921,4.998465,17.84237,-22.70351,4.915067,18.01856,-22.71079,4.915262,18.03883
327.4469,-22.96826,5.00034,17.84098,-22.70351,4.915067,18.01856,-22.71079,4.915262,18.03883
327.4802,-22.96798,5.001423,17.84113,-22.70351,4.915067,18.01856,-22.71079,4.915262,18.03883
327.5135,-22.97038,4.999318,17.84448,-22.70351,4.915067,18.01856,-22.71079,4.915262,18.03883
327.5469,-23.00517,4.979321,17.86352,-22.70351,4.915067,18.01856,-22.71079,4.915262,18.03883
327.5802,-23.00607,4.972032,17.88425,-22.70351,4.915067,18.01856,-22.71079,4.915262,18.03883
327.6136,-23.06882,4.970857,17.87245,-22.70351,4.915067,18.01856,-22.71079,4.915262,18.03883
327.6469,-23.07155,4.978282,17.8979,-22.70351,4.915067,18.01856,-22.71079,4.915262,18.03883
327.6802,-23.06652,4.982951,17.92196,-22.70351,4.915067,18.01856,-22.71079,4.915262,18.03883
327.7136,-23.07255,4.980785,17.93299,-22.70351,4.915067,18.01856,-22.71079,4.915262,18.03883
327.7469,-23.07561,4.982458,17.93396,-22.70351,4.915067,18.01856,-22.71079,4.915262,18.03883
327.7802,-23.07834,4.983591,17.9361,-22.70351,4.915067,18.01856,-22.71079,4.915262,18.03883
327.8136,-23.08072,4.980995,17.94153,-22.70351,4.915067,18.01856,-22.71079,4.915262,18.03883
327.8469,-23.07929,4.983183,17.94583,-22.70351,4.915067,18.01856,-22.71079,4.915262,18.03883
327.8802,-23.08188,4.98555,17.94141,-22.70351,4.915067,18.01856,-22.71079,4.915262,18.03883
327.9135,-23.08242,4.98527,17.94069,-22.70351,4.915067,18.01856,-22.71079,4.915262,18.03883
327.9469,-23.08149,4.98419,17.93895,-22.70351,4.915067,18.01856,-22.71079,4.915262,18.03883
327.9802,-23.07993,4.985718,17.93566,-22.70351,4.915067,18.01856,-22.71079,4.915262,18.03883
328.0135,-23.08059,4.985934,17.93537,-22.70351,4.915067,18.01856,-22.71079,4.915262,18.03883
328.0469,-23.07984,4.986633,17.93329,-22.70351,4.915067,18.01856,-22.71079,4.915262,18.03883
328.0802,-23.07801,4.986247,17.93108,-22.70351,4.915067,18.01856,-22.71079,4.915262,18.03883
328.1136,-23.07639,4.985618,17.92893,-22.70351,4.915067,18.01856,-22.71079,4.915262,18.03883
328.1469,-23.07446,4.984926,17.92622,-22.70351,4.915067,18.01856,-22.71079,4.915262,18.03883
328.1802,-23.07498,4.985197,17.92444,-22.70351,4.915067,18.01856,-22.71079,4.915262,18.03883
328.2136,-23.07513,4.985738,17.92174,-22.70351,4.915067,18.01856,-22.71079,4.915262,18.03883
328.2469,-23.23204,4.930301,17.87053,-22.70351,4.915067,18.01856,-22.71079,4.915262,18.03883
328.2802,-23.24015,4.959008,17.86661,-22.70351,4.915067,18.01856,-22.71079,4.915262,18.03883
328.3136,-23.24659,4.951452,17.89093,-22.70351,4.915067,18.01856,-22.71079,4.915262,18.03883
328.3469,-23.26567,4.967114,17.90202,-22.70351,4.915067,18.01856,-22.71079,4.915262,18.03883
328.3802,-23.27425,4.970567,17.90361,-22.70351,4.915067,18.01856,-22.71079,4.915262,18.03883
328.4135,-23.27746,4.972257,17.90621,-22.70351,4.915067,18.01856,-22.71079,4.915262,18.03883
328.4469,-23.28175,4.974757,17.91083,-22.70351,4.915067,18.01856,-22.71079,4.915262,18.03883
328.4802,-23.2847,4.974832,17.91527,-22.70351,4.915067,18.01856,-22.71079,4.915262,18.03883
328.5135,-23.28959,4.975528,17.91664,-22.70351,4.915067,18.01856,-22.71079,4.915262,18.03883
328.5469,-23.33554,4.963539,17.90332,-22.70351,4.915067,18.01856,-22.71079,4.915262,18.03883
328.5802,-23.48822,4.883588,17.87311,-22.70351,4.915067,18.01856,-22.71079,4.915262,18.03883
328.6136,-23.48901,4.882738,17.87441,-22.70351,4.915067,18.01856,-22.71079,4.915262,18.03883
328.6469,-23.48976,4.882689,17.87508,-22.70351,4.915067,18.01856,-22.71079,4.915262,18.03883
328.6802,-23.48899,4.884027,17.87314,-22.70351,4.915067,18.01856,-22.71079,4.915262,18.03883
328.7136,-23.48949,4.885643,17.86985,-22.70351,4.915067,18.01856,-22.71079,4.915262,18.03883
328.7469,-23.48936,4.886933,17.86754,-22.70351,4.915067,18.01856,-22.71079,4.915262,18.03883
328.7802,-23.48938,4.88953,17.86342,-22.70351,4.915067,18.01856,-22.71079,4.915262,18.03883
328.8136,-23.48979,4.89108,17.86033,-22.70351,4.915067,18.01856,-22.71079,4.915262,18.03883
328.8469,-23.49603,4.897771,17.84881,-22.70351,4.915067,18.01856,-22.71079,4.915262,18.03883
328.8802,-23.48948,4.90286,17.84531,-22.70351,4.915067,18.01856,-22.71079,4.915262,18.03883
328.9135,-23.49155,4.904564,17.84266,-22.70351,4.915067,18.01856,-22.71079,4.915262,18.03883
328.9469,-23.46517,4.913243,17.84381,-22.70351,4.915067,18.01856,-22.71079,4.915262,18.03883
328.9802,-23.4507,4.920988,17.83837,-22.70351,4.915067,18.01856,-22.71079,4.915262,18.03883
329.0135,-23.44835,4.922956,17.83632,-22.70351,4.915067,18.01856,-22.71079,4.915262,18.03883
329.0469,-23.42056,4.930113,17.83916,-22.70351,4.915067,18.01856,-22.71079,4.915262,18.03883
329.0802,-23.40298,4.964009,17.82161,-22.70351,4.915067,18.01856,-22.71079,4.915262,18.03883
329.1136,-23.40468,4.969526,17.82134,-22.70351,4.915067,18.01856,-22.71079,4.915262,18.03883
329.1469,-23.40593,4.973047,17.83661,-22.70351,4.915067,18.01856,-22.71079,4.915262,18.03883
329.1802,-23.4302,4.978306,17.83466,-22.70351,4.915067,18.01856,-22.71079,4.915262,18.03883
329.2136,-23.44375,4.982898,17.83126,-22.70351,4.915067,18.01856,-22.71079,4.915262,18.03883
329.2469,-23.47235,4.994376,17.82269,-22.70351,4.915067,18.01856,-22.71079,4.915262,18.03883
329.2802,-23.48187,5.01,17.81392,-22.70351,4.915067,18.01856,-22.71079,4.915262,18.03883
329.3136,-23.48299,5.01321,17.81035,-22.70351,4.915067,18.01856,-22.71079,4.915262,18.03883
329.3469,-23.48549,5.020587,17.80265,-22.70351,4.915067,18.01856,-22.71079,4.915262,18.03883
329.3802,-23.48545,5.025226,17.80193,-22.70351,4.915067,18.01856,-22.71079,4.915262,18.03883
329.4135,-23.48416,5.028977,17.80028,-22.70351,4.915067,18.01856,-22.71079,4.915262,18.03883
329.4469,-23.4824,5.033838,17.80011,-22.70351,4.915067,18.01856,-22.71079,4.915262,18.03883
329.4802,-23.47849,5.037889,17.80297,-22.70351,4.915067,18.01856,-22.71079,4.915262,18.03883
329.5135,-23.47635,5.039766,17.8048,-22.70351,4.915067,18.01856,-22.71079,4.915262,18.03883
329.5469,-23.47132,5.043043,17.80939,-22.70351,4.915067,18.01856,-22.71079,4.915262,18.03883
329.5802,-23.46683,5.046765,17.81327,-22.70351,4.915067,18.01856,-22.71079,4.915262,18.03883
329.6136,-23.46609,5.049211,17.81259,-22.70351,4.915067,18.01856,-22.71079,4.915262,18.03883
329.6469,-23.46155,5.057319,17.8058,-22.70351,4.915067,18.01856,-22.71079,4.915262,18.03883
329.6802,-23.45771,5.063057,17.80015,-22.70351,4.915067,18.01856,-22.71079,4.915262,18.03883
329.7136,-23.45551,5.065003,17.7984,-22.70351,4.915067,18.01856,-22.71079,4.915262,18.03883
329.7469,-23.45111,5.06821,17.79541,-22.70351,4.915067,18.01856,-22.71079,4.915262,18.03883
329.7802,-23.44682,5.070837,17.79281,-22.70351,4.915067,18.01856,-22.71079,4.915262,18.03883
329.8136,-23.44503,5.071104,17.79288,-22.70351,4.915067,18.01856,-22.71079,4.915262,18.03883
329.8469,-23.44134,5.072701,17.79116,-22.70351,4.915067,18.01856,-22.71079,4.915262,18.03883
329.8802,-23.4378,5.075196,17.78895,-22.70351,4.915067,18.01856,-22.71079,4.915262,18.03883
329.9135,-23.4373,5.075306,17.78823,-22.70351,4.915067,18.01856,-22.71079,4.915262,18.03883
329.9469,-23.43531,5.07579,17.78781,-22.70351,4.915067,18.01856,-22.71079,4.915262,18.03883
329.9802,-23.43423,5.076314,17.78725,-22.70351,4.915067,18.01856,-22.71079,4.915262,18.03883
330.0135,-23.43321,5.074758,17.78966,-22.70351,4.915067,18.01856,-22.71079,4.915262,18.03883
330.0469,-23.43325,5.074202,17.7907,-22.70351,4.915067,18.01856,-22.71079,4.915262,18.03883
330.0802,-23.43227,5.072347,17.79341,-22.70351,4.915067,18.01856,-22.71079,4.915262,18.03883
330.1136,-23.43108,5.072348,17.79335,-22.70351,4.915067,18.01856,-22.71079,4.915262,18.03883
330.1469,-23.4321,5.070468,17.79537,-22.70351,4.915067,18.01856,-22.71079,4.915262,18.03883
330.1802,-23.43042,5.069547,17.79667,-22.70351,4.915067,18.01856,-22.71079,4.915262,18.03883
330.2136,-23.43053,5.068627,17.79806,-22.70351,4.915067,18.01856,-22.71079,4.915262,18.03883
330.2469,-23.42993,5.068627,17.79803,-22.70351,4.915067,18.01856,-22.71079,4.915262,18.03883
330.2802,-23.43396,5.067832,17.79797,-22.70351,4.915067,18.01856,-22.71079,4.915262,18.03883
330.3136,-23.43546,5.070257,17.7961,-22.70351,4.915067,18.01856,-22.71079,4.915262,18.03883
330.3469,-23.43703,5.072314,17.79459,-22.70351,4.915067,18.01856,-22.71079,4.915262,18.03883
330.3802,-23.43711,5.078075,17.78685,-22.70351,4.915067,18.01856,-22.71079,4.915262,18.03883
330.4135,-23.43701,5.079008,17.78547,-22.70351,4.915067,18.01856,-22.71079,4.915262,18.03883
330.4469,-23.43691,5.079942,17.78409,-22.70351,4.915067,18.01856,-22.71079,4.915262,18.03883
330.4802,-23.43828,5.080486,17.78234,-22.70351,4.915067,18.01856,-22.71079,4.915262,18.03883
330.5135,-23.43769,5.080486,17.78231,-22.70351,4.915067,18.01856,-22.71079,4.915262,18.03883
330.5469,-23.43769,5.080486,17.78231,-22.70351,4.915067,18.01856,-22.71079,4.915262,18.03883
330.5802,-23.43779,5.07955,17.78369,-22.70351,4.915067,18.01856,-22.71079,4.915262,18.03883
330.6136,-23.43779,5.07955,17.7837,-22.70351,4.915067,18.01856,-22.71079,4.915262,18.03883
330.6469,-23.43789,5.078616,17.78507,-22.70351,4.915067,18.01856,-22.71079,4.915262,18.03883
330.6802,-23.4372,5.078415,17.78451,-22.70351,4.915067,18.01856,-22.71079,4.915262,18.03883
330.7136,-23.43661,5.076151,17.78616,-22.70351,4.915067,18.01856,-22.71079,4.915262,18.03883
330.7469,-23.43661,5.076152,17.78616,-22.70351,4.915067,18.01856,-22.71079,4.915262,18.03883
330.7802,-23.43651,5.077085,17.78477,-22.70351,4.915067,18.01856,-22.71079,4.915262,18.03883
330.8136,-23.43642,5.078019,17.7834,-22.70351,4.915067,18.01856,-22.71079,4.915262,18.03883
330.8469,-23.43691,5.078954,17.78204,-22.70351,4.915067,18.01856,-22.71079,4.915262,18.03883
330.8802,-23.43681,5.079892,17.78066,-22.70351,4.915067,18.01856,-22.71079,4.915262,18.03883
330.9135,-23.4374,5.079892,17.78069,-22.70351,4.915067,18.01856,-22.71079,4.915262,18.03883
330.9469,-23.4373,5.080831,17.77931,-22.70351,4.915067,18.01856,-22.71079,4.915262,18.03883
330.9802,-23.43515,5.082163,17.77828,-22.70351,4.915067,18.01856,-22.71079,4.915262,18.03883
331.0135,-23.43486,5.081772,17.77783,-22.70351,4.915067,18.01856,-22.71079,4.915262,18.03883
331.0469,-23.43368,5.081772,17.77778,-22.70351,4.915067,18.01856,-22.71079,4.915262,18.03883
331.0802,-23.43309,5.081772,17.77775,-22.70351,4.915067,18.01856,-22.71079,4.915262,18.03883
331.1136,-23.43319,5.080831,17.77913,-22.70351,4.915067,18.01856,-22.71079,4.915262,18.03883
331.1469,-23.43162,5.082163,17.77812,-22.70351,4.915067,18.01856,-22.71079,4.915262,18.03883
331.1802,-23.43377,5.080831,17.77916,-22.70351,4.915067,18.01856,-22.71079,4.915262,18.03883
331.2136,-23.43377,5.080831,17.77916,-22.70351,4.915067,18.01856,-22.71079,4.915262,18.03883
331.2469,-23.43377,5.080831,17.77916,-22.70351,4.915067,18.01856,-22.71079,4.915262,18.03883
331.2802,-23.43525,5.080441,17.77879,-22.70351,4.915067,18.01856,-22.71079,4.915262,18.03883
331.3136,-23.43349,5.081378,17.7767,-22.70351,4.915067,18.01856,-22.71079,4.915262,18.03883
331.3469,-23.43297,5.079833,17.7738,-22.70351,4.915067,18.01856,-22.71079,4.915262,18.03883
331.3802,-23.43131,5.079834,17.77308,-22.70351,4.915067,18.01856,-22.71079,4.915262,18.03883
331.4135,-23.42837,5.080622,17.77382,-22.70351,4.915067,18.01856,-22.71079,4.915262,18.03883
331.4469,-23.42807,5.081018,17.77425,-22.70351,4.915067,18.01856,-22.71079,4.915262,18.03883
331.4802,-23.42858,5.083108,17.77208,-22.70351,4.915067,18.01856,-22.71079,4.915262,18.03883
331.5135,-23.42867,5.083302,17.77262,-22.70351,4.915067,18.01856,-22.71079,4.915262,18.03883
331.5469,-23.42859,5.084251,17.77125,-22.70351,4.915067,18.01856,-22.71079,4.915262,18.03883
331.5802,-23.42918,5.085396,17.77045,-22.70351,4.915067,18.01856,-22.71079,4.915262,18.03883
331.6136,-23.42909,5.086349,17.76908,-22.70351,4.915067,18.01856,-22.71079,4.915262,18.03883
331.6469,-23.429,5.087303,17.76771,-22.70351,4.915067,18.01856,-22.71079,4.915262,18.03883
331.6802,-23.4285,5.086349,17.76905,-22.70351,4.915067,18.01856,-22.71079,4.915262,18.03883
331.7136,-23.4285,5.086349,17.76905,-22.70351,4.915067,18.01856,-22.71079,4.915262,18.03883
331.7469,-23.4285,5.086349,17.76905,-22.70351,4.915067,18.01856,-22.71079,4.915262,18.03883
331.7802,-23.42859,5.085396,17.77042,-22.70351,4.915067,18.01856,-22.71079,4.915262,18.03883
331.8136,-23.42868,5.084444,17.77179,-22.70351,4.915067,18.01856,-22.71079,4.915262,18.03883
331.8469,-23.42868,5.084444,17.77179,-22.70351,4.915067,18.01856,-22.71079,4.915262,18.03883
331.8802,-23.42926,5.083302,17.77265,-22.70351,4.915067,18.01856,-22.71079,4.915262,18.03883
331.9135,-23.42926,5.083302,17.77265,-22.70351,4.915067,18.01856,-22.71079,4.915262,18.03883
331.9469,-23.42935,5.082355,17.77402,-22.70351,4.915067,18.01856,-22.71079,4.915262,18.03883
331.9802,-23.42925,5.082158,17.77348,-22.70351,4.915067,18.01856,-22.71079,4.915262,18.03883
332.0135,-23.42915,5.081965,17.77294,-22.70351,4.915067,18.01856,-22.71079,4.915262,18.03883
332.0469,-23.42915,5.081965,17.77294,-22.70351,4.915067,18.01856,-22.71079,4.915262,18.03883
332.0802,-23.42915,5.081965,17.77294,-22.70351,4.915067,18.01856,-22.71079,4.915262,18.03883
332.1136,-23.42818,5.083313,17.77197,-22.70351,4.915067,18.01856,-22.71079,4.915262,18.03883
332.1469,-23.43064,5.084818,17.76892,-22.70351,4.915067,18.01856,-22.71079,4.915262,18.03883
332.1802,-23.43064,5.085964,17.76809,-22.70351,4.915067,18.01856,-22.71079,4.915262,18.03883
332.2136,-23.43251,5.087481,17.76501,-22.70351,4.915067,18.01856,-22.71079,4.915262,18.03883
332.2469,-23.43096,5.088834,17.76402,-22.70351,4.915067,18.01856,-22.71079,4.915262,18.03883
332.2802,-23.42941,5.090191,17.76303,-22.70351,4.915067,18.01856,-22.71079,4.915262,18.03883
332.3136,-23.43096,5.088834,17.76402,-22.70351,4.915067,18.01856,-22.71079,4.915262,18.03883
332.3469,-23.43242,5.088438,17.76365,-22.70351,4.915067,18.01856,-22.71079,4.915262,18.03883
332.3802,-23.43038,5.088834,17.76399,-22.70351,4.915067,18.01856,-22.71079,4.915262,18.03883
332.4135,-23.43202,5.086524,17.76635,-22.70351,4.915067,18.01856,-22.71079,4.915262,18.03883
332.4469,-23.43212,5.086715,17.76689,-22.70351,4.915067,18.01856,-22.71079,4.915262,18.03883
332.4802,-23.43387,5.085751,17.76896,-22.70351,4.915067,18.01856,-22.71079,4.915262,18.03883
332.5135,-23.43533,5.08536,17.76859,-22.70351,4.915067,18.01856,-22.71079,4.915262,18.03883
332.5469,-23.43582,5.086314,17.76725,-22.70351,4.915067,18.01856,-22.71079,4.915262,18.03883
332.5802,-23.43543,5.085547,17.76509,-22.70351,4.915067,18.01856,-22.71079,4.915262,18.03883
332.6136,-23.43398,5.084986,17.75938,-22.70351,4.915067,18.01856,-22.71079,4.915262,18.03883
332.6469,-23.43387,5.080388,17.75925,-22.70351,4.915067,18.01856,-22.71079,4.915262,18.03883
332.6802,-23.43113,5.078287,17.76067,-22.70351,4.915067,18.01856,-22.71079,4.915262,18.03883
332.7136,-23.43259,5.076747,17.76111,-22.70351,4.915067,18.01856,-22.71079,4.915262,18.03883
332.7469,-23.43122,5.077328,17.76203,-22.70351,4.915067,18.01856,-22.71079,4.915262,18.03883
332.7802,-23.43122,5.077328,17.76203,-22.70351,4.915067,18.01856,-22.71079,4.915262,18.03883
332.8136,-23.43104,5.079248,17.75931,-22.70351,4.915067,18.01856,-22.71079,4.915262,18.03883
332.8469,-23.42695,5.082165,17.75719,-22.70351,4.915067,18.01856,-22.71079,4.915262,18.03883
332.8802,-23.42355,5.085294,17.75566,-22.70351,4.915067,18.01856,-22.71079,4.915262,18.03883
332.9135,-23.42105,5.088039,17.75374,-22.70351,4.915067,18.01856,-22.71079,4.915262,18.03883
332.9469,-23.42156,5.090168,17.7516,-22.70351,4.915067,18.01856,-22.71079,4.915262,18.03883
332.9802,-23.42013,5.091733,17.75116,-22.70351,4.915067,18.01856,-22.71079,4.915262,18.03883
333.0135,-23.42102,5.090726,17.75175,-22.70351,4.915067,18.01856,-22.71079,4.915262,18.03883
333.0469,-23.41889,5.090945,17.75156,-22.70351,4.915067,18.01856,-22.71079,4.915262,18.03883
333.0802,-23.41759,5.089409,17.75465,-22.70351,4.915067,18.01856,-22.71079,4.915262,18.03883
333.1136,-23.415,5.086362,17.76084,-22.70351,4.915067,18.01856,-22.71079,4.915262,18.03883
333.1469,-23.41246,5.085814,17.7625,-22.70351,4.915067,18.01856,-22.71079,4.915262,18.03883
333.1802,-23.4113,5.085814,17.76243,-22.70351,4.915067,18.01856,-22.71079,4.915262,18.03883
333.2136,-23.4067,5.084538,17.76526,-22.70351,4.915067,18.01856,-22.71079,4.915262,18.03883
333.2469,-23.40389,5.082932,17.76884,-22.70351,4.915067,18.01856,-22.71079,4.915262,18.03883
333.2802,-23.40111,5.080098,17.77505,-22.70351,4.915067,18.01856,-22.71079,4.915262,18.03883
333.3136,-23.39944,5.078797,17.77812,-22.70351,4.915067,18.01856,-22.71079,4.915262,18.03883
333.3469,-23.397,5.075812,17.78499,-22.70351,4.915067,18.01856,-22.71079,4.915262,18.03883
333.3802,-23.39591,5.072751,17.79129,-22.70351,4.915067,18.01856,-22.71079,4.915262,18.03883
333.4135,-23.39626,5.070673,17.79604,-22.70351,4.915067,18.01856,-22.71079,4.915262,18.03883
333.4469,-23.39476,5.067365,17.80112,-22.70351,4.915067,18.01856,-22.71079,4.915262,18.03883
333.4802,-23.39242,5.06628,17.80303,-22.70351,4.915067,18.01856,-22.71079,4.915262,18.03883
333.5135,-23.39083,5.065034,17.80588,-22.70351,4.915067,18.01856,-22.71079,4.915262,18.03883
333.5469,-23.38609,5.064477,17.80799,-22.70351,4.915067,18.01856,-22.71079,4.915262,18.03883
333.5802,-23.38533,5.063421,17.80995,-22.70351,4.915067,18.01856,-22.71079,4.915262,18.03883
333.6136,-23.38434,5.063577,17.81063,-22.70351,4.915067,18.01856,-22.71079,4.915262,18.03883
333.6469,-23.38326,5.063773,17.81145,-22.70351,4.915067,18.01856,-22.71079,4.915262,18.03883
333.6802,-23.38106,5.064291,17.81252,-22.70351,4.915067,18.01856,-22.71079,4.915262,18.03883
333.7136,-23.37851,5.063731,17.81545,-22.70351,4.915067,18.01856,-22.71079,4.915262,18.03883
333.7469,-23.37526,5.063616,17.81812,-22.70351,4.915067,18.01856,-22.71079,4.915262,18.03883
333.7802,-23.37206,5.064592,17.81894,-22.70351,4.915067,18.01856,-22.71079,4.915262,18.03883
333.8136,-23.36909,5.064576,17.82103,-22.70351,4.915067,18.01856,-22.71079,4.915262,18.03883
333.8469,-23.36594,5.06548,17.82169,-22.70351,4.915067,18.01856,-22.71079,4.915262,18.03883
333.8802,-23.36259,5.067851,17.81971,-22.70351,4.915067,18.01856,-22.71079,4.915262,18.03883
333.9135,-23.36274,5.070611,17.81501,-22.70351,4.915067,18.01856,-22.71079,4.915262,18.03883
333.9469,-23.36068,5.072549,17.81252,-22.70351,4.915067,18.01856,-22.71079,4.915262,18.03883
333.9802,-23.3561,5.073068,17.81602,-22.70351,4.915067,18.01856,-22.71079,4.915262,18.03883
334.0135,-23.35443,5.072191,17.81784,-22.70351,4.915067,18.01856,-22.71079,4.915262,18.03883
334.0469,-23.35072,5.072215,17.81942,-22.70351,4.915067,18.01856,-22.71079,4.915262,18.03883
334.0802,-23.34631,5.074985,17.81204,-22.70351,4.915067,18.01856,-22.71079,4.915262,18.03883
334.1136,-23.34313,5.073292,17.81604,-22.70351,4.915067,18.01856,-22.71079,4.915262,18.03883
334.1469,-23.34363,5.072263,17.81775,-22.70351,4.915067,18.01856,-22.71079,4.915262,18.03883
334.1802,-23.34244,5.074513,17.8159,-22.70351,4.915067,18.01856,-22.71079,4.915262,18.03883
334.2136,-23.34192,5.075838,17.81472,-22.70351,4.915067,18.01856,-22.71079,4.915262,18.03883
334.2469,-23.33907,5.077024,17.81618,-22.70351,4.915067,18.01856,-22.71079,4.915262,18.03883
334.2802,-23.3384,5.0787,17.8146,-22.70351,4.915067,18.01856,-22.71079,4.915262,18.03883
334.3136,-23.33855,5.079331,17.81341,-22.70351,4.915067,18.01856,-22.71079,4.915262,18.03883
334.3469,-23.33757,5.080854,17.81207,-22.70351,4.915067,18.01856,-22.71079,4.915262,18.03883
334.3802,-23.33795,5.082025,17.8095,-22.70351,4.915067,18.01856,-22.71079,4.915262,18.03883
334.4135,-23.337,5.08299,17.8092,-22.70351,4.915067,18.01856,-22.71079,4.915262,18.03883
334.4469,-23.33659,5.083693,17.80841,-22.70351,4.915067,18.01856,-22.71079,4.915262,18.03883
334.4802,-23.33593,5.08507,17.80365,-22.70351,4.915067,18.01856,-22.71079,4.915262,18.03883
334.5135,-23.33437,5.084777,17.80532,-22.70351,4.915067,18.01856,-22.71079,4.915262,18.03883
334.5469,-23.33658,5.086901,17.80145,-22.70351,4.915067,18.01856,-22.71079,4.915262,18.03883
334.5802,-23.3368,5.088146,17.80058,-22.70351,4.915067,18.01856,-22.71079,4.915262,18.03883
334.6136,-23.33753,5.089689,17.79823,-22.70351,4.915067,18.01856,-22.71079,4.915262,18.03883
334.6469,-23.3384,5.090884,17.79344,-22.70351,4.915067,18.01856,-22.71079,4.915262,18.03883
334.6802,-23.3369,5.08768,17.7906,-22.70351,4.915067,18.01856,-22.71079,4.915262,18.03883
334.7136,-23.33491,5.084893,17.79103,-22.70351,4.915067,18.01856,-22.71079,4.915262,18.03883
334.7469,-23.3285,5.08004,17.78836,-22.70351,4.915067,18.01856,-22.71079,4.915262,18.03883
334.7802,-23.32744,5.078951,17.79153,-22.70351,4.915067,18.01856,-22.71079,4.915262,18.03883
334.8136,-23.32667,5.078358,17.7934,-22.70351,4.915067,18.01856,-22.71079,4.915262,18.03883
334.8469,-23.32446,5.078956,17.79499,-22.70351,4.915067,18.01856,-22.71079,4.915262,18.03883
334.8802,-23.32394,5.078969,17.79601,-22.70351,4.915067,18.01856,-22.71079,4.915262,18.03883
334.9135,-23.32306,5.078987,17.79695,-22.70351,4.915067,18.01856,-22.71079,4.915262,18.03883
334.9469,-23.32115,5.077899,17.79834,-22.70351,4.915067,18.01856,-22.71079,4.915262,18.03883
334.9802,-23.31693,5.076035,17.80171,-22.70351,4.915067,18.01856,-22.71079,4.915262,18.03883
335.0135,-23.31494,5.074868,17.80403,-22.70351,4.915067,18.01856,-22.71079,4.915262,18.03883
335.0469,-23.31081,5.073892,17.80845,-22.70351,4.915067,18.01856,-22.71079,4.915262,18.03883
335.0802,-23.31043,5.07437,17.80836,-22.70351,4.915067,18.01856,-22.71079,4.915262,18.03883
335.1136,-23.30906,5.075064,17.80873,-22.70351,4.915067,18.01856,-22.71079,4.915262,18.03883
335.1469,-23.30853,5.074973,17.80967,-22.70351,4.915067,18.01856,-22.71079,4.915262,18.03883
335.1802,-23.30739,5.075162,17.81059,-22.70351,4.915067,18.01856,-22.71079,4.915262,18.03883
335.2136,-23.30731,5.075334,17.81038,-22.70351,4.915067,18.01856,-22.71079,4.915262,18.03883
335.2469,-23.30765,5.076301,17.80908,-22.70351,4.915067,18.01856,-22.71079,4.915262,18.03883
335.2802,-23.30712,5.076836,17.80901,-22.70351,4.915067,18.01856,-22.71079,4.915262,18.03883
335.3136,-23.30688,5.077106,17.8089,-22.70351,4.915067,18.01856,-22.71079,4.915262,18.03883
335.3469,-23.30499,5.076837,17.8101,-22.70351,4.915067,18.01856,-22.71079,4.915262,18.03883
335.3802,-23.30344,5.076771,17.81028,-22.70351,4.915067,18.01856,-22.71079,4.915262,18.03883
335.4135,-23.30258,5.076579,17.81026,-22.70351,4.915067,18.01856,-22.71079,4.915262,18.03883
335.4469,-23.29478,5.078532,17.80552,-22.70351,4.915067,18.01856,-22.71079,4.915262,18.03883
335.4802,-23.29162,5.070844,17.81059,-22.70351,4.915067,18.01856,-22.71079,4.915262,18.03883
335.5135,-23.2855,5.062862,17.81703,-22.70351,4.915067,18.01856,-22.71079,4.915262,18.03883
335.5469,-23.28049,5.05446,17.82907,-22.70351,4.915067,18.01856,-22.71079,4.915262,18.03883
335.5802,-23.28209,5.05128,17.83294,-22.70351,4.915067,18.01856,-22.71079,4.915262,18.03883
335.6136,-23.28571,5.046546,17.83724,-22.70351,4.915067,18.01856,-22.71079,4.915262,18.03883
335.6469,-23.2847,5.034509,17.84518,-22.70351,4.915067,18.01856,-22.71079,4.915262,18.03883
335.6802,-23.27821,5.011826,17.85866,-22.70351,4.915067,18.01856,-22.71079,4.915262,18.03883
335.7136,-23.27385,4.98813,17.88545,-22.70351,4.915067,18.01856,-22.71079,4.915262,18.03883
335.7469,-23.29969,4.972534,17.94084,-22.70351,4.915067,18.01856,-22.71079,4.915262,18.03883
335.7802,-23.35404,4.936444,17.99976,-22.70351,4.915067,18.01856,-22.71079,4.915262,18.03883
335.8136,-23.37432,4.943732,18.04038,-22.70351,4.915067,18.01856,-22.71079,4.915262,18.03883
335.8469,-23.39797,4.933564,18.07283,-22.70351,4.915067,18.01856,-22.71079,4.915262,18.03883
335.8802,-23.41234,4.935446,18.0874,-22.70351,4.915067,18.01856,-22.71079,4.915262,18.03883
335.9135,-23.44239,4.92204,18.10448,-22.70351,4.915067,18.01856,-22.71079,4.915262,18.03883
335.9469,-23.46674,4.925654,18.12119,-22.70351,4.915067,18.01856,-22.71079,4.915262,18.03883
335.9802,-23.49597,4.918667,18.12408,-22.70351,4.915067,18.01856,-22.71079,4.915262,18.03883
336.0135,-23.51907,4.913916,18.12315,-22.70351,4.915067,18.01856,-22.71079,4.915262,18.03883
336.0469,-23.5242,4.910975,18.13251,-22.70351,4.915067,18.01856,-22.71079,4.915262,18.03883
336.0802,-23.54122,4.902908,18.13894,-22.70351,4.915067,18.01856,-22.71079,4.915262,18.03883
336.1136,-23.53997,4.902914,18.14068,-22.70351,4.915067,18.01856,-22.71079,4.915262,18.03883
336.1469,-23.53637,4.904594,18.13753,-22.70351,4.915067,18.01856,-22.71079,4.915262,18.03883
336.1802,-23.53032,4.904284,18.1459,-22.70351,4.915067,18.01856,-22.71079,4.915262,18.03883
336.2136,-23.52933,4.904558,18.14753,-22.70351,4.915067,18.01856,-22.71079,4.915262,18.03883
336.2469,-23.52426,4.90856,18.14132,-22.70351,4.915067,18.01856,-22.71079,4.915262,18.03883
336.2802,-23.52443,4.914556,18.14491,-22.70351,4.915067,18.01856,-22.71079,4.915262,18.03883
336.3136,-23.52007,4.916544,18.14181,-22.70351,4.915067,18.01856,-22.71079,4.915262,18.03883
336.3469,-23.51495,4.918677,18.13891,-22.70351,4.915067,18.01856,-22.71079,4.915262,18.03883
336.3802,-23.50593,4.923817,18.12906,-22.70351,4.915067,18.01856,-22.71079,4.915262,18.03883
336.4135,-23.50226,4.92709,18.12125,-22.70351,4.915067,18.01856,-22.71079,4.915262,18.03883
336.4469,-23.4934,4.931705,18.11403,-22.70351,4.915067,18.01856,-22.71079,4.915262,18.03883
336.4802,-23.47564,4.93599,18.10519,-22.70351,4.915067,18.01856,-22.71079,4.915262,18.03883
336.5135,-23.46815,4.957412,18.09335,-22.70351,4.915067,18.01856,-22.71079,4.915262,18.03883
336.5469,-23.37532,5.053734,18.01566,-22.70351,4.915067,18.01856,-22.71079,4.915262,18.03883
336.5802,-23.35079,5.067927,17.99852,-22.70351,4.915067,18.01856,-22.71079,4.915262,18.03883
336.6136,-23.32908,5.075401,17.98755,-22.70351,4.915067,18.01856,-22.71079,4.915262,18.03883
336.6469,-23.3051,5.083568,17.96905,-22.70351,4.915067,18.01856,-22.71079,4.915262,18.03883
336.6802,-23.28934,5.087353,17.95443,-22.70351,4.915067,18.01856,-22.71079,4.915262,18.03883
336.7136,-23.27576,5.091088,17.9455,-22.70351,4.915067,18.01856,-22.71079,4.915262,18.03883
336.7469,-23.2597,5.094731,17.93242,-22.70351,4.915067,18.01856,-22.71079,4.915262,18.03883
336.7802,-23.2504,5.098657,17.92509,-22.70351,4.915067,18.01856,-22.71079,4.915262,18.03883
336.8136,-23.24946,5.100482,17.92301,-22.70351,4.915067,18.01856,-22.71079,4.915262,18.03883
336.8469,-23.25081,5.101569,17.92143,-22.70351,4.915067,18.01856,-22.71079,4.915262,18.03883
336.8802,-23.25257,5.104185,17.91643,-22.70351,4.915067,18.01856,-22.71079,4.915262,18.03883
336.9135,-23.25359,5.106278,17.9123,-22.70351,4.915067,18.01856,-22.71079,4.915262,18.03883
336.9469,-23.25566,5.108481,17.90809,-22.70351,4.915067,18.01856,-22.71079,4.915262,18.03883
336.9802,-23.25521,5.110352,17.90668,-22.70351,4.915067,18.01856,-22.71079,4.915262,18.03883
337.0135,-23.25465,5.113268,17.9027,-22.70351,4.915067,18.01856,-22.71079,4.915262,18.03883
337.0469,-23.27597,5.124053,17.87728,-22.70351,4.915067,18.01856,-22.71079,4.915262,18.03883
337.0802,-23.3012,5.116602,17.87408,-22.70351,4.915067,18.01856,-22.71079,4.915262,18.03883
337.1136,-23.32843,5.099052,17.87954,-22.70351,4.915067,18.01856,-22.71079,4.915262,18.03883
337.1469,-23.36322,5.072757,17.8966,-22.70351,4.915067,18.01856,-22.71079,4.915262,18.03883
337.1802,-23.39303,5.046718,17.9239,-22.70351,4.915067,18.01856,-22.71079,4.915262,18.03883
337.2136,-23.41036,5.031555,17.9444,-22.70351,4.915067,18.01856,-22.71079,4.915262,18.03883
337.2469,-23.42592,5.019017,17.95925,-22.70351,4.915067,18.01856,-22.71079,4.915262,18.03883
337.2802,-23.43353,5.0113,17.96998,-22.70351,4.915067,18.01856,-22.71079,4.915262,18.03883
337.3136,-23.43872,5.007516,17.97581,-22.70351,4.915067,18.01856,-22.71079,4.915262,18.03883
337.3469,-23.44517,5.004061,17.98052,-22.70351,4.915067,18.01856,-22.71079,4.915262,18.03883
337.3802,-23.45428,4.999615,17.98818,-22.70351,4.915067,18.01856,-22.71079,4.915262,18.03883
337.4135,-23.45902,4.995674,17.99516,-22.70351,4.915067,18.01856,-22.71079,4.915262,18.03883
337.4469,-23.46536,4.989863,18.007,-22.70351,4.915067,18.01856,-22.71079,4.915262,18.03883
337.4802,-23.47108,4.982749,18.02114,-22.70351,4.915067,18.01856,-22.71079,4.915262,18.03883
337.5135,-23.48105,4.976159,18.03493,-22.70351,4.915067,18.01856,-22.71079,4.915262,18.03883
337.5469,-23.49826,4.981368,18.05439,-22.70351,4.915067,18.01856,-22.71079,4.915262,18.03883
337.5802,-23.51975,4.99023,18.06827,-22.70351,4.915067,18.01856,-22.71079,4.915262,18.03883
337.6136,-23.5333,4.989216,18.07697,-22.70351,4.915067,18.01856,-22.71079,4.915262,18.03883
337.6469,-23.55135,4.990403,18.08687,-22.70351,4.915067,18.01856,-22.71079,4.915262,18.03883
337.6802,-23.56906,4.989851,18.09526,-22.70351,4.915067,18.01856,-22.71079,4.915262,18.03883
337.7136,-23.58138,4.988764,18.1013,-22.70351,4.915067,18.01856,-22.71079,4.915262,18.03883
337.7469,-23.59936,4.986434,18.10548,-22.70351,4.915067,18.01856,-22.71079,4.915262,18.03883
337.7802,-23.61658,4.985278,18.10691,-22.70351,4.915067,18.01856,-22.71079,4.915262,18.03883
337.8136,-23.63,4.984392,18.10525,-22.70351,4.915067,18.01856,-22.71079,4.915262,18.03883
337.8469,-23.64673,4.981688,18.10356,-22.70351,4.915067,18.01856,-22.71079,4.915262,18.03883
337.8802,-23.65833,4.980898,18.10174,-22.70351,4.915067,18.01856,-22.71079,4.915262,18.03883
337.9135,-23.66654,4.980304,18.10013,-22.70351,4.915067,18.01856,-22.71079,4.915262,18.03883
337.9469,-23.67402,4.980021,18.09694,-22.70351,4.915067,18.01856,-22.71079,4.915262,18.03883
337.9802,-23.67763,4.982535,18.0905,-22.70351,4.915067,18.01856,-22.71079,4.915262,18.03883
338.0135,-23.67974,4.981951,18.08387,-22.70351,4.915067,18.01856,-22.71079,4.915262,18.03883
338.0469,-23.71525,4.932937,18.0709,-22.70351,4.915067,18.01856,-22.71079,4.915262,18.03883
338.0802,-23.72536,4.937572,18.06016,-22.70351,4.915067,18.01856,-22.71079,4.915262,18.03883
338.1136,-23.72961,4.939167,18.05416,-22.70351,4.915067,18.01856,-22.71079,4.915262,18.03883
338.1469,-23.73645,4.965467,18.0488,-22.70351,4.915067,18.01856,-22.71079,4.915262,18.03883
338.1802,-23.74322,4.968583,18.04215,-22.70351,4.915067,18.01856,-22.71079,4.915262,18.03883
338.2136,-23.75028,4.968923,18.03708,-22.70351,4.915067,18.01856,-22.71079,4.915262,18.03883
338.2469,-23.76296,4.968586,18.03192,-22.70351,4.915067,18.01856,-22.71079,4.915262,18.03883
338.2802,-23.77227,4.968405,18.02739,-22.70351,4.915067,18.01856,-22.71079,4.915262,18.03883
338.3136,-23.78067,4.96705,18.02543,-22.70351,4.915067,18.01856,-22.71079,4.915262,18.03883
338.3469,-23.80914,4.951704,18.01945,-22.70351,4.915067,18.01856,-22.71079,4.915262,18.03883
338.3802,-23.81824,4.949483,18.01925,-22.70351,4.915067,18.01856,-22.71079,4.915262,18.03883
338.4135,-23.82268,4.947702,18.01982,-22.70351,4.915067,18.01856,-22.71079,4.915262,18.03883
338.4469,-23.82706,4.942905,18.02195,-22.70351,4.915067,18.01856,-22.71079,4.915262,18.03883
338.4802,-23.83335,4.945184,18.02427,-22.70351,4.915067,18.01856,-22.71079,4.915262,18.03883
338.5135,-23.83731,4.944983,18.02606,-22.70351,4.915067,18.01856,-22.71079,4.915262,18.03883
338.5469,-23.84218,4.944306,18.03107,-22.70351,4.915067,18.01856,-22.71079,4.915262,18.03883
338.5802,-23.84371,4.944397,18.03034,-22.70351,4.915067,18.01856,-22.71079,4.915262,18.03883
338.6136,-23.84438,4.944559,18.0281,-22.70351,4.915067,18.01856,-22.71079,4.915262,18.03883
338.6469,-23.84162,4.944836,18.02557,-22.70351,4.915067,18.01856,-22.71079,4.915262,18.03883
338.6802,-23.82783,4.945445,18.0234,-22.70351,4.915067,18.01856,-22.71079,4.915262,18.03883
338.7136,-23.80891,4.95398,18.01468,-22.70351,4.915067,18.01856,-22.71079,4.915262,18.03883
338.7469,-23.761,4.959231,17.99342,-22.70351,4.915067,18.01856,-22.71079,4.915262,18.03883
338.7802,-23.70945,4.963155,17.96595,-22.70351,4.915067,18.01856,-22.71079,4.915262,18.03883
338.8136,-23.66634,4.981054,17.94013,-22.70351,4.915067,18.01856,-22.71079,4.915262,18.03883
338.8469,-23.63595,5.003034,17.90837,-22.70351,4.915067,18.01856,-22.71079,4.915262,18.03883
338.8802,-23.61475,5.028723,17.8754,-22.70351,4.915067,18.01856,-22.71079,4.915262,18.03883
338.9135,-23.60941,5.047091,17.85386,-22.70351,4.915067,18.01856,-22.71079,4.915262,18.03883
338.9469,-23.60503,5.074146,17.82567,-22.70351,4.915067,18.01856,-22.71079,4.915262,18.03883
338.9802,-23.59377,5.097609,17.80082,-22.70351,4.915067,18.01856,-22.71079,4.915262,18.03883
339.0135,-23.585,5.109774,17.78648,-22.70351,4.915067,18.01856,-22.71079,4.915262,18.03883
339.0469,-23.57873,5.120513,17.77476,-22.70351,4.915067,18.01856,-22.71079,4.915262,18.03883
339.0802,-23.57648,5.128373,17.76437,-22.70351,4.915067,18.01856,-22.71079,4.915262,18.03883
339.1136,-23.57178,5.132336,17.75513,-22.70351,4.915067,18.01856,-22.71079,4.915262,18.03883
339.1469,-23.56003,5.130936,17.74402,-22.70351,4.915067,18.01856,-22.71079,4.915262,18.03883
339.1802,-23.54779,5.124962,17.74248,-22.70351,4.915067,18.01856,-22.71079,4.915262,18.03883
339.2136,-23.53938,5.123873,17.74849,-22.70351,4.915067,18.01856,-22.71079,4.915262,18.03883
339.2469,-23.52877,5.125723,17.75429,-22.70351,4.915067,18.01856,-22.71079,4.915262,18.03883
339.2802,-23.51983,5.129519,17.75459,-22.70351,4.915067,18.01856,-22.71079,4.915262,18.03883
339.3136,-23.51256,5.129689,17.75331,-22.70351,4.915067,18.01856,-22.71079,4.915262,18.03883
339.3469,-23.50423,5.127604,17.75371,-22.70351,4.915067,18.01856,-22.71079,4.915262,18.03883
339.3802,-23.49742,5.125804,17.75802,-22.70351,4.915067,18.01856,-22.71079,4.915262,18.03883
339.4135,-23.49598,5.124749,17.76228,-22.70351,4.915067,18.01856,-22.71079,4.915262,18.03883
339.4469,-23.49863,5.125352,17.76449,-22.70351,4.915067,18.01856,-22.71079,4.915262,18.03883
339.4802,-23.50165,5.124746,17.76413,-22.70351,4.915067,18.01856,-22.71079,4.915262,18.03883
339.5135,-23.50523,5.124475,17.76142,-22.70351,4.915067,18.01856,-22.71079,4.915262,18.03883
339.5469,-23.51026,5.123835,17.75827,-22.70351,4.915067,18.01856,-22.71079,4.915262,18.03883
339.5802,-23.51733,5.122846,17.7547,-22.70351,4.915067,18.01856,-22.71079,4.915262,18.03883
339.6136,-23.52127,5.120783,17.75476,-22.70351,4.915067,18.01856,-22.71079,4.915262,18.03883
339.6469,-23.52571,5.121004,17.75314,-22.70351,4.915067,18.01856,-22.71079,4.915262,18.03883
339.6802,-23.52859,5.119941,17.75525,-22.70351,4.915067,18.01856,-22.71079,4.915262,18.03883
339.7136,-23.53026,5.119576,17.75405,-22.70351,4.915067,18.01856,-22.71079,4.915262,18.03883
339.7469,-23.5279,5.117153,17.75592,-22.70351,4.915067,18.01856,-22.71079,4.915262,18.03883
339.7802,-23.52496,5.114738,17.7578,-22.70351,4.915067,18.01856,-22.71079,4.915262,18.03883
339.8136,-23.51923,5.113201,17.76037,-22.70351,4.915067,18.01856,-22.71079,4.915262,18.03883
339.8469,-23.51507,5.111167,17.76539,-22.70351,4.915067,18.01856,-22.71079,4.915262,18.03883
339.8802,-23.51173,5.110986,17.76763,-22.70351,4.915067,18.01856,-22.71079,4.915262,18.03883
339.9135,-23.51018,5.111716,17.76768,-22.70351,4.915067,18.01856,-22.71079,4.915262,18.03883
339.9469,-23.50814,5.112089,17.76811,-22.70351,4.915067,18.01856,-22.71079,4.915262,18.03883
339.9802,-23.50714,5.111175,17.7695,-22.70351,4.915067,18.01856,-22.71079,4.915262,18.03883
340.0135,-23.50613,5.110262,17.7709,-22.70351,4.915067,18.01856,-22.71079,4.915262,18.03883
340.0469,-23.50354,5.108442,17.77369,-22.70351,4.915067,18.01856,-22.71079,4.915262,18.03883
340.0802,-23.49861,5.105197,17.77968,-22.70351,4.915067,18.01856,-22.71079,4.915262,18.03883
340.1136,-23.49607,5.100121,17.78571,-22.70351,4.915067,18.01856,-22.71079,4.915262,18.03883
340.1469,-23.48423,5.09705,17.79086,-22.70351,4.915067,18.01856,-22.71079,4.915262,18.03883
340.1802,-23.47191,5.093917,17.7982,-22.70351,4.915067,18.01856,-22.71079,4.915262,18.03883
